Time (s),Volume (m^3),Ar,Ne,N2,X(1),CH4(2),O2(3),CO2(4),H2O(5),H2(6),CO(7),C2H6(8),CH2O(9),CH3(10),C3H8(11),H(12),C2H5(13),CH3OH(14),HCO(15),CH3CHO(16),OH(17),C2H4(18),CH4X(48),OX(20),HX(19),HOX(22),CH3OO(82),CH3X(21),H2OX(23),CH2X(27),CHX(28),CX(26),OCX(25),H2X(49),CH3X(55),C2H4(47),COX(50),O(29),CHOX(53),acetyl(44),C2H4X(215),C2H6X(52),C2H4X(70),CH4OX(63),CO2X(24)
0.0,0.16628943999999996,0.8585084662769803,0.0,0.0,0.4523072767999999,0.11866996602996532,0.022821567693054285,0.0,0.0,0.0,0.0,0.0,0.0,0.0,0.0,0.0,0.0,0.0,0.0,0.0,0.0,0.0,0.0,0.0,0.0,0.0,0.0,0.0,0.0,0.0,0.0,0.0,0.0,0.0,0.0,0.0,0.0,0.0,0.0,0.0,0.0,0.0,0.0,0.0,0.0
6.875635999514166e-24,0.16628943999999996,0.8585084662769803,0.0,0.0,0.4523072767999999,0.11866996602996532,0.022821567693054285,-6.390334816745788e-122,5.30093303958355e-54,3.531900510253418e-36,7.015924880150997e-89,2.389165810382005e-54,2.837412167251009e-132,6.068294017960599e-20,-1.1282151939751595e-105,6.068294017960599e-20,3.7609072568789033e-72,4.45864024585819e-71,1.7165380229585586e-112,1.9903219218133702e-113,1.2721921282760419e-37,1.929023925526557e-85,3.3140619538399725e-18,9.812348426971968e-20,3.9282121073471303e-22,1.0713148027748166e-37,3.9668953162147876e-37,3.9282121073337368e-22,4.3020588598146554e-54,6.647113646983888e-34,2.4542029125737636e-42,4.184179028033751e-47,6.281063001297265e-78,2.782475862981502e-52,3.5688657836042364e-37,1.6430913928814111e-75,3.0229850112154547e-106,7.37730803069778e-28,-3.290764162456585e-109,-3.0021882854541665e-124,3.4699731516606005e-92,4.873509283197175e-71,4.0738216139391304e-102,8.810465754881682e-88,-2.4001804727236827e-109
1.9251780798639664e-23,0.16628943999999996,0.8585084662769803,0.0,0.0,0.4523072767999999,0.11866996602996532,0.022821567693054285,1.1577375951728154e-119,6.293267704613059e-53,2.133267908217465e-35,7.753018766747976e-87,3.610507374840644e-53,1.0238503247569683e-129,1.6991223250289682e-19,2.1780350314614436e-104,1.6991223250289672e-19,1.0606360215768307e-70,1.401867836511118e-69,3.4315452545501826e-110,3.978868894523701e-111,7.684040454787299e-37,1.0007264932906792e-83,9.27937347075192e-18,2.747457559552151e-19,1.099899390059372e-21,6.47074140861091e-37,2.3960047709910677e-36,1.0998993900512822e-21,5.107404278244808e-53,4.014856628458522e-33,2.913629686802082e-41,4.967606207360225e-46,3.821189768409925e-76,3.303355344566231e-51,2.1555949332930922e-36,9.995726734744271e-74,6.04327415474813e-104,2.0656462490075683e-27,3.330437973022229e-107,5.543543665450583e-122,3.834416922666403e-90,1.3744075948147289e-69,3.8448414700545836e-100,5.074377196633392e-86,2.4291173097423803e-107
4.4004070396890666e-23,0.16628943999999996,0.8585084662769803,0.0,0.0,0.4523072767999999,0.11866996602996531,0.022821567693054285,4.887610817421315e-117,6.178767550998941e-52,1.0270766684182945e-34,7.014792148129322e-85,3.884019077129987e-52,3.7073512266742486e-127,3.883708171494785e-19,2.2997750401747622e-102,3.88370817149478e-19,2.307115018949379e-69,3.1274900268734336e-68,6.212854639335164e-108,7.203790781383286e-109,3.699534709026737e-36,4.3890079115930207e-82,2.1209996504575794e-17,6.279902993262059e-19,2.514055748717391e-21,3.1153834462456914e-36,1.1535731579512649e-35,2.5140557486784427e-21,5.014479806605789e-52,1.9329806270632945e-32,2.860618880778962e-40,4.877540557435996e-45,1.7251776088170355e-74,3.2432538659984685e-50,1.0378261698663116e-35,4.51254881753511e-72,1.0941421745551348e-101,4.7214771425319085e-27,6.9748893188170956e-105,2.310851893410265e-119,3.4690920823906803e-88,2.9896367270661426e-68,3.375272089832649e-98,2.275563720189153e-84,5.087266154529379e-105
9.350864959339266e-23,0.16628943999999996,0.8585084662769803,0.0,0.0,0.4523072767999999,0.11866996602996528,0.022821567693054285,1.5722994473584798e-114,5.465049926615805e-51,4.48551364840005e-34,5.3095746390020266e-83,3.5700826894544323e-51,1.1242734372966905e-124,8.252879864426421e-19,1.817780502014745e-100,8.2528798644264e-19,4.277002421501903e-68,5.857442693997536e-67,9.415339384168193e-106,1.0917064537408348e-106,1.6156840029105817e-35,1.6483695788236897e-80,4.507124257222348e-17,1.3344793860681876e-18,5.342368466068237e-21,1.3605697992930915e-35,5.037957051551495e-35,5.3423684658981375e-21,4.43525060128675e-51,8.441834109713464e-32,2.5301849631013125e-39,4.3146903236819893e-44,6.51477607997288e-73,2.868621315924592e-49,4.532459545117442e-35,1.7038525444082044e-70,1.6581298784424547e-99,1.0033138936175628e-26,1.1210468719587626e-102,7.438991638556992e-117,2.6254611473322256e-86,5.542282641330052e-67,2.5401590638829452e-96,8.561239446379429e-83,8.176565318880205e-103
1.9251780798639667e-22,0.16628943999999996,0.8585084662769803,0.0,0.0,0.4523072767999998,0.11866996602996523,0.022821567693054285,4.498765891583076e-112,4.59370375740443e-50,1.87261365087675e-33,3.6896277756346515e-81,3.0542809039835706e-50,3.127830215410893e-122,1.6991223250289703e-18,1.2883784442746524e-98,1.6991223250289615e-18,7.35107438371743e-67,1.0117275609589815e-65,1.3093261173600357e-103,1.5181606462029362e-104,6.745162664119656e-35,5.778493112802688e-79,9.279373470751855e-17,2.7474575595521507e-18,1.0998993900909154e-20,5.680111082233743e-35,2.103247896619924e-34,1.0998993900199024e-20,3.7280953734718125e-50,3.5242994558703973e-31,2.1267728468039926e-38,3.627700846536917e-43,2.2608572612490636e-71,2.411249063654508e-48,1.8922126384130211e-34,5.91145580484222e-69,2.3058465204579775e-97,2.065646254984322e-26,1.6031846567324094e-100,2.1293873959400504e-114,1.823971643357013e-84,9.525767801110952e-66,1.7826836915859315e-94,2.964485408162651e-81,1.169312755620418e-100
3.9053612477240464e-22,0.16628943999999996,0.8585084662769803,0.0,0.0,0.4523072767999997,0.11866996602996513,0.022821567693054285,1.2171050222458279e-109,3.7661958804135274e-49,7.65023778411126e-33,2.4603705965120363e-79,2.5253385154114358e-49,8.346822034999873e-120,3.44679100220163e-18,8.670196297520893e-97,3.446791002201594e-18,1.2183866688698816e-65,1.6810004738101986e-64,1.7467436187308848e-101,2.0253452411790675e-102,2.7556190375311064e-34,1.9837946472476605e-77,1.8823871897810755e-16,5.5734139065200744e-18,2.2312244771147894e-20,2.320510713642702e-34,8.592453930419287e-34,2.2312244768246784e-20,3.0565178278856024e-49,1.4397912352607848e-30,1.7436567596074508e-37,2.9757558336576816e-42,7.533454218121585e-70,1.9768876642758296e-47,7.730306041461385e-34,1.9687614690669292e-67,3.0761799080271296e-95,4.190310988269902e-26,2.1682056000736533e-98,5.762102807799921e-112,1.2156692977420693e-82,1.5788261543562207e-64,1.2243998149490375e-92,9.86302967725284e-80,1.5814213645093197e-98
7.865727583444207e-22,0.16628943999999996,0.8585084662769803,0.0,0.0,0.4523072767999995,0.11866996602996494,0.02282156769305428,3.204903276505516e-107,3.049963069508851e-48,3.0923484303219955e-32,1.6083479443871617e-77,2.0535633409656626e-48,2.1830327239842827e-117,6.942128356546965e-18,5.6888329191794833e-95,6.94212835654682e-18,1.9838268441152484e-64,2.7404550336562566e-63,2.2840471074380507e-99,2.6483474105840365e-100,1.1138652735278888e-33,6.894831579884101e-76,3.7912868751928094e-16,1.1225326600455914e-17,4.493874651385299e-20,9.379875314924202e-34,3.4732072600624474e-33,4.493874650212623e-20,2.4752473804569607e-48,5.819865668154737e-30,1.4120582659826802e-36,2.412350702024013e-41,2.4615620270926253e-68,1.600934885386855e-46,3.124713298727418e-33,6.426364508397073e-66,4.022421919954192e-93,8.439640497049305e-26,2.8543889836385305e-96,1.517443460436958e-109,7.938785098182031e-81,2.570709108392003e-63,8.509515192239853e-91,3.2178186417281115e-78,2.081902071403475e-96
1.5786460254884525e-21,0.16628943999999996,0.8585084662769803,0.0,0.0,0.4523072767999991,0.11866996602996455,0.022821567693054275,8.333343366082238e-105,2.4548756196586484e-47,1.243419704159606e-31,1.0418545742458702e-75,1.6562732299197792e-47,5.657097362408319e-115,1.393280306523769e-17,3.68627906969008e-93,1.3932803065237112e-17,3.201904524561259e-63,4.425842195387717e-62,2.959327450382659e-97,3.431333427656135e-98,4.478803275281398e-33,2.504588840952279e-74,7.609086246016094e-16,2.2529151988327574e-17,9.01917500081737e-20,3.771606604020301e-33,1.3965613634447837e-32,9.019174996102088e-20,1.99229443000061e-47,2.3401418194295882e-29,1.1365470404601187e-35,1.945704595501963e-40,7.971612821681458e-67,1.2885716748841531e-45,1.2564334742762684e-32,2.0768894264819213e-64,5.211654157543162e-91,1.693829968344109e-25,3.7107908406497813e-94,3.945813865099981e-107,5.132166210271593e-79,4.149134865237497e-62,6.178405669472573e-89,1.0396776871563683e-76,2.706534817669793e-94
3.1627925597765167e-21,0.16628943999999996,0.8585084662769803,0.0,0.0,0.4523072767999983,0.11866996602996377,0.022821567693054264,2.1565232685111582e-102,1.9698830829566546e-46,4.986669154512511e-31,6.728567892025579e-74,1.3304087302576148e-46,1.4614527056147083e-112,2.791415248261937e-17,2.3738605290916282e-91,2.7914152482617054e-17,5.145374613433087e-62,7.114412054235566e-61,3.822512649960242e-95,4.432194697173269e-96,1.796200432760547e-32,9.839854268904052e-73,1.524468498766193e-15,4.5136802764070795e-17,1.806977570324572e-19,1.5125829326917925e-32,5.600835693901014e-32,1.8069775684335323e-19,1.5986908042238295e-46,9.385010785735582e-29,9.120069440098002e-35,1.5677808805456915e-39,2.5740154026070015e-65,1.0339976191896655e-44,5.038860184221421e-32,6.678961692935468e-63,6.731804531367035e-89,3.3935618731556583e-25,4.801349715384956e-92,1.0211184906137683e-104,3.3011155773959048e-77,6.667548341823138e-61,4.849578844839965e-87,3.343019806619798e-75,3.501954390436178e-92
6.331085628352644e-21,0.16628943999999996,0.8585084662769803,0.0,0.0,0.45230727679999677,0.11866996602996221,0.02282156769305424,5.584152903228399e-100,1.578303606216568e-45,1.9972687008547914e-30,4.3519250595458715e-72,1.0664872688438763e-45,3.780908971846349e-110,5.587685131738367e-17,1.523973106934976e-89,5.587685131737436e-17,8.250502147095156e-61,1.1409580375163186e-59,4.944618625217292e-93,5.733274014998708e-94,7.194170662753167e-32,4.3034102287886126e-71,3.0515882470950665e-15,9.035210431555686e-17,3.617097712235926e-19,6.058221283412493e-32,2.2432556572661384e-31,3.6170977046619e-19,1.280898071430456e-45,3.758895853819124e-28,7.307146036685121e-34,1.2665090408304248e-38,8.324344094885896e-64,8.284563630462832e-44,2.0181723282176273e-31,2.1425480986086723e-61,8.707938756886824e-87,6.793025952911524e-25,6.216379661195013e-90,2.6440605223702582e-102,2.1180178062674812e-75,1.0691276348864717e-59,4.2363311262872096e-85,1.0723417558654696e-73,4.534033068265521e-90
1.2667671765504899e-20,0.16628943999999996,0.8585084662769803,0.0,0.0,0.4523072767999936,0.1186699660299591,0.022821567693054195,1.4549223174738227e-97,1.263602563307337e-44,7.994279885743373e-30,2.8333598344880692e-70,8.54054774268162e-45,9.84562936370389e-108,1.1180224898691598e-16,9.768502631256039e-88,1.1180224898687866e-16,1.3215141997863355e-59,1.827657320262944e-58,6.4381491551983e-91,7.465019255577528e-92,2.8795431200857505e-31,2.1139112113664464e-69,6.10582774375164e-15,1.8078270741852746e-16,7.237338001761393e-19,2.4248673009454075e-31,8.978868716582417e-31,7.237337971445521e-19,1.0254972838161901e-44,1.5045350112739218e-27,5.850147603625988e-33,1.0305923154858978e-37,2.7100989053144653e-62,6.632688312332892e-43,8.077948813844139e-31,6.864604277672995e-60,1.1338186572899379e-84,1.3591955192954326e-24,8.098421584515099e-88,6.888585147387787e-100,1.3572291172903988e-73,1.712462254692411e-58,4.1566407330157685e-83,3.435620057812596e-72,5.906735816552552e-88
2.534084403980941e-20,0.16628943999999996,0.8585084662769803,0.0,0.0,0.45230727679998733,0.11866996602995289,0.022821567693054105,3.845420098242668e-95,1.0112660887391286e-43,3.1987532973842114e-29,1.8716538127793115e-68,6.835899721301329e-44,2.6010880731286963e-105,2.236530443259955e-16,6.2566699529254546e-86,2.236530443258461e-16,2.1155704585451503e-58,2.925952362213278e-57,8.50484862166337e-89,9.861352567390126e-90,1.152192325896056e-30,1.1476676456062789e-67,1.2214306737060087e-14,3.6164391362446253e-16,1.4477818603623515e-18,9.702627496022169e-31,3.592717034087213e-30,1.4477818482320298e-18,8.207094738970812e-44,6.020076370927354e-27,4.681876401486058e-32,8.513809938728903e-37,8.953164069886366e-61,5.308166521042236e-42,3.232231720771709e-30,2.1980196034073883e-58,1.497783881077752e-82,2.7189817995164208e-24,1.0702818097458511e-85,1.8204735974198582e-97,8.691676440135036e-72,2.741426886020389e-57,4.508946811110174e-81,1.1000590990712645e-70,7.806301786393627e-86
5.068718858841843e-20,0.16628943999999996,0.8585084662769803,0.0,0.0,0.45230727679997473,0.11866996602994044,0.022821567693053924,1.0451171172448415e-92,8.091665232338038e-43,1.279709641192618e-28,1.2714292140425475e-66,5.4701047252978234e-43,7.065541311765723e-103,4.473546350042137e-16,4.005814511457791e-84,4.473546350036164e-16,3.385831185719489e-57,4.682884641180115e-56,1.1552400434333408e-86,1.3394981928358216e-87,4.609519566177639e-30,6.687728451769145e-66,2.4431264723658193e-14,7.233663260363082e-16,2.895877989859372e-18,3.88168260058766e-30,1.4373207538328264e-29,2.8958779413299983e-18,6.566922372297285e-43,2.408403811936867e-26,3.746180999152547e-31,7.237919895868318e-36,3.0422663496196245e-59,4.24733981180789e-41,1.293103153537647e-29,7.035773857083425e-57,2.0344864289142887e-80,5.4385560888081084e-24,1.4545700647981486e-83,4.946669958417149e-95,5.564370565470883e-70,4.3874731788489e-56,5.251583365247635e-79,3.5212464914608656e-69,1.0609181795265408e-83
1.0137987768563648e-19,0.16628943999999996,0.8585084662769803,0.0,0.0,0.4523072767999496,0.11866996602991556,0.022821567693053563,2.9847257141151416e-90,6.473946927306986e-42,5.11925543054021e-28,9.075446828920848e-65,4.376637825906488e-42,2.0162710286418628e-100,8.947578163608878e-16,2.5642160349963197e-82,8.947578163584987e-16,5.418064761140423e-56,7.493703960781353e-55,1.6486288792974968e-84,1.9115814184752438e-85,1.8439578896807662e-29,4.069659862237616e-64,4.886518069677924e-14,1.446811150859902e-15,5.792070285352783e-18,1.552799252662079e-29,5.749750908130489e-29,5.792070091217993e-18,5.2540361472673875e-42,9.634249374082967e-26,2.997179019511752e-30,6.471859207876584e-35,1.0865669513620586e-57,3.3981946405848573e-40,5.172833544216437e-29,2.251757545161683e-55,2.9033905792993955e-78,1.0877711582790326e-23,2.0774067241567492e-81,1.4121960532620332e-92,3.5616966787477976e-68,7.020909348640228e-55,6.389092930186962e-77,1.1269680320942925e-67,1.5151962461660255e-81
2.0276525588007256e-19,0.16628943999999996,0.8585084662769803,0.0,0.0,0.45230727679989924,0.11866996602986579,0.02282156769305284,9.22214088832687e-88,5.17940355844371e-41,2.047785701628161e-27,7.008168902615373e-63,3.501531890482077e-41,6.222989080864408e-98,1.7895641790751867e-15,1.6412565980903246e-80,1.789564179065629e-15,8.669491543471096e-55,1.1990796171657592e-53,2.5448264849016288e-82,2.950720484837488e-83,7.376131695865794e-29,2.5371517112609378e-62,9.77330126427207e-14,2.8937008005066983e-15,1.1584455022344957e-17,6.211448508439401e-29,2.2999939284093277e-28,1.1584454245762216e-17,4.203427530154488e-41,3.8537366197494314e-25,2.3977764945679702e-29,6.267289336842919e-34,4.199809254863497e-56,2.7186850257015785e-39,2.0692175824011496e-28,7.205941290058812e-54,4.481678828204487e-76,2.1756050232350135e-23,3.210215286623199e-79,4.361018994739236e-90,2.27958963055613e-66,1.1234216815269282e-53,7.964722553964452e-75,3.606568023609543e-66,2.3414329448296852e-79
4.055360122689447e-19,0.16628943999999996,0.8585084662769803,0.0,0.0,0.4523072767997986,0.11866996602976626,0.02282156769305139,3.170140813912116e-85,4.14362142704714e-40,8.191311094509543e-27,6.02058331763575e-61,2.80131416373251e-40,2.1363117076299298e-95,3.579176904507585e-15,1.0504548912705565e-78,3.579176904469353e-15,1.3871656803097166e-53,1.9185966363190956e-52,4.369545308280014e-80,5.066477751439242e-81,2.950512706873025e-28,1.602119233117983e-60,1.9546867653340105e-13,5.787480099798726e-15,2.3169225080413652e-17,2.4846289549847777e-28,9.200162713404603e-28,2.3169221973923623e-17,3.362820354250272e-40,1.5414300612070676e-24,1.9181378538462409e-28,6.757111722914957e-33,1.8063809858615918e-54,2.1750000510199637e-38,8.277038467660073e-28,2.305837563307115e-52,7.69518012019025e-74,4.3512838177851254e-23,5.519416520400244e-77,1.4981153774660402e-87,1.4588987594435347e-64,1.797535639034633e-52,1.0057813263839589e-72,1.1541447964343269e-64,4.025697727842629e-77
8.110775250466891e-19,0.16628943999999996,0.8585084662769803,0.0,0.0,0.4523072767995973,0.11866996602956718,0.022821567693048498,1.2257921369158843e-82,3.3149368479219405e-39,3.276559076465207e-26,5.817937374573511e-59,2.2410867868474227e-39,8.249582148508842e-93,7.158402355387582e-15,6.723073425060342e-77,7.158402355234652e-15,2.2195027082581967e-52,3.0698089279281536e-51,8.439454980954702e-78,9.785528544516172e-79,1.1802170885850302e-27,1.0183258652015059e-58,3.9094000430995147e-13,1.1575038698376521e-14,4.6338767533391704e-17,9.9386089332721e-28,3.68010237854519e-27,4.6338755106538513e-17,2.690285828773898e-39,6.165015498793927e-24,1.5343223302833321e-27,8.194300668294735e-32,8.739310924751306e-53,1.7400213392381313e-37,3.3108488594777056e-27,7.37784637246915e-51,1.4862672922929546e-71,8.702685665437948e-23,1.0674344189714346e-74,5.788923894348231e-85,9.335909561462426e-63,2.876105775239242e-51,1.2785030356531134e-70,3.693330760372099e-63,7.785563471979288e-75
1.6221605506021778e-18,0.16628943999999996,0.8585084662769803,0.0,0.0,0.4523072767991947,0.11866996602916903,0.02282156769304271,5.2580561058326596e-80,2.651965798782324e-38,1.3106313426412534e-25,6.237370712352479e-57,1.792883603581208e-38,3.5350037683498996e-90,1.431685325720839e-14,4.3028188422649444e-75,1.4316853256596656e-14,3.551234405000897e-51,4.91173424370206e-50,1.8086467304130253e-75,2.097121649210888e-76,4.720892366307541e-27,6.493513609029303e-57,7.818826598438112e-13,2.3150155895507085e-14,9.267786179072838e-17,3.975457403450083e-27,1.4720483244054158e-26,9.267781207693843e-17,2.1522376218960722e-38,2.4654049789014786e-23,1.2271353964015325e-26,1.1015441347510009e-30,4.6895095736866084e-51,1.3920263680491886e-36,1.3243461139060592e-26,2.3603091370258482e-49,3.185196435923327e-69,1.7405666394953982e-22,2.2899651470797443e-72,2.4818776922221888e-82,5.973472705387679e-61,4.601808220693139e-50,1.6304657195692385e-68,1.181875710323231e-61,1.6702421049412386e-72
3.244326601713155e-18,0.16628943999999996,0.8585084662769803,0.0,0.0,0.45230727679838945,0.11866996602837274,0.022821567693031137,2.4306723210962097e-77,2.1215798677422168e-37,5.2425470639540305e-25,7.207200513519663e-55,1.434312539168698e-37,1.6330299352266308e-87,2.8633755061093256e-14,2.7538206138611303e-73,2.863375505864631e-14,5.681999027809957e-50,7.85879559163925e-49,4.178318742405242e-73,4.844750547340683e-74,1.8883617490783202e-26,4.146612267608858e-55,1.5637679708345664e-12,4.630039028966807e-14,1.8535608774314368e-16,1.5901818933458338e-26,5.888207358168628e-26,1.8535588883843404e-16,1.7217891061368005e-37,9.856738293793258e-23,9.811839888317566e-26,1.594277590833899e-29,2.711174640467327e-49,1.1136260557113981e-35,5.297396600702681e-26,7.549031848962912e-48,7.35840941738155e-67,3.481233599082755e-22,5.293827803543639e-70,1.1469178593508286e-79,3.8210356700339574e-59,7.362924266251662e-49,2.0823159293053153e-66,3.7820121787514555e-60,3.8612131889770234e-70
6.48865870393511e-18,0.16628943999999996,0.8585084662769803,0.0,0.0,0.452307276796779,0.11866996602678015,0.022821567693007985,1.1767136086350719e-74,1.6972679064989686e-36,2.0970281715154315e-24,8.721814120638156e-53,1.1474522724860425e-36,7.902529657321726e-85,5.726755866983596e-14,1.7624504425860409e-71,5.726755866004818e-14,9.091217379653304e-49,1.2574053858252768e-47,1.0110817983387949e-70,1.172346795274195e-71,7.553456602643623e-26,2.6487939362625534e-53,3.1275385925082198e-12,9.260085907758951e-14,3.7071268965592305e-16,6.36069476506643e-26,2.3552852070116227e-25,3.7071189364432603e-16,1.3774235685191968e-36,3.9387804263375627e-22,7.841059286424217e-25,2.414511599214545e-28,1.6411147608332721e-47,8.909048141101889e-35,2.1189602731552195e-25,2.4131434735363636e-46,1.7806086893463852e-64,6.962850772994036e-22,1.2815035306685296e-67,5.551231356316198e-77,2.4429051582336013e-57,1.1780703488589973e-47,2.660251411903398e-64,1.210241717944088e-58,9.347180039994285e-68
1.2977322908379019e-17,0.16628943999999996,0.8585084662769803,0.0,0.0,0.45230727679355814,0.11866996602359497,0.022821567692961685,5.842469000544887e-72,1.3578177233821211e-35,8.388171306073956e-24,1.0825530226183478e-50,9.179626802506436e-36,3.9228413019174773e-82,1.1453516589121331e-13,1.1279699019272797e-69,1.1453516585206216e-13,1.45459621596463e-47,2.0118356569506518e-46,2.5096518927742872e-68,2.9099344361739377e-69,3.021384563291801e-25,1.6909591553936435e-51,6.255079834624097e-12,1.8520179665183035e-13,7.414264955598994e-16,2.544246807077248e-25,9.421140968594179e-25,7.414233083886766e-16,1.1019240567592607e-35,1.5723859574525398e-21,6.2594102463772685e-24,3.7484821168578936e-27,1.0186894727779731e-45,7.127286051840613e-34,8.475837989226269e-25,7.705776655529887e-45,4.4197256546330935e-62,1.3927218139762562e-21,3.1814436582204907e-65,2.755925003119513e-74,1.560188633709941e-55,1.8849144582294272e-46,3.396445514360887e-62,3.872745920354293e-57,2.320591503173892e-65
2.5954651317266837e-17,0.16628943999999996,0.8585084662769803,0.0,0.0,0.45230727678711635,0.11866996601722461,0.022821567692869086,2.93576001663098e-69,1.0862584070574846e-34,3.355311982567129e-23,1.3598861432040623e-48,7.343704343864554e-35,1.9709825156119158e-79,2.290703803495331e-13,7.219011768226358e-68,2.2907038019293105e-13,2.32735483901944e-46,3.2188900977719784e-45,6.304867791017375e-66,7.310473749080792e-67,1.208554210537433e-24,1.0774685062762409e-49,1.2510162313930137e-11,3.7040367179390365e-13,1.4828565320095701e-15,1.0176728740375562e-24,3.768452905999438e-24,1.4828437584152944e-15,8.815145885679676e-35,6.2646666062137036e-21,4.9861407930949204e-23,5.887751603200304e-26,6.398928592978214e-44,5.701898197477893e-33,3.3903294797118276e-24,2.4554798888116632e-43,1.1103427753768024e-59,2.786048494908118e-21,7.992846729582379e-63,1.3847345168500542e-71,9.943550829203032e-54,3.01586441975953e-45,4.328150592992708e-60,1.2392588650295082e-55,5.830465974843743e-63
5.1909308135042474e-17,0.16628943999999996,0.8585084662769803,0.0,0.0,0.4523072767742328,0.11866996600448389,0.022821567692683883,1.4798649886918925e-66,8.69013007071344e-34,1.3421585479914692e-22,1.7137259991441099e-46,5.874963760341149e-34,9.935133329869852e-77,4.581408093284483e-13,4.620167935011498e-66,4.581408087020328e-13,3.7237676421752215e-45,5.150069531282129e-44,1.58905740978464e-63,1.842505381266694e-64,4.8342176187805396e-24,6.837900577867975e-48,2.5020327252839357e-11,7.408074220524166e-13,2.9657264322733445e-15,4.070482779750651e-24,1.5073776584851007e-23,2.9656751406815243e-15,7.051718304396866e-34,2.4861825129906403e-20,3.9550625217045486e-22,9.275569067629186e-25,4.032062033504028e-42,4.561625843970539e-32,1.3561265724757312e-23,7.791884908225749e-42,2.7984605941022857e-57,5.5745146870825166e-21,2.014286050181817e-60,6.979991788633926e-69,6.311119254259799e-52,4.825383353848471e-44,5.492930508410631e-58,3.965497979002884e-54,1.4695269534156917e-60
1.0381862177059375e-16,0.16628943999999996,0.8585084662769803,0.0,0.0,0.45230727674846577,0.11866996597900245,0.02282156769231348,7.427356165931852e-64,6.952202609519893e-33,5.3688971287104145e-22,2.1502934380641504e-44,4.699969721611452e-33,4.986573181285877e-74,9.162816675353557e-13,2.956906323871214e-64,9.162816650296917e-13,5.958025539194524e-44,8.239602448822342e-43,3.9878068166117005e-61,4.62383754962269e-62,1.9336872077886454e-23,4.304391677246274e-46,5.004065705184635e-11,1.4816149224669102e-12,5.9315065501111756e-15,1.628025774750807e-23,6.02948116527696e-23,5.931299834555713e-15,5.640735719373442e-33,9.790670498064389e-20,3.111050464666118e-21,1.4547205305292914e-23,2.529522014061806e-40,3.6494677396976754e-31,5.424463241804906e-23,2.4522696962766084e-40,7.022807462219863e-55,1.115869839265905e-20,5.053532239820771e-58,3.5031569395190453e-66,3.9730056468244663e-50,7.720611201459818e-43,6.914019086859537e-56,1.2688737815932619e-52,3.6877031248739384e-58
2.0763724904169632e-16,0.16628943999999996,0.8585084662769803,0.0,0.0,0.45230727669693166,0.11866996592803958,0.02282156769157267,3.6767132067869404e-61,5.561918947281337e-32,2.1477600716745174e-21,2.6611925266183735e-42,3.759973021492386e-32,2.468759068389234e-71,1.832563384945455e-12,1.8924180342340434e-62,1.8325633749228314e-12,9.532830366436285e-43,1.318174925953788e-41,9.871158554262298e-59,1.144550983105807e-59,7.734749191293359e-23,2.666846563187139e-44,1.0008131633461458e-10,2.9632299228857765e-12,1.1863235758786821e-14,6.510764011959077e-23,2.4117686040022193e-22,1.1862396943591894e-14,4.5115659626543354e-32,3.7982248435031923e-19,2.407582556957283e-20,2.2498779029824833e-22,1.5650876883122502e-38,2.919830175961524e-30,2.1697506003615445e-22,7.594947391327265e-39,1.7383565727257814e-52,2.23560710886017e-20,1.2501581912829174e-55,1.7341207555360895e-63,2.4616041808793094e-48,1.2352968541297462e-41,8.563696557850181e-54,4.0598522703842324e-51,9.127239058980606e-56
4.152745035839014e-16,0.16628943999999996,0.8585084662769803,0.0,0.0,0.4523072765938634,0.11866996582611383,0.022821567690091058,1.768440462010963e-58,4.449785659010679e-31,8.592520426826907e-21,3.200182716131284e-40,3.0079737293466595e-31,1.1877304996252592e-68,3.665126823750585e-12,1.2111447941748992e-60,3.6651267836604016e-12,1.525249348461251e-41,2.1085634214442336e-40,2.3743827439349216e-56,2.7530548490996334e-57,3.093899780187213e-22,1.6030873881348018e-42,2.0016263363916789e-10,5.926459922083095e-12,2.3727426535277487e-14,2.603234798024618e-22,9.646882949449119e-22,2.3723982078177827e-14,3.6076172771181766e-31,1.4324283704880995e-18,1.806373206817419e-19,3.380102138003848e-21,9.408145187091981e-37,2.336241745145564e-29,8.678724325726853e-22,2.2816202582204305e-37,4.1812837264160735e-50,4.486683761867591e-20,3.003402276200179e-53,8.340685870332981e-61,1.4797405489062083e-46,1.976471768532389e-40,1.0286714167785298e-51,1.2988048645462828e-49,2.194898581618804e-53
6.229117581261066e-16,0.16628943999999996,0.8585084662769803,0.0,0.0,0.4523072764907951,0.11866996572418809,0.022821567688609445,1.4878521307305114e-57,1.27240170443917e-30,1.8261136243087234e-20,2.0540487851608554e-39,8.929914020332123e-31,9.949031435566133e-68,5.497690266540647e-12,6.876516216948721e-60,5.497690181349263e-12,5.770321736385032e-41,8.03802459373191e-40,1.755111699899695e-55,2.0350172979925627e-56,6.574537133219622e-22,8.80362160672009e-42,3.002439496827381e-10,8.889689919639998e-12,3.559240140462178e-14,5.530302045241555e-22,2.0499344895710795e-21,3.558495816063844e-14,1.0312845509453435e-30,2.924749005718647e-18,4.980512643592568e-19,1.2077401358439346e-20,5.1405851393154945e-36,6.680774381023215e-29,1.844188063770431e-21,1.0421699249960399e-36,3.090725931738084e-49,6.749362528596711e-20,2.2305218921874722e-52,7.005078144407212e-60,8.126276010357655e-46,7.477388303927098e-40,6.628595701541188e-51,6.095135030889006e-49,1.6305467443922598e-52
8.305490126683117e-16,0.16628943999999996,0.8585084662769803,0.0,0.0,0.45230727638772683,0.11866996562226234,0.02282156768712783,8.091048531090271e-57,2.683942340775111e-30,3.115435941235785e-20,8.460034847714076e-39,1.945779410203294e-30,4.991403812139753e-67,7.330253713315228e-12,2.644566439185873e-59,7.330253567989417e-12,1.502009845561305e-40,2.1624256225748584e-39,8.005993613875367e-55,9.28276299770732e-56,1.1215387005825996e-21,3.1462177169535526e-41,4.003252644653253e-10,1.1852919915556628e-11,4.74582080274241e-14,9.431576752467076e-22,3.496902867742023e-21,4.744532522233268e-14,2.1747642379692744e-30,4.812646243920388e-18,1.016908442414897e-18,2.983312318932618e-20,1.8990736623809315e-35,1.4092751580119097e-28,3.145903696016139e-21,3.279500912970895e-36,1.4098328603526494e-48,9.023643408950083e-20,1.1232869149481869e-51,3.8859190272636103e-59,2.904159754906081e-45,1.946358378817802e-39,2.663495594946827e-50,1.8998301602641165e-48,8.212627000754782e-52
1.2458235217527219e-15,0.16628943999999996,0.8585084662769803,0.0,0.0,0.4523072761815903,0.11866996541841086,0.0228215676841646,1.2825899877226205e-55,7.331036468181533e-30,6.451080461612535e-20,6.8340053041613e-38,5.647986209616721e-30,5.327419374736273e-66,1.0995380616214868e-11,2.01271869243036e-58,1.0995380315339103e-11,5.5121525525397914e-40,8.743950193691652e-39,7.457783875360447e-54,8.647008951762203e-55,2.322003458644796e-21,1.9553573609961316e-40,6.004878910710495e-10,1.777937990354058e-11,7.119190645838648e-14,1.9518358140659542e-21,7.239740431356579e-21,7.116463010854067e-14,5.937620644590426e-30,9.396903364277962e-18,2.6339593931118947e-18,9.987736149433201e-20,1.3193585768134488e-34,3.8496222278029546e-28,6.5129722085478795e-21,1.710165632474848e-35,1.3132669804574719e-47,1.3599434619696165e-19,1.6461966406521318e-50,6.585101227777277e-58,1.8049296363295121e-44,7.14284891140493e-39,1.9508546444023582e-49,9.358437535548866e-48,1.2036533551624062e-50
1.6610980308371322e-15,0.16628943999999996,0.8585084662769803,0.0,0.0,0.4523072759754537,0.11866996521455939,0.02282156768120137,7.202314015515002e-55,1.53396437223718e-29,1.0973049161061878e-19,2.7997588323804622e-37,1.2351488165220018e-29,2.667941205906911e-65,1.466050753376528e-11,7.600010326401908e-58,1.466050702205877e-11,1.4293399417781514e-39,2.3680521725672794e-38,3.404374036081227e-53,3.947211552968339e-54,3.949119762803791e-21,6.983825171724059e-40,8.006505130396895e-10,2.370583988549325e-11,9.492900651950919e-14,3.3181829564027995e-21,1.2312655006403997e-20,9.488169566866033e-14,1.241915686833398e-29,1.512992754265237e-17,5.259849374439129e-18,2.408229250196501e-19,4.735242708631324e-34,8.055494620382714e-28,1.1076500927990159e-20,5.313089444093214e-35,5.994804710019531e-47,1.8217890939402172e-19,8.132196486361207e-50,3.531758423354425e-57,6.446573953435618e-44,1.852191696500147e-38,7.824322159872141e-49,2.9359354334590488e-47,5.947925794516063e-50
2.4916470490059527e-15,0.16628943999999996,0.8585084662769803,0.0,0.0,0.4523072755631806,0.11866996480685645,0.02282156767527491,4.233722103364185e-53,4.8443862670236964e-29,2.3914345546036073e-19,4.849523549334627e-36,4.1086719352049394e-29,1.3675738923134105e-63,2.199076141696548e-11,9.839292992832308e-57,2.1990760302083457e-11,7.064145754487209e-39,1.186805721136099e-37,1.0006958128744598e-51,1.1602150437266355e-52,8.604327029617595e-21,7.492158306770563e-39,1.200975741750406e-09,3.5558759829596864e-11,1.424157203614857e-13,7.222444250086471e-21,2.6825471635296226e-20,1.4230847492253025e-13,3.9176685277436393e-29,2.926102938030124e-17,1.469067546791202e-17,9.949658849435235e-19,4.979345536890209e-33,2.5442884221876165e-27,2.4131559919707658e-20,3.566807216890255e-34,1.7619853032620808e-45,2.7594900879365223e-19,2.6326102895803568e-48,2.0640705194877138e-55,6.915901006683894e-43,9.153995212020721e-38,1.369540339707523e-47,2.2733935549541367e-46,1.9299476976026254e-48
3.3221960671747733e-15,0.16628943999999996,0.8585084662769803,0.0,0.0,0.4523072751509075,0.11866996439915355,0.02282156766934845,3.2138343152791078e-52,1.1019911828480138e-28,4.1994498640028534e-19,2.57501833008944e-35,9.558341457550829e-29,1.0330473462926112e-62,2.932101536356189e-11,4.665324795691062e-56,2.932101340624067e-11,2.1059185528643623e-38,3.5589716075363776e-37,6.396921305330733e-51,7.416538619459923e-52,1.5106303345274872e-20,3.259922122768107e-38,1.6013009503894217e-09,4.741167974760071e-11,1.899199961178638e-13,1.2668146707900127e-20,4.709433709924263e-20,1.8972556423821025e-13,8.903189368459982e-29,4.6113954453317435e-17,3.0142583665570416e-17,2.6493357584837065e-18,2.1541916035583523e-32,5.7881254959921046e-27,4.236375729955477e-20,1.2398357741029222e-33,1.1263054158117764e-44,3.7156587490758527e-19,1.6855042763676935e-47,1.5521413437573693e-54,3.00920957258871e-42,2.7289342785244144e-37,7.301014184772034e-47,8.595581733281143e-46,1.2367727157725045e-47
4.1527450853435935e-15,0.16628943999999996,0.8585084662769803,0.0,0.0,0.4523072747386344,0.11866996399145065,0.02282156766342199,1.553495349219799e-51,2.095683870752282e-28,6.523282021153369e-19,9.285241612411308e-35,1.8393344710013558e-28,4.858677716723864e-62,3.6651269373761075e-11,1.5645491298022671e-55,3.665126633392289e-11,4.904075592023677e-38,8.336053852241656e-37,2.6492339973317575e-50,3.07145224742382e-51,2.346142977412439e-20,1.0036828250314486e-37,2.001626138887387e-09,5.926459963941874e-11,2.3744322550264504e-13,1.965639723576625e-20,7.3138377395573e-20,2.371329320353175e-13,1.6915749866473487e-28,6.47832951402426e-17,5.2129269768871376e-17,5.627077402865394e-18,6.685238591304415e-32,1.100797039251723e-26,6.578987481937813e-20,3.224120895567425e-33,4.664346909737451e-44,4.690358885674225e-19,7.235410937111006e-47,7.607854479865214e-54,9.264983986054544e-42,6.354905628204243e-37,2.6193165291878247e-46,2.3964939157902804e-45,5.312753601989426e-47
4.983294103512414e-15,0.16628943999999996,0.8585084662769803,0.0,0.0,0.4523072743263613,0.11866996358374776,0.022821567657495528,5.878746663206331e-51,3.557778232572581e-28,9.363633864073305e-19,2.688422220541191e-34,3.144485800275528e-28,1.7605478915649727e-61,4.398152344762308e-11,4.2972623684761704e-55,4.3981519084927814e-11,9.822936077697143e-38,1.679036033252428e-36,8.616766470863397e-50,9.989870435525904e-51,3.367183345359775e-20,2.526410930669195e-37,2.401951307221186e-09,7.111751950502533e-11,2.8498653154389574e-13,2.8184608298393437e-20,1.0496343186436455e-19,2.8453056912318056e-13,2.86911352742704e-28,8.461909412717644e-17,8.085516386656448e-17,1.0382869709300761e-17,1.7078181648413307e-31,1.8688488107940315e-26,9.441472855159572e-20,7.039007620896607e-33,1.5170484555102971e-43,5.683611766755389e-19,2.4850391061728367e-46,2.937657384256159e-53,2.332142157024255e-41,1.2728982881689382e-36,7.501437546411983e-46,5.5799052462277e-45,1.825747443640884e-46
6.644392139850055e-15,0.16628943999999996,0.8585084662769803,0.0,0.0,0.45230727350181515,0.11866996276834209,0.022821567645642606,5.632409858661685e-50,8.228925630622605e-28,1.659446308280123e-18,1.510798835934534e-33,7.327131696997927e-28,1.4868766854607183e-60,5.86420317863295e-11,2.234441004232917e-54,5.864202405678982e-11,2.9514680275054623e-37,5.097825254881398e-36,5.97012750313147e-49,6.921134712543752e-50,5.965969727740999e-20,1.095332500142943e-36,3.202601583382983e-09,9.482335915760282e-11,3.8013639413358443e-13,4.9845798145036024e-20,1.8595746551874908e-19,3.792966520594784e-13,6.6241322110783745e-28,1.2645928147220628e-16,1.5816304216011105e-16,2.6920061714944732e-17,7.679962005767265e-31,4.3226190325417204e-26,1.6725982003206219e-19,2.3916505087596028e-32,1.0509956252704727e-42,7.725788000883861e-19,1.981472171919943e-45,2.9400096249396407e-52,1.0111204670931236e-40,3.824646843288211e-36,4.078031139017653e-45,2.152037439327157e-44,1.4575234537636668e-45
8.305490176187696e-15,0.16628943999999996,0.8585084662769803,0.0,0.0,0.452307272677269,0.11866996195293648,0.022821567633789685,2.8539851539371813e-49,1.5854889730094473e-27,2.5893121150123398e-18,5.533128426218148e-33,1.416869895871761e-27,7.087661048508551e-60,7.330254037967475e-11,7.747408317257441e-54,7.330252832155745e-11,6.956707705746584e-37,1.2113620380114775e-35,2.5141574468562474e-48,2.9145444122196243e-49,9.307274132277817e-20,3.349327134305503e-36,4.003251778843899e-09,1.1852919870532788e-10,4.753754765562602e-13,7.761925529599162e-20,2.900789621698886e-19,4.740238139305778e-13,1.274047266150108e-27,1.6932295998831418e-16,2.6079425274983443e-16,5.584359813486678e-17,2.3979991436066504e-30,8.328348384247972e-26,2.6089780283226945e-19,6.092075593110352e-32,4.4257057849361495e-42,9.842215897923578e-19,8.814331308475025e-45,1.489106181605918e-51,3.0918574968347845e-40,9.014835771245052e-36,1.4612418070376427e-44,6.118023720640871e-44,6.490313910185498e-45
9.966588212525337e-15,0.16628943999999996,0.8585084662769803,0.0,0.0,0.45230727185272285,0.11866996113753096,0.022821567621936763,1.0928167432262495e-48,2.7214774759528325e-27,3.726012247454198e-18,1.6108344761523213e-32,2.436900294135986e-27,2.6075681098608324e-59,8.796304922759283e-11,2.161599530836048e-53,8.796303187911146e-11,1.4120124633223703e-36,2.471710065618639e-35,8.280070886640956e-48,9.598362046838537e-49,1.339122376288889e-19,8.368677456265535e-36,4.803901893590133e-09,1.4223503814821901e-10,5.707082597441261e-13,1.1146954076097097e-19,4.1732520256384004e-19,5.687120647165348e-13,2.1830381647742646e-27,2.1225087718887196e-16,3.861567795112574e-16,1.0069486128596586e-16,6.079187320267845e-30,1.429482888505448e-25,3.75322548271252e-19,1.300139271808835e-31,1.4574618348539436e-41,1.203290815879369e-18,3.010582714547963e-44,5.744103813573262e-51,7.725448106429602e-40,1.829756881993225e-35,4.1854380950690105e-44,1.4523242009608082e-43,2.218990783674184e-44
1.1627686248862979e-14,0.16628943999999996,0.8585084662769803,0.0,0.0,0.4523072710281766,0.11866996032212553,0.022821567610083842,3.561782032997799e-48,4.3081855936206715e-27,5.069535692643033e-18,4.0571968739373043e-32,3.862174669922966e-27,8.226684526006952e-59,1.026235583299625e-10,5.259616082273102e-53,1.0262353472948868e-10,2.586597312487828e-36,4.5408856381504587e-35,2.3466621987879534e-47,2.7201770618131316e-48,1.8217782099467697e-19,1.8293546395239527e-35,5.604551927625676e-09,1.6594087748631743e-10,6.661377769801949e-13,1.513603911276996e-19,5.676884209067633e-19,6.633614228447327e-13,3.4496051318376565e-27,2.5527261234959093e-16,5.311033216135868e-16,1.6457327951593965e-16,1.3432044596851787e-29,2.262743768857001e-25,5.10523421697552e-19,2.456498355364695e-31,4.130327597790922e-41,1.4297861112310464e-18,8.803955266307293e-44,1.8968767426860241e-50,1.6887682356890382e-39,3.3518494413928757e-35,1.0400378954902505e-43,3.0578613393820307e-43,6.495765070434623e-44
1.328878428520062e-14,0.16628943999999996,0.8585084662769803,0.0,0.0,0.4523072702036304,0.11866995950672014,0.02282156759823092,1.0299988921667516e-47,6.421002370919023e-27,6.6198559904697564e-18,9.168628071323124e-32,5.760253880680279e-27,2.315014095780375e-58,1.172840676866494e-10,1.155129110515678e-52,1.1728403687277027e-10,4.389845326320423e-36,7.716308888926907e-35,5.946285900754412e-47,6.89246427491523e-48,2.3786866088945665e-19,3.6177747623141174e-35,6.405201880959579e-09,1.8964671671966955e-10,7.616663440439132e-13,1.9725633645066206e-19,7.411595752687933e-19,7.579719087474832e-13,5.131905017859495e-27,2.9856417445138387e-16,6.929052149088609e-16,2.5001121834662275e-16,2.676179710704028e-29,3.3720999310702257e-25,6.664887385621983e-19,4.240085422903155e-31,1.0465211349263264e-40,1.6637066434619927e-18,2.2835292262407355e-43,5.54978687758978e-50,3.339791777138444e-39,5.688604676678561e-35,2.323900167939531e-43,5.888183643169536e-43,1.6868261199523052e-43
1.494988232153826e-14,0.16628943999999996,0.8585084662769803,0.0,0.0,0.45230726937908416,0.11866995869131486,0.022821567586378,2.6867971899832835e-47,9.134190780102096e-27,8.376963727695688e-18,1.8948620591700661e-31,8.197641083664651e-27,5.915595010275621e-58,1.3194457729753646e-10,2.3325137457321095e-52,1.3194453830899439e-10,7.016545826498008e-36,1.23373951018705e-34,1.3722609000495627e-46,1.59054784690795e-47,3.009843773747229e-19,6.60192643316047e-35,7.205851753595992e-09,2.1335255584831484e-10,8.572961163559751e-13,2.491230454448221e-19,9.37731132475147e-19,8.525435402307168e-13,7.286759183785483e-27,3.420381012926365e-16,8.695289470579791e-16,3.5911197565026004e-16,4.9074520862469546e-29,4.79640973386852e-25,8.432082304241413e-19,6.824631739970299e-31,2.4149341802914707e-40,1.9050520308182436e-18,5.339660120306421e-43,1.4587401404942135e-49,6.094732360896751e-39,9.09244711041689e-35,4.7586925879709866e-43,1.0556608824664997e-42,3.949721525156024e-43
1.6610980357875902e-14,0.16628943999999996,0.8585084662769803,0.0,0.0,0.45230726855453784,0.11866995787590966,0.022821567574525078,6.511514485119966e-47,1.2522199018684431e-26,1.0340869264781765e-17,3.647579177932845e-31,1.1240956490840924e-26,1.4144755917565225e-57,1.46605087162528e-10,4.407549894655692e-52,1.4660503903813921e-10,1.0688196680945203e-35,1.8790129966702015e-34,2.9508519738029275e-46,3.4200851504232264e-47,3.715252221535168e-19,1.1293718352524847e-34,8.006501545532203e-09,2.3705839487228356e-10,9.530291161791024e-13,3.0692686505224723e-19,1.157397520180155e-18,9.47076331803616e-13,9.970680893007261e-27,3.85478950765083e-16,1.0593399895638914e-15,4.93711126231803e-16,8.420182073430027e-29,6.5745958475131795e-25,1.0406733897467031e-18,1.0396434055916135e-30,5.192520756120514e-40,2.1538225231938012e-18,1.1526077508332593e-42,3.559876654105601e-49,1.0426234146446612e-38,1.385041433810724e-34,9.091236926915913e-43,1.7873085239744406e-42,8.53986871235329e-43
1.9933176430551184e-14,0.16628943999999996,0.8585084662769803,0.0,0.0,0.45230726690544526,0.11866995624509949,0.02282156755081924,3.0693350227999982e-46,2.1624700463704126e-26,1.488907095205264e-17,1.1246147945535217e-30,1.9415421368498426e-26,6.647163597215832e-57,1.7592610765440046e-10,1.3292459108746924e-51,1.7592603837520495e-10,2.2155376692209822e-35,3.890897232667917e-34,1.1195578989254337e-45,1.2974575974129413e-46,5.348822404642182e-19,2.8267893551804577e-34,9.607800887304717e-09,2.8447007260632896e-10,1.1448115248190208e-12,4.402091932599778e-19,1.66598884616295e-18,1.13602545966789e-12,1.7153456461525277e-26,4.722565210148881e-16,1.4716155712978232e-15,8.462539754904894e-16,2.1172011944675157e-28,1.1350394168023367e-24,1.497803215756479e-18,2.126629037811699e-30,1.9696707912044103e-39,2.6736387595765728e-18,4.315532351871833e-42,1.6697459929343547e-48,2.6097426770666387e-38,2.8710404582124554e-34,2.7691668251169933e-42,4.452732877890237e-42,3.2101448555625646e-42
2.3255372503226467e-14,0.16628943999999996,0.8585084662769803,0.0,0.0,0.45230726525635256,0.11866995461428964,0.0228215675271134,1.0936057725445437e-45,3.433213080538995e-26,2.026450061534467e-17,2.8716153359686854e-30,3.082279064996566e-26,2.387152703978487e-56,2.0524712916147205e-10,3.3680724762612675e-51,2.052470348838514e-10,4.1040719493749775e-35,7.197181119101134e-34,3.391592405856792e-45,3.930175250233461e-46,7.279411171465528e-19,6.063332332979525e-34,1.1209099906262067e-08,3.3188174992205646e-10,1.3370247856390373e-12,5.96833889868501e-19,2.2668865007985532e-18,1.3248194129963052e-12,2.7130725187991743e-26,5.587127504153927e-16,1.9185256952978897e-15,1.3189104426754828e-15,4.558196791989639e-28,1.8014534145918893e-24,2.037807648637667e-18,3.846150389578932e-30,5.965860129449183e-39,3.2231567394654127e-18,1.2842509136746486e-41,5.919808012874726e-48,5.597956376523099e-38,5.318350943543555e-34,7.002277455994388e-42,9.629859044963739e-42,9.588955638149118e-42
2.657756857590175e-14,0.16628943999999996,0.8585084662769803,0.0,0.0,0.45230726360725976,0.11866995298348011,0.02282156750340756,3.200482872909432e-45,5.124965468632995e-26,2.646715843703984e-17,6.38869068632496e-30,4.6002694672395907e-26,7.055961392670898e-56,2.3456815168290876e-10,7.510538881088555e-51,2.345680285640719e-10,7.000240013046749e-35,1.2256369305075347e-33,8.709422414849005e-45,1.0091642002635111e-45,9.507021098905355e-19,1.162804313661708e-33,1.281039860240163e-08,3.792934268197306e-10,1.5296768807509728e-12,7.765333642504573e-19,2.9600398420323765e-18,1.5134583184744791e-12,4.0347333593979873e-26,6.451053236510093e-16,2.3911959800251657e-15,1.92017150119184e-15,8.770808804149272e-28,2.6882376325279696e-24,2.6606129029649735e-18,6.367216587117553e-30,1.531739919720926e-38,3.802376706218298e-18,3.2469721798337925e-41,1.7299292988189117e-47,1.073590465482797e-37,9.071451855467167e-34,1.5443685524447873e-41,1.8760113733972348e-41,2.4329050712413235e-41
2.989976464857703e-14,0.16628943999999996,0.8585084662769803,0.0,0.0,0.45230726195816684,0.11866995135267093,0.02282156747970172,8.141106957948934e-45,7.298272777062375e-26,3.3497030300403706e-17,1.2825574099071935e-29,6.549414621126625e-26,1.8118335547551746e-55,2.6388917521785735e-10,1.521369853361045e-50,2.6388901941591767e-10,1.1211276275057298e-34,1.959579787321659e-33,1.9803362568735058e-44,2.2944400246862827e-45,1.2031648715200482e-18,2.0499543208001827e-33,1.4411696975727354e-08,4.267051032996206e-10,1.72277369329739e-12,9.790429252766246e-19,3.745396426134278e-18,1.7019423057193102e-12,5.724146322315741e-26,7.31543040075413e-16,2.8831400002440607e-15,2.656286135690512e-15,1.5511408351112063e-27,3.826894295371138e-24,3.3661436442876312e-18,9.861927206538176e-30,3.482270556405492e-38,4.4112982984966064e-18,7.285676584139468e-41,4.403389435032085e-47,1.892736227435937e-37,1.4528499425278064e-33,3.074987411261503e-41,3.3754783977917247e-41,5.477533229882015e-41
3.322196072125231e-14,0.16628943999999996,0.8585084662769803,0.0,0.0,0.4523072603090737,0.11866994972186205,0.02282156745599588,1.8635094778143745e-44,1.0013725961737034e-25,4.135410723660576e-17,2.378350490390563e-29,8.983571947828371e-26,4.1820769162765434e-55,2.9321019976546816e-10,2.859659609391188e-50,2.932100074394335e-10,1.7085656737407051e-34,2.9810825434103514e-33,4.102582050126056e-44,4.752922396190262e-45,1.4853291215673961e-18,3.384974290579714e-33,1.601299502624245e-08,4.741167793619917e-10,1.9163196924732117e-12,1.2041012090039333e-18,4.622904086082152e-18,1.89027150379232e-12,7.82448799888516e-26,8.179421847529304e-16,3.3896719574623147e-15,3.5318957705053333e-15,2.568965081787919e-27,5.248901277823305e-24,4.154324850172798e-18,1.450460174658159e-29,7.212888905656013e-38,5.049921221831982e-18,1.492042396367766e-40,1.0096492733238674e-46,3.1254694902076458e-37,2.21411011374957e-33,5.656828115020085e-41,5.706260561199255e-41,1.1254813126510582e-40
3.654415679392759e-14,0.16628943999999996,0.8585084662769803,0.0,0.0,0.4523072586599805,0.1186699480910535,0.02282156743229004,3.9249954298581963e-44,1.3332003621926095e-25,5.003838669778606e-17,4.13979473635268e-29,1.195659493504737e-25,8.873417269945317e-55,3.225312253249005e-10,5.061402092171801e-50,3.22530992634642e-10,2.50128257255735e-34,4.356382840306217e-33,7.893531103762547e-44,9.144092271723247e-45,1.7971948181604933e-18,5.304419375147467e-33,1.761429275394756e-08,5.215284550071027e-10,2.110318211196655e-12,1.4514500547211136e-18,5.592511429262715e-18,2.0784460403928687e-12,1.0378340555229273e-25,9.042325440725992e-16,3.907219400538804e-15,4.550516336573845e-15,4.036963179545826e-27,6.985735424607159e-24,5.0250822366504005e-18,2.047039565030156e-29,1.3875599022873876e-37,5.718245420499296e-18,2.840965856894888e-40,2.130643479851821e-46,4.897921521365547e-37,3.241396272886882e-33,9.76957578961216e-41,9.173237185304338e-41,2.150089205838618e-40
3.9866352866602875e-14,0.16628943999999996,0.8585084662769803,0.0,0.0,0.4523072570108872,0.11866994646024526,0.022821567408584202,7.716323753746308e-44,1.7313885707293615e-25,5.954986822709072e-17,6.841368158227816e-29,1.5522346108701393e-25,1.7558342484180593e-54,3.518522518953186e-10,8.523272907049677e-50,3.5185197500155374e-10,3.542311026621314e-34,6.1583505188103486e-33,1.4291335954350165e-43,1.655420220653544e-44,2.1387620432700566e-18,7.964158997719022e-33,1.9215590158841954e-08,5.689401302352076e-10,2.304771637427885e-12,1.7208342989198637e-18,6.654167466643244e-18,2.2664660424931884e-12,1.3427711452863858e-25,9.90423879565581e-16,4.432997061106221e-15,5.714797330323477e-15,6.077032620884541e-27,9.068880474405118e-24,5.978341917332164e-18,2.793424830758303e-29,2.5117830935749855e-37,6.4162709627582655e-18,5.094266641634982e-40,4.197003202852968e-46,7.354075076402992e-37,4.590477823164766e-33,1.602167097218442e-40,1.4146893871562472e-40,3.868063759104546e-40
4.318854893927816e-14,0.16628943999999996,0.8585084662769803,0.0,0.0,0.4523072553617938,0.11866994482943737,0.022821567384878363,1.4337350799987699e-43,2.2020250017984687e-25,6.988855015385926e-17,1.0828154372501852e-28,1.973469458544399e-25,3.2817795325840467e-54,3.811732794758863e-10,1.3767788754028953e-49,3.8117295454018174e-10,4.878773594363334e-34,8.466417921418566e-33,2.460541978670853e-43,2.8499184173188763e-44,2.5100308542718195e-18,1.1539313930172206e-32,2.0816887240925175e-08,6.163518050465587e-10,2.499681683373646e-12,2.0120016230692463e-18,7.807821151760173e-18,2.4543316371131677e-12,1.7014039380803133e-25,1.0765572812758401e-15,4.964832620771956e-15,7.026743922045278e-15,8.826505150270104e-27,1.1529825911676109e-23,7.014029989646001e-18,3.7070602728132575e-29,4.323831881397082e-37,7.14399789241449e-18,8.691124291302099e-40,7.811116014099041e-46,1.0655709914071619e-36,6.322425181323508e-33,2.5167553769428345e-40,2.1070538249836293e-40,6.620824786997861e-40
4.983294108462872e-14,0.16628943999999996,0.8585084662769803,0.0,0.0,0.4523072520636064,0.11866994156782253,0.022821567337466684,4.3245640614751466e-43,3.385035748817853e-25,9.304751175363098e-17,2.4436464603292395e-28,3.0314637358766865e-25,1.0005750673555231e-53,4.398153376641295e-10,3.2463095243057215e-49,4.3981490513263726e-10,8.646974961073162e-34,1.4951127509409814e-32,6.460456595297609e-43,7.481640760852749e-44,3.341673481678623e-18,2.223234474321089e-32,2.4019480436656068e-08,7.111751534199893e-10,2.8908760240353467e-12,2.658690728067613e-18,1.0390917486594336e-17,2.8296001113536186e-12,2.596045805893339e-25,1.248656268930803e-15,6.040765994551649e-15,1.0099035757927722e-14,1.7080043097467508e-26,1.771107153238932e-23,9.332396092656459e-18,6.105579202607646e-29,1.1348973183062518e-36,8.688556108077536e-18,2.24289810620352e-39,2.3614256021848178e-45,2.053130002427306e-36,1.1205749223240067e-32,5.596426092256189e-40,4.293908066057927e-40,1.7200254236534144e-39
5.6477333229979286e-14,0.16628943999999996,0.8585084662769803,0.0,0.0,0.4523072487654185,0.11866993830620895,0.022821567290055005,1.1295867139671428e-42,4.931103704420276e-25,1.195152464749907e-16,4.944509669159645e-28,4.412730490515283e-25,2.6384746315702097e-53,4.984573998829319e-10,6.877638551208808e-49,4.984568444121771e-10,1.4264785474713169e-33,2.4575243653460113e-32,1.49337042376175e-42,1.729153635594214e-43,4.292122497532882e-18,3.9167186740297493e-32,2.7222072341143764e-08,8.0599850012936e-10,3.28390700972961e-12,3.3895555497812117e-18,1.3341390579921493e-17,3.2042524806295457e-12,3.7537775930406145e-25,1.4204674191608976e-15,7.126339529377606e-15,1.3775124104719242e-14,3.0203477301500214e-26,2.5781382845411775e-23,1.1979588809339144e-17,9.380643196850457e-29,2.6225006389828477e-36,1.035191975889988e-17,5.101335359425708e-39,6.174189727216848e-45,3.6172844333263226e-36,1.84861132407719e-32,1.11626102091161e-39,8.000955121516153e-40,3.938380438542532e-39
6.312172537532984e-14,0.16628943999999996,0.8585084662769803,0.0,0.0,0.45230724546723006,0.11866993504459668,0.022821567242643327,2.6364994327731192e-42,6.889227615210068e-25,1.4929172968130462e-16,9.19813750582396e-28,6.160349272146107e-25,6.210929794919937e-53,5.570994661256074e-10,1.3403865186634793e-48,5.570987723789681e-10,2.225664247521235e-33,3.820507443666054e-32,3.1272925420682805e-42,3.620493586610771e-43,5.361377709098517e-18,6.443030953318924e-32,3.042466295439164e-08,9.008218451765906e-10,3.678776663328419e-12,4.202679221525308e-18,1.665883110562792e-17,3.578289760632459e-12,5.205729485324779e-25,1.5919279149415576e-15,8.216633754941862e-15,1.805898324008698e-14,4.9846425278780364e-26,3.5992647048950015e-23,1.495501754828661e-17,1.366851490686686e-28,5.489991836313389e-36,1.2134088548618042e-17,1.0521432882701838e-38,1.4417181868380413e-44,5.950861456642939e-36,2.8843215984750265e-32,2.047859472553421e-39,1.3905854360089404e-39,8.177334354186608e-39
6.976611752068041e-14,0.16628943999999996,0.8585084662769803,0.0,0.0,0.45230724216904117,0.1186699317829857,0.022821567195231648,5.63599213781298e-42,9.30853350447328e-25,1.8237694441169027e-16,1.601034117210369e-27,8.317394416489032e-25,1.3381350818750575e-52,6.157415363854938e-10,2.4442944404238212e-48,6.157406890331431e-10,3.3212483542658264e-33,5.680655209606621e-32,6.05829548980117e-42,7.012665338020235e-43,6.549439286798127e-18,1.0040704943834553e-31,3.362725227639911e-08,9.956451885635523e-10,4.0754848015543465e-12,5.096188820711857e-18,2.0342831333763266e-17,3.951712963458993e-12,6.98216993019781e-25,1.7631231635305998e-15,9.308649599094648e-15,2.2952522392170678e-14,7.789748137586025e-26,4.8596747284765636e-23,1.825809380502441e-17,1.9104247778446928e-28,1.0631822583931932e-35,1.4035062546275034e-17,2.0088671422906204e-38,3.0820386894266186e-44,9.27434813378175e-36,4.304166439257492e-32,3.516506710473904e-39,2.286145840174466e-39,1.571851379539915e-38
7.641050966603097e-14,0.16628943999999996,0.8585084662769803,0.0,0.0,0.45230723887085167,0.118669928521376,0.02282156714781997,1.1192526703538126e-41,1.2238273670408776e-24,2.1877087636707117e-16,2.6400045067196363e-27,1.0926936437782908e-24,2.676347277142433e-52,6.743836106559415e-10,4.2193443798568484e-48,6.743825943748296e-10,4.7787730322478934e-33,8.14438811702015e-32,1.1007301186297875e-41,1.273937029673109e-42,7.856307451125373e-18,1.4977931863138491e-31,3.6829840307165005e-08,1.090468530292073e-09,4.474029824547322e-12,6.0682542374019036e-18,2.4392984138333765e-17,4.324523099295607e-12,9.112523027991471e-25,1.9340693030550177e-15,1.0400948756478496e-14,2.8456161187910034e-14,1.1648165341828815e-25,6.384557195511658e-23,2.188823025966374e-17,2.582165861847352e-28,1.9310490717372133e-35,1.6054841873089937e-17,3.60021436217931e-38,6.119561846020774e-44,1.3835687437980783e-35,6.19309554366069e-32,5.7226421130979356e-39,3.591029177756129e-39,2.835874916954195e-38
8.305490181138154e-14,0.16628943999999996,0.8585084662769803,0.0,0.0,0.4523072355726616,0.1186699252597676,0.02282156710040829,2.0912994768556423e-41,1.5727822264404122e-24,2.584735087383393e-16,4.1627579568255054e-27,1.4032041480309343e-24,5.033185110439013e-52,7.330256889303069e-10,6.957700762848569e-48,7.330244884041661e-10,6.670328217470384e-33,1.1327766780896898e-31,1.896440766006028e-41,2.194531333982727e-42,9.28198230180295e-18,2.1552276323418033e-31,4.0032427046689486e-08,1.1852918703639409e-09,4.874409523898738e-12,7.117086968677066e-18,2.8808882468565376e-17,4.696721177307126e-12,1.1625390276950276e-24,2.1047373897534936e-15,1.1492794621352057e-14,3.456966364871489e-14,1.6795664333830135e-25,8.199101188551563e-23,2.5844840302243118e-17,3.395353593218049e-28,3.325890404698863e-35,1.8193426531563817e-17,6.122893588370715e-38,1.1432006501014353e-43,1.9910026531775576e-35,8.644547188952544e-32,8.908689754548756e-39,5.430497846393908e-39,4.854967455425889e-38
8.96992939567321e-14,0.16628943999999996,0.8585084662769803,0.0,0.0,0.452307232274471,0.1186699219981605,0.02282156705299662,3.714029006443023e-41,1.9826670484938835e-24,3.014848224079303e-16,6.3221706512088676e-27,1.7675770380237866e-24,8.99194034242768e-52,7.916677712019568e-10,1.103904880169943e-47,7.916663711212986e-10,9.074551126279617e-33,1.5356316945216233e-31,3.1252520860906787e-41,3.6159599661798876e-42,1.0826463862761932e-17,3.009042530313367e-31,4.3235012494973464e-08,1.2801152087809032e-09,5.276621462626241e-12,8.240939183478779e-18,3.359011949833664e-17,5.068308205379108e-12,1.4548570612705374e-24,2.275114999550451e-15,1.2583649884551145e-14,4.129257924825852e-14,2.3490948925559857e-25,1.032849543434964e-22,3.012733817111094e-17,4.363164352215154e-28,5.479114599360309e-35,2.04508164504114e-17,9.966559773259597e-38,2.0299244773042717e-43,2.7799495238578837e-35,1.176044798309934e-31,1.336225847068296e-38,7.952764890031267e-39,7.954742254526369e-38
9.634368610208267e-14,0.16628943999999996,0.8585084662769803,0.0,0.0,0.45230722897627995,0.11866991873655468,0.022821567005584943,6.317720656861376e-41,2.458442309122545e-24,3.4780479827407674e-16,9.300357612560494e-27,2.1901178508410622e-24,1.5379717910361004e-51,8.503098574642681e-10,1.6946087838232585e-47,8.503082425263708e-10,1.2076625236512754e-32,2.0364877398855653e-31,4.959298667785776e-41,5.737139686774896e-42,1.2489752168012127e-17,4.094796929472025e-31,4.6437596652017745e-08,1.3749385455446687e-09,5.680663023735812e-12,9.438102904225568e-18,3.8736288895637206e-17,5.439285189664094e-12,1.790907861364083e-24,2.445210110372746e-15,1.3673121566754287e-14,4.8624294448453675e-14,3.20153327371517e-25,1.2797928162042274e-22,3.473513919523666e-17,5.498681627345752e-28,8.691656501795578e-35,2.2827011570387483e-17,1.5629854488671503e-37,3.4524161577210604e-43,3.783301312849687e-35,1.5651211894202086e-31,1.9418682758394045e-38,1.1330701259908294e-38,1.2556573953657847e-37
1.096324703927838e-13,0.16628943999999996,0.8585084662769803,0.0,0.0,0.4523072223798961,0.11866991221334691,0.022821566910761593,1.6506549040646136e-40,3.627560569883802e-24,4.503706643868657e-16,1.860682567490044e-26,3.2269229182408083e-24,4.059200446231574e-51,9.675940419344435e-10,3.6823764414746046e-47,9.67591951400899e-10,2.0247781687541364e-32,3.3906751907726333e-31,1.1391879265458781e-40,1.317475487423522e-41,1.6172749270690088e-17,7.118670127408436e-31,5.284276109238904e-08,1.5645852141192462e-09,6.494223760660536e-12,1.2045725016327727e-17,5.0121802133698956e-17,6.179413042518533e-12,2.604636173944147e-24,2.784563536183783e-15,1.584719566725604e-14,6.511084621145565e-14,5.578708176609264e-25,1.8857660931882439e-22,4.492431763206449e-17,8.324844756718606e-28,1.9951957766311602e-34,2.793581730945762e-17,3.5093617263626436e-37,9.01117390588529e-43,6.578058570493546e-35,2.624141086969567e-31,3.7938106170286053e-38,2.1481889778971428e-38,2.8569489279089782e-37
1.2292125468348493e-13,0.16628943999999996,0.8585084662769803,0.0,0.0,0.4523072157835102,0.11866990569014428,0.022821566815938242,3.839726974250954e-40,5.1200370268078966e-24,5.661709623129062e-16,3.4213521879118656e-26,4.548053597357749e-24,9.525205758928137e-51,1.084878242288081e-09,7.319738718087596e-47,1.0848756150288766e-09,3.199614349748227e-32,5.321280287821656e-31,2.3661723887289826e-40,2.735699939131353e-41,2.033097408513283e-17,1.1568460875728451e-30,5.924792036780717e-08,1.7542318761005715e-09,7.315068490948119e-12,1.492705275882647e-17,6.296218130901913e-17,6.9171127507352006e-12,3.623835628396465e-24,3.1228155147416596e-15,1.801437436026955e-14,8.402198943592644e-14,9.080180187238715e-25,2.657980029116476e-22,5.640771986829259e-17,1.1977061128467236e-27,4.14140112727512e-34,3.351984351559175e-17,7.13577984731184e-37,2.0932814541358885e-42,1.0691409585584991e-34,4.146815544018162e-31,6.818728913222362e-38,3.782358964987685e-38,5.885520140882993e-37
1.3621003897418605e-13,0.16628943999999996,0.8585084662769803,0.0,0.0,0.45230720918712214,0.11866989916694683,0.02282156672111489,8.14300909577552e-40,6.975935070736018e-24,6.952055484848852e-16,5.886602600205042e-26,6.1879362490477945e-24,2.035381632453136e-50,1.2021624584726028e-09,1.3551662484120186e-46,1.2021592334114256e-09,4.823872403559053e-32,7.96825201980601e-31,4.538190516772644e-40,5.245453525098873e-41,2.4964427067135108e-17,1.7830951617862752e-30,6.565307447827589e-08,1.943878531500959e-09,8.143173475978612e-12,1.806976860810207e-17,7.72541927751935e-17,7.65239230277065e-12,4.867473787579144e-24,3.4599549268335167e-15,2.0174645956033135e-14,1.0534981892251109e-13,1.4009338071628471e-24,3.6165843655594764e-22,6.91807068687558e-17,1.6557430802968262e-27,7.937776908380782e-34,3.957908996480405e-17,1.3417097978479294e-36,4.4329156362431626e-42,1.648141585637751e-34,6.252018258447519e-31,1.1477985370836045e-37,6.279306388213092e-38,1.1208343957086629e-36
1.4949882326488718e-13,0.16628943999999996,0.8585084662769803,0.0,0.0,0.45230720259073215,0.11866989264375453,0.02282156662629154,1.6035079865935465e-39,9.235471623762981e-24,8.374742787884249e-16,9.600103807385397e-26,8.180989398161041e-24,4.034797659770037e-50,1.3194466904356063e-09,2.368303970916049e-46,1.3194428065496674e-09,6.999716825169194e-32,1.1485097775668503e-30,8.163136704920866e-40,9.43274962216212e-41,3.007310861776474e-17,2.633754583257987e-30,7.205822342379922e-08,2.133525180332168e-09,8.978515062582488e-12,2.1462110304240362e-17,9.299460998337126e-17,8.385259660953568e-12,6.353430604023945e-24,3.795984090261244e-15,2.2327963675957478e-14,1.2908647705343128e-13,2.0702907945994477e-24,4.781728500477112e-22,8.32386561437756e-17,2.2166980401577245e-27,1.4268945932669707e-33,4.611355640571436e-17,2.3687963280579887e-36,8.717817024105074e-42,2.4347589948286634e-34,9.072192047770007e-31,1.8327981437876713e-37,9.937897133334907e-38,2.0037020584356055e-36
1.627876075555883e-13,0.16628943999999996,0.8585084662769803,0.0,0.0,0.45230719599434005,0.11866988612056738,0.022821566531468197,2.9720751057436874e-39,1.193900799003025e-23,9.92977009058013e-16,1.4981929717329684e-25,1.056162375536162e-23,7.52285400769553e-50,1.436730938124863e-09,3.946186660637157e-46,1.4367263344447207e-09,9.839771802340173e-32,1.603847290715831e-30,1.3930789421635277e-39,1.6093109848851784e-40,3.5657019098192804e-17,3.7563745110361855e-30,7.84633672043813e-08,2.3231718226054293e-09,9.821069718644412e-12,2.5092845154499355e-17,1.101802135124176e-16,9.115722761491574e-12,8.098550782190095e-24,4.1309117547609834e-15,2.4474224065629433e-14,1.5522418237799497e-13,2.953004776508944e-24,6.173561463140325e-22,9.857696173229106e-17,2.8905641582503085e-27,2.4335008571198138e-33,5.312324257311265e-17,3.971493564078533e-36,1.6138767898992298e-41,3.473044207442382e-34,1.2753345532345816e-30,2.802466359931815e-37,1.51171781310844e-37,3.400831695616166e-36
1.8936517613699057e-13,0.16628943999999996,0.8585084662769803,0.0,0.0,0.4523071828015499,0.11866987307420857,0.022821566341821507,8.909245897578318e-39,1.8840180846662447e-23,1.3436838965318285e-15,3.2867888322295473e-25,1.6623240270132636e-23,2.2793161146774193e-49,1.6712994804740882e-09,9.791901122410313e-46,1.6712932545097154e-09,1.8015281285014293e-31,2.8984193630173765e-30,3.588600633125068e-39,4.1433698511423325e-40,4.825052821167703e-17,7.029345385125359e-30,9.127363927073808e-08,2.702465087520578e-09,1.1527724110580462e-11,3.3027023353701306e-17,1.4887413770680616e-16,1.0569467803959643e-11,1.2428866706148114e-23,4.797474822508887e-15,2.874559076986636e-14,2.1467132935216328e-13,5.521685834074248e-24,9.71788809442775e-22,1.330763004878881e-16,4.616485310679433e-27,6.260494974453058e-33,6.856827306615283e-17,9.884901758803902e-36,4.820874454971831e-41,6.500974214238666e-34,2.335042889380146e-30,5.910522403681877e-37,3.1812506834807995e-37,8.676649386304209e-36
2.1594274471839283e-13,0.16628943999999996,0.8585084662769803,0.0,0.0,0.45230716960875195,0.11866986002787039,0.02282156615217482,2.2934471718307717e-38,2.8004925047984824e-23,1.7473250683648977e-15,6.468919560571204e-25,2.4647917307850163e-23,5.919560889034683e-49,1.905868085105917e-09,2.154615004183123e-45,1.905859993615284e-09,3.046045970086416e-31,4.838806829478904e-30,8.112582251053062e-39,9.36184063152676e-40,6.27449568641916e-17,1.206872450131755e-29,1.0408389067737916e-07,3.0817583263265282e-09,1.3262949097330343e-11,4.1792163485279384e-17,1.933103529635304e-16,1.201369039894017e-11,1.797424436637284e-23,5.459673690631954e-15,3.298883804024329e-14,2.8362864602473603e-13,9.46392710901238e-24,1.4410749025706989e-21,1.726422047017017e-16,6.911360135478103e-27,1.4134559505106006e-32,8.591417936798864e-17,2.1645629235651735e-35,1.2363446881795475e-40,1.1164705089444742e-33,3.9482530347642606e-30,1.1207063230165317e-36,6.061600450942875e-37,1.9458302168699205e-35
2.425203132997951e-13,0.16628943999999996,0.8585084662769803,0.0,0.0,0.4523071564159462,0.11866984698155285,0.022821565962528143,5.254449675964316e-38,3.976053841700115e-23,2.2038993900082743e-15,1.1722310676978794e-24,3.49106650055984e-23,1.3663740264879173e-48,2.1404367516087446e-09,4.322049662380432e-45,2.1404265517702417e-09,4.845251168341315e-31,7.602213298826143e-30,1.6598942679105898e-38,1.914542966139283e-39,7.914030719569504e-17,1.9408724619156484e-29,1.1689412142433712e-07,3.4610515390963043e-09,1.502655811017235e-11,5.1315224272521747e-17,2.4346336074379087e-16,1.344845310123523e-11,2.483673981015213e-23,6.11753371510853e-15,3.7204305963565774e-14,3.620336854959384e-13,1.5183375470867984e-23,2.0413323122069513e-21,2.1723841745303565e-16,9.851388703388991e-27,2.888392939583613e-32,1.0516095943541234e-16,4.299685005252344e-35,2.8222664754256807e-40,1.7959953005787146e-33,6.2805764611272246e-30,1.960241746213564e-36,1.0702029439797761e-36,3.9545296287946167e-35
2.956754504625996e-13,0.16628943999999996,0.8585084662769803,0.0,0.0,0.45230713003031264,0.11866982088897964,0.0228215655832348,2.1844325622863182e-37,7.236093521017401e-23,3.2758429787433216e-15,3.213022578834348e-24,6.324982181096046e-23,5.758456520446359e-48,2.609574268594603e-09,1.4263673910727552e-44,2.6095591252633035e-09,1.0702090150606647e-30,1.639406881133539e-29,5.624690981171861e-38,6.481017804624169e-39,1.176337799511039e-16,4.3452185756531805e-29,1.4251452093933398e-07,4.219637886788993e-09,1.863818865374342e-11,7.237338967039653e-17,3.608183242397719e-16,1.628984700073174e-11,4.2862725426790137e-23,7.420355310886444e-15,4.555257835937098e-14,5.469398450994253e-13,3.3781329323004814e-23,3.6992297096236924e-21,3.21378032377019e-16,1.7963737120939545e-26,9.76176971260356e-32,1.4935713268823885e-16,1.3746165271214723e-34,1.1612139903645788e-39,4.0231533864197716e-33,1.3873351575140698e-29,5.02362971472434e-36,2.818901795287124e-36,1.3240218741678994e-34
3.435150739091237e-13,0.16628943999999996,0.8585084662769803,0.0,0.0,0.4523071062832181,0.1186697974057343,0.022821565241870807,6.300117185736778e-37,1.1387508449087428e-22,4.421612342630247e-15,6.844218215290761e-24,9.916575239084188e-23,1.676498241553993e-47,3.031798241407212e-09,3.507147518481113e-44,3.031777822643243e-09,1.949338737317215e-30,2.925426450858535e-29,1.4015548168393507e-37,1.613588955433334e-38,1.5877907307522624e-16,7.964276757604517e-29,1.6557280984704072e-07,4.902365511278423e-09,2.1983884065095354e-11,9.330795947866675e-17,4.857357305281052e-16,1.8815367857706763e-11,6.437822782197463e-23,8.578343791325264e-15,5.297294863209388e-14,7.450498871958617e-13,6.151007132720978e-23,5.800941955572778e-21,4.3194889328108757e-16,2.8203094860431906e-26,2.4270176042912234e-31,1.9563465647829433e-16,3.270587636409095e-34,3.3238222655931464e-39,7.37773272086722e-33,2.5271242968593516e-29,1.0123839750468917e-35,5.848459831021283e-36,3.2712963157510996e-34
3.9135469735564775e-13,0.16628943999999996,0.8585084662769803,0.0,0.0,0.4523070825361015,0.11866977392255584,0.02282156490050683,1.571080447272891e-36,1.6893552795124721e-22,5.738867785263117e-15,1.3149424993314978e-23,1.466046452056233e-22,4.214116191666822e-47,3.454022408404563e-09,7.65850176832682e-44,3.4539959338777257e-09,3.283097995612927e-30,4.8313444261925826e-29,3.082730013844463e-37,3.546290289710022e-38,2.0608337294626882e-16,1.3451501356525592e-28,1.886310318178796e-07,5.585093052283961e-09,2.5418699809095856e-11,1.1582422781493505e-16,6.287841356328895e-16,2.131119289760915e-11,9.124600029740389e-23,9.722716047044094e-15,6.030607190619848e-14,9.728203368048269e-13,1.0314591496410129e-22,8.577640006699349e-21,5.582658313278536e-16,4.1645551550519076e-26,5.326669432292508e-31,2.4807097961190097e-16,6.894887655965841e-34,8.229362718623843e-39,1.2467197112969427e-32,4.256469939779287e-29,1.8470405561335492e-35,1.1006895780713513e-35,7.144501045561118e-34
4.3919432080217183e-13,0.16628943999999996,0.8585084662769803,0.0,0.0,0.45230705878896404,0.1186697504394442,0.022821564559142873,3.5081979141768984e-36,2.39492393967664e-22,7.227602937587981e-15,2.3350763566305692e-23,2.0716621376408493e-22,9.47498863171646e-47,3.876246767283437e-09,1.5273000809283456e-43,3.876213459016155e-09,5.206272170295292e-30,7.519117963118613e-29,6.16666008597176e-37,7.088568831723835e-38,2.595466829372889e-16,2.1342665078533287e-28,2.1168918685204042e-07,6.267820510046346e-09,2.8941592149188157e-11,1.396816254982195e-16,7.89818878564806e-16,2.3777672335270162e-11,1.237080791462682e-22,1.0853633929613483e-14,6.755287028278992e-14,1.2299025451758464e-12,1.624224768346252e-22,1.2123302403093973e-20,7.00126603144564e-16,5.86793357589537e-26,1.0632797179103047e-30,3.066660901899165e-16,1.3260403430305637e-33,1.8262619823405487e-38,1.979102426423141e-32,6.750236333693554e-29,3.124588348083361e-35,1.9223753409418376e-35,1.4205289206597073e-33
4.870339442486959e-13,0.16628943999999996,0.8585084662769803,0.0,0.0,0.4523070350418067,0.11866972695639941,0.022821564217778933,7.1884573257722e-36,3.2750190609199684e-22,8.887811500214581e-15,3.8973948433724085e-23,2.824490415778705e-22,1.953401799008585e-46,4.298471315768109e-09,2.8356633230887278e-43,4.298430398107366e-09,7.871110235091006e-30,1.116557279983783e-28,1.145173555012084e-36,1.3154073218100855e-37,3.191690046119616e-16,3.223263752951243e-28,2.3474727494971348e-07,6.950547884769692e-09,3.255152942440519e-11,1.646760960575519e-16,9.686964522407034e-16,2.621515225648814e-11,1.6193901250178992e-22,1.1971254883593488e-14,7.471445636824082e-14,1.515951775248304e-12,2.4338798407172816e-22,1.6531901681603132e-20,8.573315621452098e-16,7.967742071022048e-26,1.9704194306688558e-30,3.7141997630016034e-16,2.372968863761075e-33,3.720336403039779e-38,2.990455500032507e-32,1.0205974338747138e-28,4.981473818053967e-35,3.1649592420936687e-35,2.6237333739890994e-33
5.82713191141744e-13,0.16628943999999996,0.8585084662769803,0.0,0.0,0.45230698754743615,0.11866967999051035,0.022821563535051104,2.511232207431147e-35,5.637208103698382e-22,1.2722624003854113e-14,9.42810585912575e-23,4.835674081215478e-22,6.904213067168353e-46,5.142920972586828e-09,8.33243266751871e-43,5.142862518340704e-09,1.6121946642425312e-29,2.2111589593980835e-28,3.346237685891722e-36,3.8380443573367004e-37,4.568906823600369e-16,6.566397012717316e-28,2.808632503363562e-07,8.31600238577441e-09,4.00284727317461e-11,2.174017192865802e-16,1.379411760310098e-15,3.100447763292887e-11,2.5615040199933175e-22,1.4167231480359911e-14,8.878603538043918e-14,2.1735928698225068e-12,4.878999670994003e-22,2.8313771313343414e-20,1.2169881754243518e-15,1.3498533140319963e-25,5.732797439873162e-30,5.194040275308892e-16,6.454846240716014e-33,1.2811350287428496e-37,6.098398610807967e-32,2.0906868269788266e-28,1.1064730014456258e-34,7.496833691476669e-35,7.588613026976508e-33
6.783924380347922e-13,0.16628943999999996,0.8585084662769803,0.0,0.0,0.4523069400529981,0.11866963302488868,0.022821562852323344,7.178562554505145e-35,8.93303730189194e-22,1.7243256272351295e-14,1.981465919489447e-22,7.627269862515083e-22,1.9935492921274407e-45,5.987371361192513e-09,2.0745469371401116e-42,5.987292294957352e-09,2.9602182702382374e-29,3.9362363661593795e-28,8.248117392457633e-36,9.447458686055415e-37,6.192483919504955e-16,1.1959208618405888e-27,3.2697895797932934e-07,9.681456556383722e-09,4.784151728028198e-11,2.7291454831772316e-16,1.8598047345639724e-15,3.568185696441947e-11,3.742972015946761e-22,1.6311878989932666e-14,1.025288018195022e-13,2.9430667962897553e-12,8.74194797408025e-22,4.46749105572332e-20,1.635689180510462e-15,2.102634316038787e-25,1.4071731791108938e-29,6.92023038107302e-16,1.4911550345108886e-32,3.6103269965245946e-37,1.111833178110822e-31,3.839266059506342e-28,2.1527085901365937e-34,1.55211330976314e-34,1.85363083625343e-32
7.740716849278403e-13,0.16628943999999996,0.8585084662769803,0.0,0.0,0.45230689255850026,0.1186695860595344,0.022821562169595654,1.772267764967218e-34,1.3319725695557724e-21,2.2449660352886655e-14,3.7570597734318463e-22,1.1326788135948377e-21,4.965986217406857e-45,6.831822464336979e-09,4.5719430532409514e-42,6.831719728328261e-09,5.015670230646182e-29,6.482370340184729e-28,1.7947537697461284e-35,2.0530834056689472e-36,8.062421037543753e-16,2.0065842633042396e-27,3.730943978801543e-07,1.104691039736741e-08,5.5982838642514835e-11,3.30442138418094e-16,2.4087679478135027e-15,4.0249915093209406e-11,5.162582333426818e-22,1.8406401231716877e-14,1.1595032972734862e-13,3.8217597963752065e-12,1.4430249912733154e-21,6.636688734327895e-20,2.1119276049768316e-15,3.0798711302567356e-25,3.049526355762158e-29,8.892769128865607e-16,3.059079275875302e-32,8.792221235979167e-37,1.8674281340108606e-31,6.505883590856514e-28,3.8048826326957294e-34,2.9115211719095523e-34,4.000710255242796e-32
8.697509318208885e-13,0.16628943999999996,0.8585084662769803,0.0,0.0,0.4523068450639502,0.11866953909444745,0.022821561486868033,3.919046284506776e-34,1.895430047214799e-21,2.8341789336630247e-14,6.58634047653154e-22,1.6061586663927826e-21,1.107224071140803e-44,7.676274265181712e-09,9.183521791341053e-42,7.676144818815929e-09,7.990813009725814e-29,1.0060660602587236e-27,3.5529674916491645e-35,4.059370409149163e-36,1.0178717775162555e-15,3.162242316475115e-27,4.192095700403534e-07,1.2412363909281455e-08,6.444479552451571e-11,3.894287764548649e-16,3.025211573888606e-15,4.4711215312537564e-11,6.815675474728365e-22,2.045197329373753e-14,1.2905815652710016e-13,4.8071192604209686e-12,2.2375972751025676e-21,9.414117709528379e-20,2.6442349402226973e-15,4.304257523493166e-25,6.012903711702818e-29,1.1111655567485063e-15,5.735814813832782e-32,1.918976138749856e-36,2.945995913484757e-31,1.0366234721954903e-27,6.253829984487375e-34,5.065732873692618e-34,7.860572220333718e-32
9.654301787139365e-13,0.16628943999999996,0.8585084662769803,0.0,0.0,0.45230679756935543,0.11866949212962792,0.02282156080414049,7.953200050616203e-34,2.5993418472244664e-21,3.49195973331851e-14,1.0854919925274357e-21,2.195887935189383e-21,2.2644637039799687e-44,8.520726747287963e-09,1.715021402869994e-41,8.520567566774623e-09,1.2125629631213549e-28,1.490238107475327e-27,6.531013063385905e-35,7.453010960915424e-36,1.2541373655001102e-15,4.743016341446788e-27,4.6532447446144986e-07,1.3777817092530353e-08,7.321992552517137e-11,4.494712007666287e-16,3.708063101055546e-15,4.906826084575965e-11,8.695404217251764e-22,2.2449742954985685e-14,1.41859681233169e-13,5.896652359818807e-12,3.3029348870067757e-21,1.2874916389579336e-19,3.231180135191113e-15,5.796551504726174e-25,1.1009216016774114e-28,1.3576888745769183e-15,1.0022714063848093e-31,3.844791465833344e-36,4.423272814153189e-31,1.5732114613330183e-27,9.71109563506655e-34,8.307106550038311e-34,1.4346743668891307e-31
1e-12,0.16628943999999996,0.8585084662769803,0.0,0.0,0.45230678040909733,0.11866947516085799,0.022821560557464562,1.009271466651236e-33,2.891238204097221e-21,3.746484016396449e-14,1.2837383580853937e-21,2.4400118682808505e-21,2.8815111855754955e-44,8.825835619595443e-09,2.1172414006258997e-41,8.825664955405965e-09,1.3955727795765768e-28,1.7010482431270848e-27,8.014596408879465e-35,9.142169443650345e-36,1.345560995140324e-15,5.435178884863082e-27,4.819861618840112e-07,1.4271168224823225e-08,7.64660650781202e-11,4.713648873231773e-16,3.9709105118594094e-15,5.061733876820222e-11,9.42874923228811e-22,2.3160018019335384e-14,1.464110620825226e-13,6.315457112018835e-12,3.763368370657545e-21,1.430793799833421e-19,3.456414869458136e-15,6.405338210747895e-25,1.3490771803907695e-28,1.4528184062135502e-15,1.2085125067507211e-31,4.8564255930423714e-36,5.070686907334447e-31,1.8107327504056577e-27,1.1252216070080198e-33,9.81173732152642e-34,1.7561700552395914e-31
1.0611094256069845e-12,0.16628943999999996,0.8585084662769803,0.0,0.0,0.4523067500747232,0.11866944516507574,0.02282156012141302,1.5062516046337644e-33,3.4593270113424066e-21,4.2183039446908994e-14,1.7019600458743073e-21,2.914574427493991e-21,4.3205193250207834e-44,9.365179894607405e-09,3.0195166944552585e-41,9.364987972550543e-09,1.768777381188882e-28,2.1258862041769944e-27,1.1308367522443393e-34,1.288990294547828e-35,1.5150388144850563e-15,6.834912711615542e-27,5.114391111449674e-07,1.514326994740615e-08,8.230094109477618e-11,5.102780437974116e-16,4.456267058695045e-15,5.332349624481539e-11,1.079351197768603e-21,2.440083109776543e-14,1.5436208178015497e-13,7.087924741384031e-12,4.6853718798712754e-21,1.7094214158637854e-19,3.871368647271521e-15,7.575684367911439e-25,1.898756802993081e-28,1.6288467712587919e-15,1.6547059301102514e-31,7.189346001173671e-36,6.380812632184994e-31,2.2951375345657675e-27,1.4407012094407197e-33,1.2986633465568672e-33,2.467232734668883e-31
1.2524679193930808e-12,0.16628943999999996,0.8585084662769803,0.0,0.0,0.4523066550853746,0.1186693512367735,0.0228215587559583,4.597428600152457e-33,5.709735495662518e-21,5.876665128611146e-14,3.722774387543618e-21,4.7895866667071035e-21,1.3375836171126237e-43,1.10540881225924e-08,8.150533701173935e-41,1.1053821758899722e-08,3.430274019950835e-28,3.962195646893727e-27,2.946897109418294e-34,3.351552471618981e-35,2.1107490622889726e-15,1.2922246978087189e-26,6.036675813053659e-07,1.7874174672790552e-08,1.0135232964267622e-10,6.334346573340706e-16,6.144594046108115e-15,6.153802928800001e-11,1.5607467891146809e-21,2.816731534337691e-14,1.7849739602354093e-13,9.766234294745682e-12,8.591197276172794e-21,2.8108779993350873e-19,5.306074720680198e-15,1.2061648537620776e-24,4.909435272415046e-28,2.2450659207826332e-15,3.950473038059234e-31,2.1380454717968808e-35,1.2089097879412109e-30,4.452150362898713e-27,2.852003870639793e-33,2.8380119278218705e-33,6.346451866594256e-31
1.4438264131791771e-12,0.16628943999999996,0.8585084662769803,0.0,0.0,0.45230656009595926,0.11866925730954068,0.022821557390503892,1.1899802988807606e-32,8.770504562067414e-21,7.809228472475894e-14,7.233670455834833e-21,7.33261409421643e-21,3.5086243045320847e-43,1.2742998828217041e-08,1.9103970569803006e-40,1.2742646180479097e-08,6.052857160263183e-28,6.756210194042447e-27,6.6613004790785876e-34,7.559855471224889e-35,2.8050020330000018e-15,2.2208617845280238e-26,6.958949805337541e-07,2.0605078086485594e-08,1.2154400582444958e-10,7.5784212086494e-16,8.082079502478312e-15,6.937324841185846e-11,2.1181212353122596e-21,3.1759878263178265e-14,2.0151819698721131e-13,1.2823690887764492e-11,1.433734751938958e-20,4.305867381671863e-19,6.937892508350744e-15,1.7880910394967563e-24,1.1011554166411802e-27,2.959822244601034e-15,8.25091509876104e-31,5.391566344077361e-35,2.0820798115328563e-30,7.857908210235171e-27,5.074584923324794e-33,5.5376302894443306e-33,1.4170654993082717e-30
1.6351849069652734e-12,0.16628943999999996,0.8585084662769803,0.0,0.0,0.45230646510652944,0.11866916338337734,0.022821556025049792,2.7217890476661705e-32,1.2764559221603386e-20,1.0015961412114381e-13,1.2866371757215185e-20,1.0644903325557306e-20,8.12715484076825e-43,1.4431911896242132e-08,4.026948077514055e-40,1.4431461239787065e-08,9.949792519100149e-28,1.0781327689493767e-26,1.353736690027e-33,1.5331955646471183e-34,3.597797214542657e-15,3.553823359242229e-26,7.881213088423489e-07,2.3335980189034158e-08,1.4282356010834005e-10,8.829440194953361e-16,1.0260866197003743e-14,7.684673343385943e-11,2.74393407240933e-21,3.518658049809943e-14,2.2347620880160448e-13,1.6242787941788955e-11,2.2305595685147853e-20,6.254461650388907e-19,8.756888388300865e-15,2.5129231779938246e-24,2.2206071350012446e-27,3.773114982167945e-15,1.5600940615677227e-30,1.2016588980696172e-34,3.338864115401521e-30,1.2920106878346641e-26,8.34328524772415e-33,9.92918383205664e-33,2.8462729066617762e-30
1.80740755137276e-12,0.16628943999999996,0.8585084662769803,0.0,0.0,0.4523063796160713,0.1186690788507447,0.022821554796141383,5.275851967859442e-32,1.725805345981583e-20,1.2236410262533332e-13,2.0367094717847016e-20,1.436723949816587e-20,1.592555498696018e-42,1.595193558644071e-08,7.337067201576628e-40,1.5951386790396932e-08,1.4840855081739809e-27,1.5708677329406716e-26,2.38681320357986e-33,2.698395300768696e-34,4.395566034359934e-15,5.172653508424093e-26,8.711240886937657e-07,2.579379096053852e-08,1.628639371468844e-10,9.958921868544725e-16,1.2421792562984092e-14,8.327745989547519e-11,3.359792977396771e-21,3.813516242277298e-14,2.423704926290654e-13,1.9615363138497782e-11,3.168713227509121e-20,8.44566739737622e-19,1.0546215584364122e-14,3.293730120214021e-24,3.888286071862963e-27,4.589326451269089e-15,2.5907203179472995e-30,2.2761494080065876e-34,4.869187999457028e-30,1.9275516383894236e-26,1.2385924936908496e-32,1.5872459714698646e-32,4.967834150062281e-30
1.9796301957802466e-12,0.16628943999999996,0.8585084662769803,0.0,0.0,0.4523062941256767,0.11866899431897832,0.02282155356723324,9.59957287852539e-32,2.2694780590962187e-20,1.4678889394370336e-13,3.081821159028594e-20,1.886816867272074e-20,2.928320952106485e-42,1.7471961024686147e-08,1.2657404283480872e-39,1.7471304761167244e-08,2.1343463167012184e-27,2.2126168279756225e-26,3.98507361472303e-33,4.497455066723454e-34,5.273153231166262e-15,7.258231575529395e-26,9.541260011189729e-07,2.8251600670337995e-08,1.8371015354509497e-10,1.109087746330811e-15,1.4766625357095637e-14,8.944045367904576e-11,4.0205020614919084e-21,4.096098476011302e-14,2.6047813267781007e-13,2.3255700589460348e-11,4.3438812044133045e-20,1.1096714366875071e-18,1.2472963638727907e-14,4.2006725294392124e-24,6.4474511595943866e-27,5.485351245351299e-15,4.090432116147176e-30,4.047787168854619e-34,6.845726074240762e-30,2.772726315684453e-26,1.7668538023669666e-32,2.430087131279325e-32,8.213728759585682e-30
2.151852840187733e-12,0.16628943999999996,0.8585084662769803,0.0,0.0,0.45230620863537874,0.11866890978807812,0.022821552338325373,1.6571710435180277e-31,2.9162651767493624e-20,1.7343377819641934e-13,4.491899057774887e-20,2.4221214615503752e-20,5.106941735885854e-42,1.8991988137749254e-08,2.0864252756427442e-39,1.8991215153696742e-08,2.9776852919928408e-27,3.0300920844314645e-26,6.359046468189979e-33,7.164448101011833e-34,6.230558414317869e-15,9.879290696538076e-26,1.0371270461268974e-06,3.070940931847212e-08,2.053288378090613e-10,1.22249435710878e-15,1.7290136713842368e-14,9.534690853504185e-11,4.7216625499518765e-21,4.3669180032459065e-14,2.7783205715582867e-13,2.715265318442678e-11,5.781811891354453e-20,1.4251367698142752e-18,1.4530883749908996e-14,5.236950398553368e-24,1.0217944032972057e-26,6.461188810258569e-15,6.193953484389876e-30,6.831017659678548e-34,9.33609230701081e-30,3.869153187190284e-26,2.4386791274159247e-32,3.589402714736387e-32,1.2983349431007167e-29
2.3240754845952197e-12,0.16628943999999996,0.8585084662769803,0.0,0.0,0.4523061231452093,0.11866882525804417,0.022821551109417776,2.7364546156386084e-31,3.674912353392988e-20,2.0229855344311845e-13,6.343940818509347e-20,3.049983032536639e-20,8.516875309961528e-42,2.051201685550928e-08,3.3093047131237745e-39,2.051111796951995e-08,4.048881045591941e-27,4.0521640563631504e-26,9.766975340769972e-33,1.0985659878045563e-33,7.267781192812222e-15,1.310549919123599e-25,1.1201272237264701e-06,3.31672169049631e-08,2.2768801364302046e-10,1.3360878514165277e-15,1.9987247371792535e-14,1.0100755023068248e-10,5.459314882973125e-21,4.626466616396484e-14,2.944637876845502e-13,3.12955398763403e-11,7.507254022614551e-20,1.795338422205635e-18,1.6714011241917458e-14,6.404833360789996e-24,1.5586877268720257e-26,7.516838591920006e-15,9.055285084271744e-30,1.1029940932395252e-33,1.2409339331815822e-29,5.26219758847295e-26,3.2739960731846184e-32,5.143708934568551e-32,1.9759235596846583e-29
2.4962981290027063e-12,0.16628943999999996,0.8585084662769803,0.0,0.0,0.45230603765519906,0.11866874072887643,0.022821549880510463,4.3501491011876e-31,4.554124292830251e-20,2.3338302535106536e-13,8.721727380345528e-20,3.777740577862175e-20,1.3670197105238945e-41,2.2032047110822892e-08,5.078497074591654e-39,2.203101321010984e-08,5.385560900520575e-27,5.309871752442907e-26,1.451954026357209e-32,1.6304511535372317e-33,8.384821175618186e-15,1.7006950970385887e-25,1.2031265339266303e-06,3.562502342982787e-08,2.507570415823639e-10,1.4498493425567838e-15,2.2853022445751793e-14,1.0643265613680249e-10,6.229904893065955e-21,4.8752155475293477e-14,3.104034772245793e-13,3.567412619576411e-11,9.543892841877632e-20,2.2246512615447603e-18,1.9016652630369987e-14,7.705765983271396e-24,2.3013730202803294e-26,8.652300036349174e-15,1.2847695170102552e-29,1.715070594296235e-33,1.6135493448178855e-29,7.000967617902462e-26,4.29293538611779e-32,7.182674627452258e-32,2.911343514533172e-29
2.668520773410193e-12,0.16628943999999996,0.8585084662769803,0.0,0.0,0.4523059521653771,0.11866865620057487,0.022821548651603435,6.69189664344101e-31,5.562569159534784e-20,2.6668700687801526e-13,1.1715515195330405e-19,4.6127274899869055e-20,2.1226918828676404e-41,2.3552078839399006e-08,7.573752659726927e-39,2.3550900876880408e-08,7.028194932003807e-27,6.836429948744924e-26,2.098442638117614e-32,2.3526273727744513e-33,9.581677971420293e-15,2.165372346102597e-25,1.2861249767363194e-06,3.8082828893075695e-08,2.7450656309293987e-10,1.5637701313563378e-15,2.5882667328295616e-14,1.1163207393514054e-10,7.030231129172203e-21,5.113616330049726e-14,3.2568008951263664e-13,4.027860549709869e-11,1.1914326618912426e-19,2.7174493548539795e-18,2.14333733203447e-14,9.14046346953522e-24,3.303495141250194e-26,9.867572589638291e-15,1.776353282302413e-29,2.5813771839796555e-33,2.0585147574493316e-29,9.138310441679615e-26,5.515693590987669e-32,9.80769427520375e-32,4.171331448726912e-29
2.8407434178176794e-12,0.16628943999999996,0.8585084662769803,0.0,0.0,0.45230586667577166,0.11866857167313953,0.022821547422696705,1.0003185716222868e-30,6.708882372262249e-20,3.0221031796805715e-13,1.542172698990429e-19,5.562272190314193e-20,3.2021311648089854e-41,2.5072111979678787e-08,1.101587941476432e-38,2.5070780971189153e-08,9.020090270430838e-27,8.66723521075492e-26,2.959072511283076e-32,3.312256046413791e-33,1.085835118862422e-14,2.711548946408747e-25,1.3691225521644864e-06,4.0540633294708045e-08,2.989084471623904e-10,1.6778513173887515e-15,2.9071523706420384e-14,1.166152395579932e-10,7.857407283171193e-21,5.342101615872864e-14,3.4032137819128713e-13,4.50995811673762e-11,1.4640062042977239e-19,3.2781059826357098e-18,2.3958985852495505e-14,1.0708998683270689e-23,4.626808462723106e-26,1.1162655697952691e-14,2.401395499038958e-29,3.776583174548518e-33,2.5829100669886104e-29,1.1730808928113106e-25,6.962412296942913e-32,1.313244106740739e-31,5.832689030338123e-29
3.012966062225166e-12,0.16628943999999996,0.8585084662769803,0.0,0.0,0.45230578118640963,0.11866848714657036,0.022821546193790267,1.458022228485546e-30,8.001669802073796e-20,3.399527852596999e-13,1.9942647989905443e-19,6.6336987065736e-20,4.709018724040307e-41,2.659214647272045e-08,1.567253936825067e-38,2.659065349433942e-08,1.140738563556442e-26,1.0839870430886868e-25,4.0833164117213574e-32,4.5635601045557e-33,1.2214840435665066e-14,3.3461176639707047e-25,1.4521192602200852e-06,4.2998436634722987e-08,3.239357390482023e-10,1.792097309561307e-15,3.2415065687214184e-14,1.2139119440693487e-10,8.708840851687944e-21,5.561085965231596e-14,3.5435386237873166e-13,5.0128049554367804e-11,1.7741520482585925e-19,3.910993652446967e-18,2.6588538662483755e-14,1.2410879703043291e-23,6.341543022582441e-26,1.2537548807527505e-14,3.182856650251762e-29,5.389132150990084e-33,3.193803829155722e-29,1.4838778573907653e-25,8.653072176861798e-32,1.7283399455773713e-31,7.982768846035587e-29
3.1851887066326526e-12,0.16628943999999996,0.8585084662769803,0.0,0.0,0.45230569569731666,0.11866840262086738,0.022821544964884134,2.078110750708991e-30,9.449510682471354e-20,3.7991424180594055e-13,2.5386127256421824e-19,7.834327197019456e-20,6.770310011125703e-41,2.811218226208884e-08,2.1864421611001142e-38,2.8110518447582686e-08,1.4239046088314603e-26,1.3394110178339597e-25,5.527617071531071e-32,6.168229720278759e-33,1.3651145321241704e-14,4.0758671532581662e-25,1.5351151009120726e-06,4.545623891311924e-08,3.4956261092302466e-10,1.9065108842687545e-15,3.5908896031413304e-14,1.259686018653121e-10,9.582212090310872e-21,5.770966609884961e-14,3.6780300668045196e-13,5.5355383391395985e-11,2.1238054868097035e-19,4.620484111919265e-18,2.931730534183383e-14,1.4245121122960733e-23,8.526726462332973e-26,1.3992251364665985e-14,4.1454973475719507e-29,7.522345928638245e-33,3.898225168495748e-29,1.852626470515312e-25,1.0607400449076817e-31,2.2400377750344775e-31,1.0719917032089461e-28
3.357411351040139e-12,0.16628943999999996,0.8585084662769803,0.0,0.0,0.4523056102085175,0.11866831809603054,0.022821543735978302,2.9033302632991802e-30,1.1060960380890315e-19,4.220945268061579e-13,3.1865283462395086e-19,9.171474423926555e-20,9.539444180688112e-41,2.9632219293749677e-08,2.99717976392527e-38,2.9630375832120706e-08,1.756685799036286e-26,1.6371926402553477e-25,7.355777240040124e-32,8.19580711446599e-33,1.5167265454300297e-14,4.907456591079365e-25,1.6181100742494122e-06,4.791404012989696e-08,3.7576431475282803e-10,2.0210933453924935e-15,3.954874249509422e-14,1.303557631113013e-10,1.0475445784952841e-20,5.972124172074324e-14,3.806932466537039e-13,6.077331607128145e-11,2.5147977555094495e-19,5.410948361229483e-18,3.214077439388658e-14,1.6210309326812297e-23,1.1270463690807357e-25,1.5526762815737703e-14,5.315825458719929e-29,1.0295480066745982e-32,4.7031393552723996e-29,2.286103993988457e-25,1.2844791183761135e-31,2.863700081397785e-31,1.4153873677894675e-28
3.5296339954476257e-12,0.16628943999999996,0.8585084662769803,0.0,0.0,0.4523055247200357,0.11866823357205988,0.02282154250707278,3.9841352719610075e-30,1.284455295341618e-19,4.664934853493612e-13,3.9498217597618214e-19,1.0652454180701058e-19,1.3199734958733114e-40,3.11522575159683e-08,4.0441456880902516e-38,3.115022564910761e-08,2.1445424153334338e-26,1.9817493455598693e-25,9.639333574133302e-32,1.072405083852191e-32,1.6763200443913325e-14,5.847394136555493e-25,1.7011041802410698e-06,5.0371840285056165e-08,4.02517137277389e-10,2.1358467984453007e-15,4.333045427704733e-14,1.3456063225816242e-10,1.1386681645882537e-20,6.164923357258049e-14,3.9304791356495847e-13,6.637392668897114e-11,2.948859605030126e-19,6.286756665042575e-18,3.50546394640221e-14,1.8304659253945825e-23,1.467017632889867e-25,1.7141082607175988e-14,6.722037421537358e-29,1.3844728640935303e-32,5.615426709739486e-29,2.7914601888037505e-25,1.5384237343637905e-31,3.6161184092701036e-31,1.840613315730599e-28
3.701856639855113e-12,0.16628943999999996,0.8585084662769803,0.0,0.0,0.45230543923189404,0.11866814904895535,0.02282154127816757,5.379483807178953e-30,1.4808803383685513e-19,5.131109681681866e-13,4.8407736050423825e-19,1.2284577677486156e-19,1.7967934196833448e-40,3.26722968792127e-08,5.379401844881006e-38,3.2670067899651884e-08,2.5932159155425856e-26,2.377719194042891e-25,1.245791452391208e-31,1.383927995659375e-32,1.8438949899236507e-14,6.902018732427009e-25,1.7840974188960168e-06,5.282963937859608e-08,4.297983566569012e-10,2.2507748418678787e-15,4.72499985676741e-14,1.385908308585165e-10,1.2314250533845008e-20,6.349713627808939e-14,4.0488938853888024e-13,7.214962548612943e-11,3.427625210401515e-19,7.252278563954838e-18,3.80547900161767e-14,2.052606602194946e-23,1.8832804106136773e-25,1.8835210185475013e-14,8.393956129717487e-29,1.8324176089085897e-32,6.64186442369165e-29,3.3762171060491713e-25,1.8244273128033726e-31,4.515558962964048e-31,2.3610266670174756e-28
3.874079284262599e-12,0.16628943999999996,0.8585084662769803,0.0,0.0,0.4523053537441142,0.11866806452671695,0.022821540049262675,7.157652648576253e-30,1.6962209528849006e-19,5.619468314030917e-13,5.872108580421408e-19,1.407515388959253e-19,2.409795998865599e-40,3.419233733606057e-08,7.063161668276892e-38,3.418990258481826e-08,3.108728480622522e-26,2.829961218421046e-25,1.589958267077362e-31,1.7636698858262209e-32,2.0194513429556714e-14,8.077484839007334e-25,1.8670897902232287e-06,5.528743741051573e-08,4.5758620098705265e-10,2.3658814211197745e-15,5.1303457195413344e-14,1.4245366180659893e-10,1.3256656718821473e-20,6.526829834034095e-14,4.162391833979005e-13,7.809313996693403e-11,3.952636150944404e-19,8.311882885464242e-18,4.113730243005494e-14,2.2872153394176233e-23,2.3874970689957645e-25,2.0609144997187167e-14,1.0362966856765805e-28,2.390669460852e-32,7.789110953313829e-29,4.0482688962837898e-25,2.1442925282162397e-31,5.581806454302478e-31,2.9912210136620238e-28
4.046301928670086e-12,0.16628943999999996,0.8585084662769803,0.0,0.0,0.45230526825671696,0.1186679800053447,0.022821538820358107,9.397070497666922e-30,1.9313253865855892e-19,6.130009363763297e-13,7.056970151994768e-19,1.6031489871994975e-19,3.188478285749684e-40,3.571237884111027e-08,9.164596063315027e-38,3.570972970562962e-08,3.6973825745837725e-26,3.3435558041036556e-25,2.0061162193005227e-31,2.2220703632018276e-32,2.2029890644337125e-14,9.379749814719715e-25,1.9500812942316833e-06,5.774523438081484e-08,4.858598087198049e-10,2.4811697557496613e-15,5.548702336787916e-14,1.4615612266334613e-10,1.4212562025844563e-20,6.696592820908113e-14,4.271178346720364e-13,8.419750177374366e-11,4.525345435470154e-19,9.469937754487322e-18,4.4298431500218394e-14,2.534031529305871e-23,2.9923116491348425e-25,2.2462886488920935e-14,1.2661951727480669e-28,3.078478732994666e-32,9.063692741492263e-29,4.815881635629064e-25,2.499767245314475e-31,6.836206242832063e-31,3.74705202818129e-28
4.218524573077572e-12,0.16628943999999996,0.8585084662769803,0.0,0.0,0.4523051827697222,0.11866789548483855,0.022821537591453857,1.218716725716841e-29,2.18704050946649e-19,6.66273149375353e-13,8.40889637767442e-19,1.8160891042569179e-19,4.16684640506977e-40,3.723242135089542e-08,1.1762676811841538e-37,3.7229549263068636e-08,4.365760516728582e-26,3.923805088846288e-25,2.504855213858276e-31,2.77051709124294e-32,2.3945081153207293e-14,1.0814563694428508e-24,2.0330719309303637e-06,6.020303028949381e-08,5.145991905301838e-10,2.5966423960477346e-15,5.979699850553748e-14,1.497049184246441e-10,1.518076952285723e-20,6.859310025163524e-14,4.375450085927978e-13,9.045603390450234e-11,5.14712158288077e-19,1.0730810603438628e-17,4.753460232156724e-14,2.792775254075105e-23,3.711360084122873e-25,2.4396434107338833e-14,1.5325222809754726e-28,3.917137884351986e-32,1.0471993057843345e-28,5.687693167156392e-25,2.8925411920937236e-31,8.301704849444908e-31,4.645660116185571e-28
4.390747217485059e-12,0.16628943999999996,0.8585084662769803,0.0,0.0,0.4523050972831491,0.11866781096519854,0.022821536362549945,1.5629237584059026e-29,2.4642119594131893e-19,7.217633414452895e-13,9.94179682864551e-19,2.047066143666241e-19,5.383833976199447e-40,3.875246482380324e-08,1.4947057415869996e-37,3.8749361258079535e-08,5.1207240651282174e-26,4.576233323630079e-25,3.0977026079697367e-31,3.421372999213262e-32,2.5940084565926408e-14,1.2387461122894218e-24,2.116061700328256e-06,6.266082513655343e-08,5.437851927484126e-10,2.7123018292195156e-15,6.422978916564091e-14,1.5310647375379227e-10,1.616020776687409e-20,7.015276030224132e-14,4.4753963628504815e-13,9.68623384320982e-11,5.819252705905233e-19,1.2098868181889337e-17,5.084240254523799e-14,3.06315085892313e-23,4.559277571510448e-25,2.6409787299155485e-14,1.8388454011036791e-28,4.930055509590463e-32,1.2020242750128198e-28,6.672712956160682e-25,3.324243299743669e-31,1.0002888921487124e-30,5.705490275950317e-28
4.5629698618925455e-12,0.16628943999999996,0.8585084662769803,0.0,0.0,0.452305011797016,0.11866772644642462,0.022821535133646355,1.9837316864662458e-29,2.7636842715209736e-19,7.794713881901051e-13,1.1669930630958587e-18,2.2968103935627783e-19,6.883734477888719e-40,4.027250921999617e-08,1.8818991276529233e-37,4.026916569156969e-08,5.969414010207145e-26,5.306587175699271e-25,3.79715186742657e-31,4.1880018933789877e-32,2.801490049236406e-14,1.410375521594105e-24,2.1990506024343483e-06,6.511861892199456e-08,5.733994625643921e-10,2.8281507349634496e-15,6.878190405379972e-14,1.5636694470121312e-10,1.7149917275602536e-20,7.164773095319962e-14,4.571198041548159e-13,1.0341028497765816e-10,6.54295053627099e-19,1.3578476565822969e-17,5.421857498758309e-14,3.344849989595242e-23,5.551703307831957e-25,2.8502945511135594e-14,2.188861295637716e-28,6.142825442847459e-32,1.3714512715024897e-28,7.780321957864791e-25,3.796439632097366e-31,1.1966022702060304e-30,6.946309344456565e-28
4.735192506300032e-12,0.16628943999999996,0.8585084662769803,0.0,0.0,0.4523049263113403,0.11866764192851678,0.022821533904743105,2.4939067858872989e-29,3.0863009923635376e-19,8.393971695820564e-13,1.3607885632180824e-18,2.5660520471799606e-19,8.716646921607547e-40,4.179255450133695e-08,2.3492287103747685e-37,4.178896256441111e-08,6.919249777367079e-26,6.1208360042938285e-25,4.616689969520142e-31,5.08479254460925e-32,3.016952854250474e-14,1.5968533117755902e-24,2.282038637257634e-06,6.757641164581828e-08,6.03424414542891e-10,2.9441917650425294e-15,7.344995112048766e-14,1.5949222993435336e-10,1.814903931415783e-20,7.308071685261748e-14,4.6630279238677e-13,1.1009399952182858e-10,7.319354329213282e-19,1.5174001166506292e-17,5.766001057507532e-14,3.637554118898079e-23,6.70528279054887e-25,3.067590819009193e-14,2.5863894126643737e-28,7.583291136255143e-32,1.556070789081671e-28,9.020272496189879e-25,4.310631834776718e-31,1.4219084039156538e-30,8.389220844954503e-28
4.907415150707519e-12,0.16628943999999996,0.8585084662769803,0.0,0.0,0.4523048408261389,0.11866755741147506,0.022821532675840188,3.107667645398375e-29,3.432904782273795e-19,9.015405697790936e-13,1.577055865656733e-18,2.855521221209403e-19,1.0938934236704243e-39,4.331260063131665e-08,2.9094301490798435e-37,4.3308751877442e-08,7.977929037727716e-26,7.025172140263507e-25,5.570823613471547e-31,6.127181332322249e-32,3.240396832645431e-14,1.7986653043593546e-24,2.365025804807109e-06,7.003420330802602e-08,6.338431983974644e-10,3.0604272908000466e-15,7.823063473996812e-14,1.6248798149885682e-10,1.9156805943893427e-20,7.445430959646455e-14,4.751052511480402e-13,1.1690785354393692e-10,8.149534606850049e-19,1.6889806738991872e-17,6.116374160943858e-14,3.9409371227598195e-23,8.037667889085474e-25,3.2928674782883564e-14,3.0353653107502226e-28,9.28160549875117e-32,1.7564562591113292e-28,1.0402688152413054e-24,4.868256046207371e-31,1.6791798981342615e-30,1.0056677632247707e-27
5.079637795115005e-12,0.16628943999999996,0.8585084662769803,0.0,0.0,0.4523047553414279,0.11866747289529939,0.022821531446937614,3.8407755146053705e-29,3.8043375078860698e-19,9.659014769498836e-13,1.817313679202481e-18,3.165947972214299e-19,1.3613693803495452e-39,4.4832647574985855e-08,3.5766968615005416e-37,4.4828533631468095e-08,9.153427326193705e-26,8.026011167242075e-25,6.675104298711975e-31,7.331673522929171e-32,3.471821945443417e-14,2.0162742655739215e-24,2.4480121050917704e-06,7.249199390861972e-08,6.64639668363145e-10,3.1768594077330408e-15,8.312075296934489e-14,1.6535961513019425e-10,2.017253062143597e-20,7.577099231940324e-14,4.835431168377248e-13,1.2384645386755006e-10,9.034496766843985e-19,1.873025739026735e-17,6.472693533875522e-14,4.2546675295399933e-23,9.567514875455727e-25,3.52612447364141e-14,3.539834171258765e-28,1.1270286422054444e-31,1.9731637050497046e-28,1.1938063662700137e-24,5.470682219565295e-31,1.971567502269639e-30,1.1972492501964366e-27
5.251860439522492e-12,0.16628943999999996,0.8585084662769803,0.0,0.0,0.4523046698572226,0.11866738837998977,0.022821530218035384,4.710625297731806e-29,4.201440325581265e-19,1.032479783106139e-12,2.0831079660168938e-18,3.498062311269334e-19,1.6811239604064655e-39,4.635269529888872e-08,4.366786702306452e-37,4.6348307827264086e-08,1.0453997666134355e-25,9.129992183689772e-25,7.946152327079584e-31,8.715863255308739e-32,3.7112281536768424e-14,2.2501198626031354e-24,2.5309975381206206e-06,7.49497834476014e-08,6.957983538039245e-10,3.2934900873564697e-15,8.811719488554012e-14,1.6811232013398943e-10,2.119559946736727e-20,7.70331444047304e-14,4.91631577323847e-13,1.3090463288496566e-10,9.975184572149352e-19,2.0699716587065783e-17,6.834688782104129e-14,4.578410197238011e-23,1.1314480590172775e-24,3.767361749763007e-14,4.103944474906483e-28,1.358426823903203e-31,2.206731505672684e-28,1.3637264823597098e-24,6.119213808867167e-31,2.302403305889442e-30,1.4161846923275332e-27
5.424083083929978e-12,0.16628943999999996,0.8585084662769803,0.0,0.0,0.45230458437353804,0.11866730386554625,0.02282152898913351,5.736337072483047e-29,4.625053756008859e-19,1.1012753839419584e-12,2.3760102634055616e-18,3.8525942169891066e-19,2.0609595479403366e-39,4.787274377099974e-08,5.297132344484091e-37,4.786807446557487e-08,1.1888170200006089e-25,1.034397803695653e-24,9.401679781067505e-31,1.0298452300809043e-31,3.958615418387495e-14,2.500618722190327e-24,2.613982103902662e-06,7.740757192497351e-08,7.2730443082377e-10,3.4103212569601213e-15,9.321693799800916e-14,1.7075106885294742e-10,2.222546355549617e-20,7.824304581884435e-14,4.993852653235297e-13,1.380774389642064e-10,1.0972483482214193e-18,2.2802547163351152e-17,7.202101806707747e-14,4.911828091069574e-23,1.3299216906592717e-24,4.016579251351929e-14,4.731941851908098e-28,1.6260949347905637e-31,2.4576802528231455e-28,1.551152840461918e-24,6.815087775995628e-31,2.6752038101774523e-30,1.665129802531536e-27
5.596305728337465e-12,0.16628943999999996,0.8585084662769803,0.0,0.0,0.4523044988903881,0.11866721935196875,0.02282152776023198,6.938848020487228e-29,5.076017750429783e-19,1.1722881786798828e-12,2.697616096942295e-18,4.230273647095888e-19,2.5094998982608866e-39,4.9392792960663215e-08,6.3869553572515205e-37,4.9387833547116827e-08,1.346475182529346e-25,1.1675055538796961e-24,1.1060512528585385e-30,1.209926766270674e-31,4.213983700626241e-14,2.7681645795378863e-24,2.6969658024469035e-06,7.98653593407386e-08,7.591436952822531e-10,3.5273547601859763e-15,9.841704573501404e-14,1.732806257378751e-10,2.32616322274427e-20,7.940288106249933e-14,5.068182268272474e-13,1.453601274742643e-10,1.2027223826750188e-18,2.504311132749264e-17,7.574686244964217e-14,5.2545839731899887e-23,1.5543363648120706e-24,4.273776923110938e-14,5.428163088950273e-28,1.934023621481653e-31,2.7265126933906574e-28,1.7572462067136822e-24,7.559474878352293e-31,3.0936728790057925e-30,1.946878395816487e-27
5.7685283727449515e-12,0.16628943999999996,0.8585084662769803,0.0,0.0,0.4523044134077865,0.11866713483925728,0.022821526531330804,8.341004664896414e-29,5.55517175007302e-19,1.2455180699233739e-12,3.049543480912946e-18,4.631830548664416e-19,3.0362415346324364e-39,5.0912842838535324e-08,7.657383974565913e-37,5.090758507257897e-08,1.519282583520426e-25,1.3130535673963117e-24,1.2942611304086616e-30,1.4139278078554925e-31,4.477332961452864e-14,3.053128507245973e-24,2.779948633762352e-06,8.232314569489958e-08,7.913025370088306e-10,3.644592299287172e-15,1.0371466500133643e-13,1.7570555603954076e-10,2.4303667143633807e-20,8.051474335992756e-14,5.139438193350374e-13,1.527481522565875e-10,1.3140183848800944e-18,2.7425770669140968e-17,7.952206936689403e-14,5.60634147901209e-23,1.8069540105211334e-24,4.5389547097466254e-14,6.197030384673512e-28,2.286458395771728e-31,3.0137137467743765e-28,1.9832044288835203e-24,8.353480201291745e-31,3.5617045736661086e-30,2.264362778131054e-27
5.940751017152438e-12,0.16628943999999996,0.8585084662769803,0.0,0.0,0.4523043279257461,0.11866705032741187,0.022821525302429986,9.967655320742721e-29,6.063354739503572e-19,1.3209649635154562e-12,3.4334315016942327e-18,5.057994867167828e-19,3.651606112032715e-39,5.24328933765285e-08,9.131574548905612e-37,5.242732904262416e-08,1.7081751563616474e-25,1.471795380303459e-24,1.5069091914594783e-30,1.6440609486569631e-31,4.748663161935629e-14,3.355859211449375e-24,2.86293059785802e-06,8.478093098745948e-08,8.237679148176007e-10,3.7620354356586514e-15,1.0910702380539578e-13,1.7803023413723425e-10,2.535117684163877e-20,8.158063853279263e-14,5.207748918741509e-13,1.6023715717565107e-10,1.4312092590802879e-18,2.995488616581915e-17,8.33443941483421e-14,5.966766243278121e-23,2.0901335290408797e-24,4.812112555969269e-14,7.043045843712805e-28,2.6879033717337966e-31,3.3197505865877834e-28,2.2302624293103416e-24,9.198143904130953e-31,4.083385875955101e-30,2.620654000772694e-27
6.112973661559925e-12,0.16628943999999996,0.8585084662769803,0.0,0.0,0.4523042424442797,0.11866696581643246,0.022821524073529522,1.184574267217698e-28,6.601405294560594e-19,1.3986287684032742e-12,3.850938979771824e-18,5.5094965544372365e-19,4.366993703881309e-39,5.395294454775823e-08,1.0834836685241036e-36,5.3947065457890094e-08,1.914116403382681e-25,1.6445069853579731e-24,1.7462244616708692e-30,1.90265595138779e-31,5.0279742631506666e-14,3.676683385865834e-24,2.9459116947429194e-06,8.723871521842169e-08,8.565273327014863e-10,3.879685629432534e-15,1.1459142895381148e-13,1.8025885151912508e-10,2.6403811777678956e-20,8.260248836464865e-14,5.27323823306074e-13,1.6782296815731481e-10,1.5543632625514917e-18,3.2634818189239564e-17,8.721169419244234e-14,6.335527182588258e-23,2.406329705988119e-24,5.093250406492705e-14,7.970786113866466e-28,3.143124702190797e-31,3.6450727785531533e-28,2.4996921982775815e-24,1.009444215049261e-30,4.662999304326346e-30,3.018961988698473e-27
6.285196305967411e-12,0.16628943999999996,0.8585084662769803,0.0,0.0,0.4523041569633988,0.11866688130631906,0.022821522844629422,1.400439639728795e-28,7.170161625239852e-19,1.4785093965082973e-12,4.303743206479585e-18,5.987065575637782e-19,5.194836970078961e-39,5.547299632649209e-08,1.279476204996746e-36,5.546679431899048e-08,2.1380973610691456e-25,1.8319868496447998e-24,2.014555270799495e-30,2.192161104099954e-31,5.3152662261814755e-14,4.0159061178301004e-24,3.0288919244260676e-06,8.96964983877897e-08,8.895688172068971e-10,3.9975442651680415e-15,1.20165263811502e-13,1.8239542442891725e-10,2.746125990268223e-20,8.358213431953055e-14,5.336023730354222e-13,1.7550158574560364e-10,1.6835442676363355e-18,3.5469926511358734e-17,9.112192432533048e-14,6.712297183262537e-23,2.758092022050757e-24,5.3823682060341925e-14,8.98489726659091e-28,3.6571537342746207e-31,3.9901124695667407e-28,2.7928027877699692e-24,1.1043288196369992e-30,5.3050254272265146e-30,3.462635554173714e-27
6.457418950374898e-12,0.16628943999999996,0.8585084662769803,0.0,0.0,0.4523040714831152,0.11866679679707168,0.022821521615729687,1.6475025767132523e-28,7.770461613984269e-19,1.5606067626019537e-12,4.793538751924006e-18,6.49143191535562e-19,6.14865616920169e-39,5.699304868810087e-08,1.5041356849396496e-36,5.698651562651596e-08,2.381136565578518e-25,2.0350559309775722e-24,2.3143710374140236e-30,2.515144489408386e-31,5.610539012118561e-14,4.373811336634336e-24,3.111871286916481e-06,9.215428049556732e-08,9.228808954766043e-10,4.115612648132502e-15,1.2582598612545734e-13,1.844438011927605e-10,2.852324275229959e-20,8.452134105163363e-14,5.396218159520096e-13,1.8326917769278748e-10,1.8188120104605535e-18,3.8464570310180814e-17,9.507313237062809e-14,7.096753696492435e-23,3.1480633733468894e-24,5.6794658993142966e-14,1.009008997472444e-27,4.235289902376378e-31,4.355284619391984e-28,3.11094030556495e-24,1.2045533613544969e-30,6.0141452772201195e-30,3.955162307042285e-27
6.629641594782384e-12,0.16628943999999996,0.8585084662769803,0.0,0.0,0.4523039860034396,0.11866671228869027,0.02282152038683032,1.9291412151625821e-28,8.403142849935239e-19,1.6449207841864698e-12,5.32203634058314e-18,7.02332558288222e-19,7.24311497674538e-39,5.851310160901186e-08,1.7607177972390823e-36,5.850622938103509e-08,2.644280018523988e-25,2.254557693467332e-24,2.6482639831613974e-30,2.8742951714094928e-31,5.913792582059147e-14,4.75066229598517e-24,3.19484978222318e-06,9.461206154175842e-08,9.564525742280347e-10,4.2338919935421025e-15,1.3157112591037066e-13,1.864076692398267e-10,2.958951195773604e-20,8.542179922964635e-14,5.453930554174278e-13,1.9112207187611878e-10,1.9602223243161893e-18,4.1623108175320174e-17,9.906345492069617e-14,7.488579698433227e-23,3.5789787118157295e-24,5.984543431056763e-14,1.1291134837302582e-27,4.883103375660327e-31,4.740987267751114e-28,3.455487909615257e-24,1.310196962732986e-30,6.795242669446886e-30,4.5001684674448484e-27
6.801864239189871e-12,0.16628943999999996,0.8585084662769803,0.0,0.0,0.45230390052438263,0.11866662778117484,0.022821519157931323,2.2489801370833926e-28,9.069042659636237e-19,1.7314513813806786e-12,5.890961790993789e-18,7.583476616774522e-19,8.494077072059668e-39,6.003315506666399e-08,2.0527472791828317e-36,6.002593558309526e-08,2.928601152995767e-25,2.4913581223739683e-24,3.018950780387617e-30,3.2724243049871063e-31,6.225026897106824e-14,5.1467020874917225e-24,3.277827410355186e-06,9.706984152636712e-08,9.902733198841352e-10,4.3523834287599644e-15,1.3739828339436698e-13,1.8829056182937467e-10,3.065984609449663e-20,8.628512881505934e-14,5.509264566621201e-13,1.9905674978499638e-10,2.1078273630353832e-18,4.494989811333336e-17,1.0309111330016334e-13,7.88746416252247e-23,4.053663615331467e-24,6.297600745988414e-14,1.2592857911822321e-27,5.6064374764851065e-31,5.147601834238437e-28,3.827865802683517e-24,1.4213328548371198e-30,7.653406428106874e-30,5.101418590032476e-27
6.9740868835973575e-12,0.16628943999999996,0.8585084662769803,0.0,0.0,0.4523038150459543,0.11866654327452542,0.02282151792903269,2.610899583595425e-28,9.768998134549433e-19,1.820198476810602e-12,6.502055016172126e-18,8.172615088762395e-19,9.918663463346391e-39,6.155320903946489e-08,2.3840322619666433e-36,6.154563423322354e-08,3.235200799792515e-25,2.74634573811713e-24,3.42927413673838e-30,3.7124661719550807e-31,6.544241918371197e-14,5.56215417867935e-24,3.360804171321522e-06,9.952762044939774e-08,1.0243330393117973e-09,4.4710880056189255e-15,1.4330512702312296e-13,1.9009586449656827e-10,3.173404783739013e-20,8.711288230454618e-14,5.562319100675631e-13,2.070698400573984e-10,2.2616758139557623e-18,4.844929755282991e-17,1.0715440971299224e-13,8.293102237785842e-23,4.5750327965373596e-24,6.618637788839026e-14,1.4000136579184832e-27,6.41141088545598e-31,5.575493445274094e-28,4.229531227193781e-24,1.53802852822147e-30,8.593932524650478e-30,5.762815210926151e-27
7.146309528004844e-12,0.16628943999999996,0.8585084662769803,0.0,0.0,0.4523037295681642,0.11866645876874193,0.022821516700134437,3.0190446429497735e-28,1.0503846155671139e-18,1.9111619955046183e-12,7.157069081638027e-18,8.791471107068364e-19,1.1535310519501339e-38,6.307326350674986e-08,2.7586789810391532e-36,6.30653253319277e-08,3.56520715383825e-25,3.0204316093638466e-24,3.882204320185235e-30,4.197479148240416e-31,6.871437606967517e-14,5.997222967994667e-24,3.4437800651312143e-06,1.0198539831085479e-07,1.0586220612504155e-09,4.590006710097432e-15,1.492893915207186e-13,1.918268212287914e-10,3.2811941414242725e-20,8.790654706032679e-14,5.613190085609176e-13,2.151581121705785e-10,2.4218130965601893e-18,5.2125663349371406e-17,1.1125172356474895e-13,8.705195921614002e-23,5.1460885587277115e-24,6.947654504341232e-14,1.551789555753799e-27,7.3044196481713475e-31,6.025011281322253e-28,4.6619784602683686e-24,1.6603458902372525e-30,9.622326131106954e-30,6.488398421121582e-27
7.31853217241233e-12,0.16628943999999996,0.8585084662769803,0.0,0.0,0.4523036440910218,0.11866637426382444,0.022821515471236554,3.477834407847167e-28,1.1274423415529382e-18,2.0043418647930018e-12,7.85776931796296e-18,9.44077481919888e-19,1.336382867513211e-38,6.45933184487423e-08,3.1811068507613923e-36,6.458500887969678e-08,3.919775740762572e-25,3.314549365272727e-24,4.380840627738563e-30,4.730646606083218e-31,7.206613924016409e-14,6.452094355414862e-24,3.5267550917932875e-06,1.044431751107428e-07,1.0931311188335206e-09,4.709140464743493e-15,1.5534887600561097e-13,1.9348654038372453e-10,3.3893370337669077e-20,8.866754815569658e-14,5.66196899793867e-13,2.2331847071274746e-10,2.5882815518327553e-18,5.598335179016739e-17,1.153815079521111e-13,9.123454445388444e-23,5.769919206488277e-24,7.284650837230433e-14,1.7151103054170997e-27,8.29213899769153e-31,6.49648894323181e-28,5.126738808921535e-24,1.788341427208085e-30,1.0744303591725049e-29,7.282345371645269e-27
7.490754816819817e-12,0.16628943999999996,0.8585084662769803,0.0,0.0,0.4523035586145357,0.11866628975977288,0.022821514242339053,3.9919710978439703e-28,1.2081566437852274e-18,2.0997380142116554e-12,8.605932484980572e-18,1.0121256414261184e-18,1.5425461783305886e-38,6.611337384651616e-08,3.656063902855694e-36,6.610468487700209e-08,4.300089383624203e-25,3.629655207033662e-24,4.928412800950011e-30,5.315277755022892e-31,7.549770830643591e-14,6.926936325233434e-24,3.609729251316772e-06,1.0690095084906665e-07,1.127851332722796e-09,4.828490128761654e-15,1.614814421601601e-13,1.9507800035998344e-10,3.497819537764026e-20,8.939725144757418e-14,5.708742622037334e-13,2.3154794977621035e-10,2.7611206241712627e-18,6.002671859857693e-17,1.1954228631200675e-13,9.547594154167881e-23,6.449697418240388e-24,7.629626732244678e-14,1.890476727139119e-27,9.381525005722018e-31,6.990244834642793e-28,5.625380605384269e-24,1.9220663702657168e-30,1.1965794315976918e-29,8.148969721767017e-27
7.662977461227304e-12,0.16628943999999996,0.8585084662769803,0.0,0.0,0.4523034731387144,0.11866620525658725,0.022821513013441933,4.566449143064397e-28,1.2926111595168236e-18,2.19735037540989e-12,9.403345985005137e-18,1.0833646124854831e-18,1.774294709185461e-38,6.763342968195982e-08,4.188642588119913e-36,6.76243533242977e-08,4.707358169759925e-25,3.966727918772284e-24,5.528282391172418e-30,5.95480842524627e-31,7.900908287979628e-14,7.421899533906983e-24,3.6927025437106956e-06,1.0935872552583116e-07,1.1627741947093483e-09,4.948056500740649e-15,1.6768501245218737e-13,1.9660405503067185e-10,3.6066292739974555e-20,9.009696546470814e-14,5.753595220928748e-13,2.398437073459624e-10,2.940367030298177e-18,6.426011893842352e-17,1.2373264922312153e-13,9.977338896691399e-23,7.188678587305734e-24,7.9825821341246e-14,2.0783933091080644e-27,1.0579816074866073e-30,7.50658255396685e-28,6.159509202537241e-24,2.0615668638995392e-30,1.3292942595945369e-29,9.092721033620242e-27
7.83520010563479e-12,0.16628943999999996,0.8585084662769803,0.0,0.0,0.45230338766356615,0.11866612075426758,0.02282151178454519,5.20656422580894e-28,1.3808895124553616e-18,2.297178882062045e-12,1.0251807122362404e-17,1.157867422858266e-18,2.0340575812459606e-38,6.915348593774128e-08,4.784295940884724e-36,6.914401422202143e-08,5.142819417742893e-25,4.326768877815191e-24,6.183944077391271e-30,6.652801796685587e-31,8.260026257159646e-14,7.937117902057919e-24,3.7756749689840913e-06,1.1181649914104143e-07,1.19789155230103e-09,5.067840323848256e-15,1.7395756840708444e-13,1.9806743894975966e-10,3.7157552429358305e-20,9.076794380184064e-14,5.796607600278308e-13,2.4820302022391416e-10,3.126054918829725e-18,6.868790741813185e-17,1.279512513528451e-13,1.0412420403692523e-22,7.990199137605496e-24,8.343516987613304e-14,2.27936788069105e-27,1.1894534283617663e-30,8.045791295151044e-28,6.730766969431276e-24,2.20688413616406e-30,1.473210935105349e-29,1.0118184114765089e-26
8.007422750042277e-12,0.16628943999999996,0.8585084662769803,0.0,0.0,0.4523033021890987,0.11866603625281379,0.022821510555648832,5.9179222769741945e-28,1.4730753141710448e-18,2.399223469782795e-12,1.1153122406691515e-17,1.2357071049221694e-18,2.3244254260471218e-38,7.067354259727517e-08,5.4488541056926385e-36,7.066366757059534e-08,5.607737644436025e-25,4.7108020643134515e-24,6.899026939288943e-30,7.412949077070297e-31,8.627124699323103e-14,8.472709210109977e-24,3.85864652714599e-06,1.1427427169470263e-07,1.2331955939744863e-09,5.187842290589694e-15,1.8029714892903779e-13,1.9947077234078426e-10,3.8251876783452794e-20,9.1411388118555e-14,5.837855994164293e-13,2.566232791863636e-10,3.31821602510361e-18,7.331443809469304e-17,1.3219680854304536e-13,1.085257799382301e-22,8.857674819627265e-24,8.712431237456296e-14,2.4939113196178427e-27,1.3333486594934403e-30,8.608146256764893e-28,7.340833286876995e-24,2.3580546696366124e-30,1.628987380296615e-29,1.1230078319626814e-26
8.179645394449763e-12,0.16628943999999996,0.8585084662769803,0.0,0.0,0.4523032167153194,0.11866595175222594,0.022821509326752865,6.7064484245484945e-28,1.5692521653543384e-18,2.5034840760460192e-12,1.2109106897773555e-17,1.3169566957590875e-18,2.648156554901459e-38,7.219359964469093e-08,6.188541225677353e-36,7.218331337042649e-08,6.103404532127647e-25,5.119874070262142e-24,7.677295688082974e-30,8.239070131961532e-31,9.002203575613552e-14,9.028775691161888e-24,3.941617218205427e-06,1.1673204318682013e-07,1.2686788347186404e-09,5.308063045654049e-15,1.867018486699728e-13,2.0081656587697338e-10,3.93491791632725e-20,9.202844965112407e-14,5.877414276494478e-13,2.651019840173914e-10,3.516879815036438e-18,7.814406447746611e-17,1.3646809502835845e-13,1.1297558676082793e-22,9.7945989918426e-24,9.089324828401401e-14,2.7225372831316095e-27,1.4904765938677141e-30,9.193909053511236e-28,7.991424543087172e-24,2.515110372538968e-30,1.797303508334651e-29,1.243325681411547e-26
8.35186803885725e-12,0.16628943999999996,0.8585084662769803,0.0,0.0,0.4523031312422355,0.11866586725250398,0.02282150809785728,7.578395891745329e-28,1.6695036569396068e-18,2.6099606401070563e-12,1.3121583589618357e-17,1.4016892372149077e-18,3.008183180964951e-38,7.371365706480238e-08,7.00999269212158e-36,7.370295162190755e-08,6.631138895738076e-25,5.555054107971888e-24,8.522651857548621e-30,9.135114069635016e-31,9.385262847178433e-14,9.605404619655643e-24,4.024587042171437e-06,1.1918981361739936e-07,1.3043341024052595e-09,5.42850318789103e-15,1.9316981644486056e-13,2.021072252615106e-10,4.0449382781902975e-20,9.262023110755497e-14,5.915353844429085e-13,2.736367389730167e-10,3.7220736190423225e-18,8.318113953182236e-17,1.407639407809693e-13,1.1747117548829683e-22,1.0804540892341479e-23,9.474197705198684e-14,2.9657619350341027e-27,1.6616752177595204e-30,9.803328128808999e-28,8.6842941293572e-24,2.6780787493191678e-30,1.9788613777041658e-29,1.3732705801088904e-26
8.524090683264737e-12,0.16628943999999996,0.8585084662769803,0.0,0.0,0.45230304576985386,0.11866578275364792,0.022821506868962088,8.540354842569582e-28,1.7739133711091936e-18,2.7186531029281924e-12,1.4192382831582134e-17,1.4899777759353858e-18,3.407617691834483e-38,7.523371484307872e-08,7.920272754671421e-36,7.52225823254173e-08,7.192286650086971e-25,6.017434018034141e-24,9.439134957495523e-30,1.0105159783524437e-30,9.776302475168868e-14,1.0202668897725616e-23,4.1075559990530535e-06,1.2164758298644575e-07,1.3401545248980386e-09,5.5491632728494e-15,1.9969925369207007e-13,2.0334505561630076e-10,4.155241965473084e-20,9.318778968289518e-14,5.951741796062105e-13,2.8222524860485857e-10,3.933822763159885e-18,8.843001568263902e-17,1.4508322897612941e-13,1.2201017457385955e-22,1.1891143905060719e-23,9.867049812600374e-14,3.224103700589146e-27,1.847811296568117e-30,1.043663917015418e-27,9.421232435770658e-24,2.8469830699863487e-30,2.1743853403195324e-29,1.513354371622002e-26
8.696313327672223e-12,0.16628943999999996,0.8585084662769803,0.0,0.0,0.45230296029818096,0.11866569825565776,0.022821505640067283,9.599261172893134e-28,1.882564882190514e-18,2.8295614071072892e-12,1.5323341784602892e-17,1.5818953633808415e-18,3.8497589718030567e-38,7.675377296561635e-08,8.926892491685533e-36,7.674220548132146e-08,7.788220777212516e-25,6.5081282768003495e-24,1.0430923591868787e-29,1.1153416454789771e-30,1.0175322420739475e-13,1.0820627634109586e-23,4.190524088859319e-06,1.2410535129396515e-07,1.3761335173446037e-09,5.670043815822171e-15,2.0628841297748495e-13,2.0453226568724145e-10,4.2658229658364286e-20,9.373213828469906e-14,5.986642777940621e-13,2.9086531340070803e-10,4.15215069189111e-18,9.389504481764891e-17,1.494248935729224e-13,1.2659028814291246e-22,1.3058123824616383e-23,1.0267881095360794e-13,3.498083054287445e-27,2.0497804507244446e-30,1.109406552248815e-27,1.0204066846918453e-23,3.0218425378500275e-30,2.3846221836710496e-29,1.6641020401085814e-26
8.86853597207971e-12,0.16628943999999996,0.8585084662769803,0.0,0.0,0.4523028748272231,0.11866561375853346,0.022821504411172876,1.0762405245381084e-27,1.9955417574571417e-18,2.942685496809402e-12,1.6516303910657367e-17,1.6775150558221728e-18,4.3380987714367094e-38,7.827383141911239e-08,1.0037828140197287e-35,7.826182108997287e-08,8.420341293734528e-25,7.02827400339025e-24,1.1502336543541451e-29,1.2284224017435394e-30,1.058232264504817e-13,1.1459326712945664e-23,4.273491311599269e-06,1.2656311853996315e-07,1.4122647700925168e-09,5.79114529463872e-15,2.1293559654114117e-13,2.0567097187367405e-10,4.376675968827849e-20,9.42542468499789e-14,6.020119825688306e-13,2.995548257001892e-10,4.377079080312523e-18,9.958057829065177e-17,1.5378791700503577e-13,1.3120929999617326e-22,1.4309267123407108e-23,1.0676691498236302e-13,3.788222297422429e-27,2.2685072224717768e-30,1.177581859704099e-27,1.1034661737621358e-23,3.202672455261609e-30,2.610341267239194e-29,1.8260516248021466e-26
9.040758616487196e-12,0.16628943999999996,0.8585084662769803,0.0,0.0,0.45230278935698637,0.11866552926227503,0.022821503182278855,1.2037440566776876e-27,2.1129275578438285e-18,3.058025317701214e-12,1.7773118493479868e-17,1.7769099143204507e-18,4.876328122159875e-38,7.979389019083902e-08,1.1261539784968132e-35,7.978142915171236e-08,9.090075218254526e-25,7.579030966255008e-24,1.265783382773154e-29,1.3502053588269943e-30,1.0997303109256004e-13,1.2118799355958526e-23,4.356457667281944e-06,1.290208847244457e-07,1.44854223740838e-09,5.912468152014764e-15,2.1963915488517676e-13,2.067632020893626e-10,4.487796290572098e-20,9.475504545297897e-14,6.052232153903311e-13,3.082917660808982e-10,4.608627944317276e-18,1.0549096692459305e-16,1.58171327976538e-13,1.3586507084233585e-22,1.5648429224333807e-23,1.1093480965985203e-13,4.095045351734419e-27,2.5049451342441966e-30,1.2482098278810003e-27,1.1914918468647036e-23,3.3894843868019546e-30,2.852334653400099e-29,1.999754132327873e-26
9.212981260894683e-12,0.16628943999999996,0.8585084662769803,0.0,0.0,0.4523027038874765,0.11866544476688247,0.022821501953385233,1.3432392406261423e-27,2.2348058385845943e-18,3.1755808168882575e-12,1.909564018889775e-17,1.880153004692136e-18,5.468343795640146e-38,8.131394926861888e-08,1.2606990406110078e-35,8.130102966686907e-08,9.798876538786615e-25,8.161581589326577e-24,1.3902017715885215e-29,1.4811507863872704e-30,1.1420263774527002e-13,1.2799066674855745e-23,4.439423155916382e-06,1.314786498474187e-07,1.4849601263499375e-09,6.034012797608648e-15,2.263974854019194e-13,2.0781089946204664e-10,4.5991798064269355e-20,9.523542537055148e-14,6.083036263229987e-13,3.170741995750729e-10,4.846815745800839e-18,1.116305610145161e-16,1.625741993578856e-13,1.405555339845955e-22,1.7079532782179196e-23,1.151824944336772e-13,4.4190775956908315e-27,2.7600767393155452e-30,1.3213093329660853e-27,1.2846775382413611e-23,3.5822863196991315e-30,3.1114172330366126e-29,2.1857734478714617e-26
9.38520390530217e-12,0.16628943999999996,0.8585084662769803,0.0,0.0,0.45230261841869907,0.11866536027235575,0.022821500724492013,1.4955666353837664e-27,2.361260149782083e-18,3.295351942854762e-12,2.0485728603237214e-17,1.987317397461765e-18,6.118254806325868e-38,8.283400864080166e-08,1.4083665284754935e-35,8.282062263576104e-08,1.0548226180213946e-24,8.777130957778444e-24,1.523963373179407e-29,1.6217321486612018e-30,1.1851204602028003e-13,1.3500138209774624e-23,4.522387777511627e-06,1.3393641390888825e-07,1.5215128860347558e-09,6.155779609963502e-15,2.3320903104097147e-13,2.0881592587831578e-10,4.7108228907156175e-20,9.569623971098081e-14,6.112587695769967e-13,3.259002719753725e-10,5.091659486596472e-18,1.180037103303923e-16,1.6699564617760236e-13,1.4527869877772225e-22,1.8606565976410634e-23,1.1950996875145897e-13,4.760845690212114e-27,3.034913665375784e-30,1.3968981783122902e-27,1.3832207798673023e-23,3.781082821322976e-30,3.388426846061732e-29,2.3846862445024896e-26
9.557426549709656e-12,0.16628943999999996,0.8585084662769803,0.0,0.0,0.4523025329506593,0.11866527577869486,0.02282149949559919,1.661605681781399e-27,2.4923740369154797e-18,3.4173386454059747e-12,2.1945247898090918e-17,2.098476167803775e-18,6.83038895441209e-38,8.435406829624162e-08,1.5701591766247836e-35,8.43402080586956e-08,1.1339631971765977e-24,9.426906823417629e-24,1.6675571621592877e-29,1.772436138164939e-30,1.2290125552928515e-13,1.4222012457846542e-23,4.605351532076722e-06,1.3639417690886037e-07,1.5581951977376974e-09,6.277768938573888e-15,2.400722790141834e-13,2.0978006538027357e-10,4.8227223627884695e-20,9.613830666326446e-14,6.140938862980721e-13,3.3476820667787703e-10,5.343174800238763e-18,1.2461476411983544e-16,1.714348237052811e-13,1.5003264939260008e-22,2.0233580817910027e-23,1.239172320608358e-13,5.120877403459617e-27,3.3304966516272496e-30,1.4749931334534884e-27,1.48732280101681e-23,3.985875193333791e-30,3.68422439705388e-29,2.597081890827246e-26
9.729649194117143e-12,0.16628943999999996,0.8585084662769803,0.0,0.0,0.4523024474833622,0.11866519128589982,0.022821498266706763,1.842275546059517e-27,2.6282310412934278e-18,3.541540875612925e-12,2.347606641999529e-17,2.2137023954749682e-18,7.609299409410353e-38,8.587412822427597e-08,1.747135938034225e-35,8.585978593596976e-08,1.2174628614512658e-24,1.0112159609727272e-23,1.821486629919301e-29,1.9337627066754234e-30,1.2737026588400585e-13,1.4964677391181152e-23,4.688314419620708e-06,1.3885193884734134e-07,1.5950019651887346e-09,6.3999811059285714e-15,2.469857595374391e-13,2.1070502742018794e-10,4.9348754387845323e-20,9.656241057861332e-14,6.168139141865999e-13,3.4367630144136424e-10,5.601376042113068e-18,1.3146807111070353e-16,1.7589092562175427e-13,1.548155386199825e-22,2.1964691471888434e-23,1.2840428380946328e-13,5.499701485771054e-27,3.647895579935067e-30,1.5556099725798884e-27,1.5971885278258285e-23,4.1966616223199864e-30,3.999693966196057e-29,2.823562358339367e-26
9.901871838524629e-12,0.16628943999999996,0.8585084662769803,0.0,0.0,0.4523023620168128,0.11866510679397062,0.022821497037814744,2.0385359572205747e-27,2.768914700457721e-18,3.667958585759528e-12,2.5080056353775165e-17,2.3330691647389834e-18,8.459771333700578e-38,8.739418841470436e-08,1.940414031787368e-35,8.737935626787085e-08,1.3054777648872027e-24,1.0834162416577862e-23,1.9862698768659863e-29,2.1062250936652298e-30,1.319190766961866e-13,1.5728110958874415e-23,4.77127644015263e-06,1.4130969972433748e-07,1.6319283050442136e-09,6.5224164092134755e-15,2.53948044608206e-13,2.1159244997906486e-10,5.0472796885213075e-20,9.696930177410388e-14,6.194237313723068e-13,3.5262292504865587e-10,5.866276368584681e-18,1.385679795135944e-16,1.803631822724701e-13,1.5962559002825132e-22,2.3804072599015028e-23,1.3297112344501375e-13,5.897847541559108e-27,3.988209500566625e-30,1.63876351196578e-27,1.7130265828509525e-23,4.413437326962094e-30,4.335742915703383e-29,3.064742127856612e-26
1e-11,0.16628943999999996,0.8585084662769803,0.0,0.0,0.45230231332044374,0.11866505865296675,0.022821496337622947,2.1577142513622284e-27,2.8512632607855376e-18,3.740979005040703e-12,2.6027411093432704e-17,2.4029610556875352e-18,8.978266423143276e-38,8.826028086087763e-08,2.0582777200172726e-35,8.8245166117046e-08,1.3577064510015872e-24,1.1262471982266764e-23,2.0852166607703736e-29,2.2096710565383586e-30,1.3454656284730095e-13,1.6172372544430448e-23,4.818545739719995e-06,1.4271007001409103e-07,1.6530196845134738e-09,6.592276881321076e-15,2.5793627348390696e-13,2.1208189715475757e-10,5.111436327859596e-20,9.719371738016914e-14,6.208632487087771e-13,3.5773711671922694e-10,6.0202105051500376e-18,1.42725277962687e-16,1.8291830414135458e-13,1.6237772829745983e-22,2.4902144969959895e-23,1.3560887628489384e-13,6.133545310595611e-27,4.192790668757922e-30,1.68728211761043e-27,1.7817802760632674e-23,4.5396263677690956e-30,4.5367740844271554e-29,3.20897364123757e-26
1.0074094482932116e-11,0.16628943999999996,0.8585084662769803,0.0,0.0,0.45230227655101574,0.11866502230290721,0.02282149580892313,2.2513880381072465e-27,2.9145085485430087e-18,3.7965917292918285e-12,2.6759093398094887e-17,2.4566495642839788e-18,9.38682854286392e-38,8.8914248857769e-08,2.1511710263388863e-35,8.889891905467676e-08,1.3981667422128307e-24,1.1594211024626246e-23,2.1624397024938833e-29,2.2903498523535135e-30,1.3654768757759477e-13,1.6512281576511278e-23,4.854237593681534e-06,1.437674595398551e-07,1.6689695381507055e-09,6.645075121890797e-15,2.609577468178342e-13,2.1244390255483526e-10,5.1599329969707046e-20,9.735969992708708e-14,6.219279887392904e-13,3.616065145053233e-10,6.1378878124775985e-18,1.4591883702423863e-16,1.848508590002914e-13,1.644610987318045e-22,2.5755957716579092e-23,1.3761775041517587e-13,6.315845880131597e-27,4.3525666530095244e-30,1.7244676466588686e-27,1.8350492846244584e-23,4.636194701436951e-30,4.6933019919163925e-29,3.3212480945912256e-26
1.0246317127339602e-11,0.16628943999999996,0.8585084662769803,0.0,0.0,0.45230219108597536,0.11866493781270959,0.022821494580031916,2.4818751301654376e-27,3.065096116597236e-18,3.927440260769413e-12,2.851505646190305e-17,2.5845166871346317e-18,1.039574020288034e-37,9.043430954413582e-08,2.3806469583207157e-35,9.041847429665634e-08,1.495691305595807e-24,1.2393623899422711e-23,2.3505436934235418e-29,2.4866768735266015e-30,1.4125609814001926e-13,1.731714860517581e-23,4.937197880216464e-06,1.462252182939006e-07,1.7061211811187177e-09,6.767957495343572e-15,2.680135181976175e-13,2.132608890256064e-10,5.272833529827132e-20,9.773429541305781e-14,6.243310084853393e-13,3.706255722982047e-10,6.416221360096293e-18,1.5352499082579398e-16,1.8935325455410444e-13,1.6932042425812179e-22,2.782463758130578e-23,1.4234416416765398e-13,6.754227418076911e-27,4.742124482287456e-30,1.812735386605987e-27,1.9634726472050674e-23,4.864923454892593e-30,5.073325423230832e-29,3.5937194734482187e-26
1.0418539771747089e-11,0.16628943999999996,0.8585084662769803,0.0,0.0,0.4523021056216959,0.1186648533233778,0.022821493351141114,2.7310836118700198e-27,3.2207609328669848e-18,4.060504135818892e-12,3.034982738077884e-17,2.7167436305594418e-18,1.1492027564912514e-37,9.195437046487632e-08,2.6301464868390597e-35,9.193802199406982e-08,1.5982156413962355e-24,1.3233742195241812e-23,2.5511443095329335e-29,2.695759407273026e-30,1.4604430799526954e-13,1.8142662814037184e-23,5.0201572997664674e-06,1.4868297598648053e-07,1.7433789378834686e-09,6.891063760333074e-15,2.751140490976544e-13,2.140448503932011e-10,5.385979702737486e-20,9.809374813016742e-14,6.266370570760162e-13,3.7967866340084825e-10,6.701287018580791e-18,1.6139078759104614e-16,1.9386969956979145e-13,1.742019906685874e-22,3.0014458595261045e-23,1.471503641501678e-13,7.213523594750315e-27,5.158069651200752e-30,1.9035788916566502e-27,2.098516379724158e-23,5.099610747156738e-30,5.476791014028297e-29,3.8828077043170115e-26
1.0590762416154575e-11,0.16628943999999996,0.8585084662769803,0.0,0.0,0.4523020201581817,0.11866476883491177,0.022821492122250715,3.0001437108017666e-27,3.3815865230514596e-18,4.1957833110892346e-12,3.2265290651971274e-17,2.8534034959742132e-18,1.2681470734188e-37,9.347443161145029e-08,2.901041083209894e-35,9.345756214716918e-08,1.705906606920311e-24,1.4115929758650365e-23,2.764818968302531e-29,2.9181640827696877e-30,1.5091231675517477e-13,1.898876682831843e-23,5.103115852340591e-06,1.5114073261760137e-07,1.7807386919488462e-09,7.014394128343411e-15,2.8225806709757844e-13,2.1479716741199064e-10,5.499370153815972e-20,9.843869097202276e-14,6.2885026724511e-13,3.8876441273909756e-10,6.993093877251186e-18,1.6952057348451906e-16,1.9839955512027612e-13,1.7910428930986063e-22,3.232982123611254e-23,1.5203634981045189e-13,7.694266247313151e-27,5.601618048899243e-30,1.9970095055994703e-27,2.240403885927238e-23,5.3402413205409386e-30,5.904700234765877e-29,4.189176356221104e-26
1.0762985060562062e-11,0.16628943999999996,0.8585084662769803,0.0,0.0,0.4523019346954365,0.11866468434731153,0.022821490893360722,3.290230309363911e-27,3.547656410528473e-18,4.333277744209034e-12,3.426333318691895e-17,2.9945693888425105e-18,1.3970115472333446e-37,9.499449297568897e-08,3.1947712560805867e-35,9.497709475619847e-08,1.8189337271742594e-24,1.5041573131829202e-23,2.9921601274832964e-29,3.154470926248094e-30,1.558601240315825e-13,1.9855395567150895e-23,5.18607353794788e-06,1.535984881872698e-07,1.818196499085462e-09,7.137948793005341e-15,2.894443359482532e-13,2.155191631078159e-10,5.613003719104277e-20,9.876973173905635e-14,6.309744362737102e-13,3.9788150289104136e-10,7.291650172790856e-18,1.77918694164499e-16,2.0294221133150074e-13,1.840258718981024e-22,3.477517851285444e-23,1.5700212059625508e-13,8.196987529032874e-27,6.074014796115711e-30,2.0930377896355814e-27,2.3893622637104753e-23,5.586797627540597e-30,6.358078308376902e-29,4.513501031897251e-26
1.0935207704969549e-11,0.16628943999999996,0.8585084662769803,0.0,0.0,0.4523018492334641,0.11866459986057705,0.022821489664471145,3.6025637441418374e-27,3.719054116555425e-18,4.4729873937455864e-12,3.6345844080443835e-17,3.1403144185737885e-18,1.5364280035385712e-37,9.651455454977949e-08,3.51284881188523e-35,9.649661982139417e-08,1.9374691916184664e-24,1.6012081555663308e-23,3.233775366195154e-29,3.4052733772620685e-30,1.6088772943635803e-13,2.074247666586939e-23,5.269030356597386e-06,1.5605624269549246e-07,1.8557485798960364e-09,7.261727931317557e-15,2.9667165454354814e-13,2.162121051915942e-10,5.726879410668336e-20,9.908745083183241e-14,6.330132789416746e-13,4.07028671441026e-10,7.596963347403279e-18,1.8658949478497588e-16,2.0749708606133746e-13,1.8896534809341529e-22,3.735503444795518e-23,1.6204767595534052e-13,8.722219863897618e-27,6.576534247390795e-30,2.191673554775299e-27,2.545622304652173e-23,5.839259954648498e-30,6.837974293128944e-29,4.856469273226436e-26
1.1107430349377035e-11,0.16628943999999996,0.8585084662769803,0.0,0.0,0.45230176377226816,0.11866451537470835,0.022821488435581974,3.938410598922295e-27,3.895863160447973e-18,4.614912219165617e-12,3.851471439566733e-17,3.2907116984198253e-18,1.6870562044219114e-37,9.803461632624927e-08,3.8568591505812925e-35,9.801613734298545e-08,2.061687850921715e-24,1.702888697261153e-23,3.490287464559376e-29,3.671178303371479e-30,1.659951325813835e-13,2.164993088212932e-23,5.351986308298157e-06,1.585139961422761e-07,1.893391312885082e-09,7.38573170469477e-15,3.0393885592134455e-13,2.1687720837201235e-10,5.840996397051144e-20,9.939240463327804e-14,6.349704652551071e-13,4.1620470864335164e-10,7.909040098256185e-18,1.9553731999750519e-16,2.1206362363857204e-13,1.9392138971053694e-22,4.007394258675198e-23,1.671730153354847e-13,9.270495847433449e-27,7.110479990631426e-30,2.2929258930891488e-27,2.7094184935390754e-23,6.097606542301273e-30,7.345461162079763e-29,5.218780465787693e-26
1.1279652993784522e-11,0.16628943999999996,0.8585084662769803,0.0,0.0,0.452301678311852,0.11866443088970538,0.022821487206693213,4.299084491383895e-27,4.078167059738799e-18,4.759052180797643e-12,4.077183696352413e-17,3.4458343453700198e-18,1.8495845385326888e-37,9.955467829795168e-08,4.228463596615152e-35,9.95356473211945e-08,2.1917672137154825e-24,1.809344402937019e-23,3.762334481956266e-29,3.952806013349992e-30,1.7118233307855685e-13,2.25776724921313e-23,5.4349413930592414e-06,1.6097174852762747e-07,1.9311212281257876e-09,7.509960260168685e-15,3.112448062929366e-13,2.175156365715279e-10,5.955353985831241e-20,9.968512839640778e-14,6.368493498616227e-13,4.2540845549073785e-10,8.227886431664408e-18,2.0476651395299391e-16,2.166412936592278e-13,1.9889272520434145e-22,4.293650453479099e-23,1.7237813818447757e-13,9.84234817056894e-27,7.677184844262449e-30,2.3968032083818426e-27,2.8809890078874396e-23,6.36181370073199e-30,7.881635879266422e-29,5.60114574373018e-26
1.1451875638192008e-11,0.16628943999999996,0.8585084662769803,0.0,0.0,0.452301592852219,0.11866434640556815,0.02282148597780487,4.685946853479861e-27,4.2660493303186455e-18,4.905407239796026e-12,4.311910619618067e-17,3.6057554800460406e-18,2.024730714552037e-37,1.0107474045805192e-07,4.6294017650641063e-35,1.0105514975623688e-07,2.3278874433482524e-24,1.920723007934341e-23,4.0505698339974184e-29,4.250790269018429e-30,1.764493305397914e-13,2.3525609673123914e-23,5.5178956108896905e-06,1.6342949985155341e-07,1.968935000762169e-09,7.634413731466732e-15,3.1858840410002455e-13,2.1812850504971912e-10,6.069951608067577e-20,9.99661326869625e-14,6.386531549457771e-13,4.3463880142770215e-10,8.553507714039722e-18,2.1428142030341377e-16,2.2122958983762304e-13,2.0387813459063919e-22,4.5947368523692753e-23,1.7766304395012183e-13,1.043830960597123e-26,8.278010852216273e-30,2.503313245924798e-27,3.060575717458825e-23,6.63185592193171e-30,8.447619472757701e-29,6.004287896236816e-26
1.1624098282599495e-11,0.16628943999999996,0.8585084662769803,0.0,0.0,0.45230150739337244,0.11866426192229665,0.02282148474891694,5.1004077055502244e-27,4.459593486561489e-18,5.0539773581064095e-12,4.555841791365989e-17,3.770548226596276e-18,2.2132424578341275e-37,1.0259480280001372e-07,5.061493962902419e-35,1.0257464464832169e-07,2.4702313546398296e-24,2.037174518492863e-23,4.3556623683015836e-29,4.565778295799446e-30,1.8179612457701475e-13,2.4493644868864416e-23,5.600848961798552e-06,1.658872501140608e-07,2.00682944478645e-09,7.759092239844414e-15,3.2596857909851177e-13,2.187168824378584e-10,6.184788804433597e-20,1.0023590636545838e-13,6.403851291395279e-13,4.4389468216949004e-10,8.885908711792252e-18,2.240863822034446e-16,2.2582802890967268e-13,2.0887645417398965e-22,4.9111228006015284e-23,1.8302773208023282e-13,1.1058912938810788e-26,8.91434927704682e-30,2.612463120929376e-27,3.2484241837705755e-23,6.907705987892193e-30,9.0445571046948e-29,6.428941273521288e-26
1.1968543571414468e-11,0.16628943999999996,0.8585084662769803,0.0,0.0,0.45230133647805026,0.11866409295835084,0.022821482291142323,6.01801248835671e-27,4.86400150657125e-18,5.357762624208382e-12,5.07207581983463e-17,4.1150410689146014e-18,2.6335078380548145e-37,1.0563492800479436e-07,6.026839875522703e-35,1.0561361180442476e-07,2.7743347193611913e-24,2.2859076369551734e-23,5.0191719785548066e-29,5.24942193476608e-30,1.9272910082720766e-13,2.648959243590765e-23,5.766753062887721e-06,1.7080274745484765e-07,2.0828482645968637e-09,8.009124796538953e-15,3.4083453101208017e-13,2.1982421673933744e-10,6.415180560890675e-20,1.0074362505120146e-13,6.436453133748749e-13,4.6247901233871135e-10,9.57106618893375e-18,2.4458384279383493e-16,2.3505351167191506e-13,2.1890741324135836e-22,5.59169252159243e-23,1.9399645322517724e-13,1.2376176152804433e-26,1.0299274466398634e-29,2.8387078518950258e-27,3.6499070884759975e-23,7.476712833001675e-30,1.0335996196010718e-28,7.345776348430456e-26
1.2257955938049598e-11,0.16628943999999996,0.8585084662769803,0.0,0.0,0.45230119287277265,0.11866395099289245,0.022821480226054056,6.887871819900191e-27,5.222052376206829e-18,5.619860890115318e-12,5.5359916025655364e-17,4.420212821620422e-18,3.0352117948371045e-37,1.0818932498522583e-07,6.952110215745929e-35,1.0816701192750991e-07,3.0507804530347164e-24,2.511970766441686e-23,5.635065774961359e-29,5.882455220414956e-30,2.0216204791583463e-13,2.822782796242388e-23,5.906147552229302e-06,1.7493287968255586e-07,2.1469446548832337e-09,8.219905797305655e-15,3.534293844623118e-13,2.206876721406364e-10,6.609500399655448e-20,1.0113952341398295e-13,6.461881304307689e-13,4.781642971514964e-10,1.0167753133139556e-17,2.627421969652927e-16,2.428324407485036e-13,2.273661157828387e-22,6.215115479810882e-23,2.0345938873703066e-13,1.356394584807323e-26,1.1585721362035952e-29,3.0370214845269286e-27,4.015056657713596e-23,7.972496981102961e-30,1.1527505616638647e-28,8.189424530178993e-26
1.2547368304684728e-11,0.16628943999999996,0.8585084662769803,0.0,0.0,0.45230104926975256,0.11866380902987875,0.022821478160966975,7.856214329668746e-27,5.5971957877836316e-18,5.888213848991987e-12,6.028409332600714e-17,4.7401082832746045e-18,3.485742189384639e-37,1.1074372240310553e-07,7.992693173899427e-35,1.1072039075236718e-07,3.347318125124263e-24,2.754428331397493e-23,6.30799566476653e-29,6.57257240893542e-30,2.118203296832553e-13,3.0021341030677277e-23,6.045539593566137e-06,1.7906300891298663e-07,2.211231544544305e-09,8.431323493245244e-15,3.661144980691228e-13,2.2149448142848429e-10,6.804493912082082e-20,1.0150944493436178e-13,6.485648923253035e-13,4.939092275957602e-10,1.0783629287326368e-17,2.817770330966167e-16,2.5063441314991187e-13,2.358477735577137e-22,6.888106847762169e-23,2.1314761662619552e-13,1.482834114313561e-26,1.2991950033702016e-29,3.242862252405199e-27,4.406922618239508e-23,8.484266000801654e-30,1.2822484839162638e-28,9.103955951945023e-26
1.2836780671319859e-11,0.16628943999999996,0.8585084662769803,0.0,0.0,0.45230090566900194,0.1186636670693096,0.022821476095881078,8.931196249794386e-27,5.989828023407236e-18,6.162821339734448e-12,6.550231243582266e-17,5.0750745535589155e-18,3.989576380166588e-37,1.1329812023473461e-07,9.159785457679144e-35,1.1327374827983144e-07,3.6648907066867834e-24,3.0140570847735357e-23,7.041583963322297e-29,7.323230340941143e-30,2.2170394428823026e-13,3.1869538836125595e-23,6.18492918694119e-06,1.831931351461738e-07,2.275697237848957e-09,8.643378189438007e-15,3.788856016772249e-13,2.2224856775324632e-10,7.000161005329157e-20,1.0185519775923314e-13,6.50786745513581e-13,5.097098972420101e-10,1.1418704110724249e-17,3.01708947499039e-16,2.58457694997786e-13,2.4434822467339154e-22,7.613009663992662e-23,2.2306113427261606e-13,1.617188688244137e-26,1.4525396412914355e-29,3.4562485992888096e-27,4.826775704525695e-23,9.011851836367284e-30,1.4227064096639866e-28,1.0093176421919519e-25
1.3126193037954989e-11,0.16628943999999996,0.8585084662769803,0.0,0.0,0.4523007620705313,0.11866352511118503,0.022821474030796377,1.0121405190345681e-26,6.400345357631244e-18,6.443683205852548e-12,7.102359944904611e-17,5.425458754279893e-18,4.551472723904437e-37,1.1585251845813861e-07,1.046537693761547e-34,1.158270845107002e-07,4.004462122619914e-24,3.2916518985811676e-23,7.839580255751007e-29,8.13799358841243e-30,2.318128898896027e-13,3.377180122886564e-23,6.32431633239742e-06,1.8732325838215122e-07,2.34033084903943e-09,8.856070136434275e-15,3.917386271850604e-13,2.2295358242702636e-10,7.19650194899017e-20,1.0217845287249441e-13,6.528645093675557e-13,5.255626699062652e-10,1.2072984372471809e-17,3.225585325993065e-16,2.663006829271569e-13,2.528636235868427e-22,8.392195522875664e-23,2.331999390563197e-13,1.7597106187362382e-26,1.6193728715559105e-29,3.67719540184768e-27,5.2759160611762026e-23,9.55507822805173e-30,1.5747569529622896e-28,1.1160978598351087e-25
1.3415605404590119e-11,0.16628943999999996,0.8585084662769803,0.0,0.0,0.452300618474351,0.11866338315550497,0.022821471965712867,1.1435869819707025e-26,6.829144058067168e-18,6.730799295147981e-12,7.685698300777133e-17,5.791608028091652e-18,5.176480243820461e-37,1.1840691705294346e-07,1.1922286816489892e-34,1.1838039944573633e-07,4.367017208184116e-24,3.588025765385094e-23,8.705862313970916e-29,9.020534493322525e-30,2.4214716464629237e-13,3.5727484341945564e-23,6.463701029977795e-06,1.9145337862095324e-07,2.4051222457694364e-09,9.069399537618803e-15,4.046696989369698e-13,2.2361292390207996e-10,7.39351730494808e-20,1.0248075527302061e-13,6.548087093243305e-13,5.414641607709268e-10,1.2746474496917592e-17,3.4434637695519286e-16,2.741618941806813e-13,2.6139043761606624e-22,9.228063032746097e-23,2.4356402835741395e-13,1.9106520304810716e-26,1.8004847236594894e-29,3.905714264183388e-27,5.755673235782981e-23,1.0113761758290576e-29,1.7390523841268422e-28,1.2311340816905435e-25
1.370501777122525e-11,0.16628943999999996,0.8585084662769803,0.0,0.0,0.4523004748804701,0.11866324120226938,0.022821469900630553,1.2884069394887048e-26,7.276620385857688e-18,7.0241694594176646e-12,8.30114932905861e-17,6.17386953726161e-18,5.869948369270242e-37,1.2096131600026147e-07,1.3544200692979362e-34,1.2093369308567033e-07,4.753561665535298e-24,3.904009799518017e-23,9.644436998281242e-29,9.974633190580848e-30,2.5270676671729083e-13,3.773592371079831e-23,6.603083279725283e-06,1.955834958626143e-07,2.4700619985013335e-09,9.283366556122131e-15,4.176751246415347e-13,2.2422975522023441e-10,7.591207872493451e-20,1.0276357109493802e-13,6.566281315248356e-13,5.57411220465639e-10,1.3439176885711278e-17,3.6709306526980986e-16,2.8203995757087996e-13,2.6992542544251635e-22,1.0123036350219576e-22,2.541533995560833e-13,2.0702648523347409e-26,1.996688413599214e-29,4.141813770563239e-27,6.267406171658755e-23,1.068771275974781e-29,1.916264689971485e-28,1.3548325940062664e-25
1.399443013786038e-11,0.16628943999999996,0.8585084662769803,0.0,0.0,0.4523003312888976,0.11866309925147824,0.022821467835549447,1.4475943178338998e-26,7.743170596073883e-18,7.323793554176368e-12,8.949616111159403e-17,6.572590462486612e-18,6.637536730615132e-37,1.2351571528258452e-07,1.5345708319543793e-34,1.2348696543120275e-07,5.1651220202711554e-24,4.240453238136603e-23,1.0659441149187388e-28,1.1004177621208785e-29,2.634916942616566e-13,3.979643751751333e-23,6.742463081682852e-06,1.9971361010716907e-07,2.5351413305286978e-09,9.497971321061158e-15,4.3075138666855025e-13,2.248070204052019e-10,7.789574641918649e-20,1.0302825720168588e-13,6.583310545251633e-13,5.734009175977115e-10,1.415109220958443e-17,3.908191784050889e-16,2.8993360503586897e-13,2.784656225524393e-22,1.1079563772135395e-22,2.649680500325869e-13,2.2388008117228325e-26,2.2088203220164388e-29,4.385499753931718e-27,6.812503200480975e-23,1.127673627685051e-29,2.1070856303877743e-28,1.4876080226892708e-25
1.428384250449551e-11,0.16628943999999996,0.8585084662769803,0.0,0.0,0.45230018769964137,0.11866295730313148,0.02282146577046954,1.6221899717234833e-26,8.229190938019913e-18,7.62967143840081e-12,9.632001717596757e-17,6.988118001755973e-18,7.4852250204159256e-37,1.2607011488368555e-07,1.7342342205034558e-34,1.2604021648300598e-07,5.602745577994019e-24,4.598223442063025e-23,1.1755142467678698e-28,1.2113163534073462e-29,2.745019454385109e-13,4.190832934200348e-23,6.881840435893476e-06,2.0384372135465243e-07,2.600352071718572e-09,9.713213932595388e-15,4.4389513380260043e-13,2.253474595819469e-10,7.988618758611373e-20,1.0327603948348519e-13,6.599265340105111e-13,5.894305224841474e-10,1.488221965668789e-17,4.1554529339426133e-16,2.9784166390967664e-13,2.870083186223639e-22,1.210011639735672e-22,2.7600797716725505e-13,2.4165114278949963e-26,2.4377399720515907e-29,4.6367755232511295e-27,7.392382034827691e-23,1.1880632894123932e-29,2.3122267905175385e-28,1.6298832224909365e-25
1.457325487113064e-11,0.16628943999999996,0.8585084662769803,0.0,0.0,0.45230004411270897,0.11866281535722907,0.022821463705390843,1.8132826007170396e-26,8.735077655485059e-18,7.941802974288353e-12,1.034920914342722e-16,7.420799369266335e-18,8.419322911843592e-37,1.286245147885265e-07,1.955061694695862e-34,1.285934462417265e-07,6.06750038089381e-24,4.978205896484329e-23,1.2935940387629438e-28,1.330569447997372e-29,2.8573751840703456e-13,4.4070890877795347e-23,7.021215342400127e-06,2.0797382960509934e-07,2.665686618826306e-09,9.92909446681991e-15,4.571031733614713e-13,2.258536231219599e-10,8.188341493183778e-20,1.0350810349361176e-13,6.614217905045537e-13,6.054974956350629e-10,1.5632557162198534e-17,4.412919834535749e-16,3.0576304973266793e-13,2.9555104299273305e-22,1.3187186847050035e-22,2.8727317834048814e-13,2.603648016618295e-26,2.684330007613745e-29,4.895642091613261e-27,8.008489760627058e-23,1.2499199527996154e-29,2.532419629540946e-28,1.7820891682587685e-25
1.486266723776577e-11,0.16628943999999996,0.8585084662769803,0.0,0.0,0.4522999005281076,0.11866267341377097,0.022821461640313363,2.0220096529738152e-26,9.261226986943969e-18,8.260188027035175e-12,1.1102141255111542e-16,7.87098179438561e-18,9.446480039879766e-37,1.311789149831736e-07,2.1988069367563568e-34,1.311466547079864e-07,6.5604751643540914e-24,5.381304211493364e-23,1.420636694039188e-28,1.4585981798296672e-29,2.971984113264639e-13,4.6283404248669015e-23,7.160587801245781e-06,2.1210393485854492e-07,2.7311378961388316e-09,1.0145612980591506e-14,4.70372463705973e-13,2.2632788475598621e-10,8.388744217690123e-20,1.037255712097598e-13,6.628225707028938e-13,6.215994744020856e-10,1.6402101626958142e-17,4.680798179931989e-16,3.136967596326412e-13,3.0409154375679464e-22,1.434328804882682e-22,2.987636509327532e-13,2.80046170547253e-26,2.949496171990249e-29,5.16209837086262e-27,8.662302829512939e-23,1.313223010892443e-29,2.7684155258716285e-28,1.9446648485035928e-25
1.51520796044009e-11,0.16628943999999996,0.8585084662769803,0.0,0.0,0.45229975694584357,0.11866253147275711,0.022821459575237093,2.249558217647598e-26,9.808035165723332e-18,8.58482646463033e-12,1.189170074524255e-16,8.339012520668619e-18,1.057369604005334e-36,1.3373331545471736e-07,2.467329939298171e-34,1.3369984188238542e-07,7.082779313584776e-24,5.808440122512365e-23,1.5571087613590462e-28,1.59583445982721e-29,3.0888462235608866e-13,4.854514429586935e-23,7.299957812473414e-06,2.1623403711502464e-07,2.7966993156120984e-09,1.0362769514642216e-14,4.837001070881574e-13,2.267724538262276e-10,8.589828385803185e-20,1.0392940068269001e-13,6.641367309873732e-13,6.377342573357031e-10,1.7190849081937215e-17,4.959293626274538e-16,3.216418661765855e-13,3.1262777642541686e-22,1.5570952077684451e-22,3.104793923245826e-13,3.0072034345889783e-26,3.2341672872196704e-29,5.436141366916475e-27,9.355327051100281e-23,1.377951626356128e-29,3.0209858193498097e-28,2.1180571610894185e-25
1.544149197103603e-11,0.16628943999999996,0.8585084662769803,0.0,0.0,0.45229961336592317,0.11866238953418748,0.02282145751016204,2.4971659054135514e-26,1.0375898420134716e-17,8.915718157660497e-12,1.2718790095866367e-16,8.825238804921723e-18,1.1808330647496767e-36,1.3628771619119957e-07,2.7626011716849396e-34,1.3625300776550216e-07,7.635542820284587e-24,6.26055349059573e-23,1.7034902204312744e-28,1.7427209735195352e-29,3.2079614965524855e-13,5.0855380599752124e-23,7.439325376126001e-06,2.2036413637457384e-07,2.862364745946989e-09,1.0580564096602179e-14,4.970833428472371e-13,2.27189386663689e-10,8.791595517058736e-20,1.04120530486369e-13,6.653709976758463e-13,6.538997959893092e-10,1.7998794836740152e-17,5.248611791843527e-16,3.2959751169973816e-13,3.2115789342749864e-22,1.687272905586226e-22,3.2242039989657196e-13,3.2241239554843616e-26,3.5392952339854117e-29,5.717766353339045e-27,1.0089097585177686e-22,1.4440847915951478e-29,3.290921850381118e-28,2.302720810851553e-25
1.573090433767116e-11,0.16628943999999996,0.8585084662769803,0.0,0.0,0.45229946978835184,0.11866224759806202,0.02282145544508821,2.766121717867871e-26,1.0965212973582497e-17,9.252862979129442e-12,1.358431154860945e-16,9.330007916316961e-18,1.3158113855059338e-36,1.3884211718154425e-07,3.086705821693712e-34,1.388061523578956e-07,8.219916239336594e-24,6.738602302635233e-23,1.860274566789875e-28,1.899711178274427e-29,3.329329913833316e-13,5.321337944105566e-23,7.578690492246524e-06,2.2449423263722817e-07,2.9281284833834265e-09,1.0798996745657107e-14,5.105195409209446e-13,2.2758059719503296e-10,8.994047184141212e-20,1.0429992807992902e-13,6.66528495317915e-13,6.700941868159524e-10,1.882593366482987e-17,5.548958257145401e-16,3.3756290305154696e-13,3.296802257584923e-22,1.8251186106980772e-22,3.345866710293781e-13,3.4514738684718666e-26,3.8658549324198305e-29,6.006967042380612e-27,1.0865178933826227e-22,1.5116013860739475e-29,3.579034996381369e-28,2.4991182095672077e-25
1.602031670430629e-11,0.16628943999999996,0.8585084662769803,0.0,0.0,0.452299326213135,0.11866210566438068,0.022821453380015597,3.057766905658932e-26,1.157637504464961e-17,9.596260804295317e-12,1.4489167081619833e-16,9.85366713555316e-18,1.4631156131682771e-36,1.4139651841549447e-07,3.441848114529018e-34,1.4135927566010668e-07,8.837070645539842e-24,7.243562671471296e-23,2.0279688962841116e-28,2.0672693002014896e-29,3.4529514569977166e-13,5.561840553254521e-23,7.71805316087796e-06,2.2862432590302316e-07,2.9939852161539536e-09,1.1018067474260252e-14,5.240061956696707e-13,2.2794786679785982e-10,9.19718500290332e-20,1.044683378355527e-13,6.676154539164228e-13,6.86315654932382e-10,1.9672259916764643e-17,5.860538564996384e-16,3.4553730674653427e-13,3.3819326816674247e-22,1.9708906364678745e-22,3.469782031037177e-13,3.689503640336431e-26,4.214844323709044e-29,6.303735737246683e-27,1.1685164933464937e-22,1.5804802276883855e-29,3.8861567055907844e-28,2.7077193782745564e-25
1.630972907094142e-11,0.16628943999999996,0.8585084662769803,0.0,0.0,0.4522991826402776,0.11866196373314343,0.022821451314944206,3.3734958158590296e-26,1.2209780847167743e-17,9.945911510512346e-12,1.5434258391811248e-16,1.0396563754063456e-17,1.6235958697651265e-36,1.4395091988355297e-07,3.830355707314347e-34,1.439123776726594e-07,9.488197590380189e-24,7.776428835925554e-23,2.2070939892635428e-28,2.2458703308150151e-29,3.5788261076404666e-13,5.806972365141811e-23,7.857413382063289e-06,2.3275441617199477e-07,3.0599299984879475e-09,1.1237776288338052e-14,5.375409199893623e-13,2.2829285348271992e-10,9.401010624330528e-20,1.0462644287463563e-13,6.686395424801203e-13,7.025625465111265e-10,2.0537767574812402e-17,6.183558220600661e-16,3.535200444747741e-13,3.4669567754817266e-22,2.1248488032283233e-22,3.5959499350036563e-13,3.9384635729754157e-26,4.587284352794153e-29,6.608063477781785e-27,1.255067874682989e-22,1.650700121645057e-29,4.213138528528187e-28,2.929001850911316e-25
1.6599141437576552e-11,0.16628943999999996,0.8585084662769803,0.0,0.0,0.45229903906978375,0.11866182180435023,0.022821449249874046,3.7147567286169225e-26,1.2865826590274915e-17,1.030181497708161e-11,1.6420486882196625e-16,1.0959045073266978e-17,1.798142385969817e-36,1.4650532157692761e-07,4.254684160001009e-34,1.464654583960618e-07,1.0174509058843126e-23,8.338213160761793e-23,2.3981843945139276e-28,2.4360000235175842e-29,3.7069538473567714e-13,6.056660009035072e-23,7.996771155845494e-06,2.368845034441787e-07,3.1259582328686032e-09,1.1458123192835609e-14,5.511214397051775e-13,2.2861710043340042e-10,9.605525728202132e-20,1.0477513212948604e-13,6.696016500733568e-13,7.1883332825672e-10,2.1422450422776778e-17,6.518222691623545e-16,3.615104889532748e-13,3.551862547009717e-22,2.2872543492650227e-22,3.724370396001534e-13,4.198603852369072e-26,4.984218952036594e-29,6.919940171421464e-27,1.346337285488874e-22,1.7222399034461162e-29,4.560852147193483e-28,3.1634505802001996e-25
1.6888553804211682e-11,0.16628943999999996,0.8585084662769803,0.0,0.0,0.45229889550165825,0.11866167987800103,0.022821447184805117,4.083052684322809e-26,1.3544908478463978e-17,1.0663971085124672e-11,1.7448753652671355e-16,1.1541458403860156e-17,1.9876865402060217e-36,1.4905972348747976e-07,4.717421475094527e-34,1.4901851783080736e-07,1.0897237426267409e-23,8.929946136589327e-23,2.601788513013312e-28,2.6381548899641123e-29,3.837334657742246e-13,6.310830404705417e-23,8.136126482267554e-06,2.410145877196111e-07,3.192065637013926e-09,1.1679108192980915e-14,5.647455882065266e-13,2.2892204400892751e-10,9.810732017897882e-20,1.0491496251058292e-13,6.705061552837169e-13,7.35126569732616e-10,2.2326302141185894e-17,6.864737408260383e-16,3.6950806006134513e-13,3.6366392835921997e-22,2.4583698461405343e-22,3.855043387839681e-13,4.4701746127858143e-26,5.406715025972872e-29,7.239354720417313e-27,1.4424929048700826e-22,1.795078479458826e-29,4.930189402379693e-28,3.4115578461719136e-25
1.71490249341833e-11,0.16628943999999996,0.8585084662769803,0.0,0.0,0.4522987662923731,0.11866155214637633,0.02282144532624413,4.438921040850228e-26,1.4176105541179956e-17,1.099525749393425e-11,1.8410880988117326e-16,1.208295933037666e-17,2.171903028001576e-36,1.5135868538642643e-07,5.168974001289842e-34,1.513162531206738e-07,1.1579864361059149e-23,9.48897821828323e-23,2.796195926538516e-28,2.8307948266594026e-29,3.956603747300413e-13,6.54335643994952e-23,8.261544183590013e-06,2.4473166100530723e-07,3.2516266888611516e-09,1.1878540268662392e-14,5.770429164408049e-13,2.291810957185681e-10,9.996010066459065e-20,1.0503371185503373e-13,6.712762789704687e-13,7.498085858242279e-10,2.3156152785031548e-17,7.186902371145662e-16,3.767115230776523e-13,3.7128201700683583e-22,2.620038828446161e-22,3.974574972715909e-13,4.724568005301848e-26,5.809716850570967e-29,7.533262785265127e-27,1.5333520319452029e-22,1.8617263185838035e-29,5.281834512179072e-28,3.646945137467457e-25
1.7409496064154918e-11,0.16628943999999996,0.8585084662769803,0.0,0.0,0.4522986370850121,0.11866142441673122,0.022821443467684138,4.8191247857514575e-26,1.4826571629926595e-17,1.1331608363058651e-11,1.940844544373111e-16,1.2641139716004105e-17,2.3697952891818454e-36,1.5365764745007983e-07,5.655927811745464e-34,1.53613971167458e-07,1.2293930726878108e-23,1.0073894848104543e-22,3.0016144104257836e-28,3.033963144431732e-29,4.07769779577714e-13,6.779402010668201e-23,8.386959902616903e-06,2.484487318636902e-07,3.3112459215714886e-09,1.2078489209829776e-14,5.893724739184161e-13,2.294265058701081e-10,1.0181850639406868e-19,1.0514626710671348e-13,6.720067012384424e-13,7.645068072565849e-10,2.4001520339920034e-17,7.518982107092827e-16,3.839199606266543e-13,3.7888828029962385e-22,2.7891697033041006e-22,4.095931067265799e-13,4.988604803006344e-26,6.23511636493751e-29,7.833257514478144e-27,1.6284343163592054e-22,1.9293939758709235e-29,5.652412107555598e-28,3.8941694634183114e-25
1.7669967194126535e-11,0.16628943999999996,0.8585084662769803,0.0,0.0,0.4522985078795776,0.11866129668906565,0.022821441609125154,5.224876631274629e-26,1.54965955682697e-17,1.1673023609131383e-11,2.044210328419246e-16,1.3216252766974005e-17,2.5821319674445458e-36,1.5595660967368515e-07,6.180463336330013e-34,1.5591167197149327e-07,1.3040377117887499e-23,1.068548491212778e-22,3.21847286166063e-28,3.2480441372893147e-29,4.2006167897564367e-13,7.018914898499623e-23,8.51237363937956e-06,2.52165800294786e-07,3.370920793278666e-09,1.2278955023695221e-14,6.017328850349952e-13,2.2965912773448208e-10,1.0368255014292851e-19,1.0525295025539276e-13,6.726979889420405e-13,7.792203863186314e-10,2.486240018557706e-17,7.861126297109821e-16,3.9113303436209934e-13,3.8648217958185717e-22,2.965956349880538e-22,4.219111652397121e-13,5.26246720021894e-26,6.683739017085952e-29,8.139329155865974e-27,1.7278684470115646e-22,1.998066357318177e-29,6.042614318925345e-28,4.153604565398604e-25
1.7930438324098153e-11,0.16628943999999996,0.8585084662769803,0.0,0.0,0.4522983786760719,0.1186611689633796,0.022821439750567166,5.657427217264648e-26,1.6186466176806764e-17,1.2019503149695358e-11,2.1512510573858027e-16,1.380855169408412e-17,2.809711330790649e-36,1.5825557205281e-07,6.744859692968989e-34,1.5820935553310528e-07,1.3820157399102966e-23,1.13245491882524e-22,3.4472094737804475e-28,3.473429148419697e-29,4.32536071582256e-13,7.261843348631929e-23,8.637785393909324e-06,2.558828662986214e-07,3.430648916567301e-09,1.2479937718957506e-14,6.141228329046489e-13,2.2987976119603348e-10,1.0555224476987223e-19,1.0535399308514459e-13,6.73355391814811e-13,7.939485236892542e-10,2.5738787752170737e-17,8.213484597766876e-16,3.983504289400532e-13,3.940632430652912e-22,3.1505933386914005e-22,4.344116709017978e-13,5.546337386573144e-26,7.156425295594657e-29,8.451467557482929e-27,1.8317850337740042e-22,2.067728496390307e-29,6.453146559559665e-28,4.425628774234833e-25
1.819090945406977e-11,0.16628943999999996,0.8585084662769803,0.0,0.0,0.45229824947449737,0.11866104123967303,0.022821437892010188,6.118065573892526e-26,1.6896472273181096e-17,1.2371046903135978e-11,2.262032318140536e-16,1.4418289712379636e-17,3.053361900288771e-36,1.6055453458332237e-07,7.3514975645267994e-34,1.6050702185261311e-07,1.4634238681049798e-23,1.199190034602777e-22,3.6882717861430815e-28,3.710516568015994e-29,4.451929560560005e-13,7.508136117195485e-23,8.76319516623752e-06,2.5959992987522266e-07,3.4904280549214923e-09,1.2681437308739045e-14,6.265410568015556e-13,2.3008915619644418e-10,1.0742760320871956e-19,1.0545003992626027e-13,6.739811344203565e-13,8.086904722247106e-10,2.6630678554432743e-17,8.576206641227177e-16,4.0557185040205215e-13,4.016310616100354e-22,3.343275892739585e-22,4.4709462180368057e-13,5.840397489749656e-26,7.654030723538205e-29,8.76966221481319e-27,1.9403166069966062e-22,2.1383655693291486e-29,6.884727537207253e-28,4.710624959958859e-25
1.8425333471044228e-11,0.16628943999999996,0.8585084662769803,0.0,0.0,0.4522981331947331,0.11866092629002951,0.02282143621930976,6.557751816951929e-26,1.7552932307429324e-17,1.2691766116438078e-11,2.3649877996288264e-16,1.498217363724005e-17,3.287097946843803e-36,1.626236009870314e-07,7.935639950753872e-34,1.6257490679842944e-07,1.5397049161032577e-23,1.2617382925801322e-22,3.916143802323526e-28,3.934235751441578e-29,4.56740181519996e-13,7.732634195812584e-23,8.876062266576463e-06,2.6294528501890033e-07,3.5442711646791e-09,1.2863228898861327e-14,6.377406357144898e-13,2.3026858479895941e-10,1.09120279109415e-19,1.0553235653382981e-13,6.745166727185329e-13,8.219694572779308e-10,2.7446631941267306e-17,8.911641131774697e-16,4.120743458645328e-13,4.084304809421855e-22,3.523730999452315e-22,4.586652667175096e-13,6.113914501604039e-26,8.123900682404253e-29,9.061206575842108e-27,2.0420519198548784e-22,2.2027603767449293e-29,7.291751820451129e-28,4.978532629463536e-25
1.8659757488018685e-11,0.16628943999999996,0.8585084662769803,0.0,0.0,0.45229801691653604,0.11866081134198937,0.022821434546610148,7.022259444789203e-26,1.8226146570655928e-17,1.3016587218318496e-11,2.471074007991064e-16,1.5560572932530726e-17,3.535195707218622e-36,1.6469266750761725e-07,8.557895653869386e-34,1.6464277777861824e-07,1.6189161150450937e-23,1.3267054961874743e-22,4.154709275502588e-28,4.168062637531759e-29,4.684352233317743e-13,7.95977976899908e-23,8.98892776138036e-06,2.6629063819655915e-07,3.5981524617599267e-09,1.3045439201952317e-14,6.489612958855028e-13,2.3043996215665712e-10,1.1081756275690795e-19,1.0561085234562453e-13,6.750288470075061e-13,8.352585829067182e-10,2.8275136347053786e-17,9.255700483816938e-16,4.185796941865796e-13,4.152186615431161e-22,3.711004810618548e-22,4.703836893374536e-13,6.395965695761022e-26,8.615305144855833e-29,9.35763968667592e-27,2.147733595539889e-22,2.2679224196251162e-29,7.71696119738219e-28,5.257546772325486e-25
1.8894181504993142e-11,0.16628943999999996,0.8585084662769803,0.0,0.0,0.4522979006399075,0.11866069639555252,0.02282143287391135,7.512609717714771e-26,1.891632560482907e-17,1.3345510150847832e-11,2.580338717437958e-16,1.6153672199738286e-17,3.7983245628743936e-36,1.66761734142618e-07,9.220223041751838e-34,1.667106347933993e-07,1.701130709178388e-23,1.3941533596219741e-22,4.4043140752626525e-28,4.412302285616287e-29,4.802780805133934e-13,8.189536711980186e-23,9.101791650672062e-06,2.696359894082184e-07,3.6520705896646198e-09,1.322806823471981e-14,6.60202225767134e-13,2.3060374290539613e-10,1.1251946371643554e-19,1.0568596628191739e-13,6.755195541180943e-13,8.485573955738805e-10,2.9116188785992255e-17,9.608493728597688e-16,4.250877200962437e-13,4.2199541361236065e-22,3.9052408635519885e-22,4.822498882718044e-13,6.686683879474648e-26,9.128899003804288e-29,9.658953334157743e-27,2.257462236770671e-22,2.3338412374001867e-29,8.160907266386614e-28,5.547955743444346e-25
1.91286055219676e-11,0.16628943999999996,0.8585084662769803,0.0,0.0,0.4522977843648489,0.11866058145071898,0.022821431201213365,8.029850202289444e-26,1.962367995000631e-17,1.3678534856536138e-11,2.6928296906764166e-16,1.6761656042461488e-17,4.0771753350633594e-36,1.688308008897233e-07,9.924654579109893e-34,1.6877847784298915e-07,1.786422805493433e-23,1.4641443772392691e-22,4.6653103258101375e-28,4.6672643734696434e-29,4.922687520869264e-13,8.421869337429854e-23,9.214653934474408e-06,2.729813386538975e-07,3.706024271014497e-09,1.3411116018989307e-14,6.714626450358849e-13,2.3076035604094398e-10,1.1422599159093862e-19,1.057579780592458e-13,6.759882294833665e-13,8.618654698089e-10,2.996978637859832e-17,9.970129881412219e-16,4.315982590613125e-13,4.287605790818785e-22,4.1065830406471453e-22,4.942638621288729e-13,6.986201864968791e-26,9.665347004848418e-29,9.965139181037295e-27,2.371339705045354e-22,2.4005064933748413e-29,8.624150372200377e-28,5.850050758515858e-25
1.9363029538942056e-11,0.16628943999999996,0.8585084662769803,0.0,0.0,0.45229766809136124,0.11866046650748865,0.022821429528516197,8.575055030140037e-26,2.034842014433965e-17,1.4015661278317212e-11,2.8085946793969045e-16,1.738470906627162e-17,4.37246066574268e-36,1.708998677467662e-07,1.0673298645079078e-33,1.7084630692760057e-07,1.874867372236078e-23,1.5367418235397742e-22,4.938056435100911e-28,4.9332631961909314e-29,5.044072370744609e-13,8.656742412746906e-23,9.327514612810241e-06,2.763266859336157e-07,3.7600122993959894e-09,1.3594582576698935e-14,6.827418033873419e-13,2.3091020636821408e-10,1.1593715601681404e-19,1.0582648875370456e-13,6.764367265782637e-13,8.751824024096608e-10,3.083592636666505e-17,1.0340717941620786e-15,4.381111566300868e-13,4.355140267674155e-22,4.315175552064954e-22,5.064256095169918e-13,7.29465250462908e-26,1.0225323744111092e-28,1.0276188785597684e-26,2.4894691203433487e-22,2.467907979514697e-29,9.107259610716585e-28,6.164125867573175e-25
1.9597453555916513e-11,0.16628943999999996,0.8585084662769803,0.0,0.0,0.45229755181944564,0.1186603515658616,0.022821427855819844,9.149325153452329e-26,2.10907567240818e-17,1.4356889359502063e-11,2.927681424567134e-16,1.8023015878582442e-17,4.6849154005114494e-36,1.7296893471171402e-07,1.1468341378888644e-33,1.7291412204744375e-07,1.9665402374235292e-23,1.6120097531546082e-22,5.222917123974696e-28,5.210617665115525e-29,5.166935344980992e-13,8.894121181162888e-23,9.440373685702408e-06,2.796720312473925e-07,3.814033532099339e-09,1.3778467931012675e-14,6.940389793890106e-13,2.3105367585321848e-10,1.176529666689227e-19,1.0589180942270265e-13,6.768697757270851e-13,8.885078092532957e-10,3.171460607165973e-17,1.0720366892661382e-15,4.4462626781962483e-13,4.422556552179426e-22,4.531162919419454e-22,5.187351290445124e-13,7.612168665609783e-26,1.080951366667695e-28,1.0592093625147864e-26,2.611954860826517e-22,2.5360356226831656e-29,9.610812833450439e-28,6.490477928190033e-25
1.983187757289097e-11,0.16628943999999996,0.8585084662769803,0.0,0.0,0.4522974355491033,0.11866023662583776,0.022821426183124313,9.753788598485998e-26,2.185090022359024e-17,1.4702219043751915e-11,3.050137657054277e-16,1.8676761088526687e-17,5.015296973150798e-36,1.7503800178266068e-07,1.2312048543363501e-33,1.749819232027254e-07,2.0615180873615758e-23,1.690013000831098e-22,5.520263455352007e-28,5.499651306787439e-29,5.291276433799585e-13,9.133971373428372e-23,9.553231153173749e-06,2.830173745952472e-07,3.8680868975379315e-09,1.39627721161767e-14,7.053534793792024e-13,2.3119112488707274e-10,1.193734332539407e-19,1.0595529095790838e-13,6.772831416134785e-13,9.018413355543825e-10,3.260582296540696e-17,1.1109185702061794e-15,4.5114345654842516e-13,4.4898538792225915e-22,4.754689960368164e-22,5.311924193198061e-13,7.938883232756163e-26,1.141861106485604e-28,1.0912845110963556e-26,2.7389025625393873e-22,2.6048794888972454e-29,1.0135396651695888e-27,6.82940657984035e-25
2.004285918816798e-11,0.16628943999999996,0.8585084662769803,0.0,0.0,0.4522973309071411,0.11866013318118704,0.022821424677699032,1.0324575317892639e-25,2.2550428294671292e-17,1.501652258394846e-11,3.163268619758631e-16,1.9278484188194968e-17,5.328612361829036e-36,1.7690016223566257e-07,1.311493138943783e-33,1.768429323029477e-07,2.1498879859715862e-23,1.7626088352367402e-22,5.798862195191728e-28,5.770038390026808e-29,5.404447193622021e-13,9.351921693196883e-23,9.654801501282029e-06,2.8602818192746915e-07,3.916761562854483e-09,1.4129004014504768e-14,7.155507896175498e-13,2.3130996294685024e-10,1.209258420551493e-19,1.0600994628017802e-13,6.776392588173868e-13,9.138481720596098e-10,3.341863551254533e-17,1.1467052908269525e-15,4.570105969828558e-13,4.550319261508843e-22,4.962430637028563e-22,5.425303234067515e-13,8.24090086846553e-26,1.1988676381800893e-28,1.1205658191620938e-26,2.8570587925348012e-22,2.667443243694121e-29,1.0625995143542085e-27,7.145445225662449e-25
2.023274264191729e-11,0.16628943999999996,0.8585084662769803,0.0,0.0,0.45229723673046573,0.11866004008211166,0.022821423322816847,1.0860705105791291e-25,2.3192608393863616e-17,1.530223626303997e-11,3.267481821946031e-16,1.9830965924547254e-17,5.6240349113296984e-36,1.785761067145213e-07,1.3874314019369801e-33,1.7851783082225366e-07,2.2318106542210172e-23,1.82992483383664e-22,6.058740301488625e-28,6.02190266836844e-29,5.507324533052135e-13,9.549745111440201e-23,9.746213702774872e-06,2.8873790716499456e-07,3.960589731877944e-09,1.4278902829019686e-14,7.247395169395796e-13,2.3141317748538485e-10,1.2232624708323903e-19,1.0605706136887649e-13,6.779513710000354e-13,9.246595171034412e-10,3.4158846434070025e-17,1.1795625070381613e-15,4.622923011009388e-13,4.60465504945918e-22,5.154806907377188e-22,5.528367739141544e-13,8.519259303354998e-26,1.2519902140742023e-28,1.1472535300836725e-26,2.9666286541877386e-22,2.724234042610283e-29,1.108287437976569e-27,7.438983046679165e-25
2.04226260956666e-11,0.16628943999999996,0.8585084662769803,0.0,0.0,0.4522971425548243,0.1186599469840881,0.0228214219679352,1.1418740461872614e-25,2.3846845943543577e-17,1.559064090487847e-11,3.373990581125499e-16,2.0393905039399836e-17,5.932642055324044e-36,1.8025205125991454e-07,1.4669924791271954e-33,1.8019272017976995e-07,2.3160408807468165e-23,1.8991533110803696e-22,6.327490947040514e-28,6.28202002265311e-29,5.611171646073053e-13,9.749130760500194e-23,9.837624850991726e-06,2.9144763111271315e-07,4.004437265496707e-09,1.4429076499236004e-14,7.339384629256191e-13,2.3151301804625933e-10,1.2372972424821159e-19,1.0610283512342197e-13,6.782532652612183e-13,9.354756150699464e-10,3.4907278953653786e-17,1.2130407272087383e-15,4.675751528402942e-13,4.658912080467018e-22,5.3523883452676175e-22,5.632401743348766e-13,8.803889255226231e-26,1.3068736456013795e-28,1.1742576887089528e-26,3.079317956385909e-22,2.7814775666367026e-29,1.1554623549638943e-27,7.741314132440613e-25
2.061250954941591e-11,0.16628943999999996,0.8585084662769803,0.0,0.0,0.45229704838021706,0.11865985388711639,0.02282142061305409,1.1999333978324883e-25,2.451325282668508e-17,1.58817364801579e-11,3.4828202461218744e-16,2.0967399644418724e-17,6.254881430825989e-36,1.8192799587104071e-07,1.5503129185001843e-33,1.8186760037560146e-07,2.4026210621829838e-23,1.9703302214729032e-22,6.605323643001856e-28,6.550571250575467e-29,5.715988527488179e-13,9.95006142132148e-23,9.929034945944732e-06,2.941573537706352e-07,4.048303701771575e-09,1.4579525048661715e-14,7.43147307733884e-13,2.3160963982296974e-10,1.251362787715406e-19,1.0614714021053976e-13,6.785450137015943e-13,9.462963119921237e-10,3.566393197703076e-17,1.24714573926823e-15,4.72859094697138e-13,4.713090351768812e-22,5.555252418861394e-22,5.737405239293864e-13,9.094861433470727e-26,1.3635567216945032e-28,1.20157783305021e-26,3.1951852537203674e-22,2.839168819786012e-29,1.2041571248108095e-27,8.052602957380777e-25
2.0783404657790288e-11,0.16628943999999996,0.8585084662769803,0.0,0.0,0.45229696362395533,0.11865977010074114,0.02282141939366155,1.2541704515998506e-25,2.5123516272250513e-17,1.614602322187604e-11,3.5827722671431986e-16,2.1492650822746967e-17,6.556930842040908e-36,1.834363460766265e-07,1.6286314872506103e-33,1.8337498471869547e-07,2.4825877731626312e-23,2.0360853381553713e-22,6.8633136291340055e-28,6.799629346506138e-29,5.811152868443902e-13,1.0132205957732228e-22,1.0011303130871881e-05,2.9659610305999735e-07,4.0877992899668985e-09,1.471516378651723e-14,7.514434752740587e-13,2.3169396987457771e-10,1.2640481331116974e-19,1.0618578863305572e-13,6.788002660499459e-13,9.560387483576759e-10,3.6351947381820017e-17,1.2783809403603524e-15,4.776155292104542e-13,4.761783494401253e-22,5.742410847444427e-22,5.832737294968175e-13,9.362217462529051e-26,1.4161425867860863e-28,1.2264357490816846e-26,3.302231838404144e-22,2.8914696807972255e-29,1.2493093546687937e-27,8.340558631006345e-25
2.0954299766164665e-11,0.16628943999999996,0.8585084662769803,0.0,0.0,0.452296878868532,0.11865968631521782,0.02282141817426945,1.3103378483399585e-25,2.574380906403001e-17,1.6412489574840608e-11,3.6846432263027543e-16,2.20266029431183e-17,6.870734616210463e-36,1.8494469633431207e-07,1.7102137644356376e-33,1.8488236164098426e-07,2.5645240090724022e-23,2.1034747646837523e-22,7.128988703943201e-28,7.055801531611547e-29,5.907102713801513e-13,1.0315575972135038e-22,1.0093570462673994e-05,2.990348513046403e-07,4.127309522946914e-09,1.4851025215948514e-14,7.597471906300067e-13,2.3177591592737175e-10,1.276758485816134e-19,1.0622339714171638e-13,6.790486884073291e-13,9.65784686807461e-10,3.7046619856535535e-17,1.3101327489913803e-15,4.823727645095686e-13,4.810412971351681e-22,5.933967655797767e-22,5.928854627568961e-13,9.63481957580115e-26,1.470246800265665e-28,1.2515489031779289e-26,3.411943914683415e-22,2.944125662384592e-29,1.2957440743626279e-27,8.636025743678422e-25
2.1125194874539042e-11,0.16628943999999996,0.8585084662769803,0.0,0.0,0.45229679411394724,0.11865960253054648,0.022821416954877778,1.3684856994071253e-25,2.6374212763041466e-17,1.668113551793018e-11,3.7884515962182794e-16,2.256932752997734e-17,7.19664111756199e-36,1.8645304664359492e-07,1.7951673222675627e-33,1.8638973114254246e-07,2.6484614377289025e-23,2.1725254095267684e-22,7.402507410966742e-28,7.319223730936825e-29,6.003838059772826e-13,1.0500159399783078e-22,1.0175836941359922e-05,3.0147359850457137e-07,4.16683410645827e-09,1.4987109355267214e-14,7.68058240845482e-13,2.3185557689870074e-10,1.2894938842229053e-19,1.0625989953874635e-13,6.792901145682688e-13,9.7553402940279e-10,3.774794872928486e-17,1.3424053831439983e-15,4.871307643822287e-13,4.858978924761194e-22,6.129979520290505e-22,6.0257572317052e-13,9.912719371013249e-26,1.5258985196116153e-28,1.2769169595795135e-26,3.524365292435105e-22,2.997133262450144e-29,1.3434860235544663e-27,8.93912656897127e-25
2.129608998291342e-11,0.16628943999999996,0.8585084662769803,0.0,0.0,0.45229670936020155,0.11865951874672706,0.022821415735486548,1.4286649277539671e-25,2.7014808929777925e-17,1.6951961030091226e-11,3.894215847610533e-16,2.312089610805886e-17,7.535005839596766e-36,1.8796139700399565e-07,1.8836023542192686e-33,1.878970932234441e-07,2.734431966527135e-23,2.243264401452144e-22,7.68403014111003e-28,7.590033171383704e-29,6.101358902569691e-13,1.068594433344499e-22,1.0258102566938514e-05,3.0391234465979807e-07,4.206372757146016e-09,1.5123416224190558e-14,7.763764189715199e-13,2.3193304760276605e-10,1.3022543668047949e-19,1.0629536799397017e-13,6.795254199218925e-13,9.852866810971125e-10,3.845593336549033e-17,1.37520306035351e-15,4.918894942497431e-13,4.907481534216983e-22,6.330503176247611e-22,6.123445101985933e-13,1.0195968463186531e-25,1.583127180308233e-28,1.3025395833788133e-26,3.63954013622007e-22,3.0504890239631244e-29,1.3925601899537357e-27,9.249984119194732e-25
2.1466985091287797e-11,0.16628943999999996,0.8585084662769803,0.0,0.0,0.45229662460729514,0.11865943496375955,0.022821414516095755,1.4909272728083932e-25,2.7665679124208447e-17,1.7224966090335917e-11,4.0019544494016037e-16,2.368138020237081e-17,7.886191486881311e-36,1.8946974741505726e-07,1.97563171657492e-33,1.8940444788376257e-07,2.822467742138384e-23,2.3157190895234923e-22,7.973719138703697e-28,7.868368381574145e-29,6.199665238404e-13,1.0872919024930253e-22,1.0340367339418624e-05,3.0635108977032815e-07,4.245925203805312e-09,1.525994584440371e-14,7.847015238963536e-13,2.320084189216695e-10,1.3150399721164718e-19,1.0632997047600549e-13,6.797548455875204e-13,9.95042551284692e-10,3.917057316823195e-17,1.4085299977080199e-15,4.966489210929091e-13,4.955921023490516e-22,6.535595415782229e-22,6.221918233020246e-13,1.0484618485322173e-25,1.6419624958467425e-28,1.328416440763862e-26,3.757512965220437e-22,3.1041895355333103e-29,1.4429918093715167e-27,9.56872214056636e-25
2.1637880199662174e-11,0.16628943999999996,0.8585084662769803,0.0,0.0,0.4522965398552281,0.11865935118164399,0.0228214132967054,1.555325295309851e-25,2.8326904905779013e-17,1.750015067774565e-11,4.11168586882844e-16,2.4250851338178154e-17,8.250568057182128e-36,1.9097809787634427e-07,2.0713709703675986e-33,1.9091179512357097e-07,2.9126011502084794e-23,2.389917043097227e-22,8.271738507568073e-28,8.154369191722517e-29,6.298757063487686e-13,1.106107188605463e-22,1.0422631258809097e-05,3.087898338361691e-07,4.2854911875795045e-09,1.5396698238518296e-14,7.930333601816666e-13,2.320817779668681e-10,1.3278507388071195e-19,1.0636360348561192e-13,6.799780541525566e-13,1.0048015539519056e-09,3.9891867582362664e-17,1.4423904118485996e-15,5.014090133824873e-13,5.004297658034286e-22,6.745313085737747e-22,6.321176619417279e-13,1.077872109131065e-25,1.7024344577294407e-28,1.3545471992123863e-26,3.878328653176852e-22,3.1582314317800194e-29,1.4948063657715767e-27,9.895465108495583e-25
2.180877530803655e-11,0.16628943999999996,0.8585084662769803,0.0,0.0,0.45229645510400085,0.11865926740038031,0.02282141207731548,1.6219123821153418e-25,2.899856783341356e-17,1.777751477146174e-11,4.2234285715591184e-16,2.4829381040987413e-17,8.628512923840677e-36,1.924864483874414e-07,2.170938423616667e-33,1.9241913494294162e-07,3.004864815056378e-23,2.465886051819452e-22,8.578254217083399e-28,8.448176733515651e-29,6.398634374032725e-13,1.125039148939817e-22,1.0504894325118779e-05,3.112285768573283e-07,4.3250704590912e-09,1.5533673429298596e-14,8.013717379032218e-13,2.3215320823448206e-10,1.3406867056246247e-19,1.0639628815199866e-13,6.801957440068834e-13,1.0145636055126786e-09,4.0619816091866345e-17,1.4767885189694571e-15,5.061697410125197e-13,5.0526117309664085e-22,6.959713085705517e-22,6.421220255786223e-13,1.1078327954228938e-25,1.764573335478368e-28,1.3809315276673893e-26,4.002032428325652e-22,3.212611393513297e-29,1.5480295913192768e-27,1.023033822293e-24
2.197967041641093e-11,0.16628943999999996,0.8585084662769803,0.0,0.0,0.45229637035361353,0.11865918361996856,0.022821410857925998,1.6907427509781765e-25,2.9680749465515204e-17,1.8057058350681545e-11,4.3372010218001096e-16,2.541704083653161e-17,9.020410918367643e-36,1.9399479894795308e-07,2.27445517384212e-33,1.9392646734194668e-07,3.0992915993730676e-23,2.543654125622828e-22,8.893434108264811e-28,8.749933440000663e-29,6.49929716625113e-13,1.1440866569026984e-22,1.0587156538356527e-05,3.1366731883381356e-07,4.364662779101954e-09,1.5670871440628194e-14,8.097164724953205e-13,2.3222278975536673e-10,1.353547911409649e-19,1.064282431638846e-13,6.80408396954592e-13,1.0243286258390067e-09,4.135441821458104e-17,1.5117285348180984e-15,5.109310752360558e-13,5.100863570822965e-22,7.178852366108736e-22,6.522049136736323e-13,1.1383490763973502e-25,1.8284096766477206e-28,1.4075690967095926e-26,4.128669873335992e-22,3.2673261479237125e-29,1.6026874664286643e-27,1.0573467403701898e-24
2.2150565524785306e-11,0.16628943999999996,0.8585084662769803,0.0,0.0,0.4522962856040664,0.11865909984040869,0.022821409638536953,1.7618714552986e-25,3.037353135996726e-17,1.8338781394665185e-11,4.453021682396587e-16,2.6013902250755868e-17,9.42665441330259e-36,1.9550314955750225e-07,2.3820451508626386e-33,1.9543379232065752e-07,3.19591460392074e-23,2.6232494947234455e-22,9.217447899842204e-28,9.059783045479938e-29,6.600745436354956e-13,1.1632486021280476e-22,1.0669417898531186e-05,3.161060597656321e-07,4.404267919799072e-09,1.5808292297476733e-14,8.180673845992414e-13,2.3229059923959684e-10,1.3664343950892692e-19,1.0645934984518367e-13,6.806156310809482e-13,1.0340965392996198e-09,4.2095673507714006e-17,1.5472146746954828e-15,5.156929886034752e-13,5.149053545905218e-22,7.402787926354328e-22,6.623663256876869e-13,1.1694261233709455e-25,1.8939743068382485e-28,1.434459578736326e-26,4.258286925246916e-22,3.322372468851954e-29,1.6588062198076317e-27,1.0924979285900781e-24
2.2321460633159684e-11,0.16628943999999996,0.8585084662769803,0.0,0.0,0.4522962008553596,0.11865901606170069,0.022821408419148346,1.8353543888432907e-25,3.1076995074134266e-17,1.86226838827261e-11,4.570909014933585e-16,2.6620036809803498e-17,9.84764340533101e-36,1.9701150021572977e-07,2.493835159903812e-33,1.9694110987914533e-07,3.294767167232329e-23,2.704700609617725e-22,9.550467194345695e-28,9.377870585413198e-29,6.702979180556297e-13,1.1825238905555023e-22,1.0751678405651607e-05,3.1854479965279176e-07,4.443885661885796e-09,1.5945936025246348e-14,8.264242999161164e-13,2.3235671021462621e-10,1.379346195676243e-19,1.0648957030615223e-13,6.808178628961013e-13,1.0438672725425769e-09,4.284358156861787e-17,1.5832511534561775e-15,5.204554549037622e-13,5.19718204871369e-22,7.631576813059728e-22,6.726062610817211e-13,1.2010691100615534e-25,1.9612983297129385e-28,1.4616026481408696e-26,4.3909298754043635e-22,3.377747177043861e-29,1.7164123285008786e-27,1.1285001215315267e-24
2.249235574153406e-11,0.16628943999999996,0.8585084662769803,0.0,0.0,0.45229611610749343,0.1186589322838446,0.022821407199760176,1.9112482904332134e-25,3.179122216486291e-17,1.8908765794224652e-11,4.690881479840073e-16,2.7235516040002768e-17,1.0283785598639682e-35,1.9851985092229317e-07,2.6099549250233254e-33,1.9844842001748077e-07,3.3958828653113604e-23,2.788036141079353e-22,9.892665484195985e-28,9.704342396326685e-29,6.805998395067288e-13,1.2019114444825425e-22,1.083393805972664e-05,3.209835384953e-07,4.483515794284855e-09,1.6083802650920198e-14,8.3478704906423e-13,2.324211931572301e-10,1.392283352272607e-19,1.0651918805521709e-13,6.810157297383659e-13,1.053640754701302e-09,4.3598142027318e-17,1.6198421855085044e-15,5.252184491086722e-13,5.245249497821856e-22,7.865276118353987e-22,6.829247193166737e-13,1.2332832118957462e-25,2.0304131270145274e-28,1.4889979814683652e-26,4.5266453693981035e-22,3.433447140318274e-29,1.7755325179307234e-27,1.1653661243899043e-24
2.2663250849908438e-11,0.16628943999999996,0.8585084662769803,0.0,0.0,0.4522960313604681,0.11865884850684034,0.022821405980372442,1.9896107486009958e-25,3.251629418848306e-17,1.9197027108578398e-11,4.812957536492757e-16,2.7860411467854186e-17,1.0735496488568354e-35,2.0002820167686658e-07,2.730537132846063e-33,1.999557227357341e-07,3.499295511332159e-23,2.8732849801562263e-22,1.0244218157799594e-27,1.003934611572978e-28,6.909803076100108e-13,1.2214102025961283e-22,1.091619686076513e-05,3.2342227629316437e-07,4.523158116357183e-09,1.6221892202538595e-14,8.431554674404498e-13,2.3248411561982232e-10,1.4052459040712695e-19,1.0654808255076336e-13,6.812089458235764e-13,1.0634169191386256e-09,4.435935455144198e-17,1.6569919848146825e-15,5.299819473194863e-13,5.293256346803229e-22,8.103942978248048e-22,6.933216998534898e-13,1.2660736066174683e-25,2.1013503585855057e-28,1.5166452575532798e-26,4.665480406998634e-22,3.489469273673324e-29,1.836193761935971e-27,1.2031088125279088e-24
2.2834145958282816e-11,0.16628943999999996,0.8585084662769803,0.0,0.0,0.4522959466142836,0.11865876473068794,0.022821404760985146,2.070500206219251e-25,3.325229270080879e-17,1.9487467805253305e-11,4.937155643318785e-16,2.849479462001827e-17,1.1203199445530971e-35,2.015365524791394e-07,2.8557174765995974e-33,2.014630180339752e-07,3.605039155340374e-23,2.960476238167399e-22,1.0605302505649855e-27,1.0383030682038983e-28,7.014393219866974e-13,1.2410191200044159e-22,1.099845480877593e-05,3.258610130463924e-07,4.562812435414373e-09,1.6360204707756627e-14,8.515293950854781e-13,2.325455423516994e-10,1.418233890353402e-19,1.0657612755342024e-13,6.813976321153259e-13,1.0731957015982358e-09,4.5127218849726114e-17,1.6947047648909694e-15,5.347459267160821e-13,5.341203070874912e-22,8.347634571068804e-22,7.037972021531189e-13,1.2994454748378896e-25,2.1741419623907036e-28,1.5445441576571723e-26,4.807482342094002e-22,3.545810539377565e-29,1.8984232828090345e-27,1.2417411310350393e-24
2.3005041066657193e-11,0.16628943999999996,0.8585084662769803,0.0,0.0,0.4522958618689402,0.11865868095538741,0.022821403541598295,2.1539759651002595e-25,3.3999299257139374e-17,1.9780087863753344e-11,5.063494257896368e-16,2.9138737023303795e-17,1.1687325799139256e-35,2.0304490332881588e-07,2.9856347004480463e-33,2.0297030591227356e-07,3.7131480839538406e-23,3.049639246700043e-22,1.0976097726433401e-27,1.0735546334509103e-28,7.119768822580142e-13,1.2607371682595462e-22,1.1080711903767887e-05,3.282997487549917e-07,4.602478565255529e-09,1.6498740195970216e-14,8.59908676552806e-13,2.326055354154269e-10,1.431247350486141e-19,1.0660367892464774e-13,6.815824573544045e-13,1.0829770394603407e-09,4.590173466163118e-17,1.7329847388077945e-15,5.395103655082203e-13,5.389090163496286e-22,8.596408115954312e-22,7.143512256765155e-13,1.3334039990420513e-25,2.248820154542116e-28,1.5726943655983509e-26,4.952698882626612e-22,3.6024679470558206e-29,1.962248551331382e-27,1.281276094286896e-24
2.317593617503157e-11,0.16628943999999996,0.8585084662769803,0.0,0.0,0.4522957771244383,0.1186585971809387,0.022821402322211876,2.2400981905667693e-25,3.475739541226034e-17,2.0074887263634586e-11,5.191991837051539e-16,2.979231020465659e-17,1.2188314922610505e-35,2.0455325422561436e-07,3.1204306441271324e-33,2.0447758637069846e-07,3.823656820063768e-23,3.1408035576064457e-22,1.1356784933140993e-27,1.1097044613171368e-28,7.225929880451911e-13,1.2805633353676236e-22,1.1162968145749852e-05,3.3073848341896977e-07,4.642156328990758e-09,1.663749869822296e-14,8.682931607813443e-13,2.326641542984184e-10,1.4442863239222049e-19,1.0663064048585209e-13,6.817633506101e-13,1.0927608738525267e-09,4.668290176020916e-17,1.7718361191898899e-15,5.442752428890184e-13,5.436918148515348e-22,8.85032087140914e-22,7.249837698846387e-13,1.367954363874246e-25,2.325417429325446e-28,1.6010955678698885e-26,5.1011780905299475e-22,3.659438553750804e-29,2.027697286807336e-27,1.3217267855047928e-24
2.3346831283405948e-11,0.16628943999999996,0.8585084662769803,0.0,0.0,0.4522956923807777,0.11865851340734183,0.022821401102825895,2.328927915993813e-25,3.552666272044437e-17,2.0371865984498342e-11,5.322666836954607e-16,3.045558569114862e-17,1.2706614317481015e-35,2.0606160516926668e-07,3.2602502878829575e-33,2.0598485940931863e-07,3.936600122536277e-23,3.233998943001015e-22,1.1747547159183377e-27,1.146767835877829e-28,7.332876389694622e-13,1.3004966257989996e-22,1.1245223534730675e-05,3.331772170383341e-07,4.681845557426858e-09,1.677648024447244e-14,8.766827009716898e-13,2.327214560198072e-10,1.4573508501992816e-19,1.066567652282869e-13,6.819401949758743e-13,1.1025471485487888e-09,4.74707199605523e-17,1.811263118216423e-15,5.490405389905649e-13,5.484687570773124e-22,9.109430133918644e-22,7.356948342384537e-13,1.4031017572454634e-25,2.403966559228163e-28,1.6297474537580866e-26,5.25296838166529e-22,3.7167194639492366e-29,2.0947974570962512e-27,1.3631063563269583e-24
2.3517726391780325e-11,0.16628943999999996,0.8585084662769803,0.0,0.0,0.4522956076379588,0.11865842963459677,0.022821399883440358,2.4205270473218385e-25,3.630718273545231e-17,2.06710240059752e-11,5.455537713218298e-16,3.1128635009967676e-17,1.3242679698511404e-35,2.0756995615951748e-07,3.405241797714098e-33,2.0749212502820254e-07,4.0520129859142656e-23,3.3292553952573136e-22,1.2148569364512672e-27,1.18476017127554e-28,7.440608346520654e-13,1.3205360604887277e-22,1.1327478070719204e-05,3.3561594961309246e-07,4.721546086404378e-09,1.6915684866421488e-14,8.85077154465914e-13,2.3277749523282715e-10,1.470440968939827e-19,1.0668248292931308e-13,6.821135304757973e-13,1.112335808337403e-09,4.826518910843998e-17,1.8512699476211156e-15,5.538062348415626e-13,5.532398986605197e-22,9.373793236620057e-22,7.464844181989296e-13,1.4388513692583921e-25,2.48450059496942e-28,1.658649715451952e-26,5.408118525758346e-22,3.7743078295840353e-29,2.163577278643152e-27,1.4054280263813914e-24
2.3688621500154702e-11,0.16628943999999996,0.8585084662769803,0.0,0.0,0.4522955228959816,0.11865834586270355,0.022821398664055255,2.514958367541573e-25,3.7099037010534083e-17,2.0972361307742785e-11,5.590622920992232e-16,3.1811529688407456e-17,1.3796975078853845e-35,2.0907830719612382e-07,3.555556570915131e-33,2.0899938322741852e-07,4.169930640119618e-23,3.4266031270051177e-22,1.2560038441748061e-27,1.2236970117159687e-28,7.549125747142429e-13,1.3406806768198124e-22,1.1409731753724282e-05,3.3805468114325236e-07,4.7612577597753854e-09,1.7055112598189995e-14,8.934763826307449e-13,2.3283232432294887e-10,1.4835567198508234e-19,1.0670776076083767e-13,6.822835628572365e-13,1.1221268010541277e-09,4.906630907820081e-17,1.8918608186923662e-15,5.585723123268822e-13,5.580052976743804e-22,9.643467548027906e-22,7.573525212270404e-13,1.4752083918914716e-25,2.567052865531873e-28,1.6878020481367783e-26,5.566677646335888e-22,3.8322008500204254e-29,2.234065216507925e-27,1.4487050828547253e-24
2.385951660852908e-11,0.16628943999999996,0.8585084662769803,0.0,0.0,0.4522954381548464,0.11865826209166211,0.022821397444670596,2.6122855411509614e-25,3.790230709842975e-17,2.1275877869522787e-11,5.727940915054317e-16,3.2504341253857923e-17,1.436997285556242e-35,2.105866582788544e-07,3.7113492819202e-33,2.1050663400703425e-07,4.29038855015576e-23,3.5260725711274862e-22,1.2982143222306138e-27,1.2635940314644757e-28,7.658428587772409e-13,1.3609295286074873e-22,1.1491984583754764e-05,3.404934116288212e-07,4.800980429033099e-09,1.719476347179162e-14,9.018802507440263e-13,2.328859935019762e-10,1.4966981427215136e-19,1.0673219372696309e-13,6.82450072918072e-13,1.1319200774890599e-09,4.987407978563394e-17,1.933039942273371e-15,5.633387541489244e-13,5.627650143302216e-22,9.918510470811556e-22,7.682991427837659e-13,1.5121780206535213e-25,2.651656978195077e-28,1.7172041500885606e-26,5.728695220662311e-22,3.890395772018094e-29,2.3062899843931286e-27,1.4929508800740746e-24
2.4030411716903457e-11,0.16628943999999996,0.8585084662769803,0.0,0.0,0.4522953534145531,0.11865817832147246,0.022821396225286374,2.7125731185844137e-25,3.871707455137029e-17,2.158157367105762e-11,5.867510149903968e-16,3.320714123379623e-17,1.4962153895293183e-35,2.1209500940748902e-07,3.872777928446325e-33,2.1201387736711754e-07,4.413422415810546e-23,3.627694380757857e-22,1.3415074482536881e-27,1.3044670348432497e-28,7.768516864623097e-13,1.3812816860813578e-22,1.15742365608195e-05,3.4293214106980663e-07,4.84071394960526e-09,1.7334637520781207e-14,9.102886278843705e-13,2.3293855089825613e-10,1.509865277421985e-19,1.0675627548269537e-13,6.826133129516258e-13,1.1417155891298408e-09,5.068850117868779e-17,1.974811528762236e-15,5.681055437907166e-13,5.675191095214244e-22,1.0198979440622904e-21,7.7932428233009e-13,1.5497654537790398e-25,2.7383468185704917e-28,1.746855722766306e-26,5.8942210796761825e-22,3.948889889671315e-29,2.380280544670472e-27,1.5381788390939741e-24
2.4201306825277834e-11,0.16628943999999996,0.8585084662769803,0.0,0.0,0.45229526867510206,0.1186580945521346,0.022821395005902592,2.8158865406145186e-25,3.954342092107873e-17,2.1889448692131225e-11,6.009349079852434e-16,3.392000115577788e-17,1.5574007620221515e-35,2.1360336058181827e-07,4.04000387793656e-33,2.1352111330773563e-07,4.539068171359492e-23,3.7314994292771774e-22,1.38590249498639e-27,1.3463319562291055e-28,7.879390573907039e-13,1.4017362358511213e-22,1.1656487684927333e-05,3.4537086946621615e-07,4.880458183474641e-09,1.7474734782553053e-14,9.187013868239258e-13,2.329900426431387e-10,1.5230581639036282e-19,1.0678009153167064e-13,6.827737423627347e-13,1.1515132896470353e-09,5.150957322858451e-17,2.017179788112089e-15,5.728726654806796e-13,5.722676458833961e-22,1.0484931924972687e-21,7.904279393270017e-13,1.587975891047727e-25,2.8271565506381315e-28,1.776756470888996e-26,6.063305407926748e-22,4.007680544336405e-29,2.4560661084060308e-27,1.584402447273679e-24
2.4372201933652212e-11,0.16628943999999996,0.8585084662769803,0.0,0.0,0.45229518393649326,0.11865801078364853,0.022821393786519244,2.922292143146325e-25,4.038142775877098e-17,2.219950291257152e-11,6.153476159115039e-16,3.464299254742743e-17,1.6206032102615934e-35,2.1511171180164287e-07,4.213191918770778e-33,2.1502834182895557e-07,4.667361985240912e-23,3.8375188103107995e-22,1.431418930951754e-27,1.3892048600517543e-28,7.991049711836822e-13,1.4222922808672377e-22,1.1738737956087119e-05,3.478095968180576e-07,4.920213000196641e-09,1.76150552915088e-14,9.27118403914152e-13,2.330405129618189e-10,1.5362768422012822e-19,1.0680309416469879e-13,6.829311897351023e-13,1.1613131358669759e-09,5.233729594532684e-17,2.0601489298312003e-15,5.776401041557485e-13,5.770106882276109e-22,1.077642542204982e-21,8.016101132354947e-13,1.6268145358490875e-25,2.9181206167879363e-28,1.806906102518078e-26,6.235998743504301e-22,4.066765124533027e-29,2.533676135386545e-27,1.6316352578282855e-24
2.454309704202659e-11,0.16628943999999996,0.8585084662769803,0.0,0.0,0.45229509919872685,0.11865792701601421,0.02282139256713634,3.0318571607098225e-25,4.123117661515668e-17,2.2511736312221008e-11,6.299909841888477e-16,3.5376186936432245e-17,1.6858734134657327e-35,2.166200630667732e-07,4.3925102983037244e-33,2.165355629308442e-07,4.79834025981743e-23,3.9457838377261418e-22,1.4780764209494195e-27,1.4331019407932894e-28,8.103494274625073e-13,1.4429489403919876e-22,1.18209873743077e-05,3.5024832312533817e-07,4.959978272551284e-09,1.77555990822594e-14,9.355395590054202e-13,2.3309000423592726e-10,1.5495213524196787e-19,1.0682575789164559e-13,6.830857036490587e-13,1.1711150852033922e-09,5.3171669373735084e-17,2.103723162983066e-15,5.824078454361135e-13,5.817483017763924e-22,1.10735174599085e-21,8.128708035165681e-13,1.666286594640627e-25,3.0112737378513408e-28,1.8373043291177704e-26,6.412351977988961e-22,4.1261410658479994e-29,2.6131403341373256e-27,1.6798908895066035e-24
2.4713992150400966e-11,0.16628943999999996,0.8585084662769803,0.0,0.0,0.45229501446180304,0.11865784324923165,0.02282139134775387,3.144649730980558e-25,4.209274904044e-17,2.2826148870961624e-11,6.448668582435435e-16,3.611965585053412e-17,1.7532629318916492e-35,2.1812841437702913e-07,4.5781307722385385e-33,2.1804277661346808e-07,4.932039631067004e-23,4.0563260456298176e-22,1.5258948266981377e-27,1.4780395229876492e-28,8.216724258484461e-13,1.4637053499489085e-22,1.1903235939597926e-05,3.526870483880656e-07,4.999753879289196e-09,1.7896366194447457e-14,9.439647353433427e-13,2.331385570840967e-10,1.5627917347436173e-19,1.0684804178213249e-13,6.832376421006342e-13,1.1809190970256945e-09,5.401269357917917e-17,2.1479066961865194e-15,5.87175875592717e-13,5.86480553172311e-22,1.1376265595422231e-21,8.242100096312253e-13,1.7063972757416671e-25,3.106650913145008e-28,1.8679508656210397e-26,6.592416356384257e-22,4.1858058508124154e-29,2.6944886619452916e-27,1.7291830261654496e-24
2.4884887258775344e-11,0.16628943999999996,0.8585084662769803,0.0,0.0,0.4522949297257218,0.11865775948330086,0.022821390128371845,3.260738899379503e-25,4.2966226584320725e-17,2.3142740568705217e-11,6.599770835171648e-16,3.6873470817521325e-17,1.8228242161358815e-35,2.1963676573223917e-07,4.770228655477424e-33,2.1954998287689355e-07,5.0684969682669545e-23,4.169177188364645e-22,1.5748942074940022e-27,1.5240340612206753e-28,8.330739659627695e-13,1.4845606612719239e-22,1.1985483651966646e-05,3.5512577260624757e-07,5.039539704574148e-09,1.8037356665133374e-14,9.52393819465574e-13,2.33186210441086e-10,1.5760880294368655e-19,1.0686987200020221e-13,6.833870293196822e-13,1.1907251327410994e-09,5.486036866103097e-17,2.192703737615838e-15,5.919441815154558e-13,5.912075104417801e-22,1.1684727413257102e-21,8.356277310404748e-13,1.7471517906767893e-25,3.2042874205146533e-28,1.8988454304976036e-26,6.7762434770491265e-22,4.245757008760607e-29,2.777751324881409e-27,1.779525416333188e-24
2.505578236714972e-11,0.16628943999999996,0.8585084662769803,0.0,0.0,0.45229484499048334,0.11865767571822179,0.02282138890899026,3.3801946234086215e-25,4.3851690795995016e-17,2.346151138538928e-11,6.753235054751664e-16,3.763770336522128e-17,1.8946106160005597e-35,2.2114511713224033e-07,4.968982870800002e-33,2.210571817211867e-07,5.207749373694266e-23,4.284369240506833e-22,1.6250948208364576e-27,1.5711021401309251e-28,8.445540474267528e-13,1.5055140422502828e-22,1.2067730511422712e-05,3.575644957798914e-07,5.079335637048335e-09,1.8178570532533946e-14,9.6082670110733e-13,2.332330016289101e-10,1.5894102768382888e-19,1.0689132133271687e-13,6.835339196559514e-13,1.2005331551806175e-09,5.571469475015574e-17,2.2381184950008453e-15,5.967127506847365e-13,5.95929242430092e-22,1.1998960524949738e-21,8.471239672053297e-13,1.788555354188126e-25,3.304218816378131e-28,1.9299877458118372e-26,6.963885291633269e-22,4.305992115677023e-29,2.8629587778206553e-27,1.830931872814857e-24
2.5226677475524098e-11,0.16628943999999996,0.8585084662769803,0.0,0.0,0.45229476025608767,0.11865759195399447,0.022821387689609115,3.5030877768182303e-25,4.474922322415639e-17,2.3782461300979476e-11,6.909079696148924e-16,3.841242502149388e-17,1.9686763891060028e-35,2.2265346857687762e-07,5.174575996341969e-33,2.2256437314641355e-07,5.349834182335778e-23,4.401934396863299e-22,1.676517123034912e-27,1.6192604744111436e-28,8.561126698616757e-13,1.526564676868367e-22,1.2149976517974964e-05,3.600032179090048e-07,5.1191415699848795e-09,1.8320007836230806e-14,9.692632731130095e-13,2.332789664222533e-10,1.6027585173600287e-19,1.0691239470797849e-13,6.836784792746997e-13,1.2103431286669272e-09,5.65756720037104e-17,2.2841551756270057e-15,6.01481571145444e-13,6.0064581893092205e-22,1.2319022568060646e-21,8.58698717586808e-13,1.8306131835775632e-25,3.406480935769149e-28,1.9613775372719982e-26,7.155394105014525e-22,4.3665087940315565e-29,2.9501417244601784e-27,1.883416272300771e-24
2.5568467692272856e-11,0.16628943999999996,0.8585084662769803,0.0,0.0,0.4522945907898252,0.11865742442809499,0.022821385250848137,3.759474481793294e-25,4.658081892220741e-17,2.4430898348867202e-11,7.227984066502808e-16,3.999362177130745e-17,2.1238676953497033e-35,2.2567017159947803e-07,5.6070279584753384e-33,2.255787337399306e-07,5.64265151039259e-23,4.644313902579006e-22,1.783109618251154e-27,1.7189154181418787e-28,8.794655361294781e-13,1.5689545229106446e-22,1.2314465972403435e-05,3.6488065903367054e-07,5.198783032137074e-09,1.860355291161258e-14,9.86147074446089e-13,2.333685526911023e-10,1.6295331397665516e-19,1.0695345933577578e-13,6.839609553454942e-13,1.229968793538668e-09,5.831758077205581e-17,2.3781111335235913e-15,6.110199207437419e-13,6.100637890081234e-22,1.2976864122397791e-21,8.820837588437309e-13,1.916712523709795e-25,3.6181420787182064e-28,2.0248984700476538e-26,7.550223713308185e-22,4.48837758588672e-29,3.130558157877584e-27,1.9916747233254783e-24
2.5910257909021614e-11,0.16628943999999996,0.8585084662769803,0.0,0.0,0.452294421326935,0.11865725690560235,0.02282138281208892,4.030484488642712e-25,4.846166605799888e-17,2.5088051552593265e-11,7.5566315952901e-16,4.1617633290250286e-17,2.2888506870924705e-35,2.2868687479894785e-07,6.0691201292416325e-33,2.2859306465796803e-07,5.947252275347213e-23,4.896577668480094e-22,1.8948393432977352e-27,1.8231352111329586e-28,9.031325617364953e-13,1.611723990652498e-22,1.247895201532285e-05,3.697580959803053e-07,5.278463322785445e-09,1.8887992218628676e-14,1.0030444251554068e-12,2.3345522684636485e-10,1.6564122213798147e-19,1.0699318828389823e-13,6.842352011010336e-13,1.2496018708228511e-09,6.008609676864076e-17,2.474605260705638e-15,6.205591450306334e-13,6.194619956479414e-22,1.3658713666935249e-21,9.057828504994832e-13,2.0054916079259356e-25,3.8395631037093633e-28,2.089406109055064e-26,7.961157803092774e-22,4.6113452867081905e-29,3.319251231796047e-27,2.1044130458158342e-24
2.6252048125770372e-11,0.16628943999999996,0.8585084662769803,0.0,0.0,0.4522942518674178,0.11865708938651645,0.022821380373331465,4.316718191384928e-25,5.039241700306351e-17,2.5753920752752293e-11,7.895169941340487e-16,4.328503180174819e-17,2.464092991105585e-35,2.3170357817430146e-07,6.562449634466763e-33,2.316073659010462e-07,6.263943505178467e-23,5.158991181060578e-22,2.0118771677451883e-27,1.9320582531500567e-28,9.27113743653114e-13,1.654867124590393e-22,1.2643434646803986e-05,3.7463552874896946e-07,5.358181736377957e-09,1.9173326093443634e-14,1.0199545714697841e-12,2.335392254588037e-10,1.6833960880312254e-19,1.070316916246003e-13,6.845019002325931e-13,1.2692421249270616e-09,6.188122221971762e-17,2.5736711994691045e-15,6.300991662872464e-13,6.288410246364409e-22,1.4365033160667689e-21,9.29795988242381e-13,2.0969922816255824e-25,4.071040725872721e-28,2.1548983954261002e-26,8.388627523214104e-22,4.7353945306282816e-29,3.516475535045232e-27,2.2217445142526807e-24
2.659383834251913e-11,0.16628943999999996,0.8585084662769803,0.0,0.0,0.4522940824112743,0.11865692187083722,0.022821377934575778,4.618791041195991e-25,5.237372412096785e-17,2.6428505790278036e-11,8.243746775664263e-16,4.4996389529179025e-17,2.650077606100443e-35,2.3472028172464993e-07,7.088676803642027e-33,2.3462163746968297e-07,6.593035923135668e-23,5.431823450253115e-22,2.1343972012751155e-27,2.045825025142653e-28,9.51409078849788e-13,1.6983782199032008e-22,1.2807913866917624e-05,3.795129573397237e-07,5.437937624650013e-09,1.9459554881376844e-14,1.0368768015459574e-12,2.3362076587889477e-10,1.7104850666112331e-19,1.0706906775862107e-13,6.847616988471793e-13,1.2888893393829835e-09,6.370295975460044e-17,2.675342585008768e-15,6.396399136491307e-13,6.382014704817361e-22,1.5096284907751288e-21,9.541231677608152e-13,2.191256438838654e-25,4.312876122784745e-28,2.2213733323029463e-26,8.833069668067976e-22,4.860508676316483e-29,3.722489639100832e-27,2.343783388502137e-24
2.6935628559267888e-11,0.16628943999999996,0.8585084662769803,0.0,0.0,0.4522939129585048,0.11865675435856461,0.02282137549582185,4.937333679235614e-25,5.4406239767336956e-17,2.7111806506416162e-11,8.60250978369153e-16,4.6752278695707374e-17,2.847303195888345e-35,2.3773698544919185e-07,7.649526821467313e-33,2.3763587936439358e-07,6.93484393816785e-23,5.715347009345714e-22,2.2625768139742506e-27,2.1645780894156183e-28,9.760185642970389e-13,1.7422518197451483e-22,1.2972389675734552e-05,3.8439038175262855e-07,5.517730391846679e-09,1.9746678937040013e-14,1.0538104430712514e-12,2.337000478454541e-10,1.737679485025563e-19,1.0710540833928175e-13,6.850151838659132e-13,1.308543315266625e-09,6.555131238293064e-17,2.7796530454209208e-15,6.491813224831295e-13,6.47543934674608e-22,1.5852931537017914e-21,9.787643847432545e-13,2.288326022464945e-25,4.565374936148414e-28,2.2888289856952038e-26,9.29492667550991e-22,4.9866717993060177e-29,3.937556098499972e-27,2.4706449015905348e-24
2.7277418776016646e-11,0.16628943999999996,0.8585084662769803,0.0,0.0,0.45229374350910984,0.11865658684969854,0.022821373057069685,5.272992063723468e-25,5.649061628987732e-17,2.7803822742700395e-11,8.971606667314123e-16,4.855327152413927e-17,3.056284375693053e-35,2.4075368934720523e-07,8.246791350953884e-33,2.4065009158569114e-07,7.28968563566428e-23,6.009837914902929e-22,2.396596656046806e-27,2.288462089830066e-28,1.000942196965457e-12,1.7864827124550135e-22,1.3136862073325544e-05,3.8926780198774456e-07,5.5975594905060594e-09,2.0034698623713522e-14,1.0707548610873343e-12,2.337772548987092e-10,1.7649796721584004e-19,1.0714079755012537e-13,6.852628938047539e-13,1.3282038697858794e-09,6.742628347489114e-17,2.8866362017058945e-15,6.587233338450096e-13,6.568690241759547e-22,1.663543598412094e-21,1.0037196348782408e-12,2.388243024941973e-25,4.828847273477416e-28,2.3572634851114836e-26,9.774646624826292e-22,5.113868684047976e-29,4.1619414511957344e-27,2.6024452480375164e-24
2.7619208992765404e-11,0.16628943999999996,0.8585084662769803,0.0,0.0,0.45229357406309,0.11865641934423897,0.022821370618319282,5.626427583795941e-25,5.862750602839683e-17,2.8504554340932594e-11,9.351185146640255e-16,5.039994023680079e-17,3.277551973240524e-35,2.437703934180412e-07,8.882330022385373e-33,2.4366427413408674e-07,7.657882769078855e-23,6.315575746695682e-22,2.5366406757055387e-27,2.4176237520104714e-28,1.0261799738257002e-12,1.8310659289247768e-22,1.330133105976138e-05,3.9414521804513207e-07,5.677424417942927e-09,2.0323614312670048e-14,1.0877094561248806e-12,2.338525555591281e-10,1.792385957837977e-19,1.0717531264589108e-13,6.855053242360292e-13,1.3478708351046143e-09,6.932787674565073e-17,2.996325667770245e-15,6.68265894030372e-13,6.661773501789351e-22,1.7444261476756425e-21,1.028988913854392e-12,2.491049488816466e-25,5.103607709680429e-28,2.4266750239987937e-26,1.027268323489421e-21,5.242084816404393e-29,4.3959162188451874e-27,2.7393015734263815e-24
2.796099920951416e-11,0.16628943999999996,0.8585084662769803,0.0,0.0,0.45229340462044554,0.11865625184218578,0.02282136817957064,5.998317204840714e-25,6.081756131482973e-17,2.921400114315876e-11,9.741392962172684e-16,5.229285705539154e-17,3.511653366913657e-35,2.467870976611158e-07,9.558072369730553e-33,2.466784270100896e-07,8.039760749154878e-23,6.632843607611425e-22,2.6828961422513577e-27,2.5522118836366944e-28,1.0517318918484958e-12,1.8759967391221166e-22,1.3465796635112837e-05,3.990226299248519e-07,5.757324712011997e-09,2.0613426382697022e-14,1.1046736619062805e-12,2.33926104748887e-10,1.8198986727892442e-19,1.0720902466750525e-13,6.857429307780891e-13,1.3675440569282556e-09,7.125609623852635e-17,3.108755050429512e-15,6.778089540362148e-13,6.754695266483953e-22,1.8279871516968425e-21,1.054572217360401e-12,2.59678750776368e-25,5.389975289071078e-28,2.497061860184847e-26,1.0789495861808877e-21,5.37130637371389e-29,4.6397549071489495e-27,2.881331961121581e-24
2.830278942626292e-11,0.16628943999999996,0.8585084662769803,0.0,0.0,0.4522932351811767,0.11865608434353893,0.02282136574082377,6.389353588781614e-25,6.306143447325653e-17,2.993216299165079e-11,1.0142377876531196e-15,5.423259420087338e-17,3.7591527716304796e-35,2.498038020759041e-07,1.027601947756775e-32,2.496925502142069e-07,8.435648634904171e-23,6.961928123581438e-22,2.8355536654726932e-27,2.6923773747189124e-28,1.0775979480046392e-12,1.9212706490774144e-22,1.363025879945069e-05,4.039000376269644e-07,5.837259947891078e-09,2.090413521972138e-14,1.1216469435436877e-12,2.3399804487114997e-10,1.8475181485918857e-19,1.072419989143235e-13,6.859761315684836e-13,1.3872233934297298e-09,7.321094630630964e-17,3.2239579494104417e-15,6.873524691557486e-13,6.847461692574891e-22,1.9142729867872737e-21,1.0804695410850356e-12,2.7054992260796402e-25,5.6882735271465555e-28,2.5684223161070817e-26,1.1325549496890992e-21,5.501520216165828e-29,4.8937360060994944e-27,3.0286554213008866e-24
2.8644579643011677e-11,0.16628943999999996,0.8585084662769803,0.0,0.0,0.45229306574528394,0.11865591684829833,0.02282136330207866,6.800245209596142e-25,6.535977781992236e-17,3.065903972889053e-11,1.0554287676026378e-15,5.621972389337281e-17,4.020631519437652e-35,2.528205066619351e-07,1.1038245606999775e-32,2.5270664374694456e-07,8.845879124840924e-23,7.303119443511206e-22,2.9948072145723907e-27,2.838273197894049e-28,1.1037781392649957e-12,1.9668833978698457e-22,1.3794717552845716e-05,4.0877744115153014e-07,5.917229735260381e-09,2.1195741216525993e-14,1.1386287959034794e-12,2.3406850675572255e-10,1.8752447176416437e-19,1.0727429535527502e-13,6.862053115315978e-13,1.406908714306285e-09,7.519243159504016e-17,3.3419679573530657e-15,6.968963986268656e-13,6.94007894502202e-22,2.003330054219022e-21,1.1066808807171375e-12,2.8172268389670094e-25,5.998830412311376e-28,2.640754778907169e-26,1.1881314764744097e-21,5.632713878153343e-29,5.158141990189142e-27,3.1813918804461387e-24
2.8986369859760435e-11,0.16628943999999996,0.8585084662769803,0.0,0.0,0.45229289631276764,0.11865574935646393,0.02282136086333532,7.231716468659576e-25,6.771324366325469e-17,3.139463119755481e-11,1.0977270172162441e-15,5.825481835208946e-17,4.296688344182844e-35,2.5583721141878674e-07,1.1846899854089572e-32,2.5572070760880704e-07,9.270788548153466e-23,7.656711239211361e-22,3.160854137284141e-27,2.9900544087442467e-28,1.1302724626004994e-12,2.0128309545504314e-22,1.3959172895368681e-05,4.1365484049860963e-07,5.997233715660864e-09,2.14882447724007e-14,1.1556187420367916e-12,2.341376105453696e-10,1.9030787131136715e-19,1.0730596908876026e-13,6.864308241939034e-13,1.4265998998976085e-09,7.720055702918815e-17,3.462818659812757e-15,7.064407053047727e-13,7.032553189052188e-22,2.0952047791619357e-21,1.133206231945624e-12,2.932012593386077e-25,6.3219784076867265e-28,2.7140577004500103e-26,1.245726792129364e-21,5.764875559435645e-29,5.4332593185983974e-27,3.339662170868746e-24
2.966995029325795e-11,0.16628943999999996,0.8585084662769803,0.0,0.0,0.452292557457865,0.11865541438301339,0.022821355985853935,8.159375878865479e-25,7.258815203464914e-17,3.2891957700750716e-11,1.185704463551691e-15,6.247119043979727e-17,4.895020020274011e-35,2.618706214434815e-07,1.361247411051393e-32,2.6174874632191723e-07,1.0166007608163729e-22,8.402288559250244e-22,3.5141345107258706e-27,3.3119036327289383e-28,1.1842034933810338e-12,2.10571549763312e-22,1.4288073348081531e-05,4.2340962666055205e-07,6.157342965422584e-09,2.207594618894848e-14,1.1896211392318755e-12,2.34272176209552e-10,1.95907031970077e-19,1.0736764669202113e-13,6.868721175082689e-13,1.4659994345862885e-09,8.129674934432957e-17,3.7131764550943635e-15,7.255303178687381e-13,7.217097269194983e-22,2.2875930155665055e-21,1.187198951947787e-12,3.170927774666921e-25,7.007399966816763e-28,2.8635690504632027e-26,1.3671671068124835e-21,6.032059048233322e-29,6.0167937696016555e-27,3.673292037371115e-24
3.0353530726755464e-11,0.16628943999999996,0.8585084662769803,0.0,0.0,0.45229221861647056,0.11865507942318676,0.02282135110837961,9.178450136145476e-25,7.76913778991763e-17,3.442414124601343e-11,1.2782884318857533e-15,6.688628819575464e-17,5.559297234931351e-35,2.679040321474225e-07,1.5591499343759262e-32,2.677766663575468e-07,1.1124068708470258e-22,9.20107991356257e-22,3.897041907021508e-27,3.659207164121394e-28,1.2393910161151123e-12,2.1998965055165334e-22,1.46169601581554e-05,4.331643961132758e-07,6.317585371515015e-09,2.2667242780673202e-14,1.2236508247763777e-12,2.344025212003778e-10,2.015495647952309e-19,1.0742738904926284e-13,6.873023032484447e-13,1.5054212212628397e-09,8.549956769379699e-17,3.975299878084413e-15,7.446210703431854e-13,7.401142989335593e-22,2.4918095377119082e-21,1.2424476666043398e-12,3.4225837881911853e-25,7.747287476874346e-28,3.0169452725335775e-26,1.497268153243952e-21,6.302989229476213e-29,6.646710732734967e-27,4.030529383138549e-24
3.103711116025298e-11,0.16628943999999996,0.8585084662769803,0.0,0.0,0.4522918797885856,0.11865474447698347,0.02282134623091236,1.0295319969891703e-24,8.302813944456941e-17,3.599118058039681e-11,1.3755972767727387e-15,7.150468933173973e-17,6.294967317474435e-35,2.7393744352856367e-07,1.780404468401752e-32,2.738044677196891e-07,1.214779224096298e-22,1.0055561493997738e-21,4.311278796028459e-27,4.033280471978118e-28,1.2958350065727267e-12,2.2953496746382215e-22,1.4945833326156415e-05,4.4291914885726503e-07,6.477958969588389e-09,2.3262137941231188e-14,1.2577048459350648e-12,2.3452930366011467e-10,2.0723573876412205e-19,1.0748549792954151e-13,6.877233171603198e-13,1.5448646043831544e-09,8.980906009157522e-17,4.249457358387869e-15,7.637127659856702e-13,7.584739007298038e-22,2.708226511835082e-21,1.2989523414292801e-12,3.687320488616151e-25,8.544461929403945e-28,3.174176299716165e-26,1.6364311878085738e-21,6.577594690643554e-29,7.325445346216726e-27,4.412372378884216e-24
3.1720691593750495e-11,0.16628943999999996,0.8585084662769803,0.0,0.0,0.4522915409742112,0.11865440954440296,0.02282134135345218,1.1516632136607763e-24,8.860365473501803e-17,3.759307445291621e-11,1.4777494058274304e-15,7.633097153760296e-17,7.107785291146046e-35,2.799708555852812e-07,2.0271549815250483e-32,2.798321504123225e-07,1.3240055804862693e-22,1.0968265852285128e-21,4.7586036369409864e-27,4.4354723908875135e-28,1.3535354405249988e-12,2.3920540661149327e-22,1.5274692852650693e-05,4.526738848930036e-07,6.638462100505953e-09,2.3860635137006697e-14,1.2917805689727633e-12,2.346530793537403e-10,2.1296582376570066e-19,1.0754222816150467e-13,6.881367940778314e-13,1.584329030353517e-09,9.422527770953344e-17,4.5359172124454746e-15,7.828052411441088e-13,7.767933461410981e-22,2.9372164081295935e-21,1.3567129419377865e-12,3.9654785708500043e-25,9.401816097939972e-28,3.3352530818314646e-26,1.785066457219226e-21,6.855813758067734e-29,8.055496515799446e-27,4.819832678422267e-24
3.240427202724801e-11,0.16628943999999996,0.8585084662769803,0.0,0.0,0.4522912021733484,0.11865407462544467,0.022821336475999075,1.2849302926171047e-24,9.442314171157795e-17,3.9229821614285283e-11,1.5848632829830807e-15,8.136971247965058e-17,8.003823734571308e-35,2.860042683162959e-07,2.3016884396524043e-32,2.85859714439414e-07,1.4403793918753099e-22,1.1941781898007622e-21,5.240831516222325e-27,4.8671651358681655e-28,1.4124922937441836e-12,2.4899920029923634e-22,1.5603538738204326e-05,4.624286042209754e-07,6.799093363837178e-09,2.4462737899225108e-14,1.3258756451557857e-12,2.347743172686063e-10,2.1874009050376974e-19,1.075977947826169e-13,6.885441139365631e-13,1.6238140319958147e-09,9.874827452482658e-17,4.834947643590933e-15,8.018983598180262e-13,7.950773890749096e-22,3.1791519845512813e-21,1.4157294336462111e-12,4.257399573165163e-25,1.032231460095924e-27,3.500167573308664e-26,1.943593192001354e-21,7.137594200108883e-29,8.839426916758489e-27,5.253935103991517e-24
3.308785246074553e-11,0.16628943999999996,0.8585084662769803,0.0,0.0,0.45229086338599755,0.11865373972010801,0.022821331598553048,1.430052159729871e-24,1.0049181819254313e-16,4.0901420816689385e-11,1.6970574314089711e-15,8.662548979925287e-17,8.98948276840418e-35,2.920376817206057e-07,2.606440871474142e-32,2.918871598049199e-07,1.5641997733370128e-22,1.2978754896622383e-21,5.7598347873527624e-27,5.329774318101621e-28,1.472705542003675e-12,2.589148969496918e-22,1.5932370983383373e-05,4.7218330684166446e-07,6.959851577807687e-09,2.5068449816790632e-14,1.3599879800905127e-12,2.3489341304839656e-10,2.245588104095147e-19,1.0765237920168242e-13,6.889464412460245e-13,1.663319215169604e-09,1.033781070134378e-16,5.146816742106508e-15,8.209920090304962e-13,8.133307182491709e-22,3.434406273543428e-21,1.4760017820720826e-12,4.563425878319091e-25,1.130899396531153e-27,3.668912719938286e-26,2.1124395999651453e-21,7.422892935878279e-29,9.679862995244805e-27,5.715717338748199e-24
3.377143289424304e-11,0.16628943999999996,0.8585084662769803,0.0,0.0,0.4522905246121593,0.11865340482839243,0.02282132672111409,1.5877753749033461e-24,1.0681490187378527e-16,4.2607870813589854e-11,1.814450436138757e-15,9.210288111164127e-17,1.007150017945546e-34,2.9807109579743024e-07,2.9440035631709486e-32,2.979144865127883e-07,1.6957714744767273e-22,1.4081886467524077e-21,6.3175437131384415e-27,5.8247489614285585e-28,1.5341751610780108e-12,2.689513512550686e-22,1.6261189588753885e-05,4.819379927555544e-07,7.120735744697828e-09,2.5677774529236883e-14,1.394115705997867e-12,2.350107005994595e-10,2.3042225556169974e-19,1.0770613451994243e-13,6.893447591419028e-13,1.7028442472142203e-09,1.0811483386057768e-16,5.471792485277302e-15,8.400860948768349e-13,8.315579541619436e-22,3.703352571189578e-21,1.5375299527341007e-12,4.883900713042414e-25,1.2364962690208343e-27,3.84148244498237e-26,2.29204285965736e-21,7.711675750308693e-29,1.0579494969105936e-26,6.2062296257607246e-24
3.445501332774056e-11,0.16628943999999996,0.8585084662769803,0.0,0.0,0.4522901858518339,0.11865306995029738,0.022821321843682216,1.758874461440525e-24,1.1339761032905904e-16,4.434917035955951e-11,1.9371609463924156e-15,9.780646400489733e-17,1.1256961656887442e-34,3.041045105461648e-07,3.3171293686709477e-32,3.0394169456695977e-07,1.835404850883375e-22,1.5253934582158793e-21,6.915947108549692e-27,6.353571519554717e-28,1.596901126742875e-12,2.7910771460947134e-22,1.6589994554881884e-05,4.916926619631286e-07,7.281745021747899e-09,2.6290715720329764e-14,1.428257157012998e-12,2.3512646185004015e-10,2.3633069861280716e-19,1.0775919000584832e-13,6.897398980703505e-13,1.7423888472302393e-09,1.1295851568742657e-16,5.810142737444109e-15,8.591805392563021e-13,8.49763648259963e-22,3.9863644287819896e-21,1.6003139111521356e-12,5.2191681471065685e-25,1.3493401311490558e-27,4.017871634810468e-26,2.4828491138135857e-21,8.003917017155205e-29,1.1541076828179892e-26,6.726534474665078e-24
3.5138593761238074e-11,0.16628943999999996,0.8585084662769803,0.0,0.0,0.45228984710502135,0.11865273508582226,0.02282131696625742,1.9441522269348022e-24,1.2024516101027458e-16,4.612531821014648e-11,2.0653076775921347e-15,1.037408160391159e-16,1.2553311124068143e-34,3.101379259663436e-07,3.728739125971871e-32,3.099687839713687e-07,1.983415835775304e-22,1.6497713562188064e-21,7.557092982799797e-27,6.917757893885081e-28,1.6608834147751034e-12,2.893834258753054e-22,1.691878588233336e-05,5.014473144648711e-07,7.4428786970827385e-09,2.69072771128e-14,1.4624108473720344e-12,2.352409348258684e-10,2.422844127215381e-19,1.0781165479788274e-13,6.901325595132059e-13,1.7819527780375663e-09,1.1790921481317515e-16,6.162135250054863e-15,8.782752772191134e-13,8.6795228403067e-22,4.2838156465459796e-21,1.664353622847227e-12,5.569573092676265e-25,1.4697562465799779e-27,4.198076124410458e-26,2.6853134628238776e-21,8.299599431494809e-29,1.2567426334121703e-26,7.277706376548876e-24
3.582217419473559e-11,0.16628943999999996,0.8585084662769803,0.0,0.0,0.4522895083717217,0.11865240023496655,0.02282131208883971,2.144440076322663e-24,1.2736277124774054e-16,4.793631312176025e-11,2.1990094131189674e-15,1.0991051474570465e-16,1.3968361172038842e-34,3.1617134205761037e-07,4.181928181816588e-32,3.159957547299444e-07,2.140125911814728e-22,1.7816094077693944e-21,8.243089181074572e-27,7.518857451890572e-28,1.726122000952684e-12,2.9977820251124e-22,1.72475635716743e-05,5.11201950261265e-07,7.604136169539243e-09,2.7527462463730542e-14,1.4965754520376507e-12,2.3535432041659967e-10,2.482836714928281e-19,1.0786362100706069e-13,6.905233358627381e-13,1.8215358394372192e-09,1.2296699505292833e-16,6.5280376617149946e-15,8.973702547796329e-13,8.861282794899404e-22,4.5960802689801644e-21,1.7296490533415811e-12,5.935461303003091e-25,1.5980770954586537e-27,4.382092683253644e-26,2.8998999582070516e-21,8.598713752568675e-29,1.366142501987951e-26,7.860831526488021e-24
3.6505754628233106e-11,0.16628943999999996,0.8585084662769803,0.0,0.0,0.45228916965193505,0.11865206539772961,0.022821307211429078,2.3605983179289122e-24,1.3475565825038265e-16,4.978215385157433e-11,2.3383850058637327e-15,1.1632013762678657e-16,1.551030360534128e-34,3.2220475881969307e-07,4.679973029695802e-32,3.2202260684661144e-07,2.30586208304973e-22,1.921200314541653e-21,8.976104026666777e-27,8.158453045930993e-28,1.7926168610547627e-12,3.102920320678068e-22,1.7576327623470643e-05,5.209565693527937e-07,7.765516931451168e-09,2.8151275560214557e-14,1.5307497893433395e-12,2.3546678815028946e-10,2.5432874892484994e-19,1.0791516636461823e-13,6.90912727386774e-13,1.861137862460932e-09,1.2813192153717263e-16,6.908117498237028e-15,9.164654270728488e-13,9.042959906355909e-22,4.9235325813597464e-21,1.796200168158573e-12,6.317179370268455e-25,1.734642380807046e-27,4.569919001862538e-26,3.1270815960853917e-21,8.901258557183044e-29,1.4826018188914829e-26,8.477007552956297e-24
3.718933506173062e-11,0.16628943999999996,0.8585084662769803,0.0,0.0,0.45228883094566114,0.11865173057411094,0.022821302334025528,2.593516462738052e-24,1.4242903910594124e-16,5.166283915744325e-11,2.4835533795980553e-15,1.2297426215469105e-16,1.7187720101769397e-34,3.2823817625238504e-07,5.226338061363719e-32,3.280493403252912e-07,2.4809568469787905e-22,2.068842412702042e-21,9.758366963567628e-27,8.83816103248418e-28,1.8603679708616434e-12,3.2092516405198906e-22,1.7905078038288328e-05,5.307111717399403e-07,7.927020553965538e-09,2.87787202154959e-14,1.5649328054429063e-12,2.355784811186987e-10,2.60419919361397e-19,1.0796635648034166e-13,6.913011566977618e-13,1.900758704466397e-09,1.334040605465217e-16,7.302642172689528e-15,9.355607568018316e-13,9.224597156722327e-22,5.266547107195319e-21,1.864006932822743e-12,6.71507472377537e-25,1.8797990349146545e-27,4.7615536792329856e-26,3.3673403106589296e-21,9.207240003726535e-29,1.6064214914208443e-26,9.127343253856605e-24
3.787291549522814e-11,0.16628943999999996,0.8585084662769803,0.0,0.0,0.4522884922528998,0.11865139576410996,0.022821297456629065,2.8441135167691256e-24,1.503881307811486e-16,5.357836779783289e-11,2.6346335301736596e-15,1.2987746577152612e-16,1.9009592981338135e-34,3.342715943555278e-07,5.824682428699822e-32,3.3407595516990123e-07,2.665748166755659e-22,2.2248396727388615e-21,1.0592169199106216e-26,9.559631291740044e-28,1.9293753061547905e-12,3.3167810216515638e-22,1.8233814816693253e-05,5.404657574231881e-07,8.088646674686227e-09,2.9409800265726814e-14,1.5991235604524495e-12,2.356895201219941e-10,2.665574574489622e-19,1.0801724674297652e-13,6.916889809282293e-13,1.940398245009845e-09,1.3878347936552699e-16,7.711878985445411e-15,9.546562129525546e-13,9.40623699908413e-22,5.625498606544766e-21,1.933069312859795e-12,7.129495628639572e-25,2.0339012257110766e-27,4.956996211194471e-26,3.6211669676832766e-21,9.51667160693886e-29,1.7379088037072342e-26,9.812958339283365e-24
3.8556495928725653e-11,0.16628943999999996,0.8585084662769803,0.0,0.0,0.45228815357365065,0.1186510609677261,0.022821292579239684,3.1133382665790373e-24,1.5863815012188851e-16,5.552873853176204e-11,2.7917445265639245e-15,1.370343258888215e-16,2.098531608168653e-34,3.4030501312899827e-07,6.478867013753959e-32,3.401024513843568e-07,2.860579443544013e-22,2.389501699294203e-21,1.1479864346390912e-26,1.0324547247514185e-27,1.9996388427168333e-12,3.425515969179251e-22,1.8562537959251306e-05,5.502203264030201e-07,8.250394987340047e-09,3.0044519567107426e-14,1.6333212161329977e-12,2.358000071350421e-10,2.7274163809870393e-19,1.0806788390957665e-13,6.920765019135573e-13,1.9800563823942138e-09,1.442702461565609e-16,8.136095124229714e-15,9.737517697382647e-13,9.587921411837798e-22,6.000762075031472e-21,2.003387273796599e-12,7.560791184036905e-25,2.197310363115064e-27,5.156246979823548e-26,3.889061357953284e-21,9.829574023547711e-29,1.8773774165798286e-26,1.0534983181004645e-23
3.924007636222317e-11,0.16628943999999996,0.8585084662769803,0.0,0.0,0.45228781490791353,0.11865072618495878,0.022821287701857387,3.402169558156344e-24,1.6718431385333895e-16,5.7513950118753276e-11,2.955005511770895e-15,1.4444941988722843e-16,2.3124705741083455e-34,3.463384325726989e-07,7.192961506925127e-32,3.461288289725705e-07,3.0657994890161805e-22,2.5631437309981094e-21,1.2423869066611659e-26,1.1134625887435505e-27,2.0711585563315645e-12,3.5354663861961117e-22,1.8891247466528334e-05,5.59974878679919e-07,8.41226523307328e-09,3.0682881993248985e-14,1.6675250249171543e-12,2.3591002822681003e-10,2.7897273645304795e-19,1.0811830744409535e-13,6.924639747679824e-13,2.0197330307619165e-09,1.4986442984897248e-16,8.575557664166896e-15,9.92847405724159e-13,9.769691956516332e-22,6.392712743384701e-21,2.0749607811611893e-12,8.009311320982882e-25,2.3703951053650094e-27,5.359307244035285e-26,4.171532190791648e-21,1.014597484872246e-28,2.0251473674181462e-26,1.1294558568407321e-23
3.9923656795720685e-11,0.16628943999999996,0.8585084662769803,0.0,0.0,0.4522874762556881,0.11865039141580745,0.022821282824482175,3.7116165694869964e-24,1.7603183858010215e-16,5.953400131879122e-11,3.124535703618551e-15,1.5212732511626588e-16,2.5438011890919913e-34,3.5237185268654945e-07,7.971251593614111e-32,3.5215508793845323e-07,3.2817624979881602e-22,2.7460866403046368e-21,1.3426663711313602e-26,1.1991617783370317e-27,2.1439344227839406e-12,3.6466445073424614e-22,1.921994333909019e-05,5.697294142543679e-07,8.574257193062498e-09,3.1324891432862837e-14,1.701734320105804e-12,2.3601965603890275e-10,2.852510278561098e-19,1.0816855065383245e-13,6.9285161516547e-13,2.0594281176266493e-09,1.555661000399985e-16,9.030533567827785e-15,1.0119431030938302e-12,9.951589837819605e-22,6.80172607735719e-21,2.1477898004827632e-12,8.475406800476415e-25,2.5535313653331698e-27,5.566179131431808e-26,4.46909708754105e-21,1.0465908423124695e-28,2.1815450699948547e-26,1.2092835470624154e-23
4.06072372292182e-11,0.16628943999999996,0.8585084662769803,0.0,0.0,0.452287137616974,0.11865005666027154,0.022821277947114048,4.0427190769571446e-24,1.851859407863216e-16,6.15888908922873e-11,3.300454395445438e-15,1.600726188941058e-16,2.793592925788652e-34,3.5840527347048e-07,8.818246248797883e-32,3.581812282859141e-07,3.5088280211898384e-22,2.938656933329529e-21,1.4490792964626375e-26,1.2897307112054177e-27,2.2179664178600892e-12,3.7590648359305365e-22,1.954862557750267e-05,5.794839331268492e-07,8.736370682250071e-09,3.1970551787824913e-14,1.73594850711212e-12,2.3612895188686424e-10,2.9157678782740824e-19,1.0821864165291352e-13,6.932396055124268e-13,2.099141581780846e-09,1.6137532690771049e-16,9.50128968527624e-15,1.0310388470358616e-12,1.0133655965084899e-21,7.228177777936778e-21,2.2218742972916804e-12,8.959429212167433e-25,2.747102316819238e-27,5.776865631435989e-26,4.782282575059806e-21,1.0789415650269934e-28,2.346903314310692e-26,1.293097480469853e-23
4.1290817662715717e-11,0.16628943999999996,0.8585084662769803,0.0,0.0,0.4522867989917706,0.1186497219183505,0.022821273069753005,4.396547715695476e-24,1.9465183683578886e-16,6.367861760004981e-11,3.482880956706729e-15,1.6828987850739356e-16,3.062960867494926e-34,3.6443869492442616e-07,9.738685138406972e-32,3.6420725001886076e-07,3.74736093817317e-22,3.1411867496893696e-21,1.5618866485358103e-26,1.385351167590656e-27,2.2932545173473038e-12,3.872744084534772e-22,1.9877294182331564e-05,5.892384352978457e-07,8.898605544067702e-09,3.261986697148735e-14,1.7701670556559894e-12,2.362379675300546e-10,2.979502920387584e-19,1.0826860417380611e-13,6.936281001467484e-13,2.138873371533189e-09,1.6729218113593937e-16,9.988092754115503e-15,1.050134625235513e-12,1.0315931014670084e-21,7.672443781795248e-21,2.2972142371194643e-12,9.46173097300025e-25,2.9514984008208543e-27,5.991370589720154e-26,5.1116240792218096e-21,1.11165438239184e-28,2.5215612664226384e-26,1.381014720971301e-23
4.197439809621323e-11,0.16628943999999996,0.8585084662769803,0.0,0.0,0.45228646038007775,0.11864938719004375,0.022821268192399047,4.774204233985999e-24,2.0443474297204003e-16,6.580318020325913e-11,3.6719348334968015e-15,1.76783681211097e-16,3.3530668500625675e-34,3.7047211704832525e-07,1.0737546126601057e-31,3.7023315314119976e-07,3.997731430359323e-22,3.3540138623420433e-21,1.681355954889801e-26,1.4862082924004538e-27,2.3697986970340493e-12,3.9877011189466485e-22,2.020594915414265e-05,5.989929207678398e-07,9.060961646001728e-09,3.327284090713841e-14,1.804389492810847e-12,2.3634674665917577e-10,3.043718162940977e-19,1.0831845824937321e-13,6.940172297074022e-13,2.1786234432272874e-09,1.7331673384876822e-16,1.0491209399534343e-14,1.0692304274546917e-12,1.0498455492684183e-21,8.134900261913948e-21,2.3738095854988006e-12,9.982665325656596e-25,3.1671173317847366e-27,6.209698703942309e-26,5.457665918421157e-21,1.14473464652077e-28,2.7058644682666074e-26,1.4731532826760017e-23
4.265797852971075e-11,0.16628943999999996,0.8585084662769803,0.0,0.0,0.4522861217818948,0.11864905247535072,0.02282126331505218,5.17682174192171e-24,2.1453987531844466e-16,6.796257746344643e-11,3.867735549003184e-15,1.855586042283807e-16,3.6651206146775507e-34,3.765055398421134e-07,1.182005288841702e-31,3.762589376568361e-07,4.260314954223136e-22,3.577481677428377e-21,1.8077613688927155e-26,1.5924905973193395e-27,2.4475989327099586e-12,4.1039569053805427e-22,2.0534590493501654e-05,6.087473895373138e-07,9.223438875851685e-09,3.392947752664446e-14,1.8386153968041827e-12,2.3645532615125864e-10,3.108416365117521e-19,1.0836822078830425e-13,6.944071048208973e-13,2.2183917599919182e-09,1.794490565523878e-16,1.1010906134352974e-14,1.0883262451829308e-12,1.068126979750496e-21,8.615923628325847e-21,2.451660307963537e-12,1.0522586337155923e-24,3.394364103842044e-27,6.431855520798662e-26,5.820961297081333e-21,1.178188316920367e-28,2.900164837475936e-26,1.569632108458232e-23
4.3341558963208264e-11,0.16628943999999996,0.8585084662769803,0.0,0.0,0.4522857831972213,0.11864871777427084,0.022821258437712395,5.6055649544673904e-24,2.249724498782866e-16,7.015680814247586e-11,4.0704027039007085e-15,1.9461922475049992e-16,4.0003809715219445e-34,3.825389633057231e-07,1.2991682627319734e-31,3.8228460356967463e-07,4.535492214612939e-22,3.81193923411477e-21,1.9413837338945657e-26,1.704389962931569e-27,2.5266552001658357e-12,4.2215344608045265e-22,2.0863218200974297e-05,6.185018416067501e-07,9.38603713856293e-09,3.4589780769305576e-14,1.8728443914850355e-12,2.36563737132093e-10,3.1736002870877926e-19,1.0841790606225547e-13,6.947978192221118e-13,2.258178290683034e-09,1.8568922108402178e-16,1.154744935906884e-14,1.107422071345942e-12,1.0864414281667506e-21,9.115890528928357e-21,2.5307663700486843e-12,1.1081848897806323e-24,3.633650997027139e-27,6.657847434386859e-26,6.2020722991687156e-21,1.2120219460508045e-28,3.104820667196641e-26,1.6705710490726924e-23
4.402513939670578e-11,0.16628943999999996,0.8585084662769803,0.0,0.0,0.45228544462605685,0.11864838308680359,0.022821253560379694,6.061630429075254e-24,2.35737682534839e-16,7.238587100252954e-11,4.280055976693066e-15,2.0397011993671185e-16,4.360156974317607e-34,3.8857238743908157e-07,1.4258173897023414e-31,3.8831015088361855e-07,4.823649138205089e-22,4.057741204436714e-21,2.0825106473602987e-26,1.8221016408543335e-27,2.606967475193659e-12,4.340458806266102e-22,2.1191832277126284e-05,6.282562769766309e-07,9.548756353548396e-09,3.525375458087329e-14,1.907076141387586e-12,2.3667200587459105e-10,3.239272689872696e-19,1.0846752611776394e-13,6.951894523931625e-13,2.297983008989144e-09,1.9203729956799327e-16,1.2101105361902221e-14,1.1265179000627229e-12,1.1047929312865147e-21,9.635177850337836e-21,2.6111277372904146e-12,1.1660808720309647e-24,3.885397583478159e-27,6.887681685861063e-26,6.601569881710429e-21,1.2462426657548847e-28,3.3201966259000785e-26,1.776090842809239e-23
4.4708719830203296e-11,0.16628943999999996,0.8585084662769803,0.0,0.0,0.45228510606840083,0.11864804841294832,0.022821248683054084,6.546246797984066e-24,2.4684078905143306e-16,7.46497648060948e-11,4.496815124008697e-15,2.1361586691420177e-16,4.745809105732153e-34,3.9460581224211e-07,1.5625534526859097e-31,3.94335579602571e-07,5.125176847093155e-22,4.3152478931430476e-21,2.2314365249806644e-26,1.9458242558799187e-27,2.688535733586576e-12,4.460756923085406e-22,2.152043272252327e-05,6.380106956474381e-07,9.711596452430894e-09,3.592140291267264e-14,1.9413103473295873e-12,2.3678015455608215e-10,3.3054363352245338e-19,1.0851709112347849e-13,6.955820717878682e-13,2.3378058926771766e-09,1.9849336437785033e-16,1.2672140318841726e-14,1.1456137264440574e-12,1.1231855333876474e-21,1.017416271876452e-20,2.6927443752260596e-12,1.225982233885093e-24,4.150030733621177e-27,7.121366364355179e-26,7.02003386831671e-21,1.2808581745185954e-28,3.5466637571934906e-26,1.8863130956753463e-23
4.539230026370081e-11,0.16628943999999996,0.8585084662769803,0.0,0.0,0.4522847675242529,0.11864771375270453,0.022821243805735556,7.060674995335683e-24,2.5828698507152277e-16,7.694848831595342e-11,4.720799980857121e-15,2.2356104277802134e-16,5.158750473636245e-34,4.006392377147225e-07,1.710004965001042e-31,4.0036088973043417e-07,5.440471632511384e-22,4.584825237540909e-21,2.3884626647592124e-26,2.075759808125623e-27,2.7713599511389073e-12,4.582457711790718e-22,2.1849019537730907e-05,6.477650976196535e-07,9.87455737714116e-09,3.6592729720826076e-14,1.975546742488431e-12,2.368882018962879e-10,3.372093985523339e-19,1.0856660966268127e-13,6.959757347057036e-13,2.3776469229571677e-09,2.0505748810307818e-16,1.3260820293689678e-14,1.1647095464254944e-12,1.1416232921247906e-21,1.0733222500888549e-20,2.775616249394115e-12,1.2879247108262314e-24,4.427984622341177e-27,7.358910409149983e-26,7.458052942707862e-21,1.3158767255270841e-28,3.7845994796288877e-26,2.001360262093168e-23
4.607588069719833e-11,0.16628943999999996,0.8585084662769803,0.0,0.0,0.4522844289936123,0.11864737910607165,0.022821238928424113,7.606208479247138e-24,2.7008148611874417e-16,7.928204029517268e-11,4.952130460850761e-15,2.33810224591038e-16,5.6004480182139725e-34,4.066726638568256e-07,1.868828983401035e-31,4.063860812711098e-07,5.769934928691585e-22,4.866844807341285e-21,2.553897311074824e-26,2.2121136751903622e-27,2.8554401036461474e-12,4.705591953671407e-22,2.2177592723314828e-05,6.575194828937592e-07,1.0037639078312354e-08,3.7267738965590366e-14,2.0097850889018196e-12,2.369961636958467e-10,3.439248403685907e-19,1.0861608898020971e-13,6.963704898736216e-13,2.4175060839459805e-09,2.1172974351977968e-16,1.3867411238107427e-14,1.1838053566284744e-12,1.1601102842587155e-21,1.1312734804720414e-20,2.8597433253342383e-12,1.3519441203387144e-24,4.719700735140925e-27,7.600323613058183e-26,7.91622464224579e-21,1.3513071154800313e-28,4.0343875865107083e-26,2.121355626097984e-23
4.675946113069584e-11,0.16628943999999996,0.8585084662769803,0.0,0.0,0.4522840904764788,0.1186470444730491,0.02282123405111976,8.184173448972917e-24,2.8222950759697185e-16,8.165041950709767e-11,5.190926556396514e-15,2.4436798938389207e-16,6.072423729928615e-34,4.1270609066831815e-07,2.0397119312901446e-31,4.1241115422849924e-07,6.113973286852523e-22,5.161683804505059e-21,2.7280557187194026e-26,2.3550946143170373e-27,2.9407761669049643e-12,4.830192274823842e-22,2.2506152279840624e-05,6.672738514702369e-07,1.020084151392296e-08,3.794643461078953e-14,2.044025174346185e-12,2.371040532915318e-10,3.506902353086295e-19,1.0866553519118108e-13,6.967663787831668e-13,2.4573833622139867e-09,2.1851020356532237e-16,1.4492178991660515e-14,1.202901154244598e-12,1.1786506112372388e-21,1.1913077480433943e-20,2.9451255685872446e-12,1.4180763618601605e-24,5.0256278742873255e-27,7.845616626997642e-26,8.39515535147006e-21,1.3871586741304317e-28,4.296418245702554e-26,2.2464232830259432e-23
4.812662199769087e-11,0.16628943999999996,0.8585084662769803,0.0,0.0,0.4522834134827304,0.11864637524783271,0.022821224296532307,9.442867606068495e-24,3.07606972863446e-16,8.649165468379912e-11,5.691395958660732e-15,2.664275758703551e-16,7.113580280190397e-34,4.247729462990301e-07,2.4205521787907144e-31,4.2446094440902254e-07,6.847426824129026e-22,5.791357049096077e-21,3.1038402732053174e-26,2.661789648967238e-27,3.115215928869865e-12,5.083930689949743e-22,2.316323050798012e-05,6.867825385322342e-07,1.0527608450858303e-08,3.9314900973033446e-14,2.1125098264931965e-12,2.3731965899366763e-10,3.6437199010064436e-19,1.0876434806573495e-13,6.975616937689158e-13,2.5371922270507246e-09,2.3239602998390173e-16,1.579730772422655e-14,1.2410927028131668e-12,1.2159078309541464e-21,1.3177766563665612e-20,3.1196554192009867e-12,1.5568233483519733e-24,5.681947061259741e-27,8.347889017584e-26,9.417763534284535e-21,1.4601652255102194e-28,4.8587997641008944e-26,2.5122758081808832e-23
4.9493782864685893e-11,0.16628943999999996,0.8585084662769803,0.0,0.0,0.4522827365430033,0.1186457060770509,0.022821214541973195,1.0848029832821491e-23,3.3446110170865735e-16,9.147218395815379e-11,6.223169708547579e-15,2.897764178368266e-16,8.295544035772177e-34,4.3683980460589904e-07,2.8586363589109945e-31,4.3651026030320664e-07,7.644186013903472e-22,6.476975226175534e-21,3.518481006563119e-26,2.9975826453623163e-27,3.2946790434304267e-12,5.343969643412871e-22,2.3820254226673725e-05,7.062911588094976e-07,1.0854857959369843e-08,4.069816057217734e-14,2.1809994174922844e-12,2.3753508960579476e-10,3.7825687430300793e-19,1.0886308065895863e-13,6.983619056183705e-13,2.617073445969303e-09,2.4671555332867684e-16,1.7178330967710055e-14,1.2792841777910485e-12,1.2534284587013546e-21,1.4530317424489356e-20,3.2992055255851025e-12,1.7044545034588452e-24,6.400679169536545e-27,8.865830197142156e-26,1.0530905265686574e-20,1.534981324069599e-28,5.474992861533904e-26,2.799926160682843e-23
5.086094373168092e-11,0.16628943999999996,0.8585084662769803,0.0,0.0,0.4522820596572934,0.11864503696069909,0.022821204787442425,1.241146948400047e-23,3.628336130572668e-16,9.659199744637964e-11,6.787210596207834e-15,3.144511303654265e-16,9.632599458074953e-34,4.48906665587852e-07,3.36059933616154e-31,4.485591019422488e-07,8.507684854571953e-22,7.221758696816089e-21,3.97475885778999e-26,3.3642655501895016e-27,3.4791653170022545e-12,5.610633407400417e-22,2.44772234404454e-05,7.257997123058765e-07,1.1182589870894269e-08,4.2096245203506e-14,2.2494929272919547e-12,2.37750395600037e-10,3.9234709966175213e-19,1.089617561131044e-13,6.991671811818952e-13,2.697026967517373e-09,2.6146936100184073e-16,1.8637371407783492e-14,1.3174755692244725e-12,1.291246728388428e-21,1.597376165829721e-20,3.4837756121079243e-12,1.8612599693113754e-24,7.185678645368184e-27,9.399556989161232e-26,1.1739749462121166e-20,1.6116998809759857e-28,6.148348345203317e-26,3.11039454928468e-23
5.2228104598675944e-11,0.16628943999999996,0.8585084662769803,0.0,0.0,0.452281382825596,0.1186443678987728,0.02282119503293999,1.414553905374536e-23,3.9276622392225006e-16,1.0185108526872219e-10,7.384482683722467e-15,3.4048832802056516e-16,1.1140032453165558e-33,4.60973529243715e-07,3.9336282949148776e-31,4.6060746935734247e-07,9.441436764130343e-22,8.02901792343506e-21,4.475573070964845e-26,3.763684593383005e-27,3.668674556019747e-12,5.884273063993727e-22,2.5134138153818714e-05,7.453081990252195e-07,1.1510804060065886e-08,4.350918668573643e-14,2.317989544350833e-12,2.3796561295825103e-10,4.0664487817909878e-19,1.090603909264128e-13,6.99977644773643e-13,2.777052754671131e-09,2.766580414985787e-16,2.0176549940906207e-14,1.3556668702330135e-12,1.3293977514789742e-21,1.7511134801260523e-20,3.673365403156357e-12,2.0275311978198884e-24,8.04091758995223e-27,9.94920076212817e-26,1.3049605975910615e-20,1.690421548118424e-28,6.88231899655099e-26,3.444712562328206e-23
5.359526546567097e-11,0.16628943999999996,0.8585084662769803,0.0,0.0,0.4522807060479069,0.1186436988912675,0.02282118527846589,1.6063140060716565e-23,4.243006494061766e-16,1.0724943754938742e-10,8.015951307089386e-15,3.6792462484870227e-16,1.283417197180924e-33,4.730403955722241e-07,4.585491480668888e-31,4.726553625796775e-07,1.0449033779284166e-21,8.902153464941348e-21,5.0239432378226545e-26,4.197740358098563e-27,3.863206566936101e-12,6.165265841264729e-22,2.579099837131686e-05,7.648166189713729e-07,1.1839500432731568e-08,4.493701685412655e-14,2.3864886237111422e-12,2.3818076719217115e-10,4.2115242202821164e-19,1.0915899679641148e-13,7.007933899771095e-13,2.857150780831945e-09,2.922821841263899e-16,2.1797985675758726e-14,1.3938580760995443e-12,1.3679176582413288e-21,1.9145476346676653e-20,3.867974623135873e-12,2.203560949944533e-24,8.970485954126518e-27,1.0514907829790624e-25,1.4465925389522932e-20,1.771254524636672e-28,7.680459565006003e-26,3.803922688446054e-23
5.4962426332665994e-11,0.16628943999999996,0.8585084662769803,0.0,0.0,0.4522800293242214,0.11864302993817864,0.022821175524020132,1.8177728695172948e-23,4.574786027024307e-16,1.1278704441649103e-10,8.682583077757645e-15,3.9679663437820867e-16,1.4732432282875649e-33,4.851072645720378e-07,5.324567538873352e-31,4.847027816404402e-07,1.153414576243517e-21,9.844655971890412e-21,5.623011338518812e-26,4.6683878507700755e-27,4.062761156223304e-12,6.454014542837896e-22,2.644780409746267e-05,7.843249721481816e-07,1.2168678916882182e-08,4.6379767555963517e-14,2.4549896528724384e-12,2.3839587638526335e-10,4.358719434863636e-19,1.0925758201465223e-13,7.01614488581193e-13,2.9373210267971862e-09,3.0834237879816337e-16,2.3503795934675223e-14,1.432049183591556e-12,1.406843730210283e-21,2.0879829758753276e-20,4.067602996470513e-12,2.389643296669943e-24,9.978591732750503e-27,1.1096839906579789e-25,1.5994298810127658e-20,1.854314390600821e-28,8.546426761735939e-26,4.189077861272094e-23
5.632958719966102e-11,0.16628943999999996,0.8585084662769803,0.0,0.0,0.45227935265453534,0.11864236103950172,0.022821165769602702,2.0503321238693115e-23,4.923417950963875e-16,1.1846389600202116e-10,9.385345883783418e-15,4.2714096961931342e-16,1.6853355921510566e-33,4.971741362417489e-07,6.159875445810284e-31,4.96749726570814e-07,1.270051961649163e-21,1.0860106181646596e-20,6.276043780568314e-26,5.177636571232348e-27,4.267338130372151e-12,6.750947062021436e-22,2.7104555336778573e-05,8.038332585594887e-07,1.2498339455959923e-08,4.783747064688762e-14,2.5234922242058265e-12,2.3861095343764047e-10,4.50805654882994e-19,1.0935615249603925e-13,7.024409971721234e-13,3.017563478524677e-09,3.2483921586882035e-16,2.5296096255074336e-14,1.4702401904721229e-12,1.4462145245073967e-21,2.2717242484188877e-20,4.272250247602884e-12,2.5860736198980745e-24,1.1069561158884013e-26,1.1695174615047187e-25,1.7640457664439946e-20,1.9397239652597396e-28,9.483979253401971e-26,4.6012410271299494e-23
5.7696748066656044e-11,0.16628943999999996,0.8585084662769803,0.0,0.0,0.45227867603884386,0.11864169219523221,0.022821156015213607,2.3054499259408726e-23,5.289319359665464e-16,1.2427998244181315e-10,1.0125208890643907e-14,4.589942430641271e-16,1.921665733093788e-33,5.092410105798932e-07,7.101105042344389e-31,5.087961974019799e-07,1.3951978507662465e-21,1.1952174913552038e-20,6.986433435899767e-26,5.727550582901824e-27,4.47693729589223e-12,7.056515975899421e-22,2.7761252093786632e-05,8.233414782091359e-07,1.2828482004307024e-08,4.9310157988091245e-14,2.5919960132695906e-12,2.3882600759270403e-10,4.659557685615763e-19,1.0945471247881806e-13,7.03272961617628e-13,3.0978781256124167e-09,3.417732860153922e-16,2.7177000390888285e-14,1.5084310951833514e-12,1.486069990356045e-21,2.4660765961763333e-20,4.481916100994148e-12,2.7931486129997587e-24,1.224783889774611e-26,1.2310106044211116e-25,1.9410273493860752e-20,2.0276131885198024e-28,1.0496977655917297e-25,5.041484735391384e-23
5.906390893365107e-11,0.16628943999999996,0.8585084662769803,0.0,0.0,0.4522779994771427,0.11864102340536563,0.02282114626085284,2.584641459137974e-23,5.672907327856327e-16,1.3023529387553278e-10,1.0903142541797418e-14,4.923930666867188e-16,2.184326720507794e-33,5.213078875849608e-07,8.158648170238177e-31,5.208421941651163e-07,1.5292421096247022e-21,1.312462306410047e-20,7.757701675990514e-26,6.3202485829993754e-27,4.691558459311937e-12,7.371198211980406e-22,2.841789437300855e-05,8.428496311009623e-07,1.3159106524151794e-08,5.0797861444558034e-14,2.6605007619264866e-12,2.390410454481053e-10,4.813244968528069e-19,1.0955326498811682e-13,7.041104200360191e-13,3.178264960291841e-09,3.591451801573663e-16,2.914862031399055e-14,1.5466218966485342e-12,1.526451578251264e-21,2.6713455630127643e-20,4.696600281124039e-12,3.0111662822728772e-24,1.3517988240455585e-26,1.2941845356408646e-25,2.1309757749916578e-20,2.1181190235047986e-28,1.1589384528210316e-25,5.510890750675318e-23
6.04310698006461e-11,0.16628943999999996,0.8585084662769803,0.0,0.0,0.45227732296942746,0.1186403546698974,0.022821136506520408,2.889479411275275e-23,6.074598911216808e-16,1.363298204466644e-10,1.1720118559090885e-14,5.273740519432249e-16,2.4755377524786387e-33,5.333747672554025e-07,9.343630397375832e-31,5.328877168913987e-07,1.6725820775255973e-21,1.4381301602114292e-20,8.593500405089462e-26,6.957903972797316e-27,4.911201427178455e-12,7.695494777480705e-22,2.907448217896563e-05,8.623577172388064e-07,1.3490212983441347e-08,5.2300612883700463e-14,2.7290062649408163e-12,2.3925607168271277e-10,4.969140520552293e-19,1.0965181216927205e-13,7.049534049309464e-13,3.25872397670388e-09,3.7695548939675564e-16,3.1213066215622125e-14,1.5848125941325707e-12,1.5674023424750833e-21,2.887837093406018e-20,4.9163025124908414e-12,3.2404259483078172e-24,1.4884691297648757e-26,1.3590621438870306e-25,2.3345061589995467e-20,2.211385377317163e-28,1.2765264365993723e-25,6.010549685451395e-23
6.179823066764113e-11,0.16628943999999996,0.8585084662769803,0.0,0.0,0.4522766465156935,0.11863968598882306,0.022821126752216297,3.2215944336285877e-23,6.494811146391049e-16,1.4256355230250202e-10,1.2577109943066971e-14,5.639738097719749e-16,2.797648728019915e-33,5.454416495896377e-07,1.0667943318278025e-30,5.449327656120006e-07,1.8256224916700095e-21,1.5726151563924148e-20,9.497614091541629e-26,7.642744927880535e-27,5.1358660060577806e-12,8.029930542648621e-22,2.9731015516178807e-05,8.818657366265042e-07,1.3821801354169209e-08,5.381844417419427e-14,2.7975123591415385e-12,2.394710896175824e-10,5.127266464200743e-19,1.097503555450425e-13,7.05801944838909e-13,3.3392551703403357e-09,3.952048049681839e-16,3.337244650781669e-14,1.6230031871333095e-12,1.608967037671021e-21,3.115857532949306e-20,5.141022519611402e-12,3.481228247175112e-24,1.635274919303073e-26,1.425668159659453e-25,2.5522475673376157e-20,2.3075630375046996e-28,1.4028783595539012e-25,6.541560651677071e-23
6.316539153463616e-11,0.16628943999999996,0.8585084662769803,0.0,0.0,0.45227597011593623,0.11863901736213807,0.022821116997940507,3.5826755821670614e-23,6.933961050997591e-16,1.4893647959414253e-10,1.347509097318327e-14,6.022289505936331e-16,3.1531448878990706e-33,5.575085345860597e-07,1.2144277423176208e-30,5.56977340358093e-07,1.9887754125474604e-21,1.7163204048550543e-20,1.0473961797214393e-25,8.377054468418764e-27,5.365552002534698e-12,8.375054072269854e-22,3.038749438916863e-05,9.013736892678903e-07,1.415387161114686e-08,5.535138718522442e-14,2.8660189147220718e-12,2.3968610162801596e-10,5.287644921394989e-19,1.098488962045437e-13,7.066560655394423e-13,3.419858537633537e-09,4.138937182036263e-16,3.562886782482453e-14,1.66119367530351e-12,1.6511922100466057e-21,3.355713628755465e-20,5.370760027021125e-12,3.733875132060119e-24,1.7927082256838073e-26,1.4940292284234723e-25,2.784842995755012e-20,2.4068096225301852e-28,1.5384210567455035e-25,7.10503093051913e-23
6.45325524016312e-11,0.16628943999999996,0.8585084662769803,0.0,0.0,0.45227529377015135,0.11863834878983788,0.022821107243693045,3.974470741728241e-23,7.392465623639914e-16,1.5544859247648134e-10,1.4415037207957622e-14,6.421760843113552e-16,3.544651524358302e-33,5.695754222430403e-07,1.3786155531940699e-30,5.690214411608447e-07,2.1624601500805896e-21,1.869658021288722e-20,1.152659920501821e-25,9.163170529447921e-27,5.600259223212795e-12,8.731437500741076e-22,3.104391880245528e-05,9.208815751667974e-07,1.4486423731184842e-08,5.689947378599717e-14,2.9345258283834216e-12,2.399011094182359e-10,5.450298013384554e-19,1.0994743492919112e-13,7.075157908617282e-13,3.5005340756828105e-09,4.3302282051016795e-16,3.798443502453522e-14,1.6993840584025444e-12,1.6941262836520407e-21,3.607712529779345e-20,5.6055147592739705e-12,3.9986698749708194e-24,1.9612730219216669e-26,1.564173987526484e-25,3.0329493494837574e-20,2.5092895449036453e-28,1.6835915550469787e-25,7.702075659404551e-23
6.589971326862623e-11,0.16628943999999996,0.8585084662769803,0.0,0.0,0.45227461747833414,0.118637680271918,0.022821097489473897,4.39878703397929e-23,7.870741843916902e-16,1.6209988110820985e-10,1.5397925485062998e-14,6.838518203109541e-16,3.9749387597999004e-33,5.81642312558934e-07,1.5607966787093709e-30,5.810650680514224e-07,2.34710319051997e-21,2.0330491266886062e-20,1.2659720644518855e-25,1.0003486031156669e-26,5.839987474714454e-12,9.099676445914585e-22,3.170028876055858e-05,9.403893943270574e-07,1.4819457692551107e-08,5.846273584526863e-14,3.003033017948909e-12,2.4011611420308035e-10,5.615247860692212e-19,1.1004597227600999e-13,7.08381143218091e-13,3.5812817820735465e-09,4.525927033516738e-16,4.0441251189899215e-14,1.7375743362667526e-12,1.737819642160031e-21,3.872161787071186e-20,5.845286440942443e-12,4.275917068206498e-24,2.141485240356323e-26,1.6361331466576568e-25,3.297237422929769e-20,2.6151739855839044e-28,1.83883707252153e-25,8.333817535546619e-23
6.863403500261628e-11,0.16628943999999996,0.8585084662769803,0.0,0.0,0.4522732650565853,0.1186363433992011,0.022821077981120565,5.352509991430723e-23,8.888277050809956e-16,1.758199462735707e-10,1.7496441913011044e-14,7.72535534113365e-16,4.963689001389683e-33,6.05776101160809e-07,1.985348616502551e-30,6.051509002207095e-07,2.7510055752217493e-21,2.3917213120088946e-20,1.5184898305521227e-25,1.1856562384857873e-26,6.334506296771964e-12,9.874220567272897e-22,3.30128653292924e-05,9.794048324469501e-07,1.548697105754907e-08,6.16349138102822e-14,3.140047978973885e-12,2.405461178661308e-10,5.952126299488883e-19,1.1024304426192277e-13,7.101288136450151e-13,3.742993691957125e-09,4.930571766958459e-16,4.5667033883211945e-14,1.8139545759040452e-12,1.8276959999045107e-21,4.4396435861637925e-20,6.339879550909087e-12,4.868993786218685e-24,2.53897558577728e-26,1.7856283797271094e-25,3.877111230894729e-20,2.837874924221948e-28,2.1813929894682823e-25,9.705919684554715e-23
7.136835673660633e-11,0.16628943999999996,0.8585084662769803,0.0,0.0,0.4522719128506536,0.11863500674395121,0.022821058472880476,6.459500717378681e-23,9.989902128772105e-16,1.9009659643561034e-10,1.9778480543256693e-14,8.685729567471118e-16,6.144639214190732e-33,6.299099003782859e-07,2.501460211995581e-30,6.292348371152416e-07,3.204035252613421e-21,2.795886016603466e-20,1.8085899200557544e-25,1.3956529265002153e-26,6.849106922062184e-12,1.0703919783090408e-21,3.432522413152097e-05,1.0184200036581843e-06,1.615641154826486e-08,6.48681760105641e-14,3.2770634191935687e-12,2.409761169648116e-10,6.298457185987434e-19,1.104401141557696e-13,7.118992407511688e-13,3.904994253290428e-09,5.352918705926574e-16,5.1323005123531337e-14,1.8903343937113604e-12,1.9212664079368393e-21,5.0606274828402316e-20,6.8545371538721516e-12,5.515568493842442e-24,2.989546641668553e-26,1.942805317887204e-25,4.5301077885215814e-20,3.07641686628944e-28,2.569870352299134e-25,1.123045985000632e-22
7.499411729831988e-11,0.16628943999999996,0.8585084662769803,0.0,0.0,0.4522701201336553,0.11863323464998546,0.022821032604772435,8.192325547491717e-23,1.1586060374966533e-15,2.0988591038204413e-10,2.3100971013425434e-14,1.0077617265067045e-15,8.055110478753035e-33,6.619117752929676e-07,3.3529387633825795e-30,6.611676549187184e-07,3.886800743303956e-21,3.408307468542878e-20,2.257887574284557e-25,1.7158122712662389e-26,7.562443688190859e-12,1.1898816800063713e-21,3.6065100102069084e-05,1.070154421730592e-06,1.704707356420185e-08,6.925017893212623e-14,3.458748716567889e-12,2.415463007282977e-10,6.772578075608862e-19,1.1070143110818106e-13,7.142822253503396e-13,4.120255085870411e-09,5.940339212191553e-16,5.951500401372894e-14,1.99161477625039e-12,2.051867853691031e-21,5.970805264984225e-20,7.567921655782682e-12,6.459692203838077e-24,3.676695077308707e-26,2.1636409685451915e-25,5.518818029796402e-20,3.4199296377452977e-28,3.1625841490100467e-25,1.3502900618816953e-22
7.825730180386208e-11,0.16628943999999996,0.8585084662769803,0.0,0.0,0.45226850701268584,0.11863164009222518,0.022821009323645395,1.0041562026535663e-22,1.3160461023934183e-15,2.2853277519895177e-10,2.6394125852778152e-14,1.1450915444918453e-15,1.0165556330134903e-32,6.907134786287917e-07,4.312326163591273e-30,6.899043425025287e-07,4.587955999014148e-21,4.040874917998907e-20,2.7326001661264254e-25,2.048522399533741e-26,8.234631802016901e-12,1.3077239919914295e-21,3.763066121647656e-05,1.116714996838851e-06,1.785156604313691e-08,7.328668800151741e-14,3.62226556776193e-12,2.4205946465956e-10,7.214104304959374e-19,1.1093661569905268e-13,7.16461659413759e-13,4.314423745717567e-09,6.495792939933826e-16,6.75919670495016e-14,2.0827664859348806e-12,2.1767003213545246e-21,6.87890314099266e-20,8.240124456410594e-12,7.398401720166883e-24,4.3910101863287987e-26,2.3751677031833473e-25,6.5392048185865e-20,3.758684750603857e-28,3.7789652165289095e-25,1.5809138057410283e-22
8.152048630940427e-11,0.16628943999999996,0.8585084662769803,0.0,0.0,0.4522668941989116,0.11863004584400968,0.022820986042679573,1.2198725237297566e-22,1.4871341694623692e-15,2.479719586190804e-10,2.9988193398374717e-14,1.2943627285018264e-15,1.2707982754531094e-32,7.195151970156441e-07,5.488751910699607e-30,7.186383320040775e-07,5.378120346212299e-21,4.757663287983934e-20,3.281824414203863e-25,2.427552336009658e-26,8.935413530238929e-12,1.4364742172505585e-21,3.919591235964658e-05,1.1632751919575248e-06,1.8658802473332888e-08,7.741147344562502e-14,3.785782359432759e-12,2.425726277850296e-10,7.669979916639614e-19,1.1117179992167906e-13,7.186742826312627e-13,4.509003460965319e-09,7.076696142560534e-16,7.636545787631455e-14,2.173917594485582e-12,2.3094547838867777e-21,7.875647517544122e-20,8.940892927166663e-12,8.425894368981247e-24,5.20501361143581e-26,2.5995655912623874e-25,7.694530661477233e-20,4.128778967221328e-28,4.48155918538877e-25,1.8379330524974536e-22
8.478367081494647e-11,0.16628943999999996,0.8585084662769803,0.0,0.0,0.45226528169227165,0.1186284519052776,0.022820962761874928,1.4698187100247784e-22,1.67243693367103e-15,2.682033274279104e-10,3.389666048770996e-14,1.4560730002924087e-15,1.5748286092757896e-32,7.483169304302512e-07,6.919270737129159e-30,7.473696238468035e-07,6.264167675557734e-21,5.56583501646017e-20,3.913678402819775e-25,2.857040166221195e-26,9.664786246360196e-12,1.577319746788522e-21,4.076085359297808e-05,1.2098350071384368e-06,1.9468782607489413e-08,8.16249683882807e-14,3.94929902347829e-12,2.4308579036777215e-10,8.140505563193327e-19,1.1140698389672464e-13,7.209203552468007e-13,4.7039942147642914e-09,7.683129269738573e-16,8.586379188795675e-14,2.2650681019854773e-12,2.451196549974547e-21,8.965284631886526e-20,9.670223325823855e-12,9.546524332194237e-24,6.127648781764257e-26,2.837677466742825e-25,8.996112310768432e-20,4.533627474627332e-28,5.278072399645436e-25,2.1229714344884654e-22
8.804685532048867e-11,0.16628943999999996,0.8585084662769803,0.0,0.0,0.45226366949270463,0.11862685827596753,0.022820939481231442,1.7576388039157808e-22,1.872521028788646e-15,2.8922674853398733e-10,3.8133055468415467e-14,1.6307200649125074e-15,1.9359512846618542e-32,7.771186788493275e-07,8.645494707458713e-30,7.760982184540736e-07,7.253173447882332e-21,6.472844590452842e-20,4.636823180605359e-25,3.3413056832346505e-26,1.0422747324493496e-11,1.7315275380325292e-21,4.232548497785769e-05,1.2563944424333542e-06,2.0281506198145525e-08,8.592760589976624e-14,4.112815509277205e-12,2.435989527068612e-10,8.625981868399994e-19,1.1164216776136456e-13,7.232001382644424e-13,4.899395990187698e-09,8.315172771890549e-16,9.611522752546711e-14,2.3562180085077144e-12,2.603082641496429e-21,1.0152073796598919e-19,1.0428111910756591e-11,1.076468941845253e-23,7.168255674849038e-26,3.0904604059349453e-25,1.0455708005935293e-19,4.976874621042853e-28,6.17654167821113e-25,2.4376677555351816e-22
9.131003982603087e-11,0.16628943999999996,0.8585084662769803,0.0,0.0,0.4522620576001495,0.11862526495601813,0.022820916200749074,2.0871841944381476e-22,2.0879530274093463e-15,3.110420889689311e-10,4.271094819729407e-14,1.818801610708143e-15,2.3621988249192703e-32,8.059204422495744e-07,1.0713708098056049e-29,8.048241162491838e-07,8.352413366185223e-21,7.486438535727874e-20,5.460467212659755e-25,3.8848505388407083e-26,1.1209294139361127e-11,1.9004444830677915e-21,4.38898065756599e-05,1.3029534978939904e-06,2.1096972998120326e-08,9.031981899726133e-14,4.276331786683583e-12,2.441121149895538e-10,9.126709427361981e-19,1.1187735160150509e-13,7.255138930146115e-13,5.095208770378523e-09,8.972907100389787e-16,1.0714796630736129e-13,2.4473673141401618e-12,2.7663627601266496e-21,1.1440287398958335e-19,1.121455494094073e-11,1.2084831106482837e-23,8.336571830970043e-26,3.358988369038983e-25,1.2085517046619717e-19,5.462394974838052e-28,7.18533429756005e-25,2.7836757413433046e-22
9.783640883711526e-11,0.16628943999999996,0.8585084662769803,0.0,0.0,0.4522588347358298,0.11862207924395608,0.022820869640267586,2.8879132207164626e-22,2.567126720576017e-15,3.5704799656752916e-10,5.294571383946077e-14,2.2372588158549314e-15,3.4463593077787416e-32,8.635240139003776e-07,1.6088191166918547e-29,8.622678230957482e-07,1.0911646253676691e-20,9.865825417205663e-20,7.448997092737645e-25,5.168700301210119e-26,1.2868134481235069e-11,2.288207190835543e-21,4.701752065546888e-05,1.3960704695189936e-06,2.273613523867993e-08,9.937470375838438e-14,4.6033636361076595e-12,2.4513843958219596e-10,1.0175120544893938e-18,1.123477192985464e-13,7.302443646819118e-13,5.488067277976913e-09,1.0365770049437504e-15,1.3166987599078268e-13,2.629664123168356e-12,3.1326068491201945e-21,1.4338142829022677e-19,1.287308937597239e-11,1.504902991984912e-23,1.109728298479244e-25,3.9482677776399924e-25,1.5906760368950945e-19,6.5769452696764685e-28,9.569010435766552e-25,3.576306162340342e-22
9.999999999999999e-11,0.16628943999999996,0.8585084662769803,0.0,0.0,0.45225776657790967,0.11862102340465105,0.022820854204897906,3.1997507855561983e-22,2.7408072115358903e-15,3.7299849375233584e-10,5.6670951555396996e-14,2.388966467458191e-15,3.8848044455006276e-32,8.826204922540853e-07,1.8298407039413155e-29,8.813089107610755e-07,1.1874567367823937e-20,1.0767383768962487e-19,8.220095432064276e-25,5.657547997119771e-26,1.3443296012357657e-11,2.4331176039909044e-21,4.805413236581296e-05,1.4269398348345472e-06,2.3281963841840712e-08,1.0245659333626744e-13,4.711779479879167e-12,2.454786818957571e-10,1.0536826960228477e-18,1.1250365339186822e-13,7.318431707714978e-13,5.61866869463991e-09,1.0850387622977672e-15,1.4055239154983968e-13,2.6900977737686935e-12,3.2673108403001754e-21,1.5398055101945224e-19,1.3448119352955233e-11,1.6131930869641903e-23,1.2148839024112188e-25,4.160515936064879e-25,1.7353124194333455e-19,6.993467005175209e-28,1.047684795489148e-24,3.8705001146926565e-22
1.0527120747564631e-10,0.16628943999999996,0.8585084662769803,0.0,0.0,0.4522551647644398,0.11861845160763093,0.022820816599643995,4.0683534348573736e-22,3.196341273541459e-15,4.133153827650143e-10,6.647541753026094e-14,2.7869427432877358e-15,5.147120670639523e-32,9.291457140523752e-07,2.4751871847142168e-29,9.276941959528273e-07,1.4480155025294863e-20,1.3222092807756651e-19,1.0361840164941594e-24,6.993951368341989e-26,1.489715980885097e-11,2.8246198457436887e-21,5.0579083965288456e-05,1.5021468889847487e-06,2.461682502219161e-08,1.101330808242536e-13,4.975915080109921e-12,2.4630762205177275e-10,1.1448327441638318e-18,1.1288355920444633e-13,7.358028163118512e-13,5.937612173782739e-09,1.207893838077106e-15,1.6383636446538367e-13,2.837332577489006e-12,3.6274646831883874e-21,1.8198519658407786e-19,1.4901596885451657e-11,1.8991224530074808e-23,1.502444474038573e-25,4.717042820910618e-25,2.1287521257856964e-19,8.118798088821788e-28,1.2958985028385358e-24,4.657220566131497e-22
1.1270600611417735e-10,0.16628943999999996,0.8585084662769803,0.0,0.0,0.4522514963850876,0.11861482557553245,0.022820763559855975,5.589577879855069e-22,3.92074649902589e-15,4.736900287457209e-10,8.215331689228836e-14,3.420001107615005e-15,7.4825333936101e-32,9.94767491333914e-07,3.6957334506757374e-29,9.931065811169544e-07,1.883661515582119e-20,1.7369541965577368e-19,1.4100835747660312e-24,9.266387471492322e-26,1.707450322768762e-11,3.481651589066891e-21,5.4139040835698604e-05,1.6082213381240795e-06,2.651174817867198e-08,1.2136830937831332e-13,5.348465247420496e-12,2.4747680415760634e-10,1.2808938274620345e-18,1.1341939895191774e-13,7.415448195853364e-13,6.389290155278972e-09,1.3927673561684813e-15,2.008263974759984e-13,3.04499791564884e-12,4.224744032718549e-21,2.270360881529089e-19,1.7078229477936114e-11,2.3588357015207763e-23,1.9916660343874782e-25,5.609866280337643e-25,2.792446660427674e-19,1.0007447767322634e-27,1.717993103663575e-24,5.947087973878483e-22
1.201408047527084e-10,0.16628943999999996,0.8585084662769803,0.0,0.0,0.4522478295970504,0.11861120114693606,0.022820710520903176,7.514686232114728e-22,4.747038401276154e-15,5.381703719408742e-10,1.0014330067625765e-13,4.142318817812446e-15,1.0624734358711586e-31,1.0603893454695979e-06,5.375788777989287e-29,1.0585049835886888e-06,2.4081820842604062e-20,2.2423672686087284e-19,1.8825235294547905e-24,1.2054326326716687e-25,1.9400133737837327e-11,4.282237338080187e-21,5.769739199158984e-05,1.714293817544081e-06,2.8420901786720984e-08,1.3308550647386138e-13,5.7210141327445104e-12,2.4864598592520846e-10,1.4260505935284257e-18,1.139552385532407e-13,7.4747351236181e-13,6.843101021874717e-09,1.5912927194285113e-15,2.429689026526364e-13,3.252660138949307e-12,4.9479917940344355e-21,2.7905010125819405e-19,1.9402942956666943e-11,2.889658339931009e-23,2.592216232200289e-25,6.652689887709937e-25,3.5997414491513283e-19,1.2308893119282572e-27,2.2357829585164736e-24,7.466426211657488e-22
1.2757560339123944e-10,0.16628943999999996,0.8585084662769803,0.0,0.0,0.45224416439960596,0.11860757832111751,0.02282065748278525,9.912724145337033e-22,5.681911355887628e-15,6.067548531038277e-10,1.2061037546851052e-13,4.959780336123867e-15,1.4777724728613434e-31,1.1260112761842004e-06,7.64188241379534e-29,1.123889408366663e-06,3.0320913828096286e-20,2.8507845367177467e-19,2.471273240570589e-24,1.5431117298269253e-25,2.1874020355794575e-11,5.251776880025687e-21,6.125413815752399e-05,1.8203643278503597e-06,3.034428292308487e-08,1.452897877285366e-13,6.0935617237386694e-12,2.498151674974267e-10,1.580658256262182e-18,1.1449107807450976e-13,7.535920504379248e-13,7.299044571742946e-09,1.8035650904797055e-15,2.9059129975973207e-13,3.4603192486799622e-12,5.82399554636924e-21,3.385467548503918e-19,2.1875693141063683e-11,3.4973270517847034e-23,3.320025453858815e-25,7.877201404941516e-25,4.56977029676185e-19,1.5096231386793936e-27,2.862755513725403e-24,9.236011894908157e-22
1.3501040202977048e-10,0.16628943999999996,0.8585084662769803,0.0,0.0,0.4522405007920322,0.11860395709735283,0.022820604445501835,1.2858756146975985e-21,6.7320581149994394e-15,6.794419163115923e-10,1.4372066550413404e-13,5.878269678910415e-15,2.018095541056493e-31,1.1916332832026548e-06,1.0644206634306624e-28,1.1892598604475854e-06,3.766314744967249e-20,3.5753278700954777e-19,3.196040388508106e-24,1.9475175179199025e-25,2.449613211445029e-11,6.418211762831872e-21,6.480928005773431e-05,1.9264328696470336e-06,3.228188866335777e-08,1.5798626732644525e-13,6.466108012469693e-12,2.509843488933402e-10,1.7450719548742614e-18,1.1502691752508373e-13,7.599036068320732e-13,7.75712060206078e-09,2.0296796344015945e-15,3.4401950734073417e-13,3.667975246149924e-12,6.882944082349764e-21,4.060490878505458e-19,2.4496435866717e-11,4.1877004509348374e-23,4.192140364327351e-25,9.32158966447792e-25,5.722809762089166e-19,1.844987966230764e-27,3.613287253455616e-24,1.1276863406701379e-21
1.4244520066830153e-10,0.16628943999999996,0.8585084662769803,0.0,0.0,0.45223683877360726,0.11860033747491845,0.02282055140905259,1.6433932149294926e-21,7.904169812410972e-15,7.562300089663461e-10,1.6964141248350405e-13,6.903670417473483e-15,2.7113021594910684e-31,1.2572553662500519e-06,1.4559120773484533e-28,1.2546163448262392e-06,4.622166958958929e-20,4.429904741729896e-19,4.078562533411961e-24,2.427001322207376e-25,2.7266438063086256e-11,7.812096766335779e-21,6.836281841612577e-05,2.0324994435367354e-06,3.423371608184245e-08,1.7118005801464508e-13,6.838652998900202e-12,2.5215353004930054e-10,1.9196467543983526e-18,1.1556275687640386e-13,7.664113718923803e-13,8.217328908968809e-09,2.2697315185574716e-15,4.035779491882354e-13,3.875628132676902e-12,8.158574421927457e-21,4.820836584469838e-19,2.7265126985381555e-11,4.9667599287426347e-23,5.226733100085676e-25,1.1031331199156211e-24,7.080270194847107e-19,2.2457780696067017e-27,4.502643409271466e-24,1.3610229128382776e-21
1.5731479794536362e-10,0.16628943999999996,0.8585084662769803,0.0,0.0,0.4522295195013191,0.11859310303114774,0.022820445338655154,2.5827255951951363e-21,1.0641044507734828e-14,9.221030888639827e-10,2.305888298902726e-13,9.298738148471931e-15,4.6905964739486015e-31,1.3884997593328526e-06,2.5984171896482972e-28,1.3852874304462576e-06,6.745800831029451e-20,6.58871516932787e-19,6.414712155899235e-24,3.6471844699129793e-25,3.325150880933444e-11,1.1418042054563294e-20,7.546508740143084e-05,2.2446266899983035e-06,3.8180024242192226e-08,1.99080016455e-13,7.583739065321244e-12,2.5449189160094956e-10,2.300699549064032e-18,1.1663443526532686e-13,7.800283778367684e-13,9.144141531311398e-09,2.7920279877022305e-15,5.423758096121315e-13,4.290924578132482e-12,1.1513677143151397e-20,6.618733359084393e-19,3.3246177889525246e-11,6.815481677981195e-23,7.861724855330147e-25,1.5472021327557627e-24,1.0499691965469264e-18,3.28272946099058e-27,6.763331306346343e-24,1.924058105246229e-21
1.7218439522242572e-10,0.16628943999999996,0.8585084662769803,0.0,0.0,0.45222220657697454,0.11858587498402307,0.02282033927159013,3.886599999247244e-21,1.3946032344540877e-14,1.1043617385772146e-09,3.048129034583675e-13,1.2192043229517007e-14,7.73224187203291e-31,1.5197444532365895e-06,4.395261226931539e-28,1.5159027051465233e-06,9.50054424716086e-20,9.454179002624575e-19,9.697710584899581e-24,5.280795751223692e-25,3.982898531639441e-11,1.6368811626695864e-20,8.256095089811656e-05,2.456746072026368e-06,4.218318396597983e-08,2.290305362463725e-13,8.32881992585894e-12,2.5683025203527956e-10,2.726655696445435e-18,1.177061131928858e-13,7.944689432941098e-13,1.0079480785133683e-08,3.3712158791280243e-15,7.095506235032059e-13,4.706208595506982e-12,1.6235284933125507e-20,8.821986109977774e-19,3.98184929905395e-11,9.093831113338846e-23,1.1393233005096084e-24,2.174130788400676e-24,1.5021654174493506e-18,4.70660141990663e-27,9.784704857515388e-24,2.6301367204451588e-21
1.870539924994878e-10,0.16628943999999996,0.8585084662769803,0.0,0.0,0.45221489999481196,0.11857865332776736,0.022820233207854704,5.642468219622618e-21,1.787260465922614e-14,1.30299365718773e-09,3.936917766827496e-13,1.5630638290694345e-14,1.2241470349521471e-30,1.6509894457678801e-06,7.108820468453126e-28,1.6464622088160935e-06,1.2988992056780848e-19,1.3165814910208504e-18,1.418371606769797e-23,7.413334906670593e-25,4.699862056802208e-11,2.300934216468565e-20,8.965041468561539e-05,2.668857594388452e-06,4.6243171788851363e-08,2.610724675288215e-13,9.073895564487126e-12,2.591686114141162e-10,3.200353098991163e-18,1.1877779069296872e-13,8.097592243455469e-13,1.1023344998729424e-08,4.008056605271843e-15,9.076446200457618e-13,5.121480195229133e-12,2.2734191123032377e-20,1.1473985708595162e-18,4.698171968364741e-11,1.185416571293688e-22,1.6008087430653857e-24,3.0552239254725997e-24,2.085736347142318e-18,6.61668924521696e-27,1.372085134293581e-23,3.4970169947558694e-21
2.019235897765499e-10,0.16628943999999996,0.8585084662769803,0.0,0.0,0.45220759974907476,0.11857143805660879,0.022820127147446048,7.94809929070909e-21,2.247420740019333e-14,1.517986597132997e-09,4.986214544119196e-13,1.9661568918393573e-14,1.8727519409992483e-30,1.7822347347359506e-06,1.1069900961970046e-27,1.7769659813133016e-06,1.7318226150215696e-19,1.787568944958977e-18,2.0170078650167884e-23,1.0138778176281815e-24,5.4760167809684753e-11,3.173215671423654e-20,9.673348453812003e-05,2.8809612618283067e-06,5.035996422040319e-08,2.9524663734631314e-13,9.818965962966512e-12,2.6150696973781477e-10,3.724628522555316e-18,1.1984946777152966e-13,8.259256570967659e-13,1.1975732482568874e-08,4.703311607003022e-15,1.1391767290937348e-12,5.5367393877252045e-12,3.148976621834051e-20,1.4618685418506344e-18,5.4735505622011354e-11,1.5150888602518084e-22,2.1912006198707894e-24,4.2820310509379155e-24,2.823532369271449e-18,9.125991392766996e-27,1.8740049925143162e-23,4.542774915200038e-21
2.16793187053612e-10,0.16628943999999996,0.8585084662769803,0.0,0.0,0.45220030583401216,0.11856422916478075,0.02282002109036135,1.0911765576718361e-20,2.780426130466786e-14,1.7493283642611807e-09,6.210157965436988e-13,2.4331873680878e-14,2.7819891373003592e-30,1.913480317952623e-06,1.668754040152734e-27,1.9074140624657814e-06,2.2599335046827594e-19,2.374840963848929e-18,2.799826727381792e-23,1.3559687229393238e-24,6.311338054837549e-11,4.297896453052883e-20,0.00010381016622458844,3.093057079065929e-06,5.453353774362892e-08,3.315938496204992e-13,1.0564031110079972e-11,2.638453269449238e-10,4.302317613458931e-18,1.2092114440644085e-13,8.429949573605724e-13,1.293664152930536e-08,5.457742351320793e-15,1.4066427887502418e-12,5.9519861834151675e-12,4.3053209039658275e-20,1.8300600658006398e-18,6.30794987164992e-11,1.9040475589000495e-22,2.9329887493928192e-24,5.9696020622196585e-24,3.740105596053274e-18,1.2361669763391168e-26,2.5024762145748058e-23,5.785799725546239e-21
2.316627843306741e-10,0.16628943999999996,0.8585084662769803,0.0,0.0,0.4521930182438784,0.11855702664652189,0.02281991503659779,1.4652420565203882e-20,3.3916162072495e-14,1.997006817885879e-09,7.623065118401431e-13,2.968858415260852e-14,4.028533422122422e-30,2.044726193232312e-06,2.445884923979551e-27,2.037806492070487e-06,2.894700495739073e-19,3.096111575759751e-18,3.8056679221851573e-23,1.778731475380347e-24,7.205801255243323e-11,5.724202489196868e-20,0.00011088046550874834,3.3051450507975663e-06,5.8763868814136094e-08,3.7015488510342117e-13,1.130909099656074e-11,2.661836829949642e-10,4.936254915440458e-18,1.219928205854558e-13,8.609941205610917e-13,1.3906070413699004e-08,6.272110328345682e-15,1.712515744850748e-12,6.367220592703086e-12,5.805031761456894e-20,2.2564808766380032e-18,7.201334713545785e-11,2.3581502158984983e-22,3.850610320320138e-24,8.259802769506632e-24,4.8616831980954425e-18,1.646544179829163e-26,3.277162267025487e-23,7.244792344492139e-21
2.614019788847983e-10,0.16628943999999996,0.8585084662769803,0.0,0.0,0.4521784620154412,0.11854264070769228,0.022819702939022878,2.4994942335019717e-20,4.86989628359586e-14,2.541325489534646e-09,1.1073931049073071e-12,4.2649313689738536e-14,7.919655373608023e-30,2.307218811251377e-06,4.89505843511812e-27,2.2984245556711255e-06,4.531676643155713e-19,5.0177671626639926e-18,6.666846302422429e-23,2.915180178743032e-24,9.172055073569228e-11,9.704535398645269e-20,0.0001250019398989309,3.729297476409229e-06,6.739470927954143e-08,4.540814326548118e-13,1.279919494126902e-11,2.7086039151829484e-10,6.384206915680603e-18,1.241361715540272e-13,8.998914134294161e-13,1.5870480705116845e-08,8.083704041510231e-15,2.4492608085690003e-12,7.1976522936234555e-12,1.0123526511221152e-19,3.302322116859859e-18,9.164920390625979e-11,3.4862836164984783e-22,6.3210148978489896e-24,1.536985860512548e-23,7.83298483410685e-18,2.791882881616076e-26,5.350913911157914e-23,1.0887037315816856e-20
2.9114117343892247e-10,0.16628943999999996,0.8585084662769803,0.0,0.0,0.45216393101790386,0.11852828019413339,0.02281949085469886,4.014763856022235e-20,6.72492812636506e-14,3.150846558051341e-09,1.5456916424488744e-12,5.891987114633718e-14,1.4505021991485918e-29,2.5697125713602733e-06,9.067171245354952e-27,2.558820489878114e-06,6.740394228841119e-19,7.719287207677493e-18,1.101562751508954e-22,4.530008182635038e-24,1.1374581772626054e-10,1.561346955612771e-19,0.00013909795371406817,4.153418575758836e-06,7.625229669405722e-08,5.473520612704753e-13,1.4289277694458143e-11,2.755370952050748e-10,8.091139472285746e-18,1.2627952068622831e-13,9.428390782431085e-13,1.7868949197474296e-08,1.0144185031929643e-14,3.3687451058682424e-12,8.028034573453317e-12,1.6763133158183454e-19,4.636577073579125e-18,1.136402664221913e-10,4.950651253758989e-22,9.837972661461842e-24,2.7416071655125465e-23,1.1979770006538072e-17,4.492349488283748e-26,8.28087879535273e-23,1.5625311585767275e-20
3.2088036799304666e-10,0.16628943999999996,0.8585084662769803,0.0,0.0,0.4521494252054918,0.11851394505994191,0.02281927878360334,6.146475645546322e-20,8.99933998317677e-14,3.825474828574486e-09,2.0892977075663316e-12,7.887625973497666e-14,2.5089298130034964e-29,2.8322074561673776e-06,1.5782563973632947e-26,2.81899461196489e-06,9.62224105259796e-19,1.1387430318512343e-17,1.7359853553182183e-22,6.744582709515416e-24,1.3813185306089675e-10,2.403787171561031e-19,0.0001531685528761843,4.577508385562769e-06,8.533644166412042e-08,6.502921790804e-13,1.5779339157238474e-11,2.802137937836931e-10,1.0079690994625543e-17,1.2842286791832246e-13,9.900631085509704e-13,1.990146144604001e-08,1.2459645787528737e-14,4.489948100282094e-12,8.858367514984149e-12,2.651555774302598e-19,6.2973280951404275e-18,1.3798372927616655e-10,6.805947156090678e-22,1.4670072237197094e-23,4.686132840722125e-23,1.7569525031302334e-17,6.916900433810055e-26,1.2275293461331853e-22,2.162035272271961e-20
3.5061956254717084e-10,0.16628943999999996,0.8585084662769803,0.0,0.0,0.4521349445325154,0.11849963525929776,0.02281906672571396,9.048847902014286e-20,1.1735721785492563e-13,4.565115967380988e-09,2.7505918482654715e-12,1.0289437297530206e-13,4.139560125047002e-29,3.0947034483221715e-06,2.6104140916038125e-26,3.0789472387161265e-06,1.328162943185386e-18,1.62289392452026e-17,2.630874135841642e-22,9.695191680331788e-24,1.648767004405321e-10,3.5654646089890415e-19,0.00016721378322407906,5.001566942158649e-06,9.464695430755803e-08,7.632268197697663e-13,1.7269379239722317e-11,2.8489048699525164e-10,1.2372483910504716e-17,1.3056621319735814e-13,1.0417939385726438e-12,2.196800272072725e-08,1.5036178913729908e-14,5.8315016562505435e-12,9.688651200806722e-12,4.0310459411369345e-19,8.323554283232461e-18,1.6467679115900395e-10,9.110483141767e-22,2.1119868834303842e-23,7.69502101913634e-23,2.4894103736224578e-17,1.0260409872230158e-25,1.7564982612527712e-22,2.903782961809216e-20
3.8035875710129503e-10,0.16628943999999996,0.8585084662769803,0.0,0.0,0.4521204889533696,0.11848535074646391,0.022818854681008405,1.289545904394913e-19,1.497662575594388e-13,5.3696765039364315e-09,3.5422393638325873e-12,1.313499953815619e-13,6.564485634224293e-29,3.3572005305151017e-06,4.137295462528953e-26,3.3386786864284114e-06,1.782541938960508e-18,2.2470517941379113e-17,3.8581375042448397e-22,1.3533381387826954e-23,1.9397840772447125e-10,5.12326885460302e-19,0.00018123369051347958,5.4255942815057194e-06,1.041836442363217e-07,8.864806411743751e-13,1.8759397846378857e-11,2.895671746723772e-10,1.4992125229202877e-17,1.3270955651755273e-13,1.0982664323702318e-12,2.406855800622843e-08,1.7879877047661148e-14,7.41169606866936e-12,1.0518885713306413e-11,5.921940827210363e-19,1.0755130695655505e-17,1.9371665485219416e-10,1.1926274572818603e-21,2.952481859559935e-23,1.2183574039427072e-22,3.426896493596311e-17,1.4744228890890221e-25,2.440332964199933e-22,3.8048341924038665e-20
4.100979516554192e-10,0.16628943999999996,0.8585084662769803,0.0,0.0,0.45210605842253365,0.11847109147578612,0.02281864264946439,1.7879815818588794e-19,1.8764567029742275e-13,6.239063833021597e-09,4.4771900868313665e-12,1.6461880312955156e-13,1.0064156602370223e-28,3.619698685477432e-06,6.324437917377627e-26,3.5981892709109276e-06,2.3362444691127473e-18,3.035880861339052e-17,5.501509840764796e-22,1.842629463557602e-23,2.2543502692457357e-10,7.163450205532333e-19,0.0001952283204171928,5.849590439185257e-06,1.1394632053984072e-07,1.0203779239167403e-12,2.024939487780214e-11,2.942438566136581e-10,1.7961207110174925e-17,1.348528978629726e-13,1.1597198723646946e-12,2.6203112002357712e-08,2.0996832774806172e-14,9.248486014266113e-12,1.134907113467823e-11,8.445915364535427e-19,1.3632827536191404e-17,2.251005272206617e-10,1.53191259412983e-21,4.0258212085771186e-23,1.867092896767355e-22,4.6032430410094247e-17,2.0616647236280053e-25,3.3066247178828257e-22,4.8827417868475207e-20
4.398371462095434e-10,0.16628943999999996,0.8585084662769803,0.0,0.0,0.45209165289457104,0.11845685740169297,0.02281843063105969,2.4215921708926505e-19,2.31420242888162e-13,7.173186216929673e-09,5.5686781611873555e-12,2.030763647017036e-13,1.4986582712626793e-28,3.882197895981091e-06,9.372465529819897e-26,3.857479307486121e-06,3.000312726871792e-18,4.016036881187147e-17,7.657379039756042e-22,2.455700853716685e-23,2.5924461419942726e-10,9.781752120639971e-19,0.0002091977185252572,6.273555450400966e-06,1.2393479176805362e-07,1.165242569901231e-12,2.1739370238846478e-11,2.9892053258293104e-10,2.1302307436235735e-17,1.3699623720746346e-13,1.2263979479840685e-12,2.8371649124273406e-08,2.4393138542985347e-14,1.1359496410818846e-11,1.2179207546924581e-11,1.1739429919130438e-18,1.699830933325055e-17,2.588256192055369e-10,1.9358716272656465e-21,5.373010696900555e-23,2.779328982156897e-22,6.054496483214346e-17,2.8153270885357937e-25,4.385214771115674e-22,6.155551172129653e-20
4.695763407636676e-10,0.16628943999999996,0.8585084662769803,0.0,0.0,0.4520772723241297,0.11844264847869555,0.022818218625772133,3.2138844294088724e-19,2.815144040792007e-13,8.171952787731299e-09,6.830221816612426e-12,2.470981415089163e-13,2.175715996969596e-28,4.144698144838525e-06,1.3520768504303268e-25,4.116549110990362e-06,3.785917248832398e-18,5.2161648609175705e-17,1.043560083331289e-21,3.212487134182279e-23,2.954052298485275e-10,1.3083517070023779e-18,0.00022314193034509455,6.69748934997939e-06,1.3414886591433846e-07,1.3213981008015137e-12,2.322932383608687e-11,3.0359720237037916e-10,2.50379903912727e-17,1.3913957454292627e-13,1.2985487443964964e-12,3.057415350264255e-08,2.807488657733367e-14,1.3762028171461786e-11,1.300929503184937e-11,1.5953943521344548e-18,2.0894134107584486e-17,2.948891458169515e-10,2.4118684325898005e-21,7.03882597931688e-23,4.0317354124694744e-22,7.818847920151733e-17,3.7657323000198535e-25,5.708191432350269e-22,7.641800290899593e-20
5.29054729871916e-10,0.16628943999999996,0.8585084662769803,0.0,0.0,0.4520485858748214,0.11841430590444439,0.02281779465445987,5.379412926840545e-19,4.023574568535756e-13,1.0363059381419261e-08,9.918967828338382e-12,3.5333565463476376e-13,4.299624879371318e-28,4.669701689066247e-06,2.6291877176405197e-25,4.634029275704987e-06,5.7669331906299085e-18,8.400849364133163e-17,1.837063666070679e-21,5.245280605910671e-23,3.7477180813703994e-10,2.2207248119379196e-18,0.0002509549767375946,7.5452639516471965e-06,1.5525305205160172e-07,1.668873993534579e-12,2.6209165357516768e-11,3.1295052256111277e-10,3.378329594447146e-17,1.4342624318611673e-13,1.4602827489328749e-12,3.508099913047442e-08,3.6319076725801636e-14,1.9509272988612737e-11,1.466932354597789e-11,2.7827693579368297e-18,3.045150702818186e-17,3.7402038326188666e-10,3.61146173293886e-21,1.1524844363995136e-22,7.937179648052731e-22,1.24499356560334e-16,6.391995455287541e-25,9.226875646740205e-22,1.1331231862541543e-19
5.825852800693395e-10,0.16628943999999996,0.8585084662769803,0.0,0.0,0.4520228529719106,0.11838888314970653,0.02281741312491772,8.152031024685697e-19,5.36979970967662e-13,1.2555244739988504e-08,1.3421852493048901e-11,4.717434899382049e-13,7.466776399614651e-28,5.1422082584401e-06,4.487530945168624e-25,5.099011375354804e-06,8.079441107751046e-18,1.2347384655135158e-16,2.904656097572271e-21,7.800787088657479e-23,4.5422287113773846e-10,3.4012046841502034e-18,0.0002759010362293644,8.308155033020929e-06,1.750164433576669e-07,2.0234548518138134e-12,2.889094733960077e-11,3.2136848751245686e-10,4.3229647659475064e-17,1.472842381568227e-13,1.627138434437069e-12,3.9253163195374075e-08,4.47761700633497e-14,2.5845923193317976e-11,1.616318269392653e-11,4.349575960579484e-18,4.131212132720791e-17,4.532080874233414e-10,5.0197468842009245e-21,1.718162618877546e-22,1.3700072253016817e-21,1.8113415958778587e-16,9.789984725356212e-25,1.3597307830614027e-21,1.5577738157559164e-19
6.36115830266763e-10,0.16628943999999996,0.8585084662769803,0.0,0.0,0.4519972002298817,0.11836354118083377,0.022817031637531963,1.1906621872199527e-18,6.986630120884795e-13,1.495550409344903e-08,1.7698912382461312e-11,6.140137259139904e-13,1.23651901373063e-27,5.614717926616072e-06,7.291117926121733e-25,5.563284794041907e-06,1.0963222078400285e-17,1.7542796221093594e-16,4.414664761690527e-21,1.1209872421744543e-22,5.412612884950938e-10,5.011575941916615e-18,0.0003007661961185865,9.07094583711739e-06,1.955077748256354e-07,2.4196320376444656e-12,3.1572657333779755e-11,3.2978642915665393e-10,5.430480127599937e-17,1.5114222678721133e-13,1.8157836212436725e-12,4.3535121394389275e-08,5.425282350052468e-14,3.338194562184127e-11,1.7656884580683376e-11,6.520385583611585e-18,5.4593656356930044e-17,5.399291928301755e-10,6.794952612863038e-21,2.474924376747754e-22,2.249867924854872e-21,2.547639516240367e-16,1.4425330266945521e-24,1.9360985782249094e-21,2.082659196894402e-19
6.896463804641865e-10,0.16628943999999996,0.8585084662769803,0.0,0.0,0.45197162738726476,0.11833827973550078,0.022816650192174742,1.6863910360380796e-18,8.898697987918518e-13,1.7563339272330998e-08,2.283922675006778e-11,7.82332256348947e-13,1.967489273582708e-27,6.087230594802452e-06,1.136878130640205e-24,6.026851350400709e-06,1.4485794237194143e-17,2.4225771269203323e-16,6.490191616343275e-21,1.5652048277810675e-22,6.358758968354974e-10,7.148802495043081e-18,0.00032555071883709675,9.833636553462094e-06,2.167259043492486e-07,2.859278363632431e-12,3.425429479268659e-11,3.382043462396831e-10,6.71399336647192e-17,1.550002092683762e-13,2.027822519366326e-12,4.792677092299778e-08,6.478454767710343e-14,4.220724788043387e-11,1.9150429676311278e-11,9.439399687738998e-18,7.057650384932419e-17,6.341676036060295e-10,8.995458750516263e-21,3.4637387396454753e-22,3.543329628543348e-21,3.483073376958706e-16,2.057703774849055e-24,2.6785916202998752e-21,2.7203699308673317e-19
7.4317693066161e-10,0.16628943999999996,0.8585084662769803,0.0,0.0,0.45194613418346236,0.11831309855223707,0.02281626878871865,2.3271252982424856e-18,1.1130603497785901e-12,2.037826144078075e-08,2.8934837719500536e-11,9.78883893652078e-13,3.0256885698717213e-27,6.559746164621407e-06,1.7119831826322355e-24,6.489712858013137e-06,1.8715001738966513e-17,3.265569928004008e-16,9.27461308291371e-21,2.1326574795189027e-22,7.380555757887921e-10,9.920305083524696e-18,0.0003502548659614321,1.0596227367654814e-05,2.386696826549873e-07,3.3442625133096074e-12,3.6935859170254745e-11,3.466222375828774e-10,8.186612562586062e-17,1.588581859111456e-13,2.2649045188217096e-12,5.2428006009800436e-08,7.6406844131662e-14,5.2408763481424474e-11,2.0643818448836546e-11,1.3267319664296904e-17,8.955036465418405e-17,7.359072660195405e-10,1.1684474833972944e-20,4.730272234754779e-22,5.385180053204499e-21,4.64859534503345e-16,2.8554165961553508e-24,3.616346410095284e-21,3.484012457020436e-19
7.967074808590335e-10,0.16628943999999996,0.8585084662769803,0.0,0.0,0.4519207203587465,0.11828799737042414,0.0228158874270367,3.1403706567740374e-18,1.3706916269971547e-12,2.3399791149701937e-08,3.608074536479426e-11,1.205852377403146e-12,4.518194208781885e-27,7.032264538106306e-06,2.5021155883953193e-24,6.9518711254198874e-06,2.3718926026296525e-17,4.3112629821328674e-16,1.293295784198936e-20,2.845308774624214e-22,8.477892478773181e-10,1.344400086687347e-17,0.0003748788982156446,1.135871846137784e-05,2.613379529939844e-07,3.876449004491627e-12,3.961734992524832e-11,3.550401019504026e-10,9.861437359308247e-17,1.6271615709102063e-13,2.5287239481663595e-12,5.703871792159881e-08,8.91552037026408e-14,6.407054560196494e-11,2.2137051364267085e-11,1.8181422812308886e-17,1.1181423106724022e-16,8.451321683505559e-10,1.4930197633697848e-20,6.325063240718969e-22,7.937617246861055e-21,6.076824370443483e-16,3.869593298554312e-24,4.78082989437123e-21,4.387208678359919e-19
8.502380310564569e-10,0.16628943999999996,0.8585084662769803,0.0,0.0,0.4518953856542563,0.11826297593029282,0.02281550610700236,4.156509612636554e-18,1.6652176829556126e-12,2.6627458391704852e-08,4.43749026575043e-11,1.465420382352629e-12,6.576141682093507e-27,7.5047856176990634e-06,3.563430754073167e-24,7.413327956131391e-06,2.9565826160188215e-17,5.589723055175515e-16,1.7653258747536286e-20,3.7272223752010534e-22,9.65065878404719e-10,1.784833342758171e-17,0.000399423075474105,1.2121110012404354e-05,2.8472955083568386e-07,4.457698150700378e-12,4.229876651772404e-11,3.6345793807771154e-10,1.1751560148569698e-16,1.6657412326710468e-13,2.8210198272441494e-12,6.175879496845272e-08,1.0306510493221971e-13,7.727385805673503e-11,2.3630128886595642e-11,2.4375618781807995e-17,1.376763687673639e-16,9.618263407568089e-10,1.8805967751906268e-20,8.303695910331462e-22,1.1392905702404489e-20,7.801952400276449e-16,5.137179473574387e-24,6.205834111082386e-21,5.444095538434746e-19
9.037685812538804e-10,0.16628943999999996,0.8585084662769803,0.0,0.0,0.4518701298119956,0.11823803397292032,0.02281512482848953,5.4089081799136005e-18,1.9990898120981623e-12,3.006080265773236e-08,5.391821028370647e-11,1.759769525915195e-12,9.358001330333224e-27,7.977309306247483e-06,4.961261114960569e-24,7.874085148638577e-06,3.6324101974391506e-17,7.133074540736196e-16,2.3647881091437788e-20,4.804624360829471e-22,1.0898744753444825e-09,2.3272295243395883e-17,0.00042388765676429796,1.2883402194606922e-05,3.0884330356342654e-07,5.089866021251237e-12,4.498010840803011e-11,3.718757447849208e-10,1.3870067271617172e-16,1.704320850400649e-13,3.143575616177403e-12,6.658812250878799e-08,1.181720124633244e-13,9.2097263634109e-11,2.5123051477792278e-11,3.206049066747119e-17,1.6745429836374356e-16,1.0859738551410312e-09,2.3390425575807668e-20,1.072697381042042e-21,1.5976034940098962e-20,9.859655718438546e-16,6.698150168093256e-24,7.927470861029378e-21,6.669324560125269e-19
9.57299131451304e-10,0.16628943999999996,0.8585084662769803,0.0,0.0,0.45184495257482976,0.11821317124022748,0.02281474359137254,6.934022480302938e-18,2.3747567063102285e-12,3.3699372995319884e-08,6.481451132819862e-11,2.091080375169683e-12,1.305305393127792e-26,8.449835507002634e-06,6.770826573805063e-24,8.334144496423348e-06,4.406227336490684e-17,8.975495297505612e-16,3.115482808148103e-20,6.105965365157282e-22,1.2222040892281979e-09,2.9865444824533335e-17,0.00044827290026960707,1.3645595177966094e-05,3.336780301729612e-07,5.774804399976754e-12,4.7661375060968076e-11,3.802935208649201e-10,1.6230040234890293e-16,1.7429004310695046e-13,3.4982189587552336e-12,7.152658295486672e-08,1.3451137544410492e-13,1.0861670980289895e-10,2.6615819597820093e-11,4.1463325240464574e-17,2.0147477654987542e-16,1.2175588250185137e-09,2.876766640776198e-20,1.3661093136761971e-21,2.1947378568458542e-20,1.2287011283880679e-15,8.595514043091137e-24,9.98416640817515e-21,8.07806135842703e-19
9.999999999999999e-10,0.16628943999999996,0.8585084662769803,0.0,0.0,0.45182492509362465,0.11819339508018856,0.02281443951133588,8.372533890520518e-18,2.706025700643003e-12,3.67486818917691e-08,7.454779666004691e-11,2.3833232252126487e-12,1.6803684747069986e-26,8.82676741005168e-06,8.56652219172399e-24,8.700630799335763e-06,5.098341757951047e-17,1.0683766078374327e-15,3.840359494597885e-20,7.325072231464491e-22,1.3331475940325714e-09,3.6069773336999796e-17,0.0004676680901823822,1.4253519079800292e-05,3.5400462651086285e-07,6.360245961981387e-12,4.9800144561526096e-11,3.870082870645527e-10,1.8294446815625216e-16,1.773675015928824e-13,3.8053717361974524e-12,7.554411920133288e-08,1.4845251244879609e-13,1.2305936938466626e-10,2.7806477691060008e-11,5.035826432574398e-17,2.318788771873469e-16,1.3278451181273552e-09,3.368525996368816e-20,1.641568025175056e-21,2.7904201301972504e-20,1.4513966184076055e-15,1.0380905423839443e-23,1.1892172633714388e-20,9.343840746427412e-19
1.0108296816487274e-09,0.16628943999999996,0.8585084662769803,0.0,0.0,0.45181985368648386,0.11818838747497606,0.02281436239552618,8.771505233046659e-18,2.794664614451164e-12,3.754272806836258e-08,7.717058582825088e-11,2.4615324534047466e-12,1.7885060768035695e-26,8.922364123616228e-06,9.077945477435427e-24,8.79350778796885e-06,5.2848966014912024e-17,1.115321250490732e-15,4.0439025636538826e-20,7.661982518413023e-22,1.3620438130335157e-09,3.778792170734841e-17,0.0004725790633320907,1.4407689128579136e-05,3.5923254097296845e-07,6.514360741963115e-12,5.034256594416985e-11,3.8871126504959816e-10,1.884455693958177e-16,1.7814799825202101e-13,3.886821419204126e-12,7.657405577831803e-08,1.5211862593857792e-13,1.269056119200719e-10,2.810843370464467e-11,5.2828138824969867e-17,2.4007377687635885e-16,1.3565654053850926e-09,3.502739453382223e-20,1.7177815424958083e-21,2.9605351240027076e-20,1.5122417676209572e-15,1.0875316923516096e-23,1.2416656209387058e-20,9.685985123238406e-19
1.064360231846151e-09,0.16628943999999996,0.8585084662769803,0.0,0.0,0.4517948328915394,0.11816368242076597,0.022813981240825638,1.096431213283328e-17,3.2612575058751896e-12,4.159043621829543e-08,9.109614519725579e-11,2.8733042462375176e-12,2.4116127002599763e-26,9.394895060138032e-06,1.1979745774576044e-23,9.252176806769479e-06,6.275289974580221e-17,1.3704498537017947e-15,5.1793587926570155e-20,9.505761193359563e-22,1.509382782071791e-09,4.7210460559018766e-17,0.0004968064024552491,1.5169684208668865e-05,3.855056372873354e-07,7.310378128897589e-12,5.302368052514427e-11,3.9712897614903006e-10,2.17266929260684e-16,1.8200595141695525e-13,4.311298215408755e-12,8.173041751563104e-08,1.7102917732490946e-13,1.4703493401895764e-10,2.9600894254224377e-11,6.641570137003785e-17,2.8359647013519036e-16,1.5029777925855672e-09,4.226507657816196e-20,2.1354639967759575e-21,3.928906242697674e-20,1.840552037639547e-15,1.3586645071982998e-23,1.526797967070983e-20,1.1509288061940837e-18
1.1178907820435744e-09,0.16628943999999996,0.8585084662769803,0.0,0.0,0.4517698899354324,0.11813905582203248,0.02281360012714655,1.3558808108209415e-17,3.776977237893615e-12,4.584207552659515e-08,1.0670382651895418e-10,3.328573207330774e-12,3.2050757209223195e-26,9.867428221013269e-06,1.5585376633374473e-23,9.710153331340653e-06,7.384287959180879e-17,1.6669666854660897e-15,6.554106484927157e-20,1.1672796553296889e-21,1.6642101738753934e-09,5.83144043585884e-17,0.0005209551733067817,1.593158057659261e-05,4.1249611116033465e-07,8.164695223308467e-12,5.5704718274577275e-11,4.055466529843725e-10,2.488952263280531e-16,1.8586390367659846e-13,4.773607947025323e-12,8.699554177398805e-08,1.912784227031137e-13,1.6907326725785587e-10,3.1093201700521495e-11,8.250355864975584e-17,3.3239720435880266e-16,1.6567802241825315e-09,5.0582093999837414e-20,2.6274975798285763e-21,5.138096706264897e-20,2.217714112876626e-15,1.678162822538593e-23,1.8583474930739116e-20,1.3564674803515317e-18
1.171421332240998e-09,0.16628943999999996,0.8585084662769803,0.0,0.0,0.4517450245644501,0.11811450742404342,0.02281321905436498,1.6604873452667443e-17,4.34426372715741e-12,5.0297233878528605e-08,1.2410918671217005e-10,3.829515763728209e-12,4.204010337752056e-26,1.033996351108006e-05,2.0016720478758894e-23,1.0167439135228366e-05,8.618779033136938e-17,2.0091067915695983e-15,8.203467229041463e-20,1.420105489951106e-21,1.8265152080846699e-09,7.129171640984164e-17,0.000545025630721336,1.6693378386851285e-05,4.402027450642071e-07,9.079146220787878e-12,5.838567866698215e-11,4.139642942943927e-10,2.834612066802112e-16,1.8972185620283047e-13,5.275752315972392e-12,9.236929923726172e-08,2.1290173331581817e-13,1.9308690608672284e-10,3.258535649551748e-11,1.0138605209880716e-16,3.8683948444088126e-16,1.8179569788256275e-09,6.008589439537229e-20,3.2028313088273708e-21,6.630951324162547e-20,2.6479211189289947e-15,2.0515442310682118e-23,2.241077367337216e-20,1.5869361775294784e-18
1.2249518824384214e-09,0.16628943999999996,0.8585084662769803,0.0,0.0,0.45172023652572935,0.11809003697289658,0.022812838022357437,2.0156009821756963e-17,4.965555124927957e-12,5.4955509028068566e-08,1.4343069656614894e-10,4.37830732082819e-12,5.448640531748035e-26,1.0812500835566867e-05,2.5409105457928453e-23,1.0624035987018492e-05,9.985659360206067e-17,2.401308510346237e-15,1.0165950602831745e-19,1.71310348162863e-21,1.9962871463345396e-09,8.634499147337153e-17,0.0005690180287032448,1.745507779009857e-05,4.6862431160840893e-07,1.0055560800664822e-11,6.106656117715513e-11,4.223818988723131e-10,3.210956309530049e-16,1.9357981033409309e-13,5.8197758433178756e-12,9.785155767191699e-08,2.359344569485098e-13,2.1913992219615254e-10,3.407735908920378e-11,1.2337433686586837e-16,4.472959513731857e-16,1.9864923761212025e-09,7.089014198934959e-20,3.8710394234048574e-21,8.455178674484e-20,3.1354708257408953e-15,2.4846311875416073e-23,2.6799795967344364e-20,1.844107654663401e-18
1.278482432635845e-09,0.16628943999999996,0.8585084662769803,0.0,0.0,0.45169552556725345,0.11806564421551684,0.022812457031000828,2.42694460893923e-17,5.6432879961990186e-12,5.981650866389541e-08,1.6478973464679258e-10,4.977122267016511e-12,6.984762327471206e-26,1.1285040100089937e-05,3.191201826556256e-23,1.1079945650345863e-05,1.1491832602050356e-16,2.848213067331828e-15,1.2483374014010535e-19,2.0505828111654194e-21,2.173515292140707e-09,1.0368746653687627e-16,0.0005929326204292591,1.8216678933150232e-05,4.977595732516551e-07,1.1095764075869156e-11,6.374736528175387e-11,4.307994655615457e-10,3.6192928733481354e-16,1.9743776758031528e-13,6.4077655819691014e-12,1.0344218193318721e-07,2.6041191633839324e-13,2.472942363153765e-10,3.5569209929586505e-11,1.4879639914127314e-16,5.141483610961288e-16,2.162370776502378e-09,8.311486723786431e-20,4.64233845204944e-21,1.0663615195951428e-19,3.684759688696372e-15,2.98355124449651e-23,3.1802745131871635e-20,2.129805713086011e-18
1.3320129828332684e-09,0.16628943999999996,0.8585084662769803,0.0,0.0,0.4516708914378497,0.11804132889965355,0.022812076080172505,2.900624405636885e-17,6.379897502627224e-12,6.487985047640249e-08,1.8831058107440478e-10,5.628133977978355e-12,8.864226246106355e-26,1.1757581210650808e-05,3.968981738152446e-23,1.1535169883903107e-05,1.3144209741746312e-16,3.3546641717202126e-15,1.520098107180544e-19,2.43711805522122e-21,2.3581889907854758e-09,1.2354303151399827e-16,0.0006167696582512662,1.897818195899353e-05,5.276072820167675e-07,1.2201576540863735e-11,6.642809046160153e-11,4.3921699311853826e-10,4.0609300468628605e-16,2.0129572956714168e-13,7.041850820755594e-12,1.0914103397151995e-07,2.8636940760905323e-13,2.7760968792750926e-10,3.7060909462706275e-11,1.779970733551947e-16,5.877875629728349e-16,2.345576581099515e-09,9.688661514565604e-20,5.527604210946721e-21,1.331448889578785e-19,4.300277217476219e-15,3.5547372887244216e-23,3.747410263117919e-20,2.4459051259080257e-18
1.385543533030692e-09,0.16628943999999996,0.8585084662769803,0.0,0.0,0.45164633388718695,0.11801709077387781,0.022811695169750228,3.443140400388526e-17,7.1778175892302765e-12,7.014516222562633e-08,2.141204111733025e-10,6.3335148207079316e-12,1.114543895115617e-25,1.223012407363376e-05,4.892244677992836e-23,1.1989710441449275e-05,1.4949708925134519e-16,3.925707614615717e-15,1.8367558557937407e-19,2.877555239017427e-21,2.5502976292031457e-09,1.4614623984958053e-16,0.0006405293936990032,1.973958700679678e-05,5.581661792072346e-07,1.337481401773999e-11,6.910873619872256e-11,4.47634480317235e-10,4.537176657855986e-16,2.0515369809098196e-13,7.724202784452846e-12,1.1494797283891572e-07,3.1384219867506735e-13,3.1014410296556253e-10,3.8552458132632016e-11,2.1133805920214667e-16,6.68613477885526e-16,2.536094231611077e-09,1.1233859263522912e-19,6.538388768553162e-21,1.647168267584088e-19,4.986600654295685e-15,4.2049277705483166e-23,4.387062299618881e-20,2.7943315622864567e-18
1.4390740832281154e-09,0.16628943999999996,0.8585084662769803,0.0,0.0,0.45162185266577315,0.11799292958757979,0.02281131429961219,4.06139700847582e-17,8.039481174814769e-12,7.561208181002598e-08,2.423492889935012e-10,7.095436157232623e-12,1.389388411550526e-25,1.2702668595803357e-05,5.98061501267483e-23,1.2443569071818249e-05,1.6915255350217144e-16,4.566590869077101e-15,2.203555205449061e-19,3.377017868075241e-21,2.7498306358649863e-09,1.7174231893180765e-16,0.0006642120774827595,2.0500894211918935e-05,5.894349951263511e-07,1.4617287601777467e-11,7.178930197600122e-11,4.560519260134281e-10,5.04934220713464e-16,2.0901167515573287e-13,8.457034330876227e-12,1.2086285469543797e-07,3.4286552764813974e-13,3.4495335954859943e-10,4.004385638145898e-11,2.491979382863497e-16,7.570350759487191e-16,2.7339082101748757e-09,1.2961081495681271e-19,7.686937371406184e-21,2.0204997285803282e-19,5.7483899447423165e-15,4.9411669305060096e-23,5.105132877142498e-20,3.1770615070909965e-18
1.492604633425539e-09,0.16628943999999996,0.8585084662769803,0.0,0.0,0.4515974475249527,0.11796884509096583,0.02281093346963701,4.762713554550637e-17,8.967320346095872e-12,8.12802573360389e-08,2.731301607049415e-10,7.91606834806739e-12,1.7182662551091164e-25,1.317521468430192e-05,7.255418542309865e-23,1.2896747518926883e-05,1.9047781202899548e-16,5.2827626919481395e-15,2.6261180279719664e-19,3.940912938796097e-21,2.9567774806637518e-09,2.00587180315477e-16,0.0006878179594960698,2.1262103705919443e-05,6.21412448799505e-07,1.593080360532568e-11,7.446978728014275e-11,4.644693289905144e-10,5.598737003544021e-16,2.1286966290953613e-13,9.242599638545289e-12,1.2688553281607788e-07,3.734746012888222e-13,3.8209145181500603e-10,4.153510464933027e-11,2.9197219039791667e-16,8.534703538467568e-16,2.939003039239712e-09,1.4885025081234353e-19,8.986205292711023e-21,2.459041390345693e-19,6.5903829854899085e-15,5.770805025121851e-23,5.907750548999156e-20,3.5961221781705314e-18
1.5461351836229624e-09,0.16628943999999996,0.8585084662769803,0.0,0.0,0.45157311821690427,0.11794483703505616,0.02281055267970371,5.554834777258827e-17,9.963766555468102e-12,8.714934718833952e-08,3.065988478646455e-10,8.797580755414657e-12,2.1093051645739723e-25,1.3647762246647093e-05,8.739754006102888e-23,1.3349247521782973e-05,2.1354225611463756e-16,6.079872727469467e-15,3.110454817924429e-19,4.5749369276994594e-21,3.1711276747977437e-09,2.3294742984561735e-16,0.0007113472888183996,2.2023215616568056e-05,6.540972476983928e-07,1.7317163499462247e-11,7.715019160010122e-11,4.728866880059776e-10,6.186672300079846e-16,2.1672766367359389e-13,1.0083193889351159e-11,1.3301585759755193e-07,4.0570459342061854e-13,4.2161055190918696e-10,4.3026203374436524e-11,3.4007320960428285e-16,9.58346311798679e-16,3.151363281437388e-09,1.702109663785841e-19,1.0449874641633246e-20,2.9710356334776146e-19,7.51739113375354e-15,6.701498543698709e-23,6.801269667616661e-20,4.053591441041277e-18
1.599665733820386e-09,0.16628943999999996,0.8585084662769803,0.0,0.0,0.45154886449463816,0.11792090517168181,0.022810171929691748,6.445941315535601e-17,1.1031250822385743e-11,9.321902010072945e-08,3.428940405569901e-10,9.742141746124194e-12,2.57150841570934e-25,1.4120311190729364e-05,1.0458564629934744e-22,1.3801070814492986e-05,2.384153459895949e-16,6.9637711126659725e-15,3.6629758816254515e-19,5.285081759136225e-21,3.3928707706543967e-09,2.691003777495454e-16,0.0007348003137178201,2.278423006785486e-05,6.874880874675532e-07,1.8778163855278828e-11,7.983051442524847e-11,4.813040019158538e-10,6.814460431343975e-16,2.20585680006753e-13,1.0981152949840133e-11,1.392536765651522e-07,4.395906433280783e-13,4.635610701770955e-10,4.451715299300772e-11,3.9393032029476253e-16,1.07209893014388e-15,3.3709735394550973e-09,1.938542681568139e-19,1.2092371139988157e-20,3.565395282864545e-19,8.534294963971608e-15,7.741210426595938e-23,7.792269887269321e-20,4.5515977178003584e-18
1.6531962840178094e-09,0.16628943999999996,0.8585084662769803,0.0,0.0,0.45152468611199365,0.11789704925348223,0.02280979121948098,7.444660175866655e-17,1.2172203938311212e-11,9.948895522758775e-08,3.8215729040761985e-10,1.075191869442679e-11,3.1148146420117183e-25,1.459286142480964e-05,1.243870971863641e-22,1.4252219126269559e-05,2.651666103288116e-16,7.940508084503871e-15,4.290502409957538e-19,6.077640751295892e-21,3.6219963616933587e-09,3.093340486989233e-16,0.0007581772816536766,2.354514718000036e-05,7.215836516542746e-07,2.031559628395149e-11,8.251075524796339e-11,4.897212695360264e-10,7.483414952156277e-16,2.2444371464972881e-13,1.1938853042552484e-11,1.4559883437999323e-07,4.751678542266319e-13,5.079917136243488e-10,4.600795393933331e-11,4.539897931806015e-16,1.1951731455529494e-15,3.5978184559081865e-09,2.1994884468971126e-19,1.3928880811942325e-20,4.2517297506504466e-19,9.646040258000422e-15,8.898210289688781e-23,8.887555669502863e-20,5.092319893893255e-18
1.7067268342152329e-09,0.16628943999999996,0.8585084662769803,0.0,0.0,0.45150058282363653,0.1178732690339025,0.022809410548951692,8.560075179874768e-17,1.3389056675187693e-11,1.0595884221581342e-07,4.245330034715687e-10,1.1829077984454519e-11,3.7501596036609156e-25,1.5065412857516795e-05,1.4709036293628678e-22,1.4702694181438814e-05,2.938656458025766e-16,9.016333588811775e-15,5.000277438353678e-19,6.95921454032428e-21,3.858494082329081e-09,3.5394719181373117e-16,0.000781478439279244,2.4305967069465728e-05,7.563826114407929e-07,2.1931247374164595e-11,8.519091356369229e-11,4.98138489615439e-10,8.194850777092331e-16,2.2830177052065306e-13,1.2958710410908559e-11,1.5205117284628232e-07,5.124712916946743e-13,5.549495426886143e-10,4.7498606645769436e-11,5.207148611951377e-16,1.3280228268703272e-15,3.831882713213278e-09,2.486709071034126e-19,1.5975366626362092e-20,5.040371140957939e-19,1.0857634215975963e-14,1.018107463927403e-22,1.0094155791351965e-19,5.67798722384042e-18
1.7602573844126564e-09,0.16628943999999996,0.8585084662769803,0.0,0.0,0.45147655438505724,0.11784956426719069,0.022809029917984565,9.801737391498865e-17,1.4684239997392626e-11,1.1262838127719123e-07,4.701684329957222e-10,1.2975785012559767e-11,4.4895399123003e-25,1.5537965397845274e-05,1.730045077406075e-22,1.5152497699447425e-05,3.245821167091674e-16,1.0197696890960323e-14,5.799976696951679e-19,7.936716982368409e-21,4.102353607812875e-09,4.03249290598229e-16,0.0008047040324443786,2.506668984896309e-05,7.918836253785712e-07,2.3626898629125763e-11,8.787098886844402e-11,5.065556609983127e-10,8.95008432126208e-16,2.321598507972305e-13,1.404318098443879e-11,1.586105309185267e-07,5.515359820580415e-13,6.044800263761269e-10,4.8989111542726416e-11,5.945857352746928e-16,1.4711107505833082e-15,4.073151033461756e-09,2.8020432794363753e-19,1.8248585115774998e-20,5.942400316482235e-19,1.21741418757696e-14,1.1598687086040204e-22,1.1419322856013155e-19,6.3108792295700754e-18
1.8137879346100799e-09,0.16628943999999996,0.8585084662769803,0.0,0.0,0.4514526005525675,0.11782593470839531,0.022808649326460713,1.117967552303064e-16,1.6060185277129772e-11,1.1949728326111582e-07,5.192136720560303e-10,1.4194204189444436e-11,5.346078719769014e-25,1.6010518955152666e-05,2.024599069932606e-22,1.5601631394869506e-05,3.573857546459714e-16,1.1491246188294667e-14,6.697719353597359e-19,9.017381033366054e-21,4.3535646541144334e-09,4.575605728228902e-16,0.000827854306198157,2.5827315627466026e-05,8.280853391260239e-07,2.540432640303502e-11,9.055098066026899e-11,5.149727825332421e-10,9.750433642285449e-16,2.360179588831942e-13,1.519476003396767e-11,1.6527674470912913e-07,5.923969108752987e-13,6.566270958107453e-10,5.047946905868447e-11,6.760996200475732e-16,1.6249085759176196e-15,4.321608178293606e-09,3.1474077920754982e-19,2.0766102899420956e-20,6.969672926869896e-19,1.360068272961023e-14,1.3160238567974571e-22,1.2870532806087933e-19,6.993325596025964e-18
1.8673184848075034e-09,0.16628943999999996,0.8585084662769803,0.0,0.0,0.4514287210832985,0.11780238011336261,0.022808268774261647,1.2704406319392684e-16,1.751932451321382e-11,1.2656526972760828e-07,5.71821646070219e-10,1.5486498942110157e-11,6.334093380013506e-25,1.6483073439157334e-05,2.3580896492366683e-22,1.6050096977413256e-05,3.9234635817123023e-16,1.290382822431386e-14,7.702078652116686e-19,1.0208764606398941e-20,4.612116977802799e-09,5.172120203672949e-16,0.000850929504791507,2.658784451022009e-05,8.649863851889942e-07,2.7265301834548974e-11,9.323088844064935e-11,5.233898529724226e-10,1.059721858302538e-15,2.39876098370239e-13,1.6415981818363966e-11,1.720496474961259e-07,6.350890213996214e-13,7.114331962426436e-10,5.19696796202087e-11,7.657707294621214e-16,1.789896819568006e-15,4.577238948771609e-09,3.5247986944136005e-19,2.354631314661088e-20,8.134845398783058e-19,1.514242752702795e-14,1.4875227562520727e-22,1.4455484439621423e-19,7.727706068476399e-18
1.920849035004927e-09,0.16628943999999996,0.8585084662769803,0.0,0.0,0.4514049157351987,0.11777890023873393,0.022807888261269282,1.4386944919951336e-16,1.9064090553200847e-11,1.3383207302056112e-07,6.28148105186184e-10,1.685483171563986e-11,7.469165093115998e-25,1.695562875993603e-05,2.7342683264222436e-22,1.6497896151927433e-05,4.2953379244822036e-16,1.4442487904591527e-14,8.822092448010327e-19,1.1518756406429109e-20,4.8780003759267695e-09,5.825453790257574e-16,0.0008739298716798315,2.7348276598753504e-05,9.025853826631812e-07,2.921159077952125e-11,9.591071171220328e-11,5.318068711388431e-10,1.149176091538531e-15,2.4373427312267584e-13,1.770941923347396e-11,1.7892906973078237e-07,6.796472129456612e-13,7.689393375623929e-10,5.345974365193532e-11,8.641303023589889e-16,1.9665648300613963e-15,4.8400281852558726e-09,3.9362927803150107e-19,2.66084520290582e-20,9.45140088765807e-19,1.6804595253852323e-14,1.6753460296158358e-22,1.6182098928618683e-19,8.516450340786849e-18
1.9743795852023508e-09,0.16628943999999996,0.8585084662769803,0.0,0.0,0.45138118426703044,0.11775549484194314,0.02280750778736595,1.6238815197093818e-16,2.0696917318820496e-11,1.412974363411491e-07,6.883516165463134e-10,1.830136397482031e-11,8.768210540707578e-25,1.7428184827921512e-05,3.157121265988123e-22,1.6945030618407604e-05,4.690179888899049e-16,1.6114467914431797e-14,1.006727364347572e-18,1.2955581742238676e-20,5.151204685894731e-09,6.539131682693936e-16,0.0008968556495256212,2.8108611990887918e-05,9.408809369799101e-07,3.124495374402746e-11,9.85904499787848e-11,5.40223835908081e-10,1.243538448538878e-15,2.4759248727751046e-13,1.907768345138794e-11,1.8591483904550622e-07,7.261063393824535e-13,8.291851433647467e-10,5.4949661576580346e-11,9.717266179744444e-16,2.1554107617493936e-15,5.10996076727872e-09,4.384048890914153e-19,2.997261507062468e-20,1.0933675191237594e-18,1.8592450277574994e-14,1.8805050967790134e-22,1.805851934000763e-19,9.3620379389272e-18
2.0279101353997745e-09,0.16628943999999996,0.8585084662769803,0.0,0.0,0.4513575264383684,0.11773216368121414,0.022807127352434394,1.8272060070968301e-16,2.2420240034662003e-11,1.4896111382134373e-07,7.525935564286437e-10,1.982825620561484e-11,1.0249555524617216e-24,1.7900741553900213e-05,3.630876474454859e-22,1.739150207200219e-05,5.108689448158843e-16,1.7927208338254503e-14,1.1447620523443534e-18,1.452780831539341e-20,5.431719785353882e-09,7.316786909603635e-16,0.0009197070802010616,2.886885078074932e-05,9.79871639655155e-07,3.33671458142119e-11,1.0127010274754261e-10,5.486407460490671e-10,1.3429415358887914e-15,2.514507451798623e-13,2.0523423548741488e-11,1.9300678026203607e-07,7.745012076393451e-13,8.922088986050366e-10,5.643943381496103e-11,1.0891250113653422e-15,2.3569415484380035e-15,5.387021613419896e-09,4.87030925420759e-19,3.365977341932041e-20,1.2596882624934986e-18,2.0511299649935768e-14,2.1040421959705054e-22,2.009311015936121e-19,1.0266998110280407e-17
2.081440685597198e-09,0.16628943999999996,0.8585084662769803,0.0,0.0,0.45133394200959676,0.11770890651555793,0.022806746956357742,2.0499251799727205e-16,2.423649546006367e-11,1.568228705974712e-07,8.210381022651836e-10,2.1437667916494802e-11,1.1933010618742431e-24,1.8373298849009882e-05,4.160010992913975e-22,1.783731220301832e-05,5.551567231165288e-16,1.9888346280703735e-14,1.2973626994110886e-18,1.6244351986051213e-20,5.719535592068857e-09,8.162160430192392e-16,0.0009424844047906276,2.9628993058779046e-05,1.019556068040538e-06,3.5579916584773116e-11,1.0394966952750125e-10,5.570576003590669e-10,1.4475181968056995e-15,2.553090514530128e-13,2.2049326139143637e-11,2.0020471539945707e-07,8.24866576055169e-13,9.580475958897632e-10,5.7929060785984615e-11,1.2169078887589945e-15,2.5716728766562286e-15,5.671195681182115e-09,5.397400777170509e-19,3.7691790123457004e-20,1.4457141859040383e-18,2.256649055809756e-14,2.347030404146832e-22,2.229445681714577e-19,1.1233909702920764e-17
2.134971235794622e-09,0.16628943999999996,0.8585084662769803,0.0,0.0,0.45131043074190713,0.11768572310477049,0.022806366599019537,2.2933502244461743e-16,2.6148122124160272e-11,1.6488248288375406e-07,8.938522245374198e-10,2.313175763963807e-11,1.3839948843398178e-24,1.8845856624737226e-05,4.749258093419649e-22,1.8282462696927473e-05,6.019514519139586e-16,2.2005715489473845e-14,1.4656292725286727e-18,1.811448251543759e-20,6.014642063799735e-09,9.079101230484332e-16,0.0009651878635936722,3.0389038911744856e-05,1.0599327850774282e-06,3.788501008863165e-11,1.0662914982848301e-10,5.654743977295186e-10,1.5574015259279528e-15,2.5916741103728534e-13,2.3658114996854826e-11,2.0750846368241733e-07,8.772371528648966e-13,1.0267369804417263e-09,5.941854290664836e-11,1.3556747428344312e-15,2.800129158558277e-15,5.962467966866943e-09,5.967736334775733e-19,4.2091436302806183e-20,1.6531501717762154e-18,2.4763407916243986e-14,2.610573659342486e-22,2.467136521731271e-19,1.2265401035777061e-17
2.1885017859920456e-09,0.16628943999999996,0.8585084662769803,0.0,0.0,0.4512869923972958,0.11766261320942978,0.02280598628030373,2.5588473108218706e-16,2.8157560564038963e-11,1.7313973804577785e-07,9.712056785499813e-10,2.4912682932002082e-11,1.5993385377429586e-24,1.9318414792915673e-05,5.403614479186193e-22,1.872695523437094e-05,6.513233242164523e-16,2.428734597984655e-14,1.650713319772672e-18,2.014782928481067e-20,6.317029198179408e-09,1.0071566419125822e-15,0.0009878176961270065,3.114898842275223e-05,1.1010003390547437e-06,4.028416472355199e-11,1.0930854316308313e-10,5.738911369584741e-10,1.672724884162686e-15,2.630258291127538e-13,2.535255066630485e-11,2.1491784154973248e-07,9.316475947644199e-13,1.0983115937788331e-09,6.090788059206493e-11,1.506042167935843e-15,3.042843504464807e-15,6.260823505450992e-09,6.58381608477662e-19,4.688240721674943e-20,1.883796694011502e-18,2.710747208987625e-14,2.895806781733594e-22,2.7232861268571475e-19,1.3364149779930418e-17
2.2420323361894693e-09,0.16628943999999996,0.8585084662769803,0.0,0.0,0.4512636267385612,0.11763957659089347,0.02280560600009466,2.847838614851432e-16,3.026725356594914e-11,1.8159443467382531e-07,1.0532709960830876e-09,2.678260037627897e-11,1.8418059318969627e-24,1.9790973265722974e-05,6.128347488554352e-22,1.917079149116511e-05,7.033425975697843e-16,2.6741463660933064e-14,1.85381896564806e-18,2.2354386990739254e-20,6.626687032590311e-09,1.1143621322742562e-15,0.001010374141127469,3.19088416712556e-05,1.1427572633689463e-06,4.277911317644638e-11,1.1198784904640964e-10,5.823078168194024e-10,1.793621913571737e-15,2.668843111390505e-13,2.7135430077857733e-11,2.224326626628517e-07,9.88132505248338e-13,1.1728048161445274e-09,6.239707425545716e-11,1.6686438752155443e-15,3.3003576950486063e-15,6.566247370462434e-09,7.248228705578597e-19,5.20893383535902e-20,2.13955239026838e-18,2.9604136745510356e-14,3.2038954933450387e-22,2.9988190418246905e-19,1.4532882830730675e-17
2.295562886386893e-09,0.16628943999999996,0.8585084662769803,0.0,0.0,0.45124033352930226,0.11761661301129618,0.02280522575827705,3.1618033362501503e-16,3.2479646409518435e-11,1.902463826560218e-07,1.1402234769235553e-09,2.8743665581739392e-11,2.1140517501556297e-24,2.0263531955678958e-05,6.929002302662207e-22,1.9613973138306492e-05,7.58079593709136e-16,2.9376489963615215e-14,2.076203897114353e-18,2.4744521316518044e-20,6.943605644040476e-09,1.2299439580833272e-15,0.0010328574365544884,3.266859873306992e-05,1.1852020762868236e-06,4.537158234969817e-11,1.146670669943581e-10,5.907244362048838e-10,1.9202265524064548e-15,2.7074286293018143e-13,2.9009586156404414e-11,2.3005273791437826e-07,1.0467264330704772e-12,1.2502489077266335e-09,6.388612430814941e-11,1.8441307077041423e-15,3.573222153159739e-15,6.8787246738578475e-09,7.963652620382555e-19,5.773782141944588e-20,2.422416630429004e-18,3.225888681887966e-14,3.536036440420301e-22,3.294681718841194e-19,1.5774376163290584e-17
2.3490934365843167e-09,0.16628943999999996,0.8585084662769803,0.0,0.0,0.45121711253391533,0.1175937222335471,0.022804845554736063,3.5022787144135745e-16,3.4797187114925104e-11,1.990954032512353e-07,1.2322411802752691e-09,3.07980331849718e-11,2.4189200385865062e-24,2.0736090775643207e-05,7.811409156740118e-22,2.005650184197665e-05,8.156046982115918e-16,3.220104147017913e-14,2.319180340381286e-18,2.732897457954493e-20,7.267775149038932e-09,1.3543303240197725e-15,0.0010552678195926376,3.342825968038208e-05,1.228333280712276e-06,4.806329328497546e-11,1.1734619652490458e-10,5.991409939504829e-10,2.052673050213458e-15,2.7460149058275504e-13,3.097788741165655e-11,2.377778754370469e-07,1.1074638708801597e-12,1.3306750487002607e-09,6.537503115959322e-11,2.0331706553064647e-15,3.861995915291797e-15,7.198240565899338e-09,8.732857297312194e-19,6.385442019029538e-20,2.7344920812577712e-18,3.507723659512858e-14,3.893457214597323e-22,3.6118424714587335e-19,1.7091454704928403e-17
2.4026239867817404e-09,0.16628943999999996,0.8585084662769803,0.0,0.0,0.4511939635175922,0.11757090402132725,0.02280446538935722,3.8708610412846293e-16,3.72223266929674e-11,2.0814132916167785e-07,1.3295049160501474e-09,3.2947856850523136e-11,2.7594530040148425e-24,2.120864963881283e-05,8.781690554956188e-22,2.0498379263546867e-05,8.759883601472548e-16,3.522392954563491e-14,2.5841160285435146e-18,3.011887135448591e-20,7.599185703470418e-09,1.487960284890275e-15,0.0010776055266541779,3.418782458176274e-05,1.2721493639557182e-06,5.0855961083504194e-11,1.2002523715888191e-10,6.075574888145103e-10,2.1910959829249597e-15,2.7846020047498385e-13,3.304323753710151e-11,2.4560788061265864e-07,1.1703792535634843e-12,1.4141133781293473e-09,6.686379521737084e-11,2.2364488697240317e-15,4.167246602697063e-15,7.524780235032006e-09,9.558704435207185e-19,7.046668640207774e-20,3.077987267252667e-18,3.80647278948409e-14,4.277416371756102e-22,3.951291428707424e-19,1.8486992202770432e-17
2.456154536979164e-09,0.16628943999999996,0.8585084662769803,0.0,0.0,0.45117088624631735,0.11754815813908717,0.022804085262026447,4.26920667128696e-16,3.975751939797943e-11,2.1738400460515348e-07,1.432198236039211e-09,3.5195289271446775e-11,3.1389000208993804e-24,2.168120845872016e-05,9.846268488752795e-22,2.0939607059582653e-05,9.393010917279713e-16,3.8454159970716503e-14,2.8724351601125943e-18,3.312572407205414e-20,7.937827502469383e-09,1.6312837549785555e-15,0.0010998707933815965,3.4947293502177887e-05,1.3166487975059454e-06,5.375129482899399e-11,1.2270418841824562e-10,6.159739196751565e-10,2.335630268098593e-15,2.8231899936621676e-13,3.520857500434062e-11,2.5354255608092414e-07,1.235506956652995e-12,1.5005930317603619e-09,6.835241688717963e-11,2.454667679305361e-15,4.489550392148025e-15,7.85832890776169e-09,1.044414909774677e-18,7.760317555538242e-20,3.4552191276904383e-18,4.1226928360083786e-14,4.689203454346148e-22,4.3140404894538056e-19,1.996391106357634e-17
2.509685087176588e-09,0.16628943999999996,0.8585084662769803,0.0,0.0,0.4511478804868659,0.11752548435204423,0.02280370517263007,4.69903302825022e-16,4.240522298354406e-11,2.2682328538689892e-07,1.540507424964392e-09,3.754248216976331e-11,3.56072684973921e-24,2.215376714923052e-05,1.1011871658618524e-21,2.1380186881848103e-05,1.0056134679543156e-15,4.190093257655493e-14,3.1856193484999684e-18,3.636143859323037e-20,8.283690780293304e-09,1.784761517349022e-15,0.0011220638546501332,3.57066665030009e-05,1.3618300368061345e-06,5.675099750905644e-11,1.253830498263995e-10,6.243902854075293e-10,2.4864111802626993e-15,2.8617789434983397e-13,3.747687263353609e-11,2.6158170174876894e-07,1.3028812950425486e-12,1.5901421787406595e-09,6.984089657285407e-11,2.688546603822429e-15,4.829491986343108e-15,8.198871848533004e-09,1.139224101101358e-18,8.529346253998619e-20,3.868615569866982e-18,4.456942983496707e-14,5.130139012896415e-22,4.701123277002228e-19,2.1525182215270018e-17
2.5632156373740115e-09,0.16628943999999996,0.8585084662769803,0.0,0.0,0.4511249460068013,0.11750288242618015,0.02280332512105479,5.162119609286929e-16,4.516789896093882e-11,2.364590389709681e-07,1.654621491412605e-09,3.99915862968391e-11,4.02862506896172e-24,2.262632562453996e-05,1.2285542699233609e-21,2.1820120377310036e-05,1.07499612626186e-15,4.557364088101816e-14,3.525208562495823e-18,3.983831975875293e-20,8.636765810195272e-09,1.9488652331032022e-15,0.0011441849445703017,3.6465943642024415e-05,1.407691521033002e-06,5.985676593168572e-11,1.280618209095874e-10,6.328065847689844e-10,2.643574366182173e-15,2.900368928088733e-13,3.985113717528487e-11,2.6972511479973736e-07,1.372536521357089e-12,1.6827880572930121e-09,7.132923467637881e-11,2.938822369171689e-15,5.18766458396467e-15,8.546394359607705e-09,1.2406125711124907e-18,9.3568157310948e-20,4.3207180185343056e-18,4.809784683552113e-14,5.601574623826689e-22,5.113595093961509e-19,2.3173824973358932e-17
2.6167461875714352e-09,0.16628943999999996,0.8585084662769803,0.0,0.0,0.4511020825744729,0.1174803521282385,0.02280294510718771,5.660308985541743e-16,4.8048012860260025e-11,2.46291144551105e-07,1.7747321586516543e-09,4.2544751433687815e-11,4.546521718769993e-24,2.3098883799173045e-05,1.3674645407920912e-21,2.2259409188141942e-05,1.1475197661670676e-15,4.9481871726711564e-14,3.892802057779239e-18,4.356907691370583e-20,8.997042904295835e-09,2.1240774505885345e-15,0.0011662342964903999,3.72251249734725e-05,1.4542316728782252e-06,6.307029064468909e-11,1.3074050119568186e-10,6.412228166103062e-10,2.8072558602545462e-15,2.9389600252218714e-13,4.2334408892087184e-11,2.779725897031928e-07,1.4445068242841835e-12,1.7785570093768448e-09,7.281743159787003e-11,3.206248922000492e-15,5.56466984939049e-15,8.90088178094329e-09,1.3489045549546385e-18,1.024589205088701e-19,4.814183961535147e-18,5.1817815103981696e-14,6.104892911609113e-22,5.552532877338713e-19,2.49129068649459e-17
2.670276737768859e-09,0.16628943999999996,0.8585084662769803,0.0,0.0,0.45107928995901303,0.11745789322572221,0.022802565130916327,6.195507799726522e-16,5.1048034494177314e-11,2.563194931210579e-07,1.901033855328176e-09,4.520412639119924e-11,5.118589160397561e-24,2.357144158798063e-05,1.5186871976334909e-21,2.269805495172782e-05,1.2232551489125556e-15,5.3635404920632224e-14,4.2900592994944346e-18,4.756682940703532e-20,9.364512413454116e-09,2.3108916145594437e-15,0.001188212142999014,3.7984210548012775e-05,1.5014488983338943e-06,6.639325585509627e-11,1.3341909021360478e-10,6.496389798405254e-10,2.9775921000756004e-15,2.977552316579179e-13,4.49297611081223e-11,2.86323918223911e-07,1.5188263273655625e-12,1.8774745143658007e-09,7.430548773558951e-11,3.4915974442581318e-15,5.96111788205422e-15,9.262319490071941e-09,1.4644340997431692e-18,1.119984788472548e-19,5.3517894916360044e-18,5.5734990242840496e-14,6.6415075709174945e-22,6.019035153861835e-19,2.6745543475775428e-17
2.7238072879662826e-09,0.16628943999999996,0.8585084662769803,0.0,0.0,0.4510565679303357,0.11743550548689116,0.02280218519212851,6.769687760406936e-16,5.4170438224250286e-11,2.665439875442836e-07,2.0337237060495794e-09,4.7971859010299953e-11,5.749255154349826e-24,2.404399890613763e-05,1.6830250225324979e-21,2.3136059300665795e-05,1.3022730971115347e-15,5.804421287546979e-14,4.718700875921677e-18,5.184511206582504e-20,9.739164727138175e-09,2.5098120752906287e-15,0.0012101187159275113,3.874320041276876e-05,1.5493415864817405e-06,6.982733934217032e-11,1.3609758749479557e-10,6.580550732332985e-10,3.154719941858044e-15,3.016145886927134e-13,4.7640299773372586e-11,2.947788894319352e-07,1.5955290874310106e-12,1.979565221770343e-09,7.5793403485967e-11,3.795656367670277e-15,6.377627185460636e-15,9.630692901979703e-09,1.5875451789775158e-18,1.2222064055661998e-19,5.936431844559343e-18,5.985504642427592e-14,7.212863383217397e-22,6.51422199556551e-19,2.867489831914651e-17
2.7773378381637063e-09,0.16628943999999996,0.8585084662769803,0.0,0.0,0.45103391625913386,0.11741318868075945,0.022801805290712514,7.384886632973015e-16,5.741770322974641e-11,2.7696454262299366e-07,2.1730015218497913e-09,5.085009616204985e-11,6.443213153455882e-24,2.451655566914083e-05,1.861315084291143e-21,2.3573423862771548e-05,1.3846444943915894e-15,6.271846025254798e-14,5.180509403261334e-18,5.641788064416132e-20,1.012099027329462e-08,2.721354097642249e-15,0.0012319542463525282,3.9502094611332266e-05,1.5979081092845966e-06,7.33742123732191e-11,1.3877599257280295e-10,6.664710956047153e-10,3.3387766759267585e-15,3.054740825027303e-13,5.0469163034434136e-11,3.033372897121714e-07,1.674649092825231e-12,2.084852983033212e-09,7.728117924358249e-11,4.119231388138053e-15,6.814824635861087e-15,1.0005987468985966e-08,1.7185917747165212e-18,1.331603108214805e-19,6.5711319332156815e-18,6.418367517081788e-14,7.820436238534229e-22,7.039234975609301e-19,3.070418264545755e-17
2.83086838836113e-09,0.16628943999999996,0.8585084662769803,0.0,0.0,0.4510113347168765,0.11739094257709319,0.022801425426556995,8.043209227192937e-16,6.079231377891505e-11,2.875810851664931e-07,2.3190697905383656e-09,5.3840983747678446e-11,7.2054328145935e-24,2.4989111792806702e-05,2.0544294625311753e-21,2.4010150261081642e-05,1.4704402850381154e-15,6.766850360639935e-14,5.677330421552392e-18,6.12995172464215e-20,1.050997951821739e-08,2.9460438700767752e-15,0.0012537189645984474,4.0260893183775934e-05,1.6471468213816025e-06,7.703553962135148e-11,1.414543049821299e-10,6.748870458846955e-10,3.5299000424819556e-15,3.0933372240640224e-13,5.3419520762705324e-11,3.119989027742487e-07,1.7562202622617204e-12,2.193360882424734e-09,7.876881540117024e-11,4.463145480061143e-15,7.273345450584296e-15,1.038818868062322e-08,1.857938008397472e-18,1.448535069238366e-19,7.259036878136242e-18,6.872658420333011e-14,8.4657331586589415e-22,7.595237124312489e-19,3.28366552695052e-17
2.8843989385585537e-09,0.16628943999999996,0.8585084662769803,0.0,0.0,0.45098882307580723,0.11736876694640792,0.022801045599550977,8.746828381316366e-16,6.429675950264613e-11,2.9839355405876745e-07,2.4721336669352667e-09,5.6946666698564686e-11,8.041170736258628e-24,2.5461667193269202e-05,2.263275972095292e-21,2.4446240113856613e-05,1.5597314736376194e-15,7.290489103096699e-14,6.211073281743634e-18,6.6504835724818e-20,1.0906122966415838e-08,3.1844185136273947e-15,0.001275413100239868,4.101959616666581e-05,1.6970560598877536e-06,8.081297907541016e-11,1.441325242593098e-10,6.833029228799755e-10,3.728228247157603e-15,3.1319351806335837e-13,5.6494574099247386e-11,3.207635096627854e-07,1.8402764433664795e-12,2.3051112670641335e-09,8.025631234964743e-11,4.828238910582832e-15,7.753833156024492e-15,1.0777282063517055e-08,2.0059582616484425e-18,1.5733737343340802e-19,8.00342253410673e-18,7.348949635260723e-14,9.150292312359606e-22,8.183412885444852e-19,3.5075622445352056e-17
2.9379294887559774e-09,0.16628943999999996,0.8585084662769803,0.0,0.0,0.4509663811089412,0.11734666155996609,0.022800665809583866,9.497985942677657e-16,6.7933535670444e-11,3.094019003252675e-07,2.632400962991632e-09,6.016928897616352e-11,8.955981413603132e-24,2.5934221786977594e-05,2.4887988877405296e-21,2.488169503458397e-05,1.6525891247209234e-15,7.84383618074249e-14,6.783712023923053e-18,7.204908705103268e-20,1.1309411160481943e-08,3.4370260908177136e-15,0.0012970368821040668,4.17782035930741e-05,1.7476341441958895e-06,8.470818195202316e-11,1.4681064994328445e-10,6.917187253727614e-10,3.933899976550576e-15,3.1705347952924343e-13,5.969755501824847e-11,3.2963088876741695e-07,1.9268514107783863e-12,2.420125776092185e-09,8.174367047810217e-11,5.215369253758455e-15,8.256939555295323e-15,1.1173253181266468e-08,2.1630372331390406e-18,1.7065019746309913e-19,8.807696013002727e-18,7.847814853108844e-14,9.875683036375584e-22,8.804968072757134e-19,3.7424437664923515e-17
2.991460038953401e-09,0.16628943999999996,0.8585084662769803,0.0,0.0,0.45094400859006334,0.11732462618977477,0.022800286056545455,1.029899374468559e-15,7.170514346867565e-11,3.206060871988492e-07,2.800082137795345e-09,6.351099357188279e-11,9.95572841388263e-24,2.640677549069433e-05,2.7319796691174766e-21,2.531651663198096e-05,1.7490843624062973e-15,8.427984605361216e-14,7.39728624671672e-18,7.794796466177678e-20,1.1719834680956774e-08,3.704425614532624e-15,0.0013185905382734524,4.2536715492592e-05,1.7988793757820233e-06,8.872279261204701e-11,1.4948868157412502e-10,7.00134452295345e-10,4.147054414151009e-15,3.209136173463997e-13,6.303172583293865e-11,3.3860081583292224e-07,2.0159788650357418e-12,2.538425369019814e-09,8.323089017378641e-11,5.625411404647554e-15,8.783324695546873e-15,1.1576087634324383e-08,2.329570066618088e-18,1.848314235665161e-19,9.675398202826977e-18,8.36982907613818e-14,1.0643505860216968e-21,9.461129826719314e-19,3.9886501458634716e-17
3.044990589150825e-09,0.16628943999999996,0.8585084662769803,0.0,0.0,0.4509217052937259,0.11730266060858302,0.022799906340325915,1.1152234580158385e-15,7.561409028101942e-11,3.320060901848218e-07,2.97539028746383e-09,6.69739225069134e-11,1.1046595786556649e-23,2.6879328221492816e-05,2.9938376860290463e-21,2.5750706509997223e-05,1.8492883700426076e-15,9.044046437507187e-14,8.053901967870032e-18,8.421760977811253e-20,1.2137384146196098e-08,3.987187056840349e-15,0.0013400742960880093,4.329513189134254e-05,1.8507900380154164e-06,9.285844846786785e-11,1.521666186934477e-10,7.08550102499921e-10,4.367831256040675e-15,3.247739424452599e-13,6.650037871819237e-11,3.4767306396984784e-07,2.1076924312840443e-12,2.6600303532764306e-09,8.471797182214735e-11,6.0592575933271465e-15,9.333656834943379e-15,1.1985771059878477e-08,2.505962489579233e-18,1.9992166864793139e-19,1.0610206282949046e-17,8.915568525847421e-14,1.1455392519910454e-21,1.015314657150328e-18,4.2465261278680313e-17
3.0985211393482486e-09,0.16628943999999996,0.8585084662769803,0.0,0.0,0.45089947099524574,0.11728076458987961,0.02279952666081578,1.2060163170977315e-15,7.966288997103406e-11,3.436018971250618e-07,3.158541134925194e-09,7.056021683201548e-11,1.2235099693835159e-23,2.7351879896755354e-05,3.2754309439625926e-21,2.6184266267817316e-05,1.953272389852608e-15,9.693152751768833e-14,8.755732476006691e-18,9.087461669837328e-20,1.2562050212235207e-08,4.285891357765456e-15,0.0013614883821477359,4.405345281199375e-05,1.9033643959715548e-06,9.711677989151664e-11,1.5484446084532303e-10,7.169656747446231e-10,4.596370726383918e-15,3.286344661475638e-13,7.010683527124081e-11,3.568474036649934e-07,2.2020256572371486e-12,2.784960410981137e-09,8.620491580682451e-11,6.5178173988274746e-15,9.908612409310895e-15,1.2402289131732235e-08,2.692630837093056e-18,2.159627370372469e-19,1.1615936235547415e-17,9.485610556267449e-14,1.231300597762646e-21,1.0882287972211843e-18,4.5164211293035626e-17
3.1520516895456723e-09,0.16628943999999996,0.8585084662769803,0.0,0.0,0.4508773054707029,0.11725893790789048,0.022799147017905978,1.302530713393783e-15,8.385406316681209e-11,3.5539350826114537e-07,3.349753019585791e-09,7.427201662726368e-11,1.3528100260328465e-23,2.7824430434170935e-05,3.577856809889087e-21,2.6617197499863e-05,2.0611077225764884e-15,1.0376453602191602e-13,9.505019173568563e-18,9.793603806452063e-20,1.2993823572652885e-08,4.601130434012584e-15,0.0013828330223150736,4.481167827377166e-05,1.9566006962480435e-06,1.0149941013015586e-10,1.575222075752843e-10,7.253811679435517e-10,4.832813593481974e-15,3.3249520029251225e-13,7.385444599548715e-11,3.661236027918237e-07,2.2990120120490923e-12,2.9132346249591473e-09,8.769172250963299e-11,7.0020177629912025e-15,1.0508875998456514e-14,1.2825627560186254e-08,2.8900021684399985e-18,2.3299763514597304e-19,1.2696545353254432e-17,1.0080533572049919e-13,1.3218040448737024e-21,1.1649844892311764e-18,4.798689215108637e-17
3.205582239743096e-09,0.16628943999999996,0.8585084662769803,0.0,0.0,0.4508552084969373,0.11723718033757642,0.022798767411487796,1.4050267942740252e-15,8.819013754764388e-11,3.673809362964614e-07,3.549246886886449e-09,7.811146100175393e-11,1.4932813668706922e-23,2.8296979751733155e-05,3.90225273832311e-21,2.7049501795795472e-05,2.172865727115758e-15,1.109511798785922e-13,1.0304072410948248e-17,1.054193901017777e-19,1.3432694958434532e-08,4.9335071876410066e-15,0.001404108441717326,4.556980829247363e-05,2.0104971667854034e-06,1.0600795521125909e-10,1.601998584300642e-10,7.33796580998844e-10,5.077301185628553e-15,3.363561571656664e-13,7.774658979556487e-11,3.7550142662139764e-07,2.3986848852464353e-12,3.0448715040251503e-09,8.91783923105927e-11,7.512803004253129e-15,1.1135140292153241e-14,1.3255772091919804e-08,3.0985144412772115e-18,2.510705860658678e-19,1.3856134743004053e-17,1.0700916951086397e-13,1.417222141414859e-21,1.2457129351296332e-18,5.093689087585085e-17
3.2591127899405197e-09,0.16628943999999996,0.8585084662769803,0.0,0.0,0.45083317985154725,0.11721549165463059,0.02279838784145292,1.5137721886118483e-15,9.267364813259806e-11,3.795642064572575e-07,3.757246277749475e-09,8.208068809327406e-11,1.645682448044338e-23,2.8769527767738053e-05,4.249796997637422e-21,2.7481180740517374e-05,2.2886178201775143e-15,1.1850333818632548e-13,1.1155272311802067e-17,1.1334265783137836e-19,1.3878655137834478e-08,5.283635514689929e-15,0.0014253148647490738,4.632784288048161e-05,2.06505201669143e-06,1.1064402384651984e-10,1.6287741295866068e-10,7.422119126623625e-10,5.3299754064862525e-15,3.402173494450384e-13,8.178667354114295e-11,3.849806378333096e-07,2.501077584551209e-12,3.179889007554641e-09,9.066492558793677e-11,8.051134831341483e-15,1.1788106055797734e-14,1.3692708509872633e-08,3.3186164959535463e-18,2.7022704446155154e-19,1.509895182608264e-17,1.1347340971408842e-13,1.5177305637681013e-21,1.3305474482598301e-18,5.401784066317199e-17
3.3126433401379434e-09,0.16628943999999996,0.8585084662769803,0.0,0.0,0.45081121931288687,0.11719387163547614,0.022798008307693383,1.6290421021986026e-15,9.730713757098753e-11,3.919433565525828e-07,3.973977317914002e-09,8.618183506794085e-11,1.810809816899207e-23,2.9242074400782053e-05,4.62170939662593e-21,2.7912235914174714e-05,2.408435475919166e-15,1.2643307881045432e-13,1.2061069589538261e-17,1.2172430025627335e-19,1.4331694916237398e-08,5.6521403137542335e-15,0.001446452515074579,4.7085782046775605e-05,2.1202634360681508e-06,1.1540921734678903e-10,1.655548707118849e-10,7.506271618118196e-10,5.590978751201893e-15,3.4407879034065146e-13,8.59781315307225e-11,3.9456099652643047e-07,2.6062233346708134e-12,3.318304569363588e-09,9.21513227180889e-11,8.617992356902592e-15,1.2468482095747827e-14,1.4136422633127004e-08,3.5507681429043145e-18,2.9051371099810454e-19,1.6429392834382645e-17,1.2020386742135939e-13,1.6235081196162367e-21,1.4196234491708248e-18,5.723342060312149e-17
3.366173890335367e-09,0.16628943999999996,0.8585084662769803,0.0,0.0,0.4507893266600636,0.1171723200572638,0.02279762881010158,1.7511194127516266e-15,1.0209315643465166e-10,4.0451843703308e-07,4.199668707161265e-09,9.041703811980568e-11,1.9894993913152614e-23,2.9714619569759823e-05,5.01925201130893e-21,2.8342668892158605e-05,2.5323902255936846e-15,1.3475265804356698e-13,1.3023986354995644e-17,1.3058325551963693e-19,1.479180513601888e-08,6.039657494510744e-15,0.001467521615630182,4.7843625796947204e-05,2.1761295958435704e-06,1.2030512952576258e-10,1.6823223124161315e-10,7.590423273936664e-10,5.8604543224575084e-15,3.479404935726704e-13,9.032442495063548e-11,4.0424226023009445e-07,2.7141552765188465e-12,3.460135120916226e-09,9.36375840756847e-11,9.214372111045709e-15,1.3176985224332694e-14,1.4586900316789993e-08,3.79544039729227e-18,3.1197854659314526e-19,1.7852005302859386e-17,1.2720636138242668e-13,1.7347367490643763e-21,1.5130784614506374e-18,6.058735557856992e-17
3.4197044405327908e-09,0.16628943999999996,0.8585084662769803,0.0,0.0,0.45076750167293644,0.11715083669786955,0.022797249348570303,1.8802947645178703e-15,1.0703426351194139e-10,4.172895110485939e-07,4.434551708433161e-09,9.478843247043026e-11,2.1826277624571608e-23,3.0187163193862182e-05,5.443729911974444e-21,2.877248124510691e-05,2.6605536571954523e-15,1.4347452026757517e-13,1.4046616915294948e-17,1.3993894603601515e-19,1.5258976676405135e-08,6.4468339861951266e-15,0.0014885223886266878,4.860137413321322e-05,2.2326486476077165e-06,1.2533334659922388e-10,1.709094941016502e-10,7.674574081762995e-10,6.13854584565622e-15,3.51802473267334e-13,9.482904144862126e-11,4.1402418391546943e-07,2.8249064649197556e-12,3.6053971138800943e-09,9.512371003359257e-11,9.84128805480877e-15,1.391434022453824e-14,1.5044127451875987e-08,4.053115422261472e-18,3.346707871193696e-19,1.9371490558190606e-17,1.3448671738942826e-13,1.8516015260276346e-21,1.6110521075844273e-18,6.408341608333498e-17
3.4732349907302145e-09,0.16628943999999996,0.8585084662769803,0.0,0.0,0.4507457441321132,0.11712942133589212,0.022796869922992704,2.0168666624621427e-15,1.1213302610338196e-10,4.302566545045506e-07,4.678860136841321e-09,9.929815236843531e-11,2.391113517239985e-23,3.065970519257404e-05,5.8964918904495785e-21,2.9201674538905696e-05,2.7929974151067616e-15,1.5261129761733405e-13,1.5131628563847418e-17,1.498112835949616e-19,1.5733200453331815e-08,6.874327746029063e-15,0.0015094550555517514,4.935902705442939e-05,2.289818723451193e-06,1.3049544709989302e-10,1.7358665884786014e-10,7.758724029897629e-10,6.425397685006611e-15,3.556647440822026e-13,9.9495494583148e-11,4.2390652000667596e-07,2.938509867227424e-12,3.75410654204691e-09,9.660970096288924e-11,1.0499771593547455e-14,1.4681279814379275e-14,1.550808996518944e-08,4.324286554960134e-18,3.5864095762790026e-19,2.0992706203638955e-17,1.4205076769485724e-13,1.9742906616293655e-21,1.713686104833787e-18,6.772541788997306e-17
3.526765540927638e-09,0.16628943999999996,0.8585084662769803,0.0,0.0,0.4507240538189483,0.1171080737506508,0.022796490533262284,2.161141566028505e-15,1.1739202031895435e-10,4.434199561170713e-07,4.932830348567347e-09,1.0394833108902339e-10,2.615918588438722e-23,3.113224548567228e-05,6.3789311875957786e-21,2.963025033469059e-05,2.929793199745024e-15,1.6217580964580244e-13,1.628176236154346e-17,1.6022067443700603e-19,1.6214467419301934e-08,7.322807767597663e-15,0.0015303198371722474,5.011658455610421e-05,2.347637935808166e-06,1.3579300178050547e-10,1.7626372503724305e-10,7.842873108088385e-10,6.7211548598330185e-15,3.595273212462497e-13,1.0432732323365772e-10,4.3388901839221137e-07,3.0549983628985464e-12,3.906278962637242e-09,9.80955572328698e-11,1.1190871590244022e-14,1.5478544610953334e-14,1.5978773819207826e-08,4.6094586340226486e-18,3.8394088621587337e-19,2.2720668600117006e-17,1.4990435046179146e-13,2.1029955052789984e-21,1.8211242611359087e-18,7.151722194765423e-17
3.580296091125062e-09,0.16628943999999996,0.8585084662769803,0.0,0.0,0.4507024305155411,0.11708679372218286,0.022796111179272934,2.313433982478808e-15,1.2281383137685605e-10,4.567795174667818e-07,5.1967012296587495e-09,1.0874110093347763e-10,2.858049630061671e-23,3.1604783993223725e-05,6.892486221021963e-21,3.0058210188847998e-05,3.071012767210736e-15,1.7218106299073213e-13,1.7499833909101307e-17,1.711880243018018e-19,1.6702768563242955e-08,7.792954089177438e-15,0.0015511169535366363,5.0874046630412904e-05,2.4061043773043e-06,1.4122757350761107e-10,1.7894069222836122e-10,7.927021304416645e-10,7.0259630595017725e-15,3.633902204250952e-13,1.0932809119039759e-10,4.439714264366911e-07,3.1744047411240586e-12,4.061929517006435e-09,9.958127921107872e-11,1.1915654378736825e-14,1.630688309417256e-14,1.6456165011964875e-08,4.909147911691447e-18,4.1062371852128285e-19,2.4560555343454785e-17,1.5805330924461163e-13,2.2379105455378206e-21,1.9335124710271402e-18,7.546273423753793e-17
3.6338266413224856e-09,0.16628943999999996,0.8585084662769803,0.0,0.0,0.4506808740047328,0.11706558103124143,0.02279573186091889,2.4740665597995148e-15,1.284010539037209e-10,4.703354530512799e-07,5.470714184717884e-09,1.1367859322863838e-10,3.118559409638701e-23,3.207732063558309e-05,7.438641313009471e-21,3.0485555653016207e-05,3.2167279289362417e-15,1.8264025104288102e-13,1.8788734110545958e-17,1.8273474344829913e-19,1.7198094910362864e-08,8.285457802014553e-15,0.001571846623977321,5.1631413266211346e-05,2.4652161206074486e-06,1.4680071717678294e-10,1.8161755998190907e-10,8.011168606699212e-10,7.3399686593409e-15,3.6725345780462063e-13,1.1450138660042987e-10,4.541534889923935e-07,3.296761699161924e-12,4.221072950768687e-09,1.0106686726328961e-10,1.2675203776873121e-14,1.7167051570187446e-14,1.6940249576933968e-08,5.2238819656218145e-18,4.387439317791816e-19,2.6517707737869512e-17,1.665034924985295e-13,2.379233413989434e-21,2.0509987115885093e-18,7.956590537845328e-17
3.6873571915199093e-09,0.16628943999999996,0.8585084662769803,0.0,0.0,0.45065938407010453,0.11704443545929298,0.02279535257809476,2.643370179161919e-15,1.3415629223626006e-10,4.840878903362242e-07,5.7551131254832945e-09,1.187629383263588e-10,3.398548229689465e-23,3.254985533339082e-05,8.018927418642857e-21,3.0912288274086336e-05,3.367010551335351e-15,1.935667536157427e-13,2.0151429927851986e-17,1.9488275164679492e-19,1.7700437522005478e-08,8.801021058553042e-15,0.0015925090671129979,5.238868444905029e-05,2.5249712182822436e-06,1.525139796164522e-10,1.8429432785992545e-10,8.095315004724974e-10,7.663318737304623e-15,3.7111705019224977e-13,1.1985082131146928e-10,4.6443494841093003e-07,3.4221018423228252e-12,4.383723633355629e-09,1.0255232175350109e-10,1.3470621099581107e-14,1.8059814134502658e-14,1.7431013582911762e-08,5.554200156764586e-18,4.683573482670549e-19,2.859763326563728e-17,1.752607531163407e-13,2.5271648864003415e-21,2.1737330384100064e-18,8.383073051086812e-17
3.740887741717333e-09,0.16628943999999996,0.8585084662769803,0.0,0.0,0.4506379604959754,0.11702335678851497,0.022794973330695502,2.8216840469407428e-15,1.4008216072414813e-10,4.980369698050053e-07,6.0501444593090246e-09,1.239962656029415e-10,3.699165378089571e-23,3.302238800757123e-05,8.634922854140537e-21,3.1338409594203156e-05,3.521932555453844e-15,2.0497413661678214e-13,2.159096512673409e-17,2.0765448314270796e-19,1.8209787495504755e-08,9.340357080613519e-15,0.0016131045008509963,5.314586016118945e-05,2.585367702650072e-06,1.5836889947505438e-10,1.869709954257227e-10,8.179460487154557e-10,7.996161088589077e-15,3.7498101488033395e-13,1.253800304823304e-10,4.7481554455528335e-07,3.5504576816072183e-12,4.549895577025321e-09,1.0403764304397445e-10,1.430302517186263e-14,1.8985942634775265e-14,1.7928443133902084e-08,5.9006535422054306e-18,4.99521149559425e-19,3.080600805296638e-17,1.8433094799090456e-13,2.6819088828372876e-21,2.3018675815781035e-18,8.826124921279521e-17
3.794418291914756e-09,0.16628943999999996,0.8585084662769803,0.0,0.0,0.45061660306739987,0.1170023448017937,0.02279459411861645,3.009355786285369e-15,1.4618128403413707e-10,5.121828450069691e-07,6.356057077539745e-09,1.293807034585567e-10,4.0216105908368015e-23,3.349491857933026e-05,9.288254025379356e-21,3.176392115076587e-05,3.68156591662091e-15,2.168761517201702e-13,2.3110461013533595e-17,2.2107289159192858e-19,1.8726135964038203e-08,9.904190167522277e-15,0.0016336331423896136,5.390294038161196e-05,2.646403585652386e-06,1.6436700713683243e-10,1.8964756224464132e-10,8.263605041438015e-10,8.338644241192655e-15,3.788453696683506e-13,1.3109267204522783e-10,4.852950148117997e-07,3.6818616316088225e-12,4.719602455336996e-09,1.0552283149522219e-10,1.5173552341709674e-14,1.9946216633307947e-14,1.8432524368999958e-08,6.263804591873397e-18,5.322938904682514e-19,3.314867933207193e-17,1.9371993760193466e-13,2.8436724720762027e-21,2.4355565416861185e-18,9.286154503729307e-17
3.8479488421121796e-09,0.16628943999999996,0.8585084662769803,0.0,0.0,0.4505953115701656,0.11698139928272179,0.02279421494175329,3.2067415282252715e-15,1.5245629745539618e-10,5.265256826041496e-07,6.673102343779548e-09,1.3491837931664416e-10,4.367135544722531e-23,3.39674469701536e-05,9.98059615660714e-21,3.21888244764287e-05,3.845982664101548e-15,2.29286736041011e-13,2.4713117163248365e-17,2.351614549675991e-19,1.924947409647937e-08,1.0493255704190166e-14,0.0016540952082204408,5.465992508603863e-05,2.7080768587173417e-06,1.7050982462860594e-10,1.9232402788361368e-10,8.347748657124533e-10,8.690917473066855e-15,3.827101330090908e-13,1.3699242596027437e-10,4.958730941021545e-07,3.816346010961272e-12,4.892857621106504e-09,1.0700788746599128e-10,1.6083356492938935e-14,2.094142336924503e-14,1.8943243462275885e-08,6.6442278131734446e-18,5.667355120333365e-19,3.563166789945157e-17,2.0343358562576176e-13,3.0126658730556967e-21,2.574956185862752e-18,9.763574536085827e-17
3.901479392309603e-09,0.16628943999999996,0.8585084662769803,0.0,0.0,0.45057408579079156,0.11696052001559594,0.02279383580000205,3.4142060023149733e-15,1.589098472058546e-10,5.410656624164827e-07,7.001534082060858e-09,1.406114196232996e-10,4.7370453856192016e-23,3.443997310180456e-05,1.0713674019337406e-20,3.261312109910132e-05,4.0152548807499565e-15,2.4222001181105156e-13,2.6402212138702717e-17,2.499441804381755e-19,1.9779793097249453e-08,1.1108300169141818e-14,0.0016744909141306807,5.541681424694253e-05,2.770385492631962e-06,1.767988654985841e-10,1.9500039191069938e-10,8.431891323533983e-10,9.053130826408371e-15,3.865753239022499e-13,1.4308299384559006e-10,5.065495148956083e-07,3.953943040105854e-12,5.069674123856856e-09,1.0849281131330031e-10,1.7033609057947098e-14,2.197235772045773e-14,1.946058662266036e-08,7.042509734061101e-18,6.029073554832948e-19,3.8261170570361475e-17,2.1347775856680502e-13,3.1891024539586836e-21,2.720224843822289e-18,1.0258802138868926e-16
3.955009942507026e-09,0.16628943999999996,0.8585084662769803,0.0,0.0,0.45055292551652515,0.11693970678541471,0.022793456693259138,3.632122626816476e-15,1.6554459073952126e-10,5.558029774654645e-07,7.341608564912203e-09,1.4646194984664633e-10,5.1327002626171205e-23,3.491249689632215e-05,1.1489262661420269e-20,3.30368125419493e-05,4.189454702663975e-15,2.5569028605586514e-13,2.8181104200773926e-17,2.654456092166246e-19,2.031708420616789e-08,1.1750081142495472e-14,0.0016948204752054593,5.617360783356351e-05,2.8333274374184097e-06,1.8323563473238745e-10,1.9767665389575728e-10,8.516033027982463e-10,9.42543512257528e-15,3.904409618498114e-13,1.4936809848741708e-10,5.17324007221427e-07,4.0946848385888646e-12,5.2500647267779125e-09,1.0997760339244189e-10,1.802549903039157e-14,2.303982216512587e-14,1.9984540093828512e-08,7.459248308675295e-18,6.408721761256877e-19,4.104356262949271e-17,2.2385832540955667e-13,3.373198737183519e-21,2.8715229039382683e-18,1.0772258762276007e-16
4.0085404927044494e-09,0.16628943999999996,0.8585084662769803,0.0,0.0,0.45053183053534057,0.11691895937787602,0.02279307762142131,3.860873598397233e-15,1.7236319705484457e-10,5.70737834016221e-07,7.693584501321007e-09,1.5247209447619438e-10,5.555516890516969e-23,3.538501827601899e-05,1.230918813628385e-20,3.345990032339441e-05,4.3686543188405525e-15,2.6971205027350233e-13,3.0053232009735914e-17,2.816908213806147e-19,2.086133869830211e-08,1.2419367313892547e-14,0.001715084105830128,5.6930305811922943e-05,2.896900622213254e-06,1.8982162866615766e-10,2.0035281341043128e-10,8.600173759520364e-10,9.807981979898193e-15,3.9430706701686026e-13,1.558514829776666e-10,5.281962986812305e-07,4.238603425995078e-12,5.434041923208722e-09,1.1146226405695563e-10,1.9060232977787096e-14,2.4144626743032266e-14,2.0515090154085005e-08,7.895053730322462e-18,6.806941558617192e-19,4.39854002778472e-17,2.3458115728994976e-13,3.565174401416365e-21,3.0290128093353576e-18,1.1304370164136238e-16
4.062071042901873e-09,0.16628943999999996,0.8585084662769803,0.0,0.0,0.45051080063593624,0.11689827757937502,0.022792698584385658,4.100849981348857e-15,1.7936834700382502e-10,5.858704516179554e-07,8.057723024598551e-09,1.58643977022187e-10,6.006970159613831e-23,3.585753716347932e-05,1.3175328232340282e-20,3.3882385957114676e-05,4.552925970832325e-15,2.8429998011460075e-13,3.20221153177451e-17,2.9870544066355563e-19,2.1412547883816282e-08,1.311693849037722e-14,0.0017352820196925584,5.7686908144838446e-05,2.9611029551519384e-06,1.96558334855012e-10,2.0302887002749846e-10,8.684313508068732e-10,1.020092382770882e-14,3.981736601820353e-13,1.625369103524949e-10,5.391661144613993e-07,4.385730720035136e-12,5.621617952655724e-09,1.1294679365865846e-10,2.013903505402271e-14,2.5287589016556042e-14,2.1052223116249138e-08,8.350548614401902e-18,7.224389167728517e-19,4.709342307581282e-17,2.456521271850433e-13,3.76525227932856e-21,3.1928590540011e-18,1.18555664228278e-16
4.115601593099296e-09,0.16628943999999996,0.8585084662769803,0.0,0.0,0.45048983560773276,0.11687766117700178,0.022792319582049646,4.352451796328749e-15,1.8656273360182934e-10,6.012010631427434e-07,8.434287680146989e-09,1.649797200149357e-10,6.488594742857241e-23,3.633005348155704e-05,1.4089613202550582e-20,3.4304270952044576e-05,4.742341952405285e-15,2.994689350639421e-13,3.40913556523401e-17,3.165156392163451e-19,2.1970703107819128e-08,1.3843585604226959e-14,0.001755414429785431,5.844341479193874e-05,3.0259323232582673e-06,2.0344723198765406e-10,2.0570482332126283e-10,8.768452261121689e-10,1.0604413920194116e-14,4.0204076264003284e-13,1.694281631977314e-10,5.502331773458547e-07,4.5360985330236515e-12,5.812804816359481e-09,1.1443119254766293e-10,2.1263147011807756e-14,2.6469534031363294e-14,2.159592532754011e-08,8.826366937535334e-18,7.661735350381314e-19,5.037455638243732e-17,2.5707710962001495e-13,3.9736583630525706e-21,3.3632281789212905e-18,1.242628187788606e-16
4.169132143296719e-09,0.16628943999999996,0.8585084662769803,0.0,0.0,0.4504689352408705,0.11685710995853896,0.022791940614311078,4.61608810859882e-15,1.939490623382691e-10,6.167299148226448e-07,8.823544413122883e-09,1.7148144500414563e-10,7.001986724873475e-23,3.680256715337369e-05,1.5054026494142715e-20,3.4725556812374905e-05,4.9369746091975874e-15,3.1523395812345193e-13,3.6264636991023696e-17,3.3514814233968294e-19,2.253579575021085e-08,1.460011072073292e-14,0.0017754815484085152,5.919982570967861e-05,3.0913865923368987e-06,2.1048978981088005e-10,2.0838067286789125e-10,8.85259000705898e-10,1.101860635507978e-14,4.059083963383612e-13,1.7652904263938292e-10,5.613972077288971e-07,4.689738573282575e-12,6.007614292422334e-09,1.1591546107234479e-10,2.2433828215030657e-14,2.769129427681821e-14,2.2146183169462488e-08,9.323155020844106e-18,8.119665529742294e-19,5.383591379090027e-17,2.6886198039150836e-13,4.190621807353204e-21,3.54028876823414e-18,1.3016955096161647e-16
4.222662693494143e-09,0.16628943999999996,0.8585084662769803,0.0,0.0,0.45044809932620783,0.11683662371245955,0.022791561681068124,4.8921771157663676e-15,2.0153005148778715e-10,6.324572662850952e-07,9.225761556004825e-09,1.7815127255823068e-10,7.548805297392342e-23,3.727507810231648e-05,1.6070605478476988e-20,3.514624503755271e-05,5.136896338379504e-15,3.3161027549663224e-13,3.8545726427003406e-17,3.546302331868139e-19,2.3107817225529023e-08,1.5387327045929854e-14,0.0017954835871709406,5.995614085135395e-05,3.157463606870334e-06,2.1768746898574148e-10,2.1105641824480465e-10,8.936726736196834e-10,1.144365608759199e-14,4.097765838961241e-13,1.838433679620158e-10,5.726579236277409e-07,4.846682443825003e-12,6.206057950508906e-09,1.1739959957936137e-10,2.365235565103595e-14,2.8953709646105354e-14,2.2702983057691897e-08,9.841572132495132e-18,8.598879921331997e-19,5.748479956018268e-17,2.810126163064359e-13,4.416374925540569e-21,3.724211445402567e-18,1.3628028901086552e-16
4.276193243691566e-09,0.16628943999999996,0.8585084662769803,0.0,0.0,0.45042732765531834,0.11681620222792466,0.02279118278221928,5.181146235034325e-15,2.0930843242182677e-10,6.483833905865558e-07,9.641209816066552e-09,1.8499132226362042e-10,8.13077444279468e-23,3.774758625203629e-05,1.7141442181053325e-20,3.556633712228105e-05,5.342179588314549e-15,3.486132962744168e-13,4.093847482590434e-17,3.749897574365583e-19,2.36867589827936e-08,1.620605893427732e-14,0.0018154207569934622,6.07123601671169e-05,3.224161189921712e-06,2.2504172099691887e-10,2.137320590307151e-10,9.02086243653658e-10,1.1879718942638859e-14,4.1364534848843704e-13,1.9137497637728895e-10,5.840150406955233e-07,5.0069616377665824e-12,6.408147166131067e-09,1.1888360841368388e-10,2.492002394283692e-14,3.025762739605121e-14,2.326631144196084e-08,1.0382288768445498e-17,9.100093673308986e-19,6.132871104293373e-17,2.9353489493538214e-13,4.651153195256301e-21,3.915168869409683e-18,1.4259950309315943e-16
4.329723793888989e-09,0.16628943999999996,0.8585084662769803,0.0,0.0,0.450406620020489,0.11679584529478122,0.022790803917663388,5.48343218992989e-15,2.1728694992090865e-10,6.645085742443863e-07,1.0070162262748014e-08,1.9200371272405896e-10,8.749684623577015e-23,3.8220091526445755e-05,1.826868401165453e-20,3.598583455651868e-05,5.55289685822179e-15,3.662586121224413e-13,4.344681747351321e-17,3.9625512793649564e-19,2.4272612505350938e-08,1.7057141896291113e-14,0.0018352932681107203,6.1468483603991e-05,3.291477143041118e-06,2.3255398809564712e-10,2.1640759480614593e-10,9.104997095759025e-10,1.2326951634590954e-14,4.175147139216285e-13,1.9912772183967855e-10,5.954682722347421e-07,5.170607540106478e-12,6.6138931345285614e-09,1.203674879185668e-10,2.6238145361237628e-14,3.1603902106670886e-14,2.3836154805944764e-08,1.0945987706216472e-17,9.624036982479739e-19,6.53753411095338e-17,3.064346943798084e-13,4.89519526342069e-21,4.113335730974017e-18,1.4913170478059587e-16
4.3832543440864125e-09,0.16628943999999996,0.8585084662769803,0.0,0.0,0.4503859762147177,0.1167755527035597,0.02279042508729967,5.799481096516805e-15,2.2546836248718694e-10,6.80833117266912e-07,1.0512894314932571e-08,1.9919056155989653e-10,9.407394567687682e-23,3.869259384971722e-05,1.9454534494620116e-20,3.6404738825479636e-05,5.769120697839352e-15,3.845619969697214e-13,4.607477471471755e-17,4.1845532931616966e-19,2.486536931071687e-08,1.7941422606123634e-14,0.0018551013300734855,6.222451110588656e-05,3.359409246175453e-06,2.4022570314264137e-10,2.190830251530424e-10,9.189130704245521e-10,1.2785511781617007e-14,4.2138470470729787e-13,2.0710547458835812e-10,6.070173292099629e-07,5.337651427401711e-12,6.823306884156197e-09,1.2185123843555025e-10,2.760804983686754e-14,3.2993395640440103e-14,2.4412499667148253e-08,1.1533365374320515e-17,1.0171455218850321e-18,6.963258056835349e-17,3.197178930522935e-13,5.148742939935623e-21,4.318888748781475e-18,1.5588144754888708e-16
4.436784894283836e-09,0.16628943999999996,0.8585084662769803,0.0,0.0,0.4503653960317118,0.11675532424547198,0.022790046291027648,6.129748549105262e-15,2.338554426570111e-10,6.973573331816605e-07,1.096968372813316e-08,2.0655398540737455e-10,1.0105833035136741e-22,3.916509314628084e-05,2.0701253999245e-20,3.682305140963279e-05,5.990923707089155e-15,4.035394066987269e-13,4.882645258338257e-17,4.416199225701715e-19,2.546502095041885e-08,1.8859758909095664e-14,0.0018748451517509059,6.298044261361603e-05,3.4279552575844797e-06,2.480582895049808e-10,2.2175834965449853e-10,9.273263250773691e-10,1.325555791531639e-14,4.2525534598117686e-13,2.1531212117084137e-10,6.186619202608676e-07,5.508124461842675e-12,7.036399289788115e-09,1.2333486030450218e-10,2.903108497216202e-14,3.442697710127047e-14,2.4995332576791456e-08,1.2145129264541862e-17,1.074310906782557e-18,7.410852058220763e-17,3.333903694690956e-13,5.41204120337128e-21,4.532006665739374e-18,1.628533261509445e-16
4.490315444481259e-09,0.16628943999999996,0.8585084662769803,0.0,0.0,0.4503448792658844,0.11673515971240903,0.02278966752874722,6.4746997054208685e-15,2.4245097731405377e-10,7.140815490617349e-07,1.1440810581577955e-08,2.1409609991790472e-10,1.0847000557996477e-22,3.963758934082262e-05,2.2011160470297566e-20,3.7240773784701247e-05,6.2183785357428665e-15,4.232069788368438e-13,5.1706043423182406e-17,4.657790496109749e-19,2.6071559009837065e-08,1.9813019829179127e-14,0.0018945249413327397,6.373627806490944e-05,3.497112913761474e-06,2.5605316102645176e-10,2.244335678952661e-10,9.357394722472742e-10,1.3737249501760894e-14,4.2912666349339813e-13,2.237515630675331e-10,6.304017517163725e-07,5.6820576931944075e-12,7.253181085249384e-09,1.2481835386359707e-10,3.050861605325023e-14,3.590552279321177e-14,2.558464011969664e-08,1.2781998808104852e-17,1.1339774642687515e-18,7.881145508100396e-17,3.4745800205435457e-13,5.685338208607838e-21,4.752870245251344e-18,1.7005197580438977e-16
4.543845994678682e-09,0.16628943999999996,0.8585084662769803,0.0,0.0,0.45032442571235387,0.11671505889693859,0.022789288800358604,6.834809371237913e-15,2.5125776800253383e-10,7.310061055503022e-07,1.1926557265204008e-08,2.2181901975734273e-10,1.1632971318844794e-22,4.011008235828247e-05,2.338663015865156e-20,3.765790742166175e-05,6.451557883089094e-15,4.4358103224921737e-13,5.4717826499686644e-17,4.909634377913951e-19,2.6684975108044693e-08,2.0802085576428193e-14,0.001914140906331582,6.449201739442994e-05,3.5668799293564925e-06,2.642117218588171e-10,2.2710867946166359e-10,9.44152510939305e-10,1.4230746957061513e-14,4.3299868369307503e-13,2.324277160593346e-10,6.422365276076414e-07,5.859482060004936e-12,7.473662875784757e-09,1.2630171944930056e-10,3.2042026061743875e-14,3.742991617889391e-14,2.6180408914174987e-08,1.344470802816877e-17,1.1962243600761633e-18,8.374988317058568e-17,3.619266689552944e-13,5.9688852779289246e-21,4.981662267508077e-18,1.7748207293285542e-16
4.597376544876106e-09,0.16628943999999996,0.8585084662769803,0.0,0.0,0.45030403516694056,0.11669502159230327,0.02278891010576238,7.210562084501797e-15,2.6027863123998836e-10,7.48131356883164e-07,1.2427208466563885e-08,2.2972485860525758e-10,1.2465895012939108e-22,4.0582572123852246e-05,2.4830098352026275e-20,3.807445378674392e-05,6.690534497601826e-15,4.646780668329653e-13,5.786616860336854e-17,5.1720440439653e-19,2.7305260897647112e-08,2.1827847554361436e-14,0.001933693253585087,6.524766053378966e-05,3.6372539971055253e-06,2.7253536633409173e-10,2.2978368394112714e-10,9.525654401220587e-10,1.4736211653238578e-14,4.3687143374343004e-13,2.4134451062486784e-10,6.541659496809401e-07,6.040428382085697e-12,7.69785515007426e-09,1.2778495739641562e-10,3.363271568648592e-14,3.9001047837679504e-14,2.6782625611913487e-08,1.413400190160079e-17,1.2611323288142042e-18,8.893251153776697e-17,3.768022478678174e-13,6.262936905879131e-21,5.21856752579854e-18,1.8514833463212762e-16
4.650907095073529e-09,0.16628943999999996,0.8585084662769803,0.0,0.0,0.4502837074261649,0.11667504759241792,0.022788531444859445,7.602452198890392e-15,2.695163988304669e-10,7.654576709093899e-07,1.2943051157632936e-08,2.37815729154196e-10,1.3347998624091526e-22,4.105505856297384e-05,2.6344060105829583e-20,3.849041434142946e-05,6.93538117661015e-15,4.865147632127492e-13,6.115552464345127e-17,5.445338611050642e-19,2.7932408064620183e-08,2.2891208367296286e-14,0.00195318218925818,6.600320741156503e-05,3.7082327877658643e-06,2.810254789726793e-10,2.3245858092254962e-10,9.60978258485139e-10,1.5253805940466972e-14,4.407449414330059e-13,2.505058903840796e-10,6.661897174124542e-07,6.224927362200011e-12,7.925768291904785e-09,1.2926806803807593e-10,3.5282103335209455e-14,4.061981542354312e-14,2.7391276897862066e-08,1.4850636561763595e-17,1.3287836850184196e-18,9.436825685156118e-17,3.9209061587191967e-13,6.5677507707997725e-21,5.4637728228429314e-18,1.9305551744162303e-16
4.704437645270952e-09,0.16628943999999996,0.8585084662769803,0.0,0.0,0.45026344228724535,0.11665513669186783,0.02278815281755105,8.010983966817946e-15,2.7897391817773177e-10,7.829854291099854e-07,1.3474374581526449e-08,2.4609374310894343e-10,1.428158839583859e-22,4.1527541601337255e-05,2.793107097409848e-20,3.890579054245136e-05,7.18617076596921e-15,5.091079824377021e-13,6.459043823309262e-17,5.72984318419807e-19,2.856640832814759e-08,2.3993081827631123e-14,0.0019726079188452615,6.675865795331294e-05,3.7798139500534467e-06,2.8968343430946024e-10,2.351333699964618e-10,9.693909649627743e-10,1.5783693165403326e-14,4.446192351908676e-13,2.599158111343959e-10,6.783075280218413e-07,6.413009589526509e-12,8.15741259150684e-09,1.307510517057158e-10,3.699162514607584e-14,4.2287123622703135e-14,2.8006349490120843e-08,1.5595383956221943e-17,1.3992623336918717e-18,1.0006624816060054e-16,4.0779764927638503e-13,6.883587723028758e-21,5.717466967141367e-18,2.0120841834995582e-16
4.7579681954683755e-09,0.16628943999999996,0.8585084662769803,0.0,0.0,0.4502432395480963,0.11663528868590624,0.022787774223738774,8.43667162192454e-15,2.8865405259744083e-10,8.007150266145677e-07,1.402147023913437e-08,2.545610111857823e-10,1.526905181121446e-22,4.2000021164878645e-05,2.959374774053156e-20,3.9320583841792874e-05,7.442976159732453e-15,5.324747656796974e-13,6.817554226551517e-17,6.025888900673382e-19,2.9207253440457175e-08,2.5134392963077814e-14,0.0019919706471724077,6.75140120815866e-05,3.851995110584973e-06,2.9851059672300806e-10,2.378080507545721e-10,9.778035586080761e-10,1.6326037671709733e-14,4.484943442550864e-13,2.695782417647646e-10,6.905190764846449e-07,6.604705530356708e-12,8.392798256564977e-09,1.322339087291115e-10,3.8762734999190544e-14,4.4003884110975504e-14,2.8627830139827592e-08,1.636902709742612e-17,1.4726537850489973e-18,1.0603582928674689e-16,4.2392922347224567e-13,7.210711787744183e-21,5.97984076934102e-18,2.096118744969077e-16
4.811498745665799e-09,0.16628943999999996,0.8585084662769803,0.0,0.0,0.4502230990073254,0.11661550337045222,0.022787395663324543,8.880039460984309e-15,2.9855968162958036e-10,8.186468722160297e-07,1.4584631875657479e-08,2.6321964311174577e-10,1.6312859384751807e-22,4.247249717977842e-05,3.133476914960811e-20,3.973479568668667e-05,7.705870299825152e-15,5.566323339329479e-13,7.191555948079879e-17,6.333812973666264e-19,2.985493518665636e-08,2.6316078023847945e-14,0.00201127057839956,6.826926971595128e-05,3.924773873828116e-06,3.075083204916684e-10,2.4048262278985766e-10,9.862160381315767e-10,1.6881004822912527e-14,4.5237029855621147e-13,2.794971625796473e-10,7.02824055547722e-07,6.800045528827691e-12,8.631935422910555e-09,1.3371663943639364e-10,4.059690452804048e-14,4.577101551085271e-14,2.9255705631045335e-08,1.717235870880439e-17,1.5490451656094367e-18,1.122865612148925e-16,4.4049121279452524e-13,7.549390181898084e-21,6.251087038625437e-18,2.1827076136340478e-16
4.865029295863222e-09,0.16628943999999996,0.8585084662769803,0.0,0.0,0.4502030204642316,0.11659578054208863,0.02278701713621061,9.341621925229275e-15,3.0869370135096486e-10,8.367813883831674e-07,1.516415546705498e-08,2.7207174762387107e-10,1.741556671770589e-22,4.294496957245939e-05,3.3156876637788563e-20,4.0148427519613626e-05,7.974926175719216e-15,5.815980877149324e-13,7.581530302411197e-17,6.653958735665197e-19,3.0509445384566595e-08,2.7539084489786523e-14,0.0020305079160227064,6.902443077300049e-05,3.9981478220537925e-06,3.16677949629182e-10,2.431570856969116e-10,9.946284023705398e-10,1.7448761026039825e-14,4.562471285494906e-13,2.896765637651301e-10,7.152221557436864e-07,6.999059813552718e-12,8.874834164904841e-09,1.3519924415400745e-10,4.24956231307773e-14,4.758944334834561e-14,2.988996278065012e-08,1.8006188830803917e-17,1.6285252273953855e-18,1.1882822447895064e-16,4.574894903918102e-13,7.899893299495517e-21,6.531400579120151e-18,2.2718999402349265e-16
4.918559846060645e-09,0.16628943999999996,0.8585084662769803,0.0,0.0,0.4501830037188037,0.11657611999805974,0.022786638642299545,9.82196368116153e-15,3.1905902468603867e-10,8.551190112712466e-07,1.576033920641528e-08,2.8111943246844933e-10,1.8579816632073807e-22,4.341743826958476e-05,3.5062875064790883e-20,4.056148077830186e-05,8.250216824109266e-15,6.073896067686376e-13,7.987967699498412e-17,6.986675681519657e-19,3.117077588455684e-08,2.8804371077454696e-14,0.0020496828628760624,6.977949516637233e-05,4.0721145152911495e-06,3.2602081764493006e-10,2.4583143907161216e-10,1.0030406504345987e-09,1.8029473724919403e-14,4.601248655693843e-13,3.0012044697831505e-10,7.277130654026475e-07,7.201778486523672e-12,9.121504505520486e-09,1.3668172320674204e-10,4.446039798149517e-14,4.9460100009561934e-14,3.0530588438219e-08,1.8871339189299066e-17,1.7111843628914912e-18,1.2567082154403393e-16,4.749299281032143e-13,8.262494710617405e-21,6.820978186314687e-18,2.3637452730782205e-16
4.972090396258069e-09,0.16628943999999996,0.8585084662769803,0.0,0.0,0.4501630485717169,0.11655652153626928,0.022786260181494294,1.032161970076626e-14,3.2965858171764753e-10,8.736601907304857e-07,1.6373483490228688e-08,2.903648044002741e-10,1.9808340955161345e-22,4.388990319805634e-05,3.705563344493758e-20,4.097395689572553e-05,8.531815328590044e-15,6.340246497660989e-13,8.411367698698307e-17,7.332319511188421e-19,3.183891856937604e-08,3.0112907747167856e-14,0.0020687956211342356,7.053446280676532e-05,4.14667149129248e-06,3.355382476547274e-10,2.4850568251097643e-10,1.0114527811031846e-09,1.862331142199086e-14,4.640035417984966e-13,3.1083282370156376e-10,7.402964706680117e-07,7.408231521779275e-12,9.371956426129015e-09,1.3816407691776117e-10,4.6492754041458297e-14,5.1383924697009196e-14,3.1177569485918014e-08,1.976863883007283e-17,1.7971146165344434e-18,1.3282457918482143e-16,4.92818396342329e-13,8.63747118555131e-21,7.120018643506527e-18,2.458293532157983e-16
5.025620946455492e-09,0.16628943999999996,0.8585084662769803,0.0,0.0,0.4501431548243316,0.11653698495527802,0.022785881753698084,1.0841155341104069e-14,3.4049531999818713e-10,8.924053903124427e-07,1.700389090457213e-08,2.998099691818887e-10,2.1103962633748104e-22,4.436236428501252e-05,3.913808567856824e-20,4.138585730010358e-05,8.819794819335075e-15,6.615211540132424e-13,8.852239061892964e-17,7.691252172172947e-19,3.2513865353984805e-08,3.146567570998162e-14,0.002087846392314392,7.128933360195489e-05,4.221816265501359e-06,3.4523155225332786e-10,2.511798156135353e-10,1.0198647931107129e-09,1.9230443711247518e-14,4.678831897767366e-13,3.2181771279370074e-10,7.529720555122882e-07,7.618448776287496e-12,9.626199876001779e-09,1.396463056085621e-10,4.859423407012534e-14,5.3361863385667374e-14,3.183089283839062e-08,2.069893579817104e-17,1.8864096922845797e-18,1.4029995086011212e-16,5.111607639877758e-13,9.025102677592232e-21,7.428722718262427e-18,2.5555950232193447e-16
5.079151496652915e-09,0.16628943999999996,0.8585084662769803,0.0,0.0,0.45012332227869084,0.11651751005430186,0.022785503358814508,1.1381146423402103e-14,3.5157220485825506e-10,9.113550872742721e-07,1.7651866211224356e-08,3.09457031582832e-10,2.246959807992278e-22,4.48348214578265e-05,4.1313231283512127e-20,4.1797183414898544e-05,9.114228472776643e-15,6.898972351560101e-13,9.311099805736858e-17,8.063841901634546e-19,3.319560818538594e-08,3.286366743462458e-14,0.0021068353772784034,7.204410745680987e-05,4.297546331020573e-06,3.5510203317214034e-10,2.53853837979208e-10,1.0282766855764422e-09,1.985104126243946e-14,4.717638429242546e-13,3.3307914290531106e-10,7.657395017479736e-07,7.832459977377108e-12,9.884244781531553e-09,1.411284095989868e-10,5.076639863617936e-14,5.5394868778814805e-14,3.249054544264593e-08,2.1663091420972978e-17,1.979164968631452e-18,1.4810761908356425e-16,5.299628982799939e-13,9.425672315619015e-21,7.747293158894376e-18,2.6557004473738523e-16
5.1326820468503385e-09,0.16628943999999996,0.8585084662769803,0.0,0.0,0.4501035507375181,0.11649809663320959,0.022785124996747473,1.1942179311534213e-14,3.6289221971477524e-10,9.30509772580837e-07,1.8317716333683036e-08,3.193080953788841e-10,2.390825892553248e-22,4.530727464410438e-05,4.358413612661578e-20,4.2207936658815285e-05,9.415189511287046e-15,7.191711868877603e-13,9.788477252908601e-17,8.450463268194054e-19,3.3884139042454154e-08,3.430788665438832e-14,0.002125762776235005,7.279878427330876e-05,4.37385915859129e-06,3.651509814427799e-10,2.565277492090024e-10,1.0366884573890793e-09,2.0485275838249667e-14,4.756455357874704e-13,3.4462115115632844e-10,7.785984890433072e-07,8.050294717696131e-12,1.014610105518184e-08,1.4261038920726747e-10,5.30108261285605e-14,5.748390026358047e-14,3.3156514277947424e-08,2.2661970682829656e-17,2.0754775109542447e-18,1.5625849779062032e-16,5.492306647239204e-13,9.839466437449334e-21,8.075934690956564e-18,2.7586608653425937e-16
5.186212597047762e-09,0.16628943999999996,0.8585084662769803,0.0,0.0,0.4500838400042156,0.11647874449252066,0.022784746667401205,1.2524850989829998e-14,3.744583663801539e-10,9.498699509046669e-07,1.9001750343093167e-08,3.2936526335131083e-10,2.5423054140551296e-22,4.5779723771683235e-05,4.5953933155320494e-20,4.261811844579956e-05,9.722751202861186e-15,7.49361480657933e-13,1.0284908082521634e-16,8.851497213413106e-19,3.457944993576479e-08,3.579934837396625e-14,0.002144628788741928,7.355336395055609e-05,4.450752196578017e-06,3.753796773517244e-10,2.592015489052922e-10,1.0451001072000064e-09,2.1133320342404804e-14,4.795283030728597e-13,3.5644777929701144e-10,7.915486949400078e-07,8.271982471529395e-12,1.0411778604170515e-08,1.4409224474999326e-10,5.532911276723111e-14,5.962992386626943e-14,3.3828786355701576e-08,2.3696459137432444e-17,2.17544607720681e-18,1.6476373470161638e-16,5.68969926997235e-13,1.0266774571379673e-20,8.414854013760929e-18,2.8645277108780876e-16
5.239743147245185e-09,0.16628943999999996,0.8585084662769803,0.0,0.0,0.4500641898828614,0.11645945343340325,0.02278436837068027,1.3129769140399906e-14,3.862736653680922e-10,9.694361406237313e-07,1.9704279444115175e-08,3.396306372861083e-10,2.701719267592563e-22,4.625216876862926e-05,4.84258231292843e-20,4.302773018503672e-05,1.0036986860800393e-14,7.804867653819753e-13,1.0800938379701164e-16,9.267331092955836e-19,3.5281532907421666e-08,3.7339078876236607e-14,0.002163433613708034,7.430784638479942e-05,4.528222870949805e-06,3.85789389956038e-10,2.6187523667189823e-10,1.053511634080342e-09,2.1795348793651945e-14,4.834121802364276e-13,3.6856307704558076e-10,8.045897948632605e-07,8.497552581651983e-12,1.068128733889452e-08,1.4557397654209942e-10,5.772287261393973e-14,6.183391220745842e-14,3.4507348719346804e-08,2.4767458904251234e-17,2.279171132632984e-18,1.7363471368107413e-16,5.891865468638652e-13,1.070788941865378e-20,8.764259796906308e-18,2.9733528131206366e-16
5.293273697442608e-09,0.16628943999999996,0.8585084662769803,0.0,0.0,0.45004460017820785,0.11644022325767192,0.022783990106489554,1.3757552219850891e-14,3.983411561979538e-10,9.892088738170028e-07,2.0425616960695078e-08,3.5010631797324784e-10,2.8693985177174212e-22,4.672460956323594e-05,5.100307535204362e-20,4.3436773280950275e-05,1.0357969843397601e-14,8.12565867152508e-13,1.1337123684118455e-16,9.698358717429557e-19,3.5990380030883796e-08,3.892811572900375e-14,0.002182177449395445,7.506223146944591e-05,4.606268585272895e-06,3.9638137728065064e-10,2.6454881211374973e-10,1.0619230370491288e-09,2.2471536331511818e-14,4.872972042941764e-13,3.8097110160190026e-10,8.177214621367481e-07,8.727034248265165e-12,1.0954637181101816e-08,1.4705558489692178e-10,6.019373758307804e-14,6.409684445682317e-14,3.5192188444242465e-08,2.5875870509734247e-17,2.386754863604183e-18,1.8288305709317634e-16,6.098863840924598e-13,1.1163106898137458e-20,9.12436267682678e-18,3.085188349108982e-16
5.346804247640032e-09,0.16628943999999996,0.8585084662769803,0.0,0.0,0.45002507069567915,0.11642105376778572,0.022783611874734273,1.4408829535260253e-14,4.1066389770128303e-10,1.00918869625782e-06,2.116607832174248e-08,3.6079440520592013e-10,3.045684600257919e-22,4.719704608402216e-05,5.368902840270927e-20,4.38452491332005e-05,1.0685773553623783e-14,8.456177889517314e-13,1.1894029037676844e-16,1.0144980392903776e-18,3.670598341079138e-08,4.056750779169124e-14,0.0022008604934216575,7.581651909507859e-05,4.684886720713426e-06,4.071568864240985e-10,2.6722227483699365e-10,1.0703343147203417e-09,2.31620592875582e-14,4.911834122399296e-13,3.936759117962585e-10,8.309433680029873e-07,8.96045655187028e-12,1.1231838071816857e-08,1.4853707012617884e-10,6.274335745219211e-14,6.641970628773997e-14,3.5883292637558025e-08,2.7022615887516436e-17,2.498301181230703e-18,1.9252062815342323e-16,6.310752963795525e-13,1.1632726129010544e-20,9.495375253359917e-18,3.2000868523812347e-16
5.400334797837455e-09,0.16628943999999996,0.8585084662769803,0.0,0.0,0.45000560124136946,0.11640194476684584,0.022783233675319956,1.5084241319687012e-14,4.2324496832422285e-10,1.0293761674050157e-06,2.1925981046760376e-08,3.7169699777978064e-10,3.2309296280724838e-22,4.7669478259730356e-05,5.648709086769177e-20,4.42531591366829e-05,1.1020471438815671e-14,8.796617103650559e-13,1.2472229031433034e-16,1.060760296110631e-18,3.742833518279083e-08,4.225831522197453e-14,0.0022194829427616587,7.657070914947382e-05,4.764074636032521e-06,4.1811715289196386e-10,2.698956244492175e-10,1.078745466060738e-09,2.3867095150195922e-14,4.950708414687526e-13,4.0668157230970323e-10,8.442551816325753e-07,9.197848441320962e-12,1.1512899979025479e-08,1.500184325399403e-10,6.53733998724522e-14,6.880348983167314e-14,3.658064843816246e-08,2.820863952411854e-17,2.613915735227047e-18,2.025595332764698e-16,6.527591392771629e-13,1.2117049398214013e-20,9.877512086328189e-18,3.3181012544484265e-16
5.453865348034878e-09,0.16628943999999996,0.8585084662769803,0.0,0.0,0.44998619162204023,0.11638289605859373,0.02278285550815246,1.578443880709835e-14,4.360874664268743e-10,1.049771860391777e-06,2.2705644731377607e-08,3.828161934921961e-10,3.425496560655307e-22,4.81419060193246e-05,5.940074207245106e-20,4.466050468152676e-05,1.1362136990364815e-14,9.147169872959467e-13,1.3072307851418302e-16,1.108663983929511e-18,3.815742751335871e-08,4.400160948237359e-14,0.002238044993750031,7.732480151761802e-05,4.84382966759137e-06,4.292634007796836e-10,2.725688605591792e-10,1.0871564902121295e-09,2.4586822547284818e-14,4.989595315533426e-13,4.199921548576022e-10,8.576565701375033e-07,9.439238713651794e-12,1.1797832905124978e-08,1.514996724466809e-10,6.808555037935483e-14,7.12491936323026e-14,3.728424301651363e-08,2.9434877290024623e-17,2.7337059299564857e-18,2.1301212442014202e-16,6.749437661245835e-13,1.2616382218307194e-20,1.0270989692137387e-17,3.4392848246675644e-16
5.5073958982323016e-09,0.16628943999999996,0.8585084662769803,0.0,0.0,0.4499668416451185,0.11636390744740882,0.02278247737313795,1.6510084306457724e-14,4.491945105864682e-10,1.0703763620122642e-06,2.3505391032782322e-08,3.9415408914148987e-10,3.6297593776925755e-22,4.861432929198889e-05,6.243353281326563e-20,4.506728715309366e-05,1.1710843743407845e-14,9.508031516819794e-13,1.3694859323578197e-16,1.1582511059805147e-18,3.889325259962491e-08,4.579847334680077e-14,0.0022565468420830456,7.807879608172414e-05,4.9241491293724216e-06,4.40596843127054e-10,2.752419827767412e-10,1.0955673858161742e-09,2.5321421350508273e-14,5.028495219570767e-13,4.3361172956291256e-10,8.711471985948311e-07,9.684656044279101e-12,1.2086646894145051e-08,1.529807901532837e-10,7.088151240299716e-14,7.375782259942686e-14,3.7994063574548006e-08,3.070228542108252e-17,2.8577809259315985e-18,2.238910014256332e-16,6.976350279841243e-13,1.3131033315478166e-20,1.067602654039576e-17,3.5636911668936927e-16
5.560926448429725e-09,0.16628943999999996,0.8585084662769803,0.0,0.0,0.4499475511186949,0.11634497873830664,0.02278209927018293,1.726185127536913e-14,4.6256923989606425e-10,1.0911902727059527e-06,2.4325543655121647e-08,4.0571278052619054e-10,3.8441034411402836e-22,4.908674800712516e-05,6.55890860890157e-20,4.547350793197588e-05,1.2066665276518074e-14,9.879399112120855e-13,1.43404869580566e-16,1.2095643309269355e-18,3.963580266919498e-08,4.7650000907043765e-14,0.002274988682820762,7.88326927212492e-05,5.005030312989397e-06,4.5211868103876343e-10,2.7791499071313854e-10,1.103978151695213e-09,2.6071072636620232e-14,5.067408518616539e-13,4.475443697483057e-10,8.847267300556636e-07,9.934128979319115e-12,1.2379352038744927e-08,1.5446178596499375e-10,7.376300727821008e-14,7.633038796266481e-14,3.8710097345570366e-08,3.2011852760953167e-17,2.9862516519834753e-18,2.3520901435387663e-16,7.208387735805944e-13,1.3661314575625462e-20,1.1092843050546748e-17,3.6913742881016143e-16
5.614456998627148e-09,0.16628943999999996,0.8585084662769803,0.0,0.0,0.4499283198515208,0.11632610973693652,0.022781721199194208,1.8040424393198126e-14,4.762148142574965e-10,1.1122142065396534e-06,2.5166428334807225e-08,4.174943624442802e-10,4.068925672789514e-22,4.955916209435151e-05,6.8871097832976e-20,4.5879168393994955e-05,1.2429675211398373e-14,1.0261471490449816e-12,1.5009803992318508e-16,1.2626469967512047e-18,4.0385069979971214e-08,4.955729757920835e-14,0.002293370710389103,7.958649131291171e-05,5.086470487703444e-06,4.638301037588804e-10,2.805878839808459e-10,1.1123887870736034e-09,2.683595862820175e-14,5.106335634430222e-13,4.617941560705194e-10,8.983948255553593e-07,1.0187685902417469e-11,1.2675958486991957e-08,1.5594266018546063e-10,7.673177425512648e-14,7.896790722490777e-14,3.9432331594143745e-08,3.336455090543828e-17,3.1192308243347282e-18,2.4697926581809477e-16,7.445608492443136e-13,1.4207541116522027e-20,1.1521661588516346e-17,3.8223885268254284e-16
5.6679875488245714e-09,0.16628943999999996,0.8585084662769803,0.0,0.0,0.4499091476530072,0.11630730024957957,0.022781343160078914,1.884649963322679e-14,4.901344146803218e-10,1.1334487911872543e-06,2.6028372825709044e-08,4.2950092869244466e-10,4.304634669787958e-22,5.003157148350043e-05,7.228333764461288e-20,4.62842699102e-05,1.2799947212575284e-14,1.065444923528782e-12,1.5703433433310598e-16,1.3175431146114253e-18,4.114104681997323e-08,5.152148011012256e-14,0.0023116931185819378,8.034019173070757e-05,5.168466900463338e-06,4.757322894029578e-10,2.8326066219338283e-10,1.1207992906926004e-09,2.7616262841727915e-14,5.145276989116364e-13,4.76365164262926e-10,9.121511441412766e-07,1.0445355072228945e-11,1.2976476448926858e-08,1.574234131167658e-10,7.978957050925272e-14,8.167140411555041e-14,4.016075361597955e-08,3.476136695089036e-17,3.2568329462062155e-18,2.592151133125258e-16,7.6880709885746e-13,1.4770031287775777e-20,1.1962706463381252e-17,3.9567885266144957e-16
5.721518099021995e-09,0.16628943999999996,0.8585084662769803,0.0,0.0,0.4498900343332213,0.11628855008314676,0.022780965152744487,1.9680784334368715e-14,5.043312435768332e-10,1.1548946679071574e-06,2.691170688433317e-08,4.4173457206532453e-10,4.551651139305673e-22,5.050397610461681e-05,7.582964952138098e-20,4.668881384686625e-05,1.3177554987094436e-14,1.1058534679217696e-12,1.6422008099127965e-16,1.3742973726650276e-18,4.190372550715745e-08,5.354367658366997e-14,0.002329956100563152,8.109379384592857e-05,5.251016775931913e-06,4.87826403863364e-10,2.859333249655342e-10,1.1292096612199028e-09,2.8412170059565306e-14,5.184232990201665e-13,4.912614697069403e-10,9.259953428824589e-07,1.0707164623854936e-11,1.3280916202920363e-08,1.589040450593691e-10,8.293817115120645e-14,8.444190854353045e-14,4.089535073782763e-08,3.620333640896316e-17,3.399174317097747e-18,2.719301715373226e-16,7.935833638035653e-13,1.53491065876913e-20,1.2416203924051757e-17,4.094629341165022e-16
5.775048649219418e-09,0.16628943999999996,0.8585084662769803,0.0,0.0,0.44987097970288564,0.11626985904517669,0.022780587177098695,2.054399727247763e-14,5.188085250470496e-10,1.1765524915173428e-06,2.7816762254912306e-08,4.5419738435476854e-10,4.810408107811602e-22,5.0976375887956294e-05,7.95139525905146e-20,4.709280156549346e-05,1.3562572284217208e-14,1.1473931901143129e-12,1.7166170659470411e-16,1.432955139859362e-18,4.2673098389235613e-08,5.5625026427081366e-14,0.002348159848868711,8.184729752717961e-05,5.334117316511626e-06,5.001136006150301e-10,2.886058719133682e-10,1.1376198978929237e-09,2.9223866200880734e-14,5.223204085147032e-13,5.064871563882349e-10,9.399270768748323e-07,1.0973142518073042e-11,1.3589288101826252e-08,1.603845563121321e-10,8.617936923716503e-14,8.728045655012888e-14,4.1636110317366746e-08,3.769146819439172e-17,3.5463730557359796e-18,2.8513831471962625e-16,8.188954829199886e-13,1.594509174933724e-20,1.2882382155967176e-17,4.235966356424767e-16
5.828579199416841e-09,0.16628943999999996,0.8585084662769803,0.0,0.0,0.4498519835733748,0.1162512269438336,0.022780209233049607,2.143686873052845e-14,5.335695051722299e-10,1.1984229303681188e-06,2.8743872654364525e-08,4.668914563490879e-10,5.081350932936938e-22,5.144877076398334e-05,8.33402418408086e-20,4.74962344228043e-05,1.3955072895118634e-14,1.190084672351942e-12,1.7936573674976194e-16,1.4935624696891734e-18,4.344915784349252e-08,5.776668041719673e-14,0.0023663045554087117,8.260070264039491e-05,5.417765702403982e-06,5.12595021981389e-10,2.9127830265399196e-10,1.1460299996141467e-09,3.005153852160333e-14,5.26219072776075e-13,5.220463001910347e-10,9.539459992736513e-07,1.124331658452076e-11,1.3901602578935222e-08,1.618649471723666e-10,8.951497577879685e-14,9.018809026155491e-14,4.238301974309501e-08,3.9226774961183076e-17,3.6985490983918235e-18,2.9885367893081253e-16,8.447492924531965e-13,1.6558314762423164e-20,1.3361471277811115e-17,4.3808552241602793e-16
5.8767566945945224e-09,0.16628943999999996,0.8585084662769803,0.0,0.0,0.4498349369196461,0.11623450828539116,0.022779869110344877,2.2266423982547455e-14,5.470996504636547e-10,1.2182886746378084e-06,2.9597406458377406e-08,4.785155754189077e-10,5.335996803990044e-22,5.1873921899351315e-05,8.690866391918745e-20,4.7858850705439105e-05,1.4314782700154773e-14,1.2295089127142887e-12,1.865291932086563e-16,1.5498145603814855e-18,4.415332209504914e-08,5.974668932166256e-14,0.002382584468696133,8.327868285367523e-05,5.49351530903035e-06,5.239952973032794e-10,2.936833906478559e-10,1.153598974573824e-09,3.081025909494058e-14,5.297292344570268e-13,5.363380001495462e-10,9.666372872983136e-07,1.1490083882777347e-11,1.4186065205199788e-08,1.6319719625540305e-10,9.25992521736023e-14,9.286489506264641e-14,4.306048594608485e-08,4.064978579689615e-17,3.839863727035847e-18,3.116430769948486e-16,8.684856878758068e-13,1.7125227437954724e-20,1.3803882046749975e-17,4.51433836764022e-16
5.9249341897722035e-09,0.16628943999999996,0.8585084662769803,0.0,0.0,0.4498179373627336,0.11621783707176357,0.02277952901309269,2.312115227092806e-14,5.608646369792086e-10,1.238327695781825e-06,3.0469322759849384e-08,4.903302303441852e-10,5.601227340798225e-22,5.229906895323923e-05,9.059841350363871e-20,4.822101962780044e-05,1.468066764610418e-14,1.2698981408460375e-12,1.939154608265657e-16,1.607718202604437e-18,4.4862890803801584e-08,6.17773408298826e-14,0.0023988168521203407,8.395658301464646e-05,5.56970428155275e-06,5.355546246036909e-10,2.9608838392725164e-10,1.1611678383912869e-09,3.1582211394386916e-14,5.332407235485896e-13,5.509060722099415e-10,9.793986598573682e-07,1.1740292610076232e-11,1.4473737571485607e-08,1.6452934827450365e-10,9.576282642999639e-14,9.559927648120007e-14,4.374291418345303e-08,4.211265531316597e-17,3.985398615316908e-18,3.248656670893203e-16,8.926698286519551e-13,1.7706614569566562e-20,1.4257109069169184e-17,4.650785045793246e-16
5.973111684949885e-09,0.16628943999999996,0.8585084662769803,0.0,0.0,0.4498009847664772,0.11620121316439429,0.02277918894122668,2.4001610160127687e-14,5.748668779212809e-10,1.2585405090194409e-06,3.1359868876878076e-08,5.023369432216432e-10,5.8773942404160215e-22,5.272421187538238e-05,9.441256346872715e-20,4.858274216900787e-05,1.505278161262045e-14,1.3112677223576045e-12,2.0152950379517514e-16,1.6673084063559346e-18,4.557785847350163e-08,6.385949746312508e-14,0.0024150018442916166,8.463440302009697e-05,5.646330518393914e-06,5.472738113260703e-10,2.9849328221548126e-10,1.1687365904880113e-09,3.2367534554703544e-14,5.367535770200511e-13,5.657534857131626e-10,9.922298601126904e-07,1.1993962739167892e-11,1.4764627473257701e-08,1.658614034431305e-10,9.900705611929061e-14,9.83920066795667e-14,4.443029532501128e-08,4.361611589827964e-17,4.135245020606813e-18,3.3853230763407404e-16,9.173059638608544e-13,1.83027219724002e-20,1.4721324105209155e-17,4.790236518941469e-16
6.0164714306097975e-09,0.16628943999999996,0.8585084662769803,0.0,0.0,0.4497857674690114,0.11618629198042248,0.022778882898197756,2.481648728756772e-14,5.876737540056521e-10,1.2768810660912135e-06,3.2177494295545614e-08,5.133084518413491e-10,6.135592748797835e-22,5.310683693123249e-05,9.795424206550872e-20,4.8907911606921505e-05,1.5393054548165455e-14,1.3493513391695888e-12,2.0858104634059063e-16,1.7224109048872525e-18,4.622594096045987e-08,6.577819420178336e-14,0.002429527931959087,8.524437240535171e-05,5.715666243961744e-06,5.579584195099556e-10,3.0065760922931704e-10,1.1755483709984743e-09,3.3085873247631004e-14,5.399163369883146e-13,5.793574431597223e-10,1.0038374297517478e-06,1.2225241820374217e-11,1.502918587418657e-08,1.670601704633224e-10,1.0199695478008239e-13,1.009559933783244e-13,4.505316555547181e-08,4.500463065766127e-17,4.273869528983202e-18,3.51221064798626e-16,9.398684512053874e-13,1.8852009227030617e-20,1.5148655364676415e-17,4.918346224090038e-16
6.05983117626971e-09,0.16628943999999996,0.8585084662769803,0.0,0.0,0.44977058800106356,0.11617140890218006,0.02277857687562995,2.565307909407056e-14,6.006765537682703e-10,1.2953632071837273e-06,3.3010593269264716e-08,5.24437868443943e-10,6.40321070838369e-22,5.348945856330531e-05,1.0160152888308014e-19,4.923272097600234e-05,1.5738455970403092e-14,1.3882529420829043e-12,2.158248730044701e-16,1.7789344168582148e-18,4.6878388189018694e-08,6.77399540700379e-14,0.0024440158451338903,8.585427670201015e-05,5.785352887304397e-06,5.687737372962701e-10,3.028218588760838e-10,1.1823600594666553e-09,3.381525847343003e-14,5.430802506890005e-13,5.931922276568578e-10,1.015501161812358e-06,1.2459355220115267e-11,1.52963626255149e-08,1.68258859360828e-10,1.0505429983874133e-13,1.0356843952086901e-13,4.5680033631185053e-08,4.6427312121485075e-17,4.416129502398272e-18,3.642866087474612e-16,9.628035893750465e-13,1.9413602701513492e-20,1.5585154049075182e-17,5.048953865972958e-16
6.103190921929623e-09,0.16628943999999996,0.8585084662769803,0.0,0.0,0.4497554462642495,0.11615656382949928,0.022778270873475285,2.6511807426745674e-14,6.138770681819194e-10,1.3139873261241424e-06,3.385934868623668e-08,5.357263012653019e-10,6.680523022058763e-22,5.387207673523121e-05,1.0535677207056672e-19,4.9557170983506935e-05,1.608902521285318e-14,1.4279839685732982e-12,2.232647398489028e-16,1.8369054207857675e-18,4.7535196191560906e-08,6.974542135562068e-14,0.002458465684022622,8.646411583130194e-05,5.8553888864505855e-06,5.797203366244817e-10,3.0498603095562635e-10,1.1891716556652267e-09,3.455579338612179e-14,5.462453512086666e-13,6.072600028506151e-10,1.027220866498224e-06,1.2696317267918064e-11,1.5566163553919265e-08,1.69457470289126e-10,1.0818010550167905e-13,1.0622991600563331e-13,4.631089293756718e-08,4.788463834220383e-17,4.5620940154292145e-18,3.7773722674097555e-16,9.861144721793798e-13,1.9987686067411383e-20,1.6030947986405084e-17,5.182089988648535e-16
6.146550667589536e-09,0.16628943999999996,0.8585084662769803,0.0,0.0,0.44974034216045916,0.11614175666247617,0.022777964891685938,2.739309927690715e-14,6.272770984471855e-10,1.3327538224672824e-06,3.4723944242292765e-08,5.471748581073038e-10,6.967810730944861e-22,5.425469141072552e-05,1.0922235442362555e-19,4.98812623346313e-05,1.644480162626841e-14,1.4685559304283296e-12,2.309044465032118e-16,1.8963506997538767e-18,4.8196361012695154e-08,7.179524524834468e-14,0.0024728775485679897,8.707388971335588e-05,5.925772670048134e-06,5.907987833648079e-10,3.071501252682079e-10,1.1959831588798137e-09,3.530758188612061e-14,5.494116593726072e-13,6.215629183078875e-10,1.0389963532296437e-06,1.2936142306512944e-11,1.5838594535044e-08,1.70656003401019e-10,1.1137539373063497e-13,1.0894099621940785e-13,4.694573687300445e-08,4.937727102011239e-17,4.711832932947734e-18,3.915813250211413e-16,1.0098041922148768e-12,2.0574444165387393e-20,1.6486165828079108e-17,5.317785248028605e-16
6.181133454553368e-09,0.16628943999999996,0.8585084662769803,0.0,0.0,0.4497283223688645,0.11612997389539947,0.022777720861854818,2.811246189929405e-14,6.381089046513965e-10,1.3478239050507883e-06,3.5425005174393184e-08,5.564215031289245e-10,7.204287942132556e-22,5.455985399604001e-05,1.12386170698614e-19,5.0139493889771964e-05,1.6732320230595024e-14,1.5015258127869183e-12,2.3714353361965804e-16,1.9448378960116816e-18,4.8726812215318664e-08,7.346237437773009e-14,0.002484344981802759,8.7560185228636e-05,5.98215749445984e-06,5.997296005291743e-10,3.088761037873387e-10,1.2014157979940013e-09,3.591532893157196e-14,5.519379198217157e-13,6.33140614996395e-10,1.0484280841938776e-06,1.31294834033723e-11,1.6057768865874106e-08,1.7161187157593773e-10,1.1397438288124896e-13,1.1113923816727229e-13,4.745492653731666e-08,5.0593493691824774e-17,4.834014347535306e-18,4.0291083929985964e-16,1.0289722337487394e-12,2.1051640022780882e-20,1.6856079737432518e-17,5.427867963316262e-16
6.2157162415172005e-09,0.16628943999999996,0.8585084662769803,0.0,0.0,0.4497163264050467,0.11611821512746065,0.022777476844924212,2.8846674299887825e-14,6.490697050740159e-10,1.362985024215755e-06,3.613635383024851e-08,5.657712740757687e-10,7.447442131731005e-22,5.486501431580793e-05,1.1562295709893216e-19,5.03974980956195e-05,1.7023196301962912e-14,1.535043921075808e-12,2.4351415895563314e-16,1.9942940342693662e-18,4.926003042131484e-08,7.515847021372443e-14,0.002495788372250757,8.80464391450682e-05,6.038761743690496e-06,6.087449282700102e-10,3.106020326088928e-10,1.206848377287099e-09,3.653035431373546e-14,5.544649801661623e-13,6.448703561257077e-10,1.0578950806598395e-06,1.3324661988791275e-11,1.6278623053943074e-08,1.725676904230847e-10,1.166187529124048e-13,1.1336969414594852e-13,4.7966643419006557e-08,5.18328432865722e-17,4.9586779634172384e-18,4.1450046065354616e-16,1.0483847998035448e-12,2.153711233397503e-20,1.7232136895271244e-17,5.539613953749112e-16
6.250299028481033e-09,0.16628943999999996,0.8585084662769803,0.0,0.0,0.4497043542196031,0.11610648030833116,0.02277723284087004,2.959596020401309e-14,6.601604278065208e-10,1.3782373904777589e-06,3.685808450194806e-08,5.752247324124461e-10,7.697424431546317e-22,5.5170172351734415e-05,1.1893397060658992e-19,5.06552753071449e-05,1.7317449828853642e-14,1.569116197390522e-12,2.500183101940251e-16,2.0447331230194116e-18,4.9796013640420295e-08,7.68838688434324e-14,0.0025072077702600784,8.853265142063755e-05,6.09558460770779e-06,6.178450461477311e-10,3.123279116321856e-10,1.2122808964826326e-09,3.7152711511114425e-14,5.569928533824298e-13,6.567532318095161e-10,1.0673972448564086e-06,1.3521685239773569e-11,1.6501160151310562e-08,1.7352346001907165e-10,1.1930903294872928e-13,1.1563265843278027e-13,4.8480884186300885e-08,5.309563813436807e-17,5.085860344592915e-18,4.263546188780077e-16,1.068043457768265e-12,2.2030956805250013e-20,1.7614403698404738e-17,5.653038967886836e-16
6.284881815444865e-09,0.16628943999999996,0.8585084662769803,0.0,0.0,0.44969240576324115,0.11609476938778818,0.022776988849668275,3.036054545016988e-14,6.713820052159308e-10,1.3935812166463894e-06,3.759029180054e-08,5.84782439427574e-10,7.954388560871124e-22,5.547532808555817e-05,1.2232048259482466e-19,5.091282587848454e-05,1.7615100806574178e-14,1.6037486137618811e-12,2.5665799281129993e-16,2.0961692957671236e-18,5.033475988722298e-08,7.863890834063857e-14,0.002518603226073047,8.901882201289248e-05,6.152625272720078e-06,6.270302315027158e-10,3.14053740756714e-10,1.2177133552123795e-09,3.7782454221955366e-14,5.595215533108125e-13,6.687903314475178e-10,1.0769344786981732e-06,1.37205603023363e-11,1.6725383232121308e-08,1.744791804402331e-10,1.2204575525785332e-13,1.179284262871475e-13,4.899764551261999e-08,5.4382187382432617e-17,5.215598387893032e-18,4.3847779307589857e-16,1.0879497745273867e-12,2.2533269717671382e-20,1.8002946875243292e-17,5.76815880130784e-16
6.319464602408697e-09,0.16628943999999996,0.8585084662769803,0.0,0.0,0.4496804809867786,0.1160830823157144,0.022776744871294916,3.114065799623818e-14,6.827353739742482e-10,1.4090167178194406e-06,3.8333070654265076e-08,5.944449562336955e-10,8.218490886183528e-22,5.578048149905113e-05,1.2578377891041086e-19,5.117015016294014e-05,1.791616923722427e-14,1.6389471721260878e-12,2.6343523011212363e-16,2.148616811414808e-18,5.087626718114074e-08,8.042392876645606e-14,0.0025299747898264403,8.950495087894675e-05,6.2098829211869595e-06,6.36300759461505e-10,3.157795198821746e-10,1.223145753197346e-09,3.841963637324198e-14,5.620510939767135e-13,6.809827431489252e-10,1.0865066837875743e-06,1.3921294293832714e-11,1.6951295393072047e-08,1.754348517626348e-10,1.2482945525141892e-13,1.2025729394496132e-13,4.9516924076565566e-08,5.56928011266776e-17,5.347929323550392e-18,4.508745119130774e-16,1.108105316458273e-12,2.304414791519586e-20,1.839783348544501e-17,5.884989314819405e-16
6.3540473893725295e-09,0.16628943999999996,0.8585084662769803,0.0,0.0,0.4496685798411428,0.11607141904209778,0.022776500905726048,3.193652792639189e-14,6.942214750876828e-10,1.424544111376941e-06,3.9086516306781314e-08,6.042128437671982e-10,8.489890442360287e-22,5.608563257401839e-05,1.2932515995596576e-19,5.142724851297847e-05,1.8220675129663996e-14,1.6747179042948738e-12,2.7035206326289197e-16,2.2020900546436733e-18,5.142053354639971e-08,8.223927216994937e-14,0.0025413225115517133,8.99910379754815e-05,6.267356731830526e-06,6.456569028711669e-10,3.175052489084502e-10,1.2285780901708222e-09,3.9064312137669253e-14,5.645814895434835e-13,6.933315536631688e-10,1.096113761416806e-06,1.4123894306632225e-11,1.717889975386832e-08,1.7639047406207644e-10,1.276606714861475e-13,1.2261955861309053e-13,5.003871656190857e-08,5.702779248305872e-17,5.4828907150309376e-18,4.635493538747121e-16,1.1285116494286092e-12,2.356368880265484e-20,1.8799130919564392e-17,6.0035464298098e-16
6.388630176336362e-09,0.16628943999999996,0.8585084662769803,0.0,0.0,0.4496567022773704,0.11605977951703139,0.022776256952937782,3.274838745870378e-14,7.058412539260008e-10,1.440163616975047e-06,3.9850724315391846e-08,6.140866627882336e-10,8.768748939994528e-22,5.639078129229789e-05,1.3294594077225045e-19,5.168412128023131e-05,1.8528638499481292e-14,1.7110668719257064e-12,2.7741055132465627e-16,2.256603536293824e-18,5.196755701201285e-08,8.408528258877835e-14,0.00255264644117522,9.047708325874743e-05,6.325045879646735e-06,6.550989323115909e-10,3.192309277356009e-10,1.2340103658216824e-09,3.9716535925685376e-14,5.671127543023396e-13,7.058378483072762e-10,1.1057556125697008e-06,1.4328367405918535e-11,1.7408199457672905e-08,1.773460474140872e-10,1.3053994566487486e-13,1.2501551846374714e-13,5.05630196575771e-08,5.838747621043903e-17,5.620520460554824e-18,4.765069475211722e-16,1.1491703387939282e-12,2.409199034714545e-20,1.920690689870177e-17,6.123846114699805e-16
6.457795750264026e-09,0.16628943999999996,0.8585084662769803,0.0,0.0,0.44963301770011027,0.11603657151344536,0.022775769085607828,3.442101491336074e-14,7.294856482487255e-10,1.4716798542600908e-06,4.141181118766115e-08,6.341543374518395e-10,9.349503197238926e-22,5.7001071586308616e-05,1.4043103556453498e-19,5.2197191468731524e-05,1.9155017767045646e-14,1.7855239092539822e-12,2.9196081809243904e-16,2.3688098912696503e-18,5.3069867384157095e-08,8.787069056993296e-14,0.002575223123298197,9.144904820833482e-05,6.441066868220346e-06,6.742417201972649e-10,3.2268213439369617e-10,1.2448747319832268e-09,4.104384640900437e-14,5.721779492816869e-13,7.313272236241439e-10,1.1251432378507458e-06,1.47429609899823e-11,1.787189758683121e-08,1.7925704757659097e-10,1.3644485040214308e-13,1.2990972119465848e-13,5.1619144461315584e-08,6.118219047129186e-17,5.9039382856177656e-18,5.032891560187993e-16,1.191251045556961e-12,2.5175270085999303e-20,2.004216702706466e-17,6.369737321666852e-16
6.526961324191691e-09,0.16628943999999996,0.8585084662769803,0.0,0.0,0.44960942686547545,0.11601345790779351,0.02277528126911507,3.6160441044892115e-14,7.536762082734715e-10,1.5035672322031768e-06,4.3017101934759795e-08,6.546524627779221e-10,9.962102049612181e-22,5.761135223643721e-05,1.4824987950336253e-19,5.2709363524788566e-05,1.979546729795025e-14,1.862367373157914e-12,3.071028620180943e-16,2.485354500520776e-18,5.4183182624588855e-08,9.178294480743864e-14,0.0025977052335126568,9.242084536918049e-05,6.557939212801159e-06,6.937312419932721e-10,3.261331390606044e-10,1.255738849293306e-09,4.2402007910688254e-14,5.772467960749882e-13,7.574595200775824e-10,1.1446687614030535e-06,1.516513102797424e-11,1.8342415411321227e-08,1.811678528490183e-10,1.4254856604607029e-13,1.3494230660953064e-13,5.268527210188643e-08,6.40795036853861e-17,6.198492713071757e-18,5.312591770988611e-16,1.234359949260926e-12,2.629478211260616e-20,2.0904162236986173e-17,6.622791677609804e-16
6.596126898119355e-09,0.16628943999999996,0.8585084662769803,0.0,0.0,0.4495859293856805,0.11599043830457982,0.022774793503270354,3.7968601118066017e-14,7.784206569877822e-10,1.5358275893310057e-06,4.4667372124521697e-08,6.755855184949436e-10,1.0607938804344433e-21,5.8221623098551085e-05,1.5641352828157042e-19,5.3220640231380364e-05,2.0450147455811173e-14,1.9416468283216594e-12,3.2285380303790553e-16,2.6063580306716307e-18,5.530748713552194e-08,9.582486925685146e-14,0.0026200931674684805,9.339247437599796e-05,6.675656180443724e-06,7.135695796520967e-10,3.2958394094336417e-10,1.2666027154520045e-09,4.37914644039606e-14,5.823194141292654e-13,7.842433608795655e-10,1.1643313801823147e-06,1.559493306750498e-11,1.88197789640924e-08,1.8307846382597342e-10,1.488555395811083e-13,1.401156942665528e-13,5.3761376275132674e-08,6.708200816122955e-17,6.504499070459018e-18,5.604558679878291e-16,1.2785095540829483e-12,2.7451330408319893e-20,2.1793446161370655e-17,6.883138784366274e-16
6.66529247204702e-09,0.16628943999999996,0.8585084662769803,0.0,0.0,0.44956252487466997,0.11596751230996812,0.02277430578788538,3.9847465198927046e-14,8.037267899311897e-10,1.5684627999416393e-06,4.636340217142491e-08,6.969579815038554e-10,1.1288452738116452e-21,5.8831884029024964e-05,1.6493327970142157e-19,5.373102435811068e-05,2.1119218708804512e-14,2.0234123141260863e-12,3.392310503691692e-16,2.731943202506151e-18,5.644276539366844e-08,9.999931975155131e-14,0.0026423873191551823,9.43639348568083e-05,6.794210979790308e-06,7.337587779223264e-10,3.330345392518462e-10,1.2774663280914978e-09,4.521266376821991e-14,5.8739592510253e-13,8.116873390734443e-10,1.1841302863870837e-06,1.603242221775093e-11,1.9304014692679483e-08,1.8498888109779657e-10,1.553702684249055e-13,1.4543231862931402e-13,5.484743075824809e-08,7.01923283957192e-17,6.8222781274279625e-18,5.909189115841967e-16,1.3237123558014088e-12,2.864572795973291e-20,2.2710577688529622e-17,7.150909063489174e-16
6.734458045974684e-09,0.16628943999999996,0.8585084662769803,0.0,0.0,0.4495392129481105,0.11594467953177494,0.02277381812277264,4.179903837118888e-14,8.296024760748328e-10,1.6014747738664015e-06,4.810597727881148e-08,7.187743258755469e-10,1.200513007284686e-21,5.944213488473446e-05,1.7382067630688955e-19,5.4240518661204936e-05,2.1802841628648423e-14,2.107714343712886e-12,3.5625230341490594e-16,2.8622348025188497e-18,5.7589001949535274e-08,1.0430918402240274e-13,0.0026645880809089357,9.533522643300622e-05,6.913596761520645e-06,7.543008440665879e-10,3.3648493319872806e-10,1.2883296848484528e-09,4.666605781810461e-14,5.924764528926365e-13,8.398000151366776e-10,1.2040646675183432e-06,1.6477653146594748e-11,1.9795149470947133e-08,1.8689910525057967e-10,1.6209730045949531e-13,1.5089462888512105e-13,5.594340940939071e-08,7.341312083536635e-17,7.152156123688456e-18,6.226888245787886e-16,1.3699808417388592e-12,2.987879676326996e-20,2.365612095119963e-17,7.426233702286165e-16
6.8036236199023486e-09,0.16628943999999996,0.8585084662769803,0.0,0.0,0.4495159932233836,0.11592193957946273,0.02277333050774546,4.382536094376018e-14,8.560556586854525e-10,1.6348654562209302e-06,4.989588738085792e-08,7.41039022848305e-10,1.2759504963727558e-21,6.005237552304985e-05,1.8308750801553003e-19,5.47491258835064e-05,2.2501176889590237e-14,2.1946039030529582e-12,3.7393555262918463e-16,2.997359694310195e-18,5.8746181426717435e-08,1.0875738171718607e-13,0.0026866958434195575,9.630634871942615e-05,7.033806618824522e-06,7.751977475878331e-10,3.399351219994651e-10,1.2991927833860832e-09,4.815210232960225e-14,5.975611236414225e-13,8.685899145885455e-10,1.2241337064393638e-06,1.6930680077353974e-11,2.0293210610217463e-08,1.8880913686618103e-10,1.690412340621189e-13,1.5650508876260686e-13,5.704928616729723e-08,7.674707356352211e-17,7.494464796519924e-18,6.558069655577364e-16,1.4173274907095134e-12,3.115136782979034e-20,2.463064531562015e-17,7.709244662252798e-16
6.872789193830013e-09,0.16628943999999996,0.8585084662769803,0.0,0.0,0.44949286531957755,0.11589929206413273,0.022772842942617975,4.592850865616422e-14,8.830943561728187e-10,1.6686368271453334e-06,5.1733927084301085e-08,7.63756540825285e-10,1.355316054320977e-21,6.066260580182978e-05,1.927458147499125e-19,5.525684875447254e-05,2.3214385267398558e-14,2.2841324500190567e-12,3.9229908034311377e-16,3.137446829824718e-18,5.991428852118822e-08,1.1334686441974838e-13,0.0027087109957374695,9.727730132440865e-05,7.154833587897398e-06,7.964514199610828e-10,3.433851048722486e-10,1.3100556213570542e-09,4.96712570632158e-14,6.026500657106276e-13,8.980655256043087e-10,1.2443365814358636e-06,1.7391556785580518e-11,2.079822586978861e-08,1.9071897652223623e-10,1.7620671813570453e-13,1.622661763486042e-13,5.8165035050897766e-08,8.019690597792862e-17,7.849541407712587e-18,6.903155430879678e-16,1.465764772971078e-12,3.246428118911008e-20,2.563472537067096e-17,8.000074692077347e-16
6.9419547677576775e-09,0.16628943999999996,0.8585084662769803,0.0,0.0,0.4494698288574807,0.11587673659851815,0.022772355427205133,4.811059288480139e-14,9.107266629194793e-10,1.7027909015331255e-06,5.362089560991338e-08,7.869313453719952e-10,1.4387729993099767e-21,6.127282557941509e-05,2.0280788906857625e-19,5.5763689990171845e-05,2.3942627638360643e-14,2.376351913462751e-12,4.113614615497429e-16,3.282627260426752e-18,6.109330800058614e-08,1.180806156689329e-13,0.0027306339252806235,9.824808384986714e-05,7.276670648459279e-06,8.180637543711821e-10,3.4683488103797085e-10,1.3209181964118874e-09,5.1223985787025305e-14,6.077434096772709e-13,9.282352966361417e-10,1.264672466276371e-06,1.7860336595965915e-11,2.131022346683738e-08,1.9262862479217083e-10,1.8359845213896901e-13,1.681803839043081e-13,5.92906301589315e-08,8.376536846998967e-17,8.21772876990437e-18,7.262576237846626e-16,1.5153051501808163e-12,3.3818385894475366e-20,2.666894091706952e-17,8.298857302440088e-16
7.011120341685342e-09,0.16628943999999996,0.8585084662769803,0.0,0.0,0.4494468834595728,0.1158542727969772,0.022771867961322696,5.037376084542273e-14,9.389607500923138e-10,1.7373297287488683e-06,5.555759673372846e-08,8.105678992137931e-10,1.5264897610813852e-21,6.188303471462243e-05,2.1328627879648038e-19,5.626965229328065e-05,2.4686064978284936e-14,2.4713146922956953e-12,4.311415646471888e-16,3.4330341478119236e-18,6.2283224703499e-08,1.2296165097730322e-13,0.0027524650178414028,9.921869589135463e-05,7.399310724297146e-06,8.400366054570359e-10,3.50284449720192e-10,1.331780506208013e-09,5.281075629833186e-14,6.128412883280055e-13,9.591076340423762e-10,1.2851405302728251e-06,1.8337072379271614e-11,2.1829232085714938e-08,1.9453808224521283e-10,1.9122118611614672e-13,1.7425021768072748e-13,6.042604566956273e-08,8.745524207906699e-17,8.599375272345153e-18,7.636771403604986e-16,1.5659610753555693e-12,3.521454002699212e-20,2.7733876956627855e-17,8.605726738393843e-16
7.0802859156130065e-09,0.16628943999999996,0.8585084662769803,0.0,0.0,0.4494240287500183,0.11583190027548629,0.022771380544787233,5.272019578949243e-14,9.678048664357123e-10,1.7722553923346986e-06,5.7544838728027814e-08,8.346706622333935e-10,1.6186399869440641e-21,6.249323306673826e-05,2.2419378965492553e-19,5.677473835308063e-05,2.5444858361508617e-14,2.5690736545750634e-12,4.516585521407344e-16,3.588802774755809e-18,6.348402353874454e-08,1.279930178496332e-13,0.0027742046575934954,0.00010018913703813095,7.522746683830577e-06,8.623717890622668e-10,3.53733810145105e-10,1.3426425484026462e-09,5.4432040443810514e-14,6.179438366447248e-13,9.906908997255347e-10,1.3057399383414308e-06,1.8821816549313663e-11,2.2355280886658734e-08,1.9644734944640538e-10,1.9907972072637236e-13,1.8047819773344275e-13,6.15712558399978e-08,9.126933813923694e-17,8.99483490607868e-18,8.026188996568856e-16,1.617744992835374e-12,3.665361070000219e-20,2.8830123681567556e-17,8.920817974518723e-16
7.149451489540671e-09,0.16628943999999996,0.8585084662769803,0.0,0.0,0.4494012643546581,0.11580961865163317,0.0227708931774161,5.515211719718958e-14,9.972673390460537e-10,1.807570009705881e-06,5.9583434302098216e-08,8.592440914683883e-10,1.715402648844461e-21,6.310342049551248e-05,2.355434878909229e-19,5.727895084545643e-05,2.6219168959909987e-14,2.6696821365930514e-12,4.729318813046855e-16,3.7500705557009535e-18,6.46956894846488e-08,1.3317779580116178e-13,0.0027958532270987275,0.00010115940687322986,7.646971340700088e-06,8.850710819924938e-10,3.5718296154149947e-10,1.3535043206528173e-09,5.6088314138480245e-14,6.230511917920938e-13,1.022993408779954e-09,1.3264698510637248e-06,1.9314621059998396e-11,2.2888399513941295e-08,1.9835642695661845e-10,2.071789072727068e-13,1.8686685773670707e-13,6.27262350061025e-08,9.52104979128856e-17,9.404467288539245e-18,8.43128590657354e-16,1.6706693382503342e-12,3.813647406340609e-20,2.9958276463891425e-17,9.244266711091492e-16
7.218617063468335e-09,0.16628943999999996,0.8585084662769803,0.0,0.0,0.44937858990100277,0.11578742754461015,0.02277040585902746,5.767178096865468e-14,1.0273565741269266e-09,1.843275731835429e-06,6.167420054276589e-08,8.842926411087792e-10,1.8169621522077573e-21,6.371359686115234e-05,2.4734870290598687e-19,5.7782292432893666e-05,2.700915804192578e-14,2.773193941970365e-12,4.949813048040312e-16,3.916977047181692e-18,6.591820758832115e-08,1.3851909637562392e-13,0.002817411107313875,0.00010212950497352659,7.771977454378153e-06,9.081362217794268e-10,3.60631903140728e-10,1.3643658206178176e-09,5.778005738333783e-14,6.281634931048442e-13,1.0560234271500785e-09,1.3473294247478528e-06,1.981553740240751e-11,2.3428618103467544e-08,2.0026531533256095e-10,2.155236477307922e-13,1.9341874479691216e-13,6.389095758202016e-08,9.928159221088104e-17,9.828637687563633e-18,8.852527924830654e-16,1.7247465384905501e-12,3.9664015307935555e-20,3.1118935844810774e-17,9.576209356592627e-16
7.287782637396e-09,0.16628943999999996,0.8585084662769803,0.0,0.0,0.44935600501822415,0.11576532657520727,0.022769918589440268,6.028147961192621e-14,1.058081057724541e-09,1.8793747429277937e-06,6.381795885471105e-08,9.098207624945229e-10,1.923508445983784e-21,6.432376202431622e-05,2.596230298843209e-19,5.8284765764477375e-05,2.7814986971573292e-14,2.879663340753672e-12,5.178268712756345e-16,4.0896639580856405e-18,6.715156296492709e-08,1.4402006316305545e-13,0.0028388786775974534,0.00010309943090980553,7.897757730802866e-06,9.31568906451935e-10,3.6408063417667103e-10,1.3752270459579885e-09,5.950775428162716e-14,6.332808820720323e-13,1.089789169300239e-09,1.3683178114900662e-06,2.032461660193474e-11,2.3975967289829265e-08,2.0217401512679268e-10,2.2411889477714176e-13,2.0013641926542545e-13,6.506539805979049e-08,1.0348552100098878e-16,1.026771704481611e-17,9.290389823703353e-16,1.779989011678898e-12,4.123712866937485e-20,3.231270752422784e-17,9.916783009781278e-16
7.356948211323664e-09,0.16628943999999996,0.8585084662769803,0.0,0.0,0.4493335093371487,0.11574331536580564,0.022769431368474265,6.298354242652735e-14,1.089449356442868e-09,1.9158692600816587e-06,6.601553490056865e-08,9.358329041130863e-10,2.0352371332837137e-21,6.493391584610762e-05,2.7238033242037434e-19,5.8786373475890895e-05,2.863681720747732e-14,2.989145068516939e-12,5.41488925868933e-16,4.2682751597512556e-18,6.839574079695804e-08,1.4968387181736707e-13,0.00286025631571646,0.00010406918424682812,8.02430482303403e-06,9.553707943142163e-10,3.675291538857028e-10,1.386087994334348e-09,6.12718930537651e-14,6.384035023203216e-13,1.1242987958966973e-09,1.3894341592364168e-06,2.0841909215472875e-11,2.4530478212828194e-08,2.040825268877365e-10,2.3296965181707444e-13,2.070224545508161e-13,6.62495310089689e-08,1.0782521300378546e-16,1.0722081998625164e-17,9.74535543630134e-16,1.836409167146476e-12,4.2856717432729637e-20,3.354020235027262e-17,1.026612544983632e-15
7.426113785251329e-09,0.16628943999999996,0.8585084662769803,0.0,0.0,0.44931110249024914,0.11572139354037062,0.022768944195949985,6.57803356835198e-14,1.1214701181381275e-09,1.9527615329419413e-06,6.826775854082135e-08,9.623335115970153e-10,2.152349582611169e-21,6.55440581880689e-05,2.8563474514574074e-19,5.928711818941503e-05,2.947481030190188e-14,3.1016943254665763e-12,5.659881107464026e-16,4.452956695901541e-18,6.965072633349893e-08,1.55513730073691e-13,0.0028815443978531027,0.00010503876454340079,8.151611331931614e-06,9.795435037312705e-10,3.709774615066567e-10,1.3969486634091309e-09,6.307296605089949e-14,6.435314995963206e-13,1.159560411502938e-09,1.4106776118446482e-06,2.136746532865198e-11,2.5092182523481336e-08,2.059908511596897e-10,2.420809730122884e-13,2.1407943693049108e-13,6.744333107624662e-08,1.1230362527641253e-16,1.119211490623062e-17,1.021791773589593e-15,1.8940194054104907e-12,4.452369393634415e-20,3.4802036308892747e-17,1.0624375126514763e-15
7.495279359178994e-09,0.16628943999999996,0.8585084662769803,0.0,0.0,0.44928878411163736,0.11569956072444523,0.022768457071688737,6.867426280260529e-14,1.1541520725922177e-09,1.9900538433410927e-06,7.05754637734922e-08,9.89327027721515e-10,2.2750530399744825e-21,6.615418891217525e-05,2.994006763553774e-19,5.978700251392777e-05,3.03291278997864e-14,3.217366775550316e-12,5.913453655440236e-16,4.643856792413854e-18,7.091650488949324e-08,1.6151287776550259e-13,0.002902743298611498,0.00010600817135244324,8.279669806856145e-06,1.0040886129217905e-09,3.7442555628079056e-10,1.4078090508455995e-09,6.491146976708711e-14,6.486650217472246e-13,1.1955820622890412e-09,1.4320473091462773e-06,2.1901334553129137e-11,2.5661112389521078e-08,2.0789898848283529e-10,2.5145796330807135e-13,2.213099653617616e-13,6.864677298507148e-08,1.1692374278438105e-16,1.1678203865440006e-17,1.0708578915155396e-15,1.952832118154396e-12,4.6238979575967e-20,3.609883051349557e-17,1.0991671145412683e-15
7.564444933106659e-09,0.16628943999999996,0.8585084662769803,0.0,0.0,0.4492665538370568,0.1156778165451434,0.022767969995512612,7.166776452580857e-14,1.187504032164641e-09,2.0277485049297706e-06,7.29394886736429e-08,1.0168178924020396e-09,2.4035607419743323e-21,6.676430788082859e-05,3.1369281063311725e-19,6.0286029044904365e-05,3.1199931737786663e-14,3.336218545569755e-12,6.175819277918365e-16,4.8411258669254916e-18,7.219306184500572e-08,1.6768458684151255e-13,0.002923853391024329,0.00010697740422105687,8.408472746390987e-06,1.0290076597586377e-09,3.77873437451753e-10,1.4186691543078766e-09,6.678790485008247e-14,6.538042187001003e-13,1.2323717337560028e-09,1.4535423870088581e-06,2.244356602392959e-11,2.623730050040098e-08,2.0980693939325407e-10,2.6110577846015004e-13,2.287166512923582e-13,6.985983153526932e-08,1.2168857796146553e-16,1.2180742735693104e-17,1.121785046520042e-15,2.0128596882101267e-12,4.80035048087648e-20,3.743121119464168e-17,1.136815325322231e-15
7.633610507034323e-09,0.16628943999999996,0.8585084662769803,0.0,0.0,0.4492444113038752,0.11565616063114345,0.022767482967244474,7.476331908740332e-14,1.2215348924224967e-09,2.0658478627969745e-06,7.536067533268289e-08,1.0448105426918988e-09,2.538092029737311e-21,6.737441495685152e-05,3.2852611147645045e-19,6.0784200364417995e-05,3.2087383643320274e-14,3.4583062242964904e-12,6.447193332946344e-16,5.0449165382746726e-18,7.348038264448311e-08,1.740321613823316e-13,0.002944875046559494,0.00010794646269059326,8.53801259908624e-06,1.054302141577042e-09,3.8132110426554917e-10,1.4295289714610246e-09,6.870277611072529e-14,6.589492424399171e-13,1.2699373484758703e-09,1.4751619773984188e-06,2.2994208396839594e-11,2.682078007181718e-08,2.117147044229357e-10,2.7102962506117854e-13,2.3630211847041166e-13,7.108248160266599e-08,1.2660117025790988e-16,1.2700131158533527e-17,1.174625325447943e-15,2.0741144895422682e-12,4.9818209157283427e-20,3.879980968978873e-17,1.175396182582973e-15
7.702776080961988e-09,0.16628943999999996,0.8585084662769803,0.0,0.0,0.4492223561510764,0.11563459261268133,0.02276699598670797,7.79634423803284e-14,1.2562536327481433e-09,2.1043542930797132e-06,7.783986979749608e-08,1.073309412779869e-09,2.678872463567938e-21,6.798451000348136e-05,3.439158239205483e-19,6.128151904114082e-05,3.299164553361651e-14,3.5836868615917875e-12,6.72779416472895e-16,5.255383635776613e-18,7.477845279601236e-08,1.8055893761690786e-13,0.002965808635126704,0.00010891534629672304,8.668281764224063e-06,1.0799735149906704e-09,3.847685559705073e-10,1.4403884999710046e-09,7.065659253091597e-14,6.641002469861645e-13,1.3082867638485706e-09,1.496905208442067e-06,2.3553309845851196e-11,2.74115848497558e-08,2.1362228409978991e-10,2.8123476056686687e-13,2.44069002753918e-13,7.231469813871027e-08,1.316645856770789e-16,1.3236774577486489e-17,1.229431760746359e-15,2.136608887234034e-12,5.1684041213357183e-20,4.0205262433084695e-17,1.2149237856285077e-15
7.771941654889652e-09,0.16628943999999996,0.8585084662769803,0.0,0.0,0.44920038801925377,0.11561311212154424,0.022766509053727495,8.127068811925172e-14,1.2916693169241328e-09,2.1432702025623363e-06,8.037792200939049e-08,1.1023189339878222e-09,2.8261339383040553e-21,6.85945928843639e-05,3.5987747716150734e-19,6.177798763034552e-05,3.391287941477072e-14,3.712417967529699e-12,7.017843106641126e-16,5.472684208334558e-18,7.608725787057744e-08,1.8726828393873714e-13,0.002986654525084075,0.00010988405456950445,8.799272592605198e-06,1.1060231957157016e-09,3.8821579181724373e-10,1.4512477375046023e-09,7.26498672701709e-14,6.692573883680909e-13,1.3474277698762854e-09,1.5187712044907598e-06,2.412091806065907e-11,2.8009749114076697e-08,2.1552967894765775e-10,2.91726493321747e-13,2.5201995191970666e-13,7.355645617009719e-08,1.368819163007274e-16,1.3791084257341655e-17,1.2862583383161555e-15,2.2003552374748944e-12,5.3601958641965945e-20,4.16482109452099e-17,1.255412294100675e-15
7.841107228817316e-09,0.16628943999999996,0.8585084662769803,0.0,0.0,0.44917850655060176,0.11559171879106388,0.02276602216812822,8.468764800011367e-14,1.3277910936950556e-09,2.1825980282656136e-06,8.29756857428782e-08,1.131843534768361e-09,2.9801147994060504e-21,6.920466346354762e-05,3.7642688717878744e-19,6.227360867390744e-05,3.4851247380802995e-14,3.84455751152357e-12,7.317564483846755e-16,5.696977533385561e-18,7.74067835013136e-08,1.941636009218466e-13,0.0030074130832446725,0.00011085258703345276,8.930977387356353e-06,1.132452558403043e-09,3.9166281105862965e-10,1.4621066817294123e-09,7.468311767074976e-14,6.744208245986121e-13,1.387368086956235e-09,1.5407590861822215e-06,2.4697080244209576e-11,2.8615307681643624e-08,2.1743688948632224e-10,3.0251018258458043e-13,2.601576254719312e-13,7.480773079839239e-08,1.422562798030607e-16,1.4363477302840484e-17,1.3451600053453792e-15,2.265365887549742e-12,5.557292818503976e-20,4.312930182326639e-17,1.2968759266023118e-15
7.910272802744981e-09,0.16628943999999996,0.8585084662769803,0.0,0.0,0.44915671138890917,0.11557041225611006,0.022765535329736086,8.821695185604987e-14,1.3646281973059035e-09,2.2223402370256935e-06,8.563401854429058e-08,1.161887640702466e-09,3.14105995977232e-21,6.981472160547762e-05,3.935801593568189e-19,6.276838470030726e-05,3.580691161272115e-14,3.98016392145585e-12,7.627185615524241e-16,5.92842512568086e-18,7.873701538276056e-08,2.0124832133654994e-13,0.0030280846748830413,0.00011182094320760917,9.06338840475832e-06,1.1592629364788218e-09,3.951096129497582e-10,1.472965330313811e-09,7.675686526134614e-14,6.795907156468644e-13,1.428115363692728e-09,1.5628679705040153e-06,2.528184311030224e-11,2.9228295909010285e-08,2.1934391623151984e-10,3.1359123855340405e-13,2.6848469445009945e-13,7.606849719965683e-08,1.4779081895376413e-16,1.495437667676711e-17,1.4061926781246526e-15,2.3316531758294754e-12,5.759792566521097e-20,4.464918673071417e-17,1.3393289594198315e-15
7.979438376672645e-09,0.16628943999999996,0.8585084662769803,0.0,0.0,0.4491350021795515,0.11554919215308423,0.02276504853837777,9.186126780978143e-14,1.4021899480165947e-09,2.262499325063048e-06,8.835378167023593e-08,1.1924556744971574e-09,3.309221017233804e-21,7.042476717498962e-05,4.1135369110575557e-19,6.326231822463412e-05,3.6780034377587984e-14,4.11929608281116e-12,7.946936816700032e-16,6.1671907459005804e-18,8.007793927011341e-08,2.0852591016497635e-13,0.0030486696637417004,0.00011278912260561012,9.196497855094423e-06,1.186455621993274e-09,3.9855619674790974e-10,1.4838236809269099e-09,7.887163575933563e-14,6.847672234094029e-13,1.4696771747293285e-09,1.5850969708567508e-06,2.587525288124373e-11,2.984874969467132e-08,2.2125075969495087e-10,3.2497512239021564e-13,2.770038412366647e-13,7.73387306240724e-08,1.5348870111019377e-16,1.5564211217442296e-17,1.4694132498445042e-15,2.399229431762893e-12,5.967793598951387e-20,4.620852238735315e-17,1.3827857252352367e-15
8.04860395060031e-09,0.16628943999999996,0.8585084662769803,0.0,0.0,0.44911337856948297,0.11552805811991294,0.022764561793880714,9.562330242251029e-14,1.4404857525923097e-09,2.303077817541522e-06,9.113584002590454e-08,1.2235520559831618e-09,3.4848563726822056e-21,7.103480003730406e-05,4.297641744813496e-19,6.375541174858941e-05,3.777077802759271e-14,4.262013337812511e-12,8.277051399691484e-16,6.413440409102615e-18,8.142954097847247e-08,2.159998646163726e-13,0.003069168412037613,0.00011375712473575695,9.330297903519106e-06,1.2140318654781597e-09,4.02002561712519e-10,1.4946817312385242e-09,8.102795907157468e-14,6.899505116800664e-13,1.51206101860197e-09,1.6074451971174242e-06,2.6477355285554506e-11,3.047670548088723e-08,2.2315742038429e-10,3.366673462453007e-13,2.8571775936419237e-13,7.861840639556829e-08,1.593531176989068e-16,1.6193415655619675e-17,1.5348795983746324e-15,2.468106975869797e-12,6.181395315303168e-20,4.7807970559349975e-17,1.4272606117733845e-15
8.117769524527974e-09,0.16628943999999996,0.8585084662769803,0.0,0.0,0.4490918402072299,0.11550700979604142,0.022764075096073123,9.950580083924697e-14,1.4795251047693e-09,2.3440782681176335e-06,9.398106210322871e-08,1.2551812021125928e-09,3.668231348806481e-21,7.164482005802011e-05,4.488285988039214e-19,6.424766776049109e-05,3.8779304999126465e-14,4.408375484560652e-12,8.617765675160593e-16,6.6673423930055505e-18,8.27918063820914e-08,2.2367371414217787e-13,0.0030895812804686285,0.00011472494910108509,9.464780670946346e-06,1.241992875812821e-09,4.0544870710514194e-10,1.5055394789191424e-09,8.322636929374553e-14,6.951407461185102e-13,1.5552743156138783e-09,1.6299117557028866e-06,2.7088195555728307e-11,3.111220025509202e-08,2.2506389880319712e-10,3.4867347328119705e-13,2.9462915332212505e-13,7.990749991144805e-08,1.6538728368674554e-16,1.6842430630783943e-17,1.6026505940250914e-15,2.5382981197352126e-12,6.400698024249085e-20,4.944819804930869e-17,1.4727680604508435e-15
8.186935098455639e-09,0.16628943999999996,0.8585084662769803,0.0,0.0,0.44907038674288247,0.11548604682242718,0.022763588444783926,1.0351154693053459e-13,1.5193175856958377e-09,2.3855032584802415e-06,9.689031991890264e-08,1.2873475269566417e-09,3.8596183094189634e-21,7.225482710310991e-05,4.685642532764043e-19,6.473908873527861e-05,3.980577781186194e-14,4.5584427761764125e-12,8.96931895278006e-16,6.929067246105472e-18,8.416472141362418e-08,2.3155102045087205e-13,0.0031099086282198934,0.00011569259519943407,9.599938234957558e-06,1.270339820098997e-09,4.088946321894221e-10,1.516396921639894e-09,8.546740470824301e-14,7.003380942174223e-13,1.5993244057331141e-09,1.6524957496334322e-06,2.7707818426044513e-11,3.175527155089226e-08,2.2697019545132782e-10,3.6099911769630263e-13,3.0374073836316206e-13,8.12059866420172e-08,1.7159443704166746e-16,1.751170270685047e-17,1.6727861072893911e-15,2.609815166004646e-12,6.625802943980264e-20,5.112987668638455e-17,1.519322565057696e-15
8.256100672383303e-09,0.16628943999999996,0.8585084662769803,0.0,0.0,0.4490490178280877,0.11546516884153368,0.022763101839842807,1.0764336343060018e-13,1.5598728643480028e-09,2.427355397880744e-06,9.986448895226898e-08,1.3200554417032774e-09,4.059296779344661e-21,7.286482103891246e-05,4.889887296014371e-19,6.522967713451854e-05,4.0850359067837036e-14,4.71227591994604e-12,9.331953541513205e-16,7.198787795626533e-18,8.554827206337084e-08,2.396353775225972e-13,0.0031301508129702436,0.00011666006252351716,9.7357626307287e-06,1.2990738235445113e-09,4.1234033623105784e-10,1.5272540570725087e-09,8.775160778059931e-14,7.055427252684176e-13,1.6442185465135693e-09,1.6751962785964958e-06,2.833626813043366e-11,3.2405957448665605e-08,2.288763108243434e-10,3.736499447481216e-13,3.1305524030927213e-13,8.251384213021193e-08,1.77977838183531e-16,1.8201684387265937e-17,1.745347016569501e-15,2.6826704083802768e-12,6.856812202555163e-20,5.285368331643979e-17,1.5669386704324581e-15
8.325266246310968e-09,0.16628943999999996,0.8585084662769803,0.0,0.0,0.44902773311604216,0.11544437549732385,0.0227626152810802,1.1190411207194135e-13,1.6012006979199888e-09,2.469637322653935e-06,1.0290444808307832e-07,1.353309354654956e-09,4.267553564839932e-21,7.347480173212789e-05,5.101199245974811e-19,6.571943540641062e-05,4.1913211450542335e-14,4.869936076469401e-12,9.705914749509192e-16,7.476679155305158e-18,8.694244437852214e-08,2.479304116235535e-13,0.0031503081908985553,0.00011762735056099122,9.872245851976274e-06,1.3281959693559285e-09,4.157858184977691e-10,1.5381108828892895e-09,9.007952515444451e-14,7.107548103266447e-13,1.689963911040232e-09,1.6980124390104545e-06,2.897358840039597e-11,3.306429657576711e-08,2.3078224541392126e-10,3.866316707761518e-13,3.2257539535736005e-13,8.383104199122834e-08,1.8454076942506673e-16,1.8912834129509808e-17,1.8203952158827482e-15,2.756876131618038e-12,7.093828838243166e-20,5.4620299792240694e-17,1.61563097111246e-15
8.394431820238632e-09,0.16628943999999996,0.8585084662769803,0.0,0.0,0.44900653226148407,0.11542366643525394,0.022762128768327256,1.1629669371631542e-13,1.6433109321886514e-09,2.512351695729674e-06,1.0601107952912743e-07,1.3871136712263424e-09,4.484682874506962e-21,7.40847690498117e-05,5.3197604281394065e-19,6.620836598579472e-05,4.299449772401262e-14,5.031484858811012e-12,1.0091450883615189e-15,7.762918733007804e-18,8.834722446240318e-08,2.564397813201673e-13,0.0031703811166900867,0.00011859445879452682,1.0009379851921842e-05,1.357707298640302e-09,4.192310782592651e-10,1.548967396763079e-09,9.245170764500109e-14,7.159745221740961e-13,1.7365675858995323e-09,1.7209433240885348e-06,2.961982246297322e-11,3.373032810635105e-08,2.3268799970776524e-10,3.999500632244141e-13,3.3230394988460403e-13,8.515756191215236e-08,1.912865344032275e-16,1.964561635899647e-17,1.8979936225505968e-15,2.8324446115254946e-12,7.336956799862848e-20,5.64304129636948e-17,1.6654141099840514e-15
8.463597394166297e-09,0.16628943999999996,0.8585084662769803,0.0,0.0,0.44898541492068605,0.11540304130226706,0.022761642301415873,1.208240484821148e-13,1.686213501852011e-09,2.555501206135543e-06,1.0918526878378246e-07,1.4214727939420389e-09,4.7109864406735716e-21,7.469472285936861e-05,5.545755991452591e-19,6.66964712941581e-05,4.409438073192213e-14,5.196984331653811e-12,1.0488813248507007e-15,8.057686238182142e-18,8.976259847371659e-08,2.6516717749303407e-13,0.003190369943542776,0.00011956138670187823,1.0147156544274745e-05,1.3876088103160845e-09,4.2267611478721057e-10,1.5598235963672256e-09,9.486871023111102e-14,7.21202035281649e-13,1.7840365691755514e-09,1.7439880239027997e-06,3.0275013038773957e-11,3.440409176081608e-08,2.345935741896151e-10,4.136109406636217e-13,3.422436602534823e-13,8.649337765159072e-08,1.9821845750117816e-16,2.0400501482377636e-17,1.9782061848693036e-15,2.909388114960466e-12,7.586300947114927e-20,5.828471466812758e-17,1.7163027769430415e-15
8.532762968093961e-09,0.16628943999999996,0.8585084662769803,0.0,0.0,0.4489643807514481,0.11538249974678703,0.022761155880178678,1.254891558681366e-13,1.7299184308414538e-09,2.5990885684906386e-06,1.1242790455339355e-07,1.456391122434323e-09,4.9467736412086076e-21,7.530466302854717e-05,5.779374214439694e-19,6.718375373964383e-05,4.521302339668361e-14,5.366497010455622e-12,1.0898256145439917e-15,8.361163689141642e-18,9.118855262578446e-08,2.7411632335063533e-13,0.003210275023173517,0.00012052813375595363,1.0285567804232642e-05,1.4179014610333115e-09,4.261209273551942e-10,1.570679479375552e-09,9.733109204579572e-14,7.264375257698464e-13,1.8323777684728997e-09,1.7671456254482295e-06,3.093920234005208e-11,3.508562780488124e-08,2.3649896933925673e-10,4.276201728129922e-13,3.5239729261650957e-13,8.783846503930253e-08,2.0533988326112325e-16,2.117796590024537e-17,2.0610978897624384e-15,2.9877188998303253e-12,7.84196705090995e-20,6.018390172059746e-17,1.7683117075509218e-15
8.601928542021626e-09,0.16628943999999996,0.8585084662769803,0.0,0.0,0.4489434294130896,0.11536204141871206,0.02276066950444902,1.3029503487374623e-13,1.7744358326073766e-09,2.643116522490665e-06,1.1573987869460678e-07,1.4918730534408973e-09,5.192361621741142e-21,7.59145894254336e-05,6.020806531326769e-19,6.767021571705936e-05,4.635058871855113e-14,5.540085860608201e-12,1.1320036870621283e-15,8.673535420183443e-18,9.262507318579022e-08,2.832909744428293e-13,0.003230096705824421,0.00012149469942488534,1.0424605469499558e-05,1.4485861651031466e-09,4.295655152386954e-10,1.5815350434623228e-09,9.983941636535025e-14,7.31681171368435e-13,1.8815979989670466e-09,1.7904152127068748e-06,3.1612432068839014e-11,3.577497704830039e-08,2.38404185632532e-10,4.4198368056170016e-13,3.6276762272070076e-13,8.919279997583158e-08,2.1265417578823724e-16,2.1978492019235392e-17,2.1467347704152497e-15,3.067449215091926e-12,8.10406179369062e-20,6.212867590424854e-17,1.8214556816812592e-15
8.67109411594929e-09,0.16628943999999996,0.8585084662769803,0.0,0.0,0.4489225605664422,0.11534166596940854,0.022760183174060974,1.3524474411542006e-13,1.8197759103780353e-09,2.6875878323845197e-06,1.191220861515797e-07,1.5279229808026436e-09,5.44807541825012e-21,7.652450191844625e-05,6.270247558149484e-19,6.815585960788619e-05,4.750723977472635e-14,5.71781429659885e-12,1.17544157132067e-15,8.994988088539523e-18,9.407214647401965e-08,2.9269491867411567e-13,0.0032498353402690312,0.00012246108317210023,1.0564261341320982e-05,1.4796637944368626e-09,4.3300987771505213e-10,1.5923902863022133e-09,1.0239425059697174e-13,7.369331513746771e-13,1.931703981482842e-09,1.813795866712081e-06,3.229474341512936e-11,3.6472180843222035e-08,2.4030922354134824e-10,4.567074359899732e-13,3.7335743571177943e-13,9.055635843213971e-08,2.2016471814591808e-16,2.2802568263531018e-17,2.235183913890892e-15,3.1485913007521014e-12,8.372692769748779e-20,6.411974396069975e-17,1.875749522165266e-15
8.740259689876955e-09,0.16628943999999996,0.8585084662769803,0.0,0.0,0.4489017738738428,0.11532137305170484,0.022759696888849334,1.4034138193965916e-13,1.8659489573913805e-09,2.7325052864425302e-06,1.225754248931065e-07,1.5645452954613928e-09,5.714248079990748e-21,7.713440037632981e-05,6.527895118850851e-19,6.864068778028999e-05,4.868313971846875e-14,5.899746181174465e-12,1.2201655952921356e-15,9.325710681161072e-18,9.552975886310192e-08,3.023319763166764e-13,0.0032694912738185236,0.00012342728445639023,1.0704527185535712e-05,1.5111351784943438e-09,4.364540140634289e-10,1.603245205570278e-09,1.0499616626492648e-13,7.421936466104505e-13,1.9827023406020207e-09,1.8372866656127764e-06,3.29861770551203e-11,3.717728108220184e-08,2.422140835336879e-10,4.717974623898299e-13,3.8416952593815357e-13,9.192911644924076e-08,2.2787491174263017e-16,2.3650689085767713e-17,2.3265134687284637e-15,3.231157387868684e-12,8.647968485537167e-20,6.615781758046996e-17,1.93120809344005e-15
8.809425263804619e-09,0.16628943999999996,0.8585084662769803,0.0,0.0,0.44888106899912533,0.11530116231988521,0.022759210648649615,1.4558808653227403e-13,1.9129653570996623e-09,2.7778716964165407e-06,1.261007958496591e-07,1.6017443854576946e-09,5.991220792724146e-21,7.77442846681495e-05,6.793950271367582e-19,6.912470258913169e-05,4.9878451778209e-14,6.085945824508017e-12,1.2662023857308425e-15,9.665894521336089e-18,9.699789677725034e-08,3.1220600002318883e-13,0.003289064852327879,0.00012439330273198232,1.0845394733643982e-05,1.5430011042421814e-09,4.398979235647841e-10,1.614099798941919e-09,1.0764573899525771e-13,7.474628393781657e-13,2.034599602800414e-09,1.8608866847378157e-06,3.3686773149504476e-11,3.7890320195874734e-08,2.4411876607361815e-10,4.872598342854598e-13,3.952066967546717e-13,9.331105013783536e-08,2.3578817571056904e-16,2.452335497733861e-17,2.4207926525228876e-15,3.3151596985520143e-12,8.929998359975704e-20,6.824361339343784e-17,1.987846300194379e-15
8.878590837732284e-09,0.16628943999999996,0.8585084662769803,0.0,0.0,0.44886044560761423,0.11528103342968365,0.022758724453298036,1.509880360240388e-13,1.960835583346619e-09,2.8236898969920297e-06,1.2969910285035027e-07,1.6395246359286029e-09,6.279343002216452e-21,7.83541546632854e-05,7.068617333704798e-19,6.960790637597906e-05,5.1093339256666193e-14,6.276477983367334e-12,1.3135788678606257e-15,1.0015733275140178e-17,9.847654669150291e-08,3.223208748394156e-13,0.003308556420202024,0.00012535913744860972,1.0986855683891537e-05,1.5752623161214345e-09,4.433416055018379e-10,1.624954064092853e-09,1.1034354849903887e-13,7.527409134155057e-13,2.087402194615606e-09,1.8845949966603744e-06,3.439657134181687e-11,3.8611341150293655e-08,2.4602327162129957e-10,5.031006774532476e-13,4.064717603261838e-13,9.470213567794674e-08,2.4390794627641997e-16,2.542107247810138e-17,2.5180917594865966e-15,3.40061044596688e-12,9.218892724752538e-20,7.037785295933572e-17,2.045679086010303e-15
8.947756411659948e-09,0.16628943999999996,0.8585084662769803,0.0,0.0,0.44883990336611645,0.11526098603827764,0.02275823830263154,1.5654444859270744e-13,2.009570200517058e-09,2.8699627452324584e-06,1.3337125255982517e-07,1.6778904291054653e-09,6.578972537972946e-21,7.896401023142688e-05,7.352103909998927e-19,7.009030146911905e-05,5.2327965529968157e-14,6.471407860286156e-12,1.3623222650256194e-15,1.0375422957720577e-17,9.996569513096318e-08,3.326805182165696e-13,0.003327966320401958,0.00012632478805158208,1.1128901702369172e-05,1.60791951602511e-09,4.467850591590416e-10,1.635807998699088e-09,1.1309017855417735e-13,7.580280538490239e-13,2.141116440845753e-09,1.9084106712623846e-06,3.5115610756835205e-11,3.934038744394134e-08,2.4792760063299655e-10,5.193261689414406e-13,4.1796753743092126e-13,9.61023493185574e-08,2.5223767612447345e-16,2.6344354185486727e-17,2.618482167993024e-15,3.4875218343348547e-12,9.514762824619734e-20,7.256126275827645e-17,2.1047214320040378e-15
9.016921985587613e-09,0.16628943999999996,0.8585084662769803,0.0,0.0,0.44881944194291507,0.11524101980428217,0.022757752196487773,1.6226058256138852e-13,2.0591798636586725e-09,2.916693120016037e-06,1.3711815441508646e-07,1.7168461443117212e-09,6.890475737172055e-21,7.957385124256678e-05,7.644620916568498e-19,7.057189018357122e-05,5.358249404677544e-14,6.670801102737374e-12,1.4124600983042875e-15,1.0745161939413374e-17,1.0146532867004115e-07,3.432888800234526e-13,0.0033472948944508335,0.0001272902539818561,1.1271524424127365e-05,1.6409733632854353e-09,4.5022828382254414e-10,1.6466616004368844e-09,1.1588621698577447e-13,7.633244471466103e-13,2.195748562780274e-09,1.932332775799007e-06,3.584392999903433e-11,4.0077503104422136e-08,2.4983175356108543e-10,5.359425370894599e-13,4.2969685726371714e-13,9.751166737724614e-08,2.607808337523337e-16,2.7293718763008918e-17,2.7220363481018857e-15,3.5759060589370068e-12,9.817720817683579e-20,7.479457418131271e-17,2.1649883554673098e-15
9.086087559515277e-09,0.16628943999999996,0.8585084662769803,0.0,0.0,0.44879906100776035,0.11522113438774376,0.02275726613470508,1.681397364932767e-13,2.1096753185759316e-09,2.963883921465127e-06,1.4094072056226093e-07,1.7563961579607081e-09,7.214227568763824e-21,8.018367756699585e-05,7.946382607952622e-19,7.105267482110149e-05,5.4857088327408413e-14,6.8747238023083955e-12,1.464020186086893e-15,1.1125150951694037e-17,1.0297543393169467e-07,3.541499425583727e-13,0.0033665424824400342,0.00012825553467610634,1.1414715454305578e-05,1.6744244746709695e-09,4.5367127878016136e-10,1.6575148669827284e-09,1.1873225564504913e-13,7.686302810688555e-13,2.2513046764631135e-09,1.9563603749631324e-06,3.6581567151094224e-11,4.082273268484021e-08,2.5173573085406404e-10,5.529560615468563e-13,4.416625572390834e-13,9.893006623982692e-08,2.6954090281954075e-16,2.8269690948179225e-17,2.828827869066245e-15,3.665775306116935e-12,1.0127879775689596e-19,7.707852352102722e-17,2.2264949085074522e-15
9.155253133442941e-09,0.16628943999999996,0.8585084662769803,0.0,0.0,0.4487787602318642,0.11520132945013425,0.0227567801171225,1.741852492827405e-13,2.161067401895924e-09,3.011538070368472e-06,1.4483986579331171e-07,1.7965448435534764e-09,7.550611757697114e-21,8.079348907529716e-05,8.257606602936972e-19,7.153265767023685e-05,5.6151911962977725e-14,7.083242493878561e-12,1.517030643616598e-15,1.151559309296125e-17,1.0449599758667114e-07,3.6526772056083413e-13,0.0033857094230352056,0.0001292206295667959,1.1558466369275706e-05,1.7082734243935858e-09,4.5711404332134434e-10,1.6683677960133024e-09,1.2162889038683163e-13,7.739457446193382e-13,2.3077907909892252e-09,1.9804925309499052e-06,3.732855977246198e-11,4.157612125987062e-08,2.5363953295656043e-10,5.703730732919095e-13,4.538674827941655e-13,1.0035752235998763e-07,2.7852138148932786e-16,2.9272801559822526e-17,2.9389314068213587e-15,3.7571417532840965e-12,1.0445353684302169e-19,7.941385196215392e-17,2.2892561766858367e-15
9.224418707370606e-09,0.16628943999999996,0.8585084662769803,0.0,0.0,0.44875853928789167,0.11518160465434496,0.02275629414357979,1.804005002427626e-13,2.2133670411060127e-09,3.0596585075964802e-06,1.4881650748270384e-07,1.837296571676609e-09,7.900020909239537e-21,8.140328563834043e-05,8.57851391056698e-19,7.201184100628112e-05,5.746712861451797e-14,7.296424154798543e-12,1.571519882494387e-15,1.1916693834154078e-17,1.0602700635275e-07,3.766462612230056e-13,0.003404796053482278,0.0001301855380822471,1.1702768717799347e-05,1.7425207441254122e-09,4.6055657673714836e-10,1.679220385205457e-09,1.2457672104563747e-13,7.792710279938514e-13,2.3652128068349793e-09,2.004728303521259e-06,3.808494489796756e-11,4.2337714421529645e-08,2.555431603093421e-10,5.881999546498753e-13,4.663144871915919e-13,1.0179401225893036e-07,2.877257817638288e-16,3.030358750479795e-17,3.0524227514552692e-15,3.850017568917427e-12,1.0770257443378802e-19,8.180130557222824e-17,2.3532872776559997e-15
9.29358428129827e-09,0.16628943999999996,0.8585084662769803,0.0,0.0,0.4487383978499542,0.11516195966468051,0.022755808213917386,1.8678890918873162e-13,2.266585254563207e-09,3.1082481935097706e-06,1.5287156552402808e-07,1.878655710000049e-09,8.262856633353647e-21,8.201306712727645e-05,8.909328956148064e-19,7.249022709133091e-05,5.880290201212453e-14,7.514336204071666e-12,1.6275166101480208e-15,1.232866102420266e-17,1.0756844699398586e-07,3.8828964420096464e-13,0.0034238027096134467,0.00013115025964671232,1.184761402219836e-05,1.7771669230257166e-09,4.6399887832020067e-10,1.6900726322361788e-09,1.2757635141032988e-13,7.846063225286073e-13,2.4235765142231144e-09,2.0290667500704685e-06,3.885075903649342e-11,4.3107558274650654e-08,2.57446613349324e-10,6.06443139310875e-13,4.790064313222358e-13,1.0323951252501243e-07,2.9715762881299756e-16,3.136259178412425e-17,3.16937881466117e-15,3.944414912569185e-12,1.1102706867239103e-19,8.424163529226645e-17,2.4186033598019495e-15
9.362749855225935e-09,0.16628943999999996,0.8585084662769803,0.0,0.0,0.4487183355936022,0.11514239414685311,0.02275532232797643,1.9335393651858585e-13,2.320733151475167e-09,3.157310107361197e-06,1.5700596226659006e-07,1.9206266232749342e-09,8.639529669092662e-21,8.26228334135317e-05,9.250279607232623e-19,7.296781817429303e-05,6.015939595409341e-14,7.737046501537086e-12,1.685049829265208e-15,1.275170489531238e-17,1.0912030631995263e-07,4.002019816257183e-13,0.0034427297258531418,0.00013211479368044457,1.1992993779538244e-05,1.8122124077777984e-09,4.674409473646703e-10,1.700924534782563e-09,1.3062838919738032e-13,7.899518206474321e-13,2.4828875915228615e-09,2.0535069256866934e-06,3.9626038169697754e-11,4.388569943207185e-08,2.5934989250957826e-10,6.251091123474349e-13,4.91946183507911e-13,1.0469399981338833e-07,3.0682046029753165e-16,3.2450363498510975e-17,3.2898776371714956e-15,4.0403459348690134e-12,1.1442818684928316e-19,8.673559692747283e-17,2.4852196008761644e-15
9.4319154291536e-09,0.16628943999999996,0.8585084662769803,0.0,0.0,0.4486983521958176,0.11512290776797637,0.022754836485598725,2.000990832893077e-13,2.375821931852746e-09,3.206847246691582e-06,1.6122062245197e-07,1.963213673331441e-09,9.030460008978683e-21,8.32325843688026e-05,9.601597199593643e-19,7.344461649090232e-05,6.153677430606423e-14,7.964623347054719e-12,1.7441488371912173e-15,1.31860380680817e-17,1.1068257118498848e-07,4.123874181140012e-13,0.003461577435223964,0.0001330791395997686,1.2138899462823933e-05,1.8476576026359178e-09,4.708827831662365e-10,1.7117760905217837e-09,1.337334460227407e-13,7.953077158079935e-13,2.5431516036858895e-09,2.0780478832195272e-06,4.041081775079194e-11,4.4672185009541774e-08,2.6125299821934166e-10,6.442044102316688e-13,5.051366193040161e-13,1.0615745084565261e-07,3.1671782568608564e-16,3.3567457853295915e-17,3.4139983961737506e-15,4.137822777528214e-12,1.1790710540475564e-19,8.928395113797349e-17,2.553151206637277e-15
9.501081003081264e-09,0.16628943999999996,0.8585084662769803,0.0,0.0,0.44867844733500717,0.11510350019655963,0.022754350686626786,2.0702789128977e-13,2.431862886434025e-09,3.256862626719389e-06,1.6551647315055982e-07,2.0064212190766272e-09,9.436077023326071e-21,8.384231986505011e-05,9.963516563184608e-19,7.392062426374047e-05,6.293520100016631e-14,8.197135479691936e-12,1.8048432252911175e-15,1.3631875556453762e-17,1.1225522848744225e-07,4.248501307788515e-13,0.0034803461693525945,0.00013404329681715143,1.228532252220744e-05,1.883502869482257e-09,4.74324385022058e-10,1.7226272971310672e-09,1.3689213737233583e-13,8.006742024470769e-13,2.6043740007186125e-09,2.102688673343525e-06,4.12051327033713e-11,4.5467062620348997e-08,2.6315593090402483e-10,6.637356208521106e-13,5.185806213021486e-13,1.0762984240948379e-07,3.2685328556708137e-16,3.471443616279022e-17,3.5418214127080697e-15,4.236857573344202e-12,1.214650099314673e-19,9.188746342957706e-17,2.62241340948809e-15
9.570246577008928e-09,0.16628943999999996,0.8585084662769803,0.0,0.0,0.44865862069099455,0.11508417110250188,0.022753864930903804,2.141439431099341e-13,2.4888673965797946e-09,3.307359279724552e-06,1.698944436980829e-07,2.050253616492292e-09,9.856819584472507e-21,8.445203977449435e-05,1.0336276048085543e-18,7.439584370225549e-05,6.435484003416741e-14,8.434652076911857e-12,1.8671628782768766e-15,1.4089434772501853e-17,1.138382651689208e-07,4.375943292399633e-13,0.0034990362584756867,0.00013500726474127323,1.2432254386206973e-05,1.919748527893964e-09,4.777657522307428e-10,1.7334781522876637e-09,1.4010508257119054e-13,8.060514759249481e-13,2.666560116191507e-09,2.1274283446227226e-06,4.200901742029992e-11,4.62703803696817e-08,2.650586909852205e-10,6.837093835301928e-13,5.322810789327059e-13,1.0911115135828916e-07,3.3723041095535413e-16,3.5891865854032137e-17,3.6734281590464736e-15,4.337462446205076e-12,1.2510309517691928e-19,9.45469041445598e-17,2.6930214671140836e-15
9.639412150936593e-09,0.16628943999999996,0.8585084662769803,0.0,0.0,0.4486388719450136,0.11506492015708604,0.022753379218273646,2.2145086220640215e-13,2.5468469341404467e-09,3.3583402544267117e-06,1.7435546563210312e-07,2.0947152186328286e-09,1.0293136190879934e-20,8.506174396960893e-05,1.072011755043499e-18,7.487027700278225e-05,6.57958554706256e-14,8.677242753763272e-12,1.9311379734995203e-15,1.4558935531048934e-17,1.1543166821353816e-07,4.5062425563381934e-13,0.0035176480314457205,0.00013597104277709787,1.2579686462936917e-05,1.956394855220259e-09,4.812068840923166e-10,1.7443286536688172e-09,1.4337290475120625e-13,8.114397324688286e-13,2.729715165785947e-09,2.1522659435751226e-06,4.2822505762648924e-11,4.7082186848723517e-08,2.669612788807114e-10,7.04132389036375e-13,5.462408882674914e-13,1.1060135461085069e-07,3.4785278259403933e-16,3.710032046995024e-17,3.808901266053841e-15,4.439649511094375e-12,1.2882256504587714e-19,9.72630484524761e-17,2.7649906611225056e-15
9.708577724864257e-09,0.16628943999999996,0.8585084662769803,0.0,0.0,0.4486192007797008,0.11504574703297311,0.022752893548580844,2.2895231296432375e-13,2.6058130612942677e-09,3.409808615358089e-06,1.7890047262852935e-07,2.139810375623098e-09,1.0745485091067499e-20,8.567143232311578e-05,1.1115286538347603e-18,7.534392634856383e-05,6.725841143604401e-14,8.924977562072052e-12,1.9967989802065654e-15,1.50406000541213e-17,1.1703542464716604e-07,4.639441846235998e-13,0.003536181815736848,0.0001369346303259442,1.272761014134828e-05,1.9934420866696394e-09,4.846477799081934e-10,1.7551787989517417e-09,1.4669623081759716e-13,8.168391691155147e-13,2.793844245879136e-09,2.1772005147371533e-06,4.3645631058688733e-11,4.7902531128491253e-08,2.688636950044792e-10,7.2501137960592e-13,5.60462951822345e-13,1.1210042915097164e-07,3.5872399025186486e-16,3.8340379671937855e-17,3.9483245305305636e-15,4.54343087409592e-12,1.326246326027385e-19,1.0003667634099203e-16,2.8383362956820777e-15
9.777743298791922e-09,0.16628943999999996,0.8585084662769803,0.0,0.0,0.4485996068790885,0.11502665140419625,0.022752407921670614,2.3665200075566145e-13,2.6657774303571454e-09,3.4617674422312395e-06,1.835304004381203e-07,2.185543434656293e-09,1.1214334407338284e-20,8.628110470797944e-05,1.152203207781728e-18,7.581679390977362e-05,6.874267212002826e-14,9.177926989634016e-12,2.0641766587649654e-15,1.5534652975236646e-17,1.1864952153668598e-07,4.77558423408872e-13,0.0035546379374507006,0.00013789802678555632,1.2876016792479072e-05,2.030890415407147e-09,4.880884389811437e-10,1.7660285858135894e-09,1.5007569141400716e-13,8.222499836531743e-13,2.85895233216764e-09,2.202231100728091e-06,4.4478426102934524e-11,4.8731462753420484e-08,2.707659397667118e-10,7.463531489543207e-13,5.749501783598139e-13,1.1360835202712475e-07,3.698476320162716e-16,3.9612629241839366e-17,4.091782922536894e-15,4.648818632398779e-12,1.36510520073848e-19,1.0286857260674185e-16,2.9130736961636656e-15
9.846908872719586e-09,0.16628943999999996,0.8585084662769803,0.0,0.0,0.44858008992859716,0.11500763294615515,0.022751922337388857,2.4455367199381573e-13,2.726751783563682e-09,3.514219829301928e-06,1.8824618682299719e-07,2.231918739991817e-09,1.1700162259261656e-20,8.689076099740202e-05,1.1940606858605455e-18,7.62888818435382e-05,7.024880177444646e-14,9.436161959409211e-12,2.1333020598497656e-15,1.604132134352665e-17,1.2027394598924363e-07,4.914713117350587e-13,0.0035730167213221743,0.00013886123155017443,1.3024897770714062e-05,2.068739992661726e-09,4.915288606152666e-10,1.7768780119314293e-09,1.5351192088631593e-13,8.276723745623534e-13,2.9250442783300527e-09,2.2273567423144335e-06,4.532092315524552e-11,4.956903173470502e-08,2.726680135738118e-10,7.68164542292377e-13,5.897054826918851e-13,1.1512510035210077e-07,3.812273135825822e-16,4.091766108335021e-17,4.239362592698956e-15,4.755824874302304e-12,1.40481458849758e-19,1.0575952684620679e-16,2.9892182077821105e-15
9.91607444664725e-09,0.16628943999999996,0.8585084662769803,0.0,0.0,0.4485606496150289,0.11498869133561022,0.022751436795582114,2.526611141846143e-13,2.7887479528197806e-09,3.567168884727383e-06,1.9304877149316946e-07,2.2789406329531672e-09,1.2203456886872787e-20,8.750040106481752e-05,1.2371267220114481e-18,7.676019229396142e-05,7.177696471259246e-14,9.699753828717492e-12,2.204206523598714e-15,1.656083462769429e-17,1.2190868515150487e-07,5.056872219026857e-13,0.003591318490725194,0.00013982424401060554,1.317424441505348e-05,2.10699092784364e-09,4.949690441159575e-10,1.7877270749822161e-09,1.5700555724515842e-13,8.331065409562214e-13,2.992124814729258e-09,2.25257647847423e-06,4.617315393997761e-11,5.041528854339596e-08,2.745699168284046e-10,7.904524563409235e-13,6.047317854827957e-13,1.1665065130265871e-07,3.9286664753958255e-16,4.2256073222831805e-17,4.3911508794964245e-15,4.864461679221271e-12,1.4453868948743644e-19,1.0871033344661484e-16,3.0667851942393716e-15
9.985240020574915e-09,0.16628943999999996,0.8585084662769803,0.0,0.0,0.44854128562655976,0.11496982625067678,0.022750951296097603,2.609781559736679e-13,2.8517778594267277e-09,3.6206177299201653e-06,1.9793909604307902e-07,2.326613451925819e-09,1.272471677355096e-20,8.811002478388681e-05,1.2814273177245786e-18,7.723072739214915e-05,7.332732530835107e-14,9.968774388435371e-12,2.276921678733044e-15,1.7093424719806076e-17,1.2355372620891378e-07,5.2021055877641e-13,0.003609543567678453,0.0001407870635542942,1.3324048050390088e-05,2.1456432886719446e-09,4.984089887898797e-10,1.798575772642766e-09,1.6055724212716966e-13,8.385526825200977e-13,3.0601985471547636e-09,2.2778893464613402e-06,4.7035149645189314e-11,5.1270284103266035e-08,2.764716499293459e-10,8.132238393452089e-13,6.200320130519378e-13,1.1818498211917658e-07,4.047692526517787e-16,4.362846980954277e-17,4.547236316531851e-15,4.9747411176910435e-12,1.48683461712421e-19,1.117217915768609e-16,3.1457900363690864e-15
9.999999999999999e-09,0.16628943999999996,0.8585084662769803,0.0,0.0,0.44853716319070486,0.11496581030616583,0.022750847695649997,2.6278052401418884e-13,2.8653634672077915e-09,3.6320887560425907e-06,1.9899414433994384e-07,2.336871552911939e-09,1.2838328357012123e-20,8.824011676185307e-05,1.291043445137536e-18,7.733103971221742e-05,7.366106293192075e-14,1.002689329943568e-11,2.2926766151817447e-15,1.7208795194192775e-17,1.2390611163124024e-07,5.233500743934713e-13,0.00361342291247346,0.00014099250484880306,1.335607458275741e-05,2.1539437041093953e-09,4.99143044281464e-10,1.8008908444015697e-09,1.6132275116436456e-13,8.397164622907057e-13,3.074854546541054e-09,2.2833030950145407e-06,4.7220367306047196e-11,5.1453877030743454e-08,2.768774590444441e-10,8.181465301278687e-13,6.233328368427942e-13,1.1851354389699028e-07,4.073437083765325e-16,4.392579830798605e-17,4.58110995481264e-15,4.998488647640518e-12,1.4957941297175562e-19,1.1237236801694196e-16,3.1628373521573524e-15
1.005440559450258e-08,0.16628943999999996,0.8585084662769803,0.0,0.0,0.44852199765273276,0.1149510373708195,0.022750465838783204,2.6950866719009904e-13,2.9158535137768547e-09,3.674569498897914e-06,2.029181038881697e-07,2.3749415323551177e-09,1.3264450768538057e-20,8.871963202849207e-05,1.3269888446242603e-18,7.770048925623472e-05,7.49000479953665e-14,1.0243295862194055e-11,2.3514794416446734e-15,1.7639325938919503e-17,1.2520905638495348e-07,5.350457597938298e-13,0.003627692272851123,0.00014174968956539292,1.3474299988794117e-05,2.1846971013119763e-09,5.018486939449339e-10,1.8094241025897302e-09,1.6416762075497457e-13,8.440109994502844e-13,3.1292699556055824e-09,2.3032943818696465e-06,4.790694092190112e-11,5.213406978344533e-08,2.7837321327172956e-10,8.36485691088929e-13,6.356090971768787e-13,1.1972807010530357e-07,4.1693875313867116e-16,4.5035461115288194e-17,4.707708639781645e-15,5.086675251372831e-12,1.5291703442091976e-19,1.1479470517844653e-16,3.2262481307827834e-15
1.0123571168430244e-08,0.16628943999999996,0.8585084662769803,0.0,0.0,0.448502785384451,0.1149323243768466,0.022749980423487453,2.782565588866458e-13,2.980987015020848e-09,3.7290273376292262e-06,2.0798674020148807e-07,2.423929206744174e-09,1.382317820905867e-20,8.932922267273168e-05,1.3738380470517093e-18,7.816947999140569e-05,7.649529726621294e-14,1.0523390905578647e-11,2.4279120154500338e-15,1.8198775034545834e-17,1.2687466294040872e-07,5.501972949740728e-13,0.0036457649255685434,0.00014271212142483286,1.3624991530805546e-05,2.2241523505228463e-09,5.052881588902294e-10,1.8202720624995703e-09,1.678373418959431e-13,8.494816923922472e-13,3.1993433931140408e-09,2.3287906186971866e-06,4.8788557883408125e-11,5.300669739083372e-08,2.802746072468955e-10,8.602450629079117e-13,6.51465974896514e-13,1.212798926276132e-07,4.2937877795135013e-16,4.647766353348845e-17,4.87265879482868e-15,5.200276133058945e-12,1.5724067568185907e-19,1.1792988295643876e-16,3.3081748885179806e-15
1.0192736742357909e-08,0.16628943999999996,0.8585084662769803,0.0,0.0,0.4484836485139701,0.11491368695090419,0.022749495050059538,2.872257833761483e-13,3.047190550706818e-09,3.783994403375915e-06,2.1314595185032034e-07,2.473580804651764e-09,1.44014290420033e-20,8.99387965909149e-05,1.4220020446461615e-18,7.863770168993118e-05,7.811323767156771e-14,1.0809132605328393e-11,2.5062518890107882e-15,1.8772011189948604e-17,1.285505331726315e-07,5.656696669261699e-13,0.0036637618438178873,0.00014367435851039416,1.3776113966733177e-05,2.264008979814903e-09,5.087273829360534e-10,1.831119650048531e-09,1.715670578197283e-13,8.549649623781796e-13,3.2704230846109682e-09,2.3543770894102092e-06,4.968003010464544e-11,5.388821916229612e-08,2.8217583224243705e-10,8.845090577034561e-13,6.676055883143685e-13,1.2284042711525762e-07,4.4209296004671482e-16,4.795569957766928e-17,5.042178944076519e-15,5.31555580667812e-12,1.616556627388772e-19,1.2112813837044665e-16,3.3915857336882927e-15
1.0261902316285573e-08,0.16628943999999996,0.8585084662769803,0.0,0.0,0.4484645867348918,0.11489512477647072,0.022749009718349304,2.964203342644207e-13,3.114476396391227e-09,3.839473864031925e-06,2.1839668733287227e-07,2.5239006526902326e-09,1.4999743945136027e-20,9.054835365755662e-05,1.4715083349243929e-18,7.910515643119006e-05,7.975403381938717e-14,1.1100594478537957e-11,2.5865318359216636e-15,1.9359276025277958e-17,1.3023665441480905e-07,5.814674108572073e-13,0.003681683344253798,0.00014463640019677678,1.3927658577960005e-05,2.304266891617125e-09,5.121663653938429e-10,1.8419668629126155e-09,1.7535742425460844e-13,8.604610107639811e-13,3.34251312583262e-09,2.380052825007149e-06,5.058138662160702e-11,5.477868775664602e-08,2.840768886422087e-10,9.092848299553277e-13,6.84030884402066e-13,1.2440965105962293e-07,4.550849356596166e-16,4.9470197879374834e-17,5.216362473945281e-15,5.432526307300836e-12,1.661632820122657e-19,1.2439028962561545e-16,3.476496102135638e-15
1.0331067890213238e-08,0.16628943999999996,0.8585084662769803,0.0,0.0,0.44844559974215653,0.11487663753835135,0.022748524428207243,3.0584424647951893e-13,3.1828569152218167e-09,3.8954688974591405e-06,2.2373989671499754e-07,2.5748930745234027e-09,1.5618674447788084e-20,9.115789374737236e-05,1.5223847958586109e-18,7.957184628170041e-05,8.141785037408462e-14,1.1397850471859633e-11,2.668784913465648e-15,1.9960813600541248e-17,1.3193301403523476e-07,5.975950945802638e-13,0.00369952974220401,0.0001455982458556702,1.407961663825428e-05,2.344925947454375e-09,5.156051055761556e-10,1.8528136987675638e-09,1.7920910034265423e-13,8.659700391656975e-13,3.415617482269725e-09,2.405816855082517e-06,5.149265593081704e-11,5.5678156246423094e-08,2.8597777682633367e-10,9.345795857344082e-13,7.007448148029842e-13,1.2598754201398571e-07,4.683583435733344e-16,5.1021793185505717e-17,5.395304002049074e-15,5.551199661144658e-12,1.7076482910085724e-19,1.2771715966363674e-16,3.562921440084955e-15
1.0400233464140902e-08,0.16628943999999996,0.8585084662769803,0.0,0.0,0.4484266872320358,0.11485822492267227,0.022748039179484498,3.1550159629740577e-13,3.2523445574926634e-09,3.951982690820376e-06,2.2917653156698054e-07,2.6265623908644833e-09,1.6258783050999e-20,9.176741673527279e-05,1.574659688452699e-18,8.00377732951495e-05,8.310485205571094e-14,1.1700974960706468e-11,2.7530444615367896e-15,2.0576870418410036e-17,1.3363959943658225e-07,6.140573185221308e-13,0.0037173013516749375,0.0001465598948558243,1.4231979415085798e-05,2.385985968134526e-09,5.190436027966404e-10,1.863660155288825e-09,1.8312274859374162e-13,8.714922493954465e-13,3.4897399881589873e-09,2.4316682078906872e-06,5.2413865988854263e-11,5.658667810947056e-08,2.8787849717121077e-10,9.604005827150027e-13,7.177503356361127e-13,1.275740775931709e-07,4.819168243885e-16,5.261112635508348e-17,5.579099384355062e-15,5.671587885579577e-12,1.7546160878385965e-19,1.3110957615377472e-16,3.650877202801342e-15
1.0469399038068566e-08,0.16628943999999996,0.8585084662769803,0.0,0.0,0.44840784890212665,0.11483988661687519,0.02274755397203285,3.253965013640251e-13,3.3229518601715465e-09,4.009018439909807e-06,2.347075449003788e-07,2.6789129194739892e-09,1.6920643347066772e-20,9.237692249635885e-05,1.6283616593167894e-18,8.050293951242479e-05,8.481520363913735e-14,1.20100427484562e-11,2.83934410153086e-15,2.1207695426863904e-17,1.3535639805518181e-07,6.308587157308151e-13,0.0037349984853572416,0.00014752134656311944,1.438473817094685e-05,2.4274467339453372e-09,5.224818563700085e-10,1.8745062301515324e-09,1.8709903483843622e-13,8.770278433968781e-13,3.5648843455173713e-09,2.457605910409589e-06,5.334504421192895e-11,5.750430722031785e-08,2.897790500495226e-10,9.867551301868022e-13,7.350504073001307e-13,1.2916923547321035e-07,4.957640197910477e-16,5.4238844355444014e-17,5.767845722324091e-15,5.793702989133348e-12,1.8025493502263853e-19,1.3456837148390757e-16,3.740378853249974e-15
1.0538564611996231e-08,0.16628943999999996,0.8585084662769803,0.0,0.0,0.448389084451343,0.11482162230971193,0.02274706880570472,3.3553312071378854e-13,3.3946914463997733e-09,4.066579348481077e-06,2.403338911049322e-07,2.7319489751576544e-09,1.760484013846897e-20,9.298641090591652e-05,1.6835197432401426e-18,8.096734696164587e-05,8.654906995324055e-14,1.232512906565598e-11,2.9277177352041097e-15,2.1853540021671344e-17,1.37083397360301e-07,6.480039518828263e-13,0.003752621454631379,0.00014848260034063635,1.4537884164677223e-05,2.469307984861063e-09,5.259198656120054e-10,1.885351921030483e-09,1.9113862817976444e-13,8.825770231802052e-13,3.6410541232194723e-09,2.483628988404293e-06,5.4286217475512234e-11,5.8431097841374426e-08,2.916794358302418e-10,1.0136505890665098e-12,7.526479942777242e-13,1.3077299339100314e-07,5.099035718192646e-16,5.590560025786162e-17,5.961641370032917e-15,5.917556971496831e-12,1.851461309624447e-19,1.3809438275158265e-16,3.831441860758902e-15
1.0607730185923895e-08,0.16628943999999996,0.8585084662769803,0.0,0.0,0.4483703935799099,0.1148034316912387,0.022746583680353174,3.45915654784487e-13,3.4675760249646832e-09,4.124668627573399e-06,2.4605652588554305e-07,2.785674869764357e-09,1.8311969556116558e-20,9.359588183941181e-05,1.7401633657623157e-18,8.143099765819743e-05,8.830661588009012e-14,1.2646309569227807e-11,3.018199543500398e-15,2.2514658048708067e-17,1.3882058485342786e-07,6.654977252902516e-13,0.003770170569573119,0.00014944365554872633,1.4691408652792798e-05,2.511569420758709e-09,5.293576298393818e-10,1.896197225600114e-09,1.952422009439053e-13,8.881399907568383e-13,3.7182527561182374e-09,2.5097364664904755e-06,5.523741211401794e-11,5.93671046139402e-08,2.9357965487863916e-10,1.0410943719091191e-12,7.705460649401578e-13,1.3238532914397658e-07,5.243391221304116e-16,5.761205323260576e-17,6.160585941277987e-15,6.043161823529285e-12,1.9013652893409118e-19,1.416884517550852e-16,3.924081699684894e-15
1.067689575985156e-08,0.16628943999999996,0.8585084662769803,0.0,0.0,0.448351775989356,0.11478531445281073,0.022746098595831897,3.565483454286311e-13,3.5416183897450105e-09,4.183289494835879e-06,2.5187640619933384e-07,2.8400949121840393e-09,1.904263917690257e-20,9.42053351724856e-05,1.798322345742593e-18,8.189389360476281e-05,9.008800635413798e-14,1.2973660341674598e-11,3.110823985346925e-15,2.3191305806113022e-17,1.4056794806755804e-07,6.833447669076113e-13,0.003787646138959041,0.00015040451154508123,1.484530289081714e-05,2.55423070164388e-09,5.327951483698657e-10,1.9070421415344755e-09,1.994104286298178e-13,8.937169480736684e-13,3.796483544209306e-09,2.535927368197772e-06,5.61986539205366e-11,6.031238254903826e-08,2.9547970755629025e-10,1.06909394291886e-12,7.887475913521187e-13,1.3400622058974899e-07,5.390743112671796e-16,5.935886854343276e-17,6.364780316660789e-15,6.1705295272636655e-12,1.952274704555756e-19,1.4535142498452048e-16,4.018313848082566e-15
1.0746061333779224e-08,0.16628943999999996,0.8585084662769803,0.0,0.0,0.4483332313825069,0.11476727028707673,0.022745613551995236,3.674354759212328e-13,3.616831419129336e-09,4.242445173850352e-06,2.5779449019278794e-07,2.8952134083456384e-09,1.9797468140507854e-20,9.481477078094881e-05,1.858026897927664e-18,8.235603679135892e-05,9.189340636141034e-14,1.3307257890286905e-11,3.205625796418847e-15,2.388374204628257e-17,1.423254745664852e-07,7.015498403385055e-13,0.0038050484702720076,0.00015136516768480328,1.4999558134615548e-05,2.5972914478861386e-09,5.362324205221345e-10,1.9178866665072135e-09,2.036439898578339e-13,8.993080969470399e-13,3.87574965183922e-09,2.562200716033003e-06,5.716996814662148e-11,6.12669870180756e-08,2.9737959422108265e-10,1.0976568179598e-12,8.072555490768513e-13,1.3563564564579303e-07,5.541127779242561e-16,6.114671754151475e-17,6.574326650654755e-15,6.299672055911889e-12,2.004203062336502e-19,1.4908415361290733e-16,4.114153786376853e-15
1.0815226907706889e-08,0.16628943999999996,0.8585084662769803,0.0,0.0,0.44831475946347776,0.11474929888797351,0.022745128548698142,3.785813709640361e-13,3.6932280754078735e-09,4.30213889345298e-06,2.638117371389799e-07,2.951034661215013e-09,2.0577087265426405e-20,9.542418854077716e-05,1.9193076355175233e-18,8.281742919537155e-05,9.372298093870131e-14,1.3647179146350125e-11,3.3026399878730247e-15,2.4592227977703108e-17,1.4409315194409552e-07,7.201177418420435e-13,0.0038223778697066197,0.00015232562332047464,1.5154165641730994e-05,2.640751240463773e-09,5.396694456157871e-10,1.9287307981915425e-09,2.0794356631723936e-13,9.049136389964417e-13,3.956054106957683e-09,2.5885555315432685e-06,5.81513795021266e-11,6.223097374333725e-08,2.992793152272226e-10,1.1267905645661116e-12,8.260729169815999e-13,1.3727358228910093e-07,5.694581582154206e-16,6.297627765880802e-17,6.7893283786537e-15,6.430601373870049e-12,2.057163961653398e-19,1.528874934872828e-16,4.2116169960391074e-15
1.0884392481634553e-08,0.16628943999999996,0.8585084662769803,0.0,0.0,0.44829635993766703,0.1147313999507206,0.022744643585796198,3.899903966862068e-13,3.770821404137826e-09,4.362373887054913e-06,2.699291073748982e-07,3.007562970792875e-09,2.1382139164173126e-20,9.603358832810643e-05,1.9821955727295712e-18,8.327807278159211e-05,9.557689517276913e-14,1.3993501464352227e-11,3.4019018450511643e-15,2.531702726662249e-17,1.4587096782366554e-07,7.39053300339064e-13,0.003839634642174636,0.00015328587780222722,1.5309116672721443e-05,2.6846096212179315e-09,5.431062229713141e-10,1.9395745342602253e-09,2.1230984271287242e-13,9.105337755779724e-13,4.037399800414055e-09,2.614990835378903e-06,5.914291215509645e-11,6.320439878831972e-08,3.011788709252425e-10,1.1565028019520018e-12,8.452026770433744e-13,1.3892000855585069e-07,5.851140849413508e-16,6.484823240086291e-17,7.0098902240018085e-15,6.563329436723615e-12,2.1111710933940718e-19,1.5676230511981871e-16,4.310718958266945e-15
1.1022723629489882e-08,0.16628943999999996,0.8585084662769803,0.0,0.0,0.4482597768936682,0.11469581824902436,0.022743673780603227,4.1361551179262415e-13,3.929650673456791e-09,4.484480648694054e-06,2.824680640083595e-07,3.1227579452387855e-09,2.3071171386256074e-20,9.725233349058103e-05,2.1129191233439343e-18,8.419712129707759e-05,9.935840320328202e-14,1.4705660815388225e-11,3.6073110608069665e-15,2.6816632879240384e-17,1.4945696572457212e-07,7.780468673408275e-13,0.003873931519476063,0.0001552057806926686,1.5620014371664553e-05,2.7735201205245027e-09,5.499790317542618e-10,1.961260810239325e-09,2.2124524887979634e-13,9.21818636044463e-13,4.203225776326602e-09,2.668098986520279e-06,6.115643531625802e-11,6.51797897380205e-08,3.049774877807227e-10,1.217693484375879e-12,8.844113159327121e-13,1.4223824239832533e-07,6.173720879501053e-16,6.872209010245948e-17,7.468119641876228e-15,6.834229575436386e-12,2.2223792773668094e-19,1.6472980898050602e-16,4.513901055951726e-15
1.1161054777345211e-08,0.16628943999999996,0.8585084662769803,0.0,0.0,0.4482234799190972,0.11466052276919243,0.022742704135273455,4.3834657862127145e-13,4.093425231091794e-09,4.6087913917079065e-06,2.9541906169235315e-07,3.240832672307657e-09,2.4869945908615562e-20,9.84710052804714e-05,2.25045378117582e-18,8.51131978057022e-05,1.0323925211586921e-13,1.5444363213269307e-11,3.822141158912991e-15,2.838471742251739e-17,1.5308336981682279e-07,8.185698261677592e-13,0.003907941516018323,0.00015712487111081314,1.593218142705527e-05,2.864018508027536e-09,5.568508414517349e-10,1.9829454758167787e-09,2.30455744217711e-13,9.331642813877757e-13,4.373247940434354e-09,2.72151731910756e-06,6.32107201373218e-11,6.719361482229051e-08,3.0877544751856145e-10,1.2812908529015383e-12,9.249053763979854e-13,1.4559017263375385e-07,6.509157553498993e-16,7.277387985449177e-17,7.949878715986776e-15,7.11246794071559e-12,2.337938980226182e-19,1.729936422580332e-16,4.7238238736182056e-15
1.129938592520054e-08,0.16628943999999996,0.8585084662769803,0.0,0.0,0.4481874667026322,0.11462551111860834,0.02274173464867384,4.642200168533522e-13,4.2622523684275895e-09,4.7353320786973e-06,3.087898150550735e-07,3.3618214450493496e-09,2.678403976212275e-20,9.968960271212344e-05,2.3950623577059524e-18,8.60263175763278e-05,1.072207643217502e-13,1.6210242648466373e-11,4.046684153586546e-15,3.0023478839451275e-17,1.5675008207405355e-07,8.606619845945376e-13,0.003941667025461534,0.00015904314377657554,1.624554816835553e-05,2.956099737552909e-09,5.637216466570345e-10,2.004628512356266e-09,2.3994690926394907e-13,9.44572306152129e-13,4.5474844224530375e-09,2.7752379724473852e-06,6.530594045812164e-11,6.924633381235117e-08,3.12572752811445e-10,1.3473577226598252e-12,9.667088064774562e-13,1.489756256484974e-07,6.857739559156101e-16,7.70092874895128e-17,8.456052312106541e-15,7.398139860580742e-12,2.4579630394730555e-19,1.8156085609054841e-16,4.940611117273588e-15
1.1437717073055869e-08,0.16628943999999996,0.8585084662769803,0.0,0.0,0.4481517349528263,0.11459078092466572,0.022740765319681142,4.912729078719802e-13,4.436240639408819e-09,4.864128680173929e-06,3.2258804976807613e-07,3.485758508873391e-09,2.8819229427176795e-20,0.00010090812480197696,2.5470143262112026e-18,8.693649568012055e-05,1.113042629550662e-13,1.7003939806748733e-11,4.2812363112552654e-15,3.1735154502841833e-17,1.6045700487421877e-07,9.043636735083262e-13,0.003975110421453492,0.00016096059337730284,1.6560045101588473e-05,3.049758164248865e-09,5.705914419751498e-10,2.0263099012122437e-09,2.497243673664011e-13,9.560442942377563e-13,4.725951106310522e-09,2.829253077489697e-06,6.744226145656979e-11,7.13384109609653e-08,3.163694062739235e-10,1.4159577365011425e-12,1.0098455854462996e-12,1.5239442874429404e-07,7.219754356877808e-16,8.143409513771276e-17,8.98754657175802e-15,7.691340522562419e-12,2.5825657645141627e-19,1.9043857540846858e-16,5.164386363262741e-15
1.1576048220911198e-08,0.16628943999999996,0.8585084662769803,0.0,0.0,0.448116282397893,0.1145563298345999,0.022739796147181787,5.195429939382427e-13,4.6154998341383626e-09,4.995207152870857e-06,3.368215005692857e-07,3.61267806148314e-09,3.098149428460423e-20,0.00010212657056841462,2.706585903358395e-18,8.784374699193897e-05,1.1549107184761717e-13,1.7826102043893926e-11,4.52609810192508e-15,3.352202123016916e-17,1.6420404097819983e-07,9.497157470570304e-13,0.0040082740577977935,0.00016287721456996877,1.6875602951886516e-05,3.144987554853006e-09,5.774602220219131e-10,2.0479896237293178e-09,2.5979378276389194e-13,9.675818167577228e-13,4.908661618373398e-09,2.883554758803418e-06,6.961983965736247e-11,7.347031465994421e-08,3.2016541046261954e-10,1.487155365232876e-12,1.0543397176970798e-12,1.5584641012790106e-07,7.595487950505723e-16,8.605418086539923e-17,9.54528913269142e-15,7.992164973855059e-12,2.7118629370047886e-19,1.9963399865204857e-16,5.395273017089185e-15
1.1714379368766527e-08,0.16628943999999996,0.8585084662769803,0.0,0.0,0.44808110678549384,0.11452215551532176,0.02273882713007182,5.490686771537996e-13,4.80014095101636e-09,5.1285934181495834e-06,3.514979092950639e-07,3.742614252809976e-09,3.327701999505363e-20,0.00010334493903161289,2.8740601306740585e-18,8.874808619177797e-05,1.1978251550370695e-13,1.8677383360397906e-11,4.781574148822419e-15,3.538639528869409e-17,1.6799109350872588e-07,9.96759582784754e-13,0.004041160268620571,0.00016479300198335667,1.7192152705805612e-05,3.2417810984948236e-09,5.84327981423165e-10,2.0696676612416468e-09,2.7016085862207296e-13,9.791864299030732e-13,5.0956273185484376e-09,2.93813513654029e-06,7.183882294385274e-11,7.564251709089797e-08,3.2396076787643665e-10,1.5610159078365573e-12,1.1002152266500823e-12,1.5933139890082502e-07,7.985224660358308e-16,9.087551827957706e-17,1.0130229348208953e-14,8.300708121465568e-12,2.845971811159732e-19,2.0915439748924531e-16,5.633394272573108e-15
1.1838877401836323e-08,0.16628943999999996,0.8585084662769803,0.0,0.0,0.44804968367414827,0.11449163335442124,0.02273795514662601,5.767475976972284e-13,4.971012190474578e-09,5.250635598100549e-06,3.650918089746912e-07,3.862164237477119e-09,3.546221245388711e-20,0.00010444140374572694,3.031783198947332e-18,8.955951359305882e-05,1.237353727419659e-13,1.946897922410076e-11,5.020832856988939e-15,3.7132546891443555e-17,1.71433575037013e-07,1.0405801120129104e-12,0.004070522572969237,0.00016651649331381215,1.747783876618122e-05,3.3302265529056296e-09,5.905080877980532e-10,2.089176438887484e-09,2.797504700434635e-13,9.896892167117995e-13,5.267542192292494e-09,2.987489247232814e-06,7.387142452387304e-11,7.763234772634064e-08,3.273760385753433e-10,1.6298218246791673e-12,1.142704127692487e-12,1.624959695796963e-07,8.348193820495064e-16,9.539180598210228e-17,1.0680731848912829e-14,8.585074767453642e-12,2.9708819002969283e-19,2.180066793958241e-16,5.853990604065239e-15
1.1963375434906118e-08,0.16628943999999996,0.8585084662769803,0.0,0.0,0.44801848146245177,0.11446133183041639,0.022737083287367676,6.05504113057456e-13,5.146416209571956e-09,5.374586843166599e-06,3.790564294074216e-07,3.9842101500682146e-09,3.776533302480448e-20,0.00010553780433982958,3.1963583901223937e-18,9.036860434812825e-05,1.2777502397125878e-13,2.028518271920333e-11,5.269166992472261e-15,3.894513167650449e-17,1.7490832152030454e-07,1.0858358102620531e-12,0.004099663711679356,0.0001682393009604177,1.776422275692867e-05,3.4199272405027437e-09,5.966873591991102e-10,2.1086838229279136e-09,2.8959004420892384e-13,1.0002487027306888e-12,5.442916207066141e-09,3.0370569707213253e-06,7.593777268804174e-11,7.965555440936125e-08,3.3079078910493263e-10,1.7008870349327413e-12,1.1863489407976239e-12,1.6568701518724248e-07,8.7229386977225e-16,1.0008051166041291e-16,1.1254774309450664e-14,8.875839308714714e-12,3.099873190002555e-19,2.2713354429508307e-16,6.080635972802036e-15
1.2075423664668936e-08,0.16628943999999996,0.8585084662769803,0.0,0.0,0.4479905870164996,0.1144342477306149,0.02273629871956638,6.32330578077402e-13,5.308224192802444e-09,5.48779070295898e-06,3.9194622440455535e-07,4.0962059841419396e-09,3.994305902748831e-20,0.00010652450946413453,3.350517055484213e-18,9.109479671314413e-05,1.3148571804299618e-13,2.10412106750835e-11,5.500617649199427e-15,4.0634721121104714e-17,1.780631220712798e-07,1.12781883097678e-12,0.004125703013262155,0.0001697892400154085,1.802252407807668e-05,3.501726033709523e-09,6.022479863338186e-10,2.1262392657655253e-09,2.9866287510972725e-13,1.0098016233489836e-12,5.603713355495719e-09,3.081845811823164e-06,7.78264138012365e-11,8.15052667361459e-08,3.33863621244761e-10,1.766818175365962e-12,1.226632064801797e-12,1.6858149082003692e-07,9.070445044286563e-16,1.0445152465432151e-16,1.1792148892691929e-14,9.143054541166804e-12,3.2195279345839027e-19,2.355869963160918e-16,6.289862466915584e-15
1.2187471894431753e-08,0.16628943999999996,0.8585084662769803,0.0,0.0,0.44796286904151533,0.11440733979953986,0.022735514251152715,6.600753724734859e-13,5.473832425714377e-09,5.602569692134908e-06,4.051449996657669e-07,4.210261659131537e-09,4.2224023545855034e-20,0.00010751116155733918,3.5105689935381785e-18,9.181911216672469e-05,1.3526820350537857e-13,2.181792856822173e-11,5.739775883697643e-15,4.238086377379641e-17,1.8124394970474926e-07,1.1710126692067134e-12,0.004151565718993664,0.00017133861917451317,1.8281314572536273e-05,3.584531911244159e-09,6.078079311404245e-10,2.1437935587985167e-09,3.0794470034631275e-13,1.0194021454706273e-12,5.7673168654587265e-09,3.1267988376950377e-06,7.974252421431725e-11,8.338255441863969e-08,3.3693603464232844e-10,1.834655623256539e-12,1.2678784524656513e-12,1.7149722258987433e-07,9.427800843859206e-16,1.0896924273193821e-16,1.2349736767453077e-14,9.415558038228628e-12,3.3426253699759965e-19,2.442712834749519e-16,6.5041258113109206e-15
1.229952012419457e-08,0.16628943999999996,0.8585084662769803,0.0,0.0,0.4479353263857998,0.11438060684342381,0.02273472988156249,6.887604780497809e-13,5.643302592992027e-09,5.718937361360009e-06,4.1865687372569527e-07,4.326395208650029e-09,4.461202999096648e-20,0.0001084977601020785,3.6766815354151604e-18,9.254155805317245e-05,1.391231857036118e-13,2.2615699738112244e-11,5.9868131940596425e-15,4.418488514462184e-17,1.8445075367030904e-07,1.215440571250621e-12,0.004177253023188368,0.00017288743552983327,1.8540558464924105e-05,3.668339945901806e-09,6.133671907815805e-10,2.1613466920783808e-09,3.17438630704804e-13,1.0290510464880984e-12,5.93372731758772e-09,3.171911862824801e-06,8.168616190699835e-11,8.528767510270357e-08,3.4000803048849824e-10,1.904436069468752e-12,1.3101008768082252e-12,1.744341217548199e-07,9.795151701414535e-16,1.1363706667530957e-16,1.2928095993811494e-14,9.693399901912597e-12,3.4692313448072645e-19,2.531904440827786e-16,6.723490704281524e-15
1.2411568353957387e-08,0.16628943999999996,0.8585084662769803,0.0,0.0,0.44790795790554244,0.11435404767659063,0.022733945610235444,7.184081566429186e-13,5.8166968242925445e-09,5.836907196994311e-06,4.3248596366334956e-07,4.444624645592542e-09,4.711097784363074e-20,0.00010948430458142864,3.8490251392169995e-18,9.326214163668808e-05,1.4305137021448598e-13,2.3434890325481954e-11,6.2419027360592e-15,4.604812766427176e-17,1.876834833267442e-07,1.261126008932922e-12,0.0042027661120688994,0.00017443568616633837,1.880022018819523e-05,3.753144990809379e-09,6.189257624223974e-10,2.1788986556508914e-09,3.2714778888145525e-13,1.0387490925626756e-12,6.1029443180529966e-09,3.2171807042794452e-06,8.365738119091113e-11,8.722088721122374e-08,3.43079609949755e-10,1.9761965617245933e-12,1.3533121050924498e-12,1.773920999348406e-07,1.0172641992117792e-15,1.1845843721433549e-16,1.3527794482615914e-14,9.976630174195483e-12,3.599412342083049e-19,2.623485473155258e-16,6.94802166062348e-15
1.2523616583720204e-08,0.16628943999999996,0.8585084662769803,0.0,0.0,0.44788076246475084,0.11432766112140041,0.02273316143661527,7.490409492932683e-13,5.994077681655257e-09,5.956492614032018e-06,4.466363844414658e-07,4.564967962113297e-09,4.9724863641058855e-20,0.00011047079447885987,4.0277734181226445e-18,9.398087010199456e-05,1.4705346283782676e-13,2.427586926343e-11,6.505219301933169e-15,4.797195066428323e-17,1.9094208813548842e-07,1.3080926796228399e-12,0.004228106163821116,0.00017598336816259885,1.9060264397364602e-05,3.838941683973315e-09,6.244836432301823e-10,2.1964494395559204e-09,3.3707530871125363e-13,1.0484970379112961e-12,6.274966500164285e-09,3.262601182359846e-06,8.565623271911493e-11,8.918244981235726e-08,3.461507741682751e-10,2.049974504635056e-12,1.3975248967841678e-12,1.8037106910843846e-07,1.0560414788327403e-15,1.2343683483296834e-16,1.4149410069344998e-14,1.0265298837059057e-11,3.733235479220584e-19,2.7174969311559676e-16,7.177782998257292e-15
1.262445999050674e-08,0.16628943999999996,0.8585084662769803,0.0,0.0,0.44785643358413,0.11430405983779747,0.022732455763439817,7.774715896513762e-13,6.15718106428543e-09,6.0655118359589265e-06,4.596498998036342e-07,4.675099167804814e-09,5.2179014903993044e-20,0.00011135858829237696,4.194268922280606e-18,9.462614546933512e-05,1.507191211515506e-13,2.505168651372538e-11,6.749384083970744e-15,4.975632476367664e-17,1.938969140261193e-07,1.3514779051052489e-12,0.0042507652309908195,0.00017737579335268012,1.9294602188025907e-05,3.917001965995293e-09,6.294851429552942e-10,2.2122441282178487e-09,3.4619937425917456e-13,1.0573134658051866e-12,6.4321829844393436e-09,3.303605810542979e-06,8.747886358969821e-11,9.097231035974006e-08,3.489144678568794e-10,2.1181307760892107e-12,1.438183283835628e-12,1.8307001620070635e-07,1.0918318991502482e-15,1.2805455932010208e-16,1.4728088852800014e-14,1.0529791719375112e-11,3.8568463160271025e-19,2.8042193904821932e-16,7.3890931677114e-15
1.2725303397293275e-08,0.16628943999999996,0.8585084662769803,0.0,0.0,0.44783224313433334,0.1142805965749118,0.02273175016855937,8.067354799230361e-13,6.323610819028331e-09,6.17586014631779e-06,4.729300195029914e-07,4.786970259795612e-09,5.47326346239595e-20,0.00011224633710034376,4.3662264845247724e-18,9.526992907372134e-05,1.5444573173277628e-13,2.5845726286116415e-11,7.000485328916927e-15,5.159189849395371e-17,1.9687262122076415e-07,1.3959379000375127e-12,0.004273285933639411,0.0001787677534359645,1.9529195927499958e-05,3.995856768136727e-09,6.344860787502773e-10,2.2280378460070104e-09,3.5550515825444123e-13,1.0661714444541318e-12,6.591667417678512e-09,3.3447268408610745e-06,8.932394645207621e-11,9.278553456401305e-08,3.5167782690294135e-10,2.1879795401754566e-12,1.479672550973271e-12,1.857858313186552e-07,1.1284769124265193e-15,1.3280491975569886e-16,1.5325432004535747e-14,1.0798766487329045e-11,3.9835119874884117e-19,2.8929742725240615e-16,7.604738456547449e-15
1.2826146804079811e-08,0.16628943999999996,0.8585084662769803,0.0,0.0,0.4478081903031916,0.11425727049072402,0.02273104465157639,8.368496289061769e-13,6.4934133996880694e-09,6.287547148927824e-06,4.864797363480871e-07,4.900594311181851e-09,5.738884165199009e-20,0.0001131340405268474,4.543779335636384e-18,9.591222599027537e-05,1.5823380953909524e-13,2.66582632990421e-11,7.25865377279602e-15,5.347969782391826e-17,1.998691730648671e-07,1.4414904084565921e-12,0.004295669114183426,0.0001801592462723194,1.976402036384363e-05,4.075501754599151e-09,6.394864485536472e-10,2.243830585649665e-09,3.6499496537098324e-13,1.0750714962502366e-12,6.753416801278809e-09,3.3859612355988853e-06,9.119151068167242e-11,9.462231209825323e-08,3.5444085208887644e-10,2.2595488064312797e-12,1.5220019756127753e-12,1.8851845102632575e-07,1.1659866506288821e-15,1.3769053509598751e-16,1.594188167824888e-14,1.1072259453287675e-11,4.1132827403789916e-19,2.9837921011635094e-16,7.824765291157564e-15
1.2926990210866347e-08,0.16628943999999996,0.8585084662769803,0.0,0.0,0.4477842742834942,0.11423408074835249,0.022730339212095857,8.678312261783929e-13,6.666635510633142e-09,6.4005823837685404e-06,5.003020401360538e-07,5.0159843813939825e-09,6.015082080593909e-20,0.00011402169819612079,4.7270628462674505e-18,9.655304124361368e-05,1.6208386965326622e-13,2.7489574080857257e-11,7.52402116990627e-15,5.542075974573979e-17,2.028865329556206e-07,1.4881533224066173e-12,0.004317915609901552,0.0001815502697192133,1.999905042376498e-05,4.1559324609835e-09,6.444862503047325e-10,2.2596223398678523e-09,3.746711056716709e-13,1.084014134090162e-12,6.917427510399159e-09,3.4273059607632595e-06,9.308158328557192e-11,9.648283272785845e-08,3.5720354418132486e-10,2.3328668185945724e-12,1.5651808250435749e-12,1.912678121147762e-07,1.2043711432209264e-15,1.4271404980654006e-16,1.6577886721326573e-14,1.135030689034705e-11,4.2462092377533617e-19,3.076703599686539e-16,8.04921993624008e-15
1.3027833617652882e-08,0.16628943999999996,0.8585084662769803,0.0,0.0,0.4477604942729492,0.11421102651602169,0.022729633849725258,8.996976414513993e-13,6.843324098601909e-09,6.51497532310066e-06,5.143999172741161e-07,5.133153516183048e-09,6.302182337157968e-20,0.0001149093097325169,4.916214543419739e-18,9.719237980825395e-05,1.6599642727823616e-13,2.8339936964565794e-11,7.796720279144612e-15,5.74161322559168e-17,2.0592466433843856e-07,1.535944681940735e-12,0.00434002625296612,0.0001829408216321345,2.0234261220106543e-05,4.237144297764571e-09,6.494854819435296e-10,2.275413101379338e-09,3.8453589418677393e-13,1.0929998611016574e-12,7.0836953000926074e-09,3.4687579864530377e-06,9.499418891330396e-11,9.83672862319763e-08,3.59965903931185e-10,2.4079620546071704e-12,1.6092183552613444e-12,1.9403385160017741e-07,1.2436403137403027e-15,1.4787813368961459e-16,1.7233902717527953e-14,1.1632945032352035e-11,4.382342558948528e-19,3.171739690202181e-16,8.278148487358289e-15
1.3128677024439418e-08,0.16628943999999996,0.8585084662769803,0.0,0.0,0.447736849474145,0.11418810696703109,0.022728928564074526,9.32466423878269e-13,7.023526344294369e-09,6.6307353676837775e-06,5.287763504048405e-07,5.252114747606948e-09,6.600516757786049e-20,0.00011579687476048372,5.11137412688703e-18,9.78302466090333e-05,1.6997199773217737e-13,2.9209632082542113e-11,8.076884850001158e-15,5.946687433401491e-17,2.0898353070353514e-07,1.5848826751200964e-12,0.00436200187047427,0.00018433089986500745,2.0469628059130162e-05,4.319132553004658e-09,6.544841414105629e-10,2.2912028628975178e-09,3.9459165042802167e-13,1.1020291702210913e-12,7.252215306863079e-09,3.510314287229818e-06,9.692934986356729e-11,1.002758623249002e-07,3.627279320736591e-10,2.4848632266138344e-12,1.6541238098116008e-12,1.968165067219344e-07,1.2838039757088199e-15,1.5318548175977718e-16,1.7910392029379832e-14,1.192021007391455e-11,4.521734199569841e-19,3.268931493057738e-16,8.511596863573855e-15
1.3229520431225953e-08,0.16628943999999996,0.8585084662769803,0.0,0.0,0.4477133390945098,0.11416532127972426,0.022728223354756057,9.661553013394553e-13,7.207289653888415e-09,6.747871843049184e-06,5.434343180333599e-07,5.372881094016683e-09,6.910423905897341e-20,0.00011668439290453933,5.312683485679059e-18,9.846664652153096e-05,1.7401109644353194e-13,3.0098941361245613e-11,8.364649608425554e-15,6.157405592039268e-17,2.1206309558255642e-07,1.634985638011541e-12,0.004383843284478989,0.00018572050227060578,2.0705126447682832e-05,4.401892395581806e-09,6.594822266467458e-10,2.3069916171313594e-09,4.04840697918619e-13,1.1111025438032183e-12,7.422982053660474e-09,3.5519718424833206e-06,9.888708609414429e-11,1.0220875057770804e-07,3.6548962932829584e-10,2.563599280959159e-12,1.6999064186397543e-12,1.9961571494082017e-07,1.3248718289570255e-15,1.5863881408501536e-16,1.8607823840437556e-14,1.2212138170431186e-11,4.66443607147937e-19,3.368310326254472e-16,8.749610800005326e-15
1.3330363838012489e-08,0.16628943999999996,0.8585084662769803,0.0,0.0,0.44768996234627445,0.11414266863745784,0.02272751822138472,1.000782179725732e-12,7.394661650564001e-09,6.866393995789218e-06,5.58376794155097e-07,5.495465560042581e-09,7.232249131366907e-20,0.0001175718637892471,5.520286714441431e-18,9.910158437249194e-05,1.7811423894606454e-13,3.100814851593304e-11,8.660150242645894e-15,6.373875789375093e-17,2.1516332254522405e-07,1.6862720546850884e-12,0.004405551312020103,0.00018710962670096453,2.094073210032435e-05,4.485418878986988e-09,6.64479735593246e-10,2.3227793567853617e-09,4.152853637832243e-13,1.1202204534080735e-12,7.595989458447863e-09,3.5937276367926702e-06,1.0086741523499844e-10,1.0416614034004695e-07,3.68250996399025e-10,2.6441993981842114e-12,1.7465753969432853e-12,2.0243141393711277e-07,1.3668534566529694e-15,1.6424087558894422e-16,1.932667419752066e-14,1.2508765438100615e-11,4.810500502789963e-19,3.4699077048651804e-16,8.992235840697588e-15
1.3431207244799024e-08,0.16628943999999996,0.8585084662769803,0.0,0.0,0.447666718446433,0.11412014822857078,0.02272681316357778,1.0363651421785612e-12,7.585690165865783e-09,6.98631098995017e-06,5.736067478872758e-07,5.619881136580504e-09,7.566344613932978e-20,0.00011845928703919157,5.734330129840007e-18,9.97350649402602e-05,1.8228194087392857e-13,3.193753904535787e-11,8.963523388718398e-15,6.596207204666953e-17,2.182841751960818e-07,1.7387605572088165e-12,0.004427126765155006,0.00018849827100778929,2.117642094624707e-05,4.569706943979756e-09,6.694766661913452e-10,2.338566074559466e-09,4.259279782858434e-13,1.1293833594719045e-12,7.771230835338381e-09,3.6355786602913608e-06,1.0287035259496281e-10,1.0614822066226558e-07,3.710120339741977e-10,2.726692993019059e-12,1.794139944035485e-12,2.0526354160875732e-07,1.4097583214688945e-15,1.6999443592446722e-16,2.006742605268277e-14,1.2810127953939787e-11,4.959980237838016e-19,3.573755340448285e-16,9.239517331577415e-15
1.353205065158556e-08,0.16628943999999996,0.8585084662769803,0.0,0.0,0.44764360661670566,0.11409775924635401,0.022726108180954933,1.0729224482909316e-12,7.780423230928556e-09,7.107631903529976e-06,5.89127143104187e-07,5.7461408007779915e-09,7.913069404122382e-20,0.00011934666227895477,5.954962286910552e-18,0.00010036709295522073,1.8651471795674904e-13,3.28874002264564e-11,9.274906615801131e-15,6.824510105922636e-17,2.214256171713423e-07,1.792469925641325e-12,0.004448570450989097,0.00018988643304286082,2.1412169135972657e-05,4.654751421715344e-09,6.744730163823113e-10,2.354351763148996e-09,4.36770874299248e-13,1.1385917107164454e-12,7.948698899611085e-09,3.6775219090246077e-06,1.0489591117205653e-10,1.0815518021797551e-07,3.73772742726638e-10,2.8111097143713604e-12,1.8426092422205234e-12,2.0811203606955205e-07,1.453595761645988e-15,1.759022893174945e-16,2.083056930492618e-14,1.3116261755798862e-11,5.112928437156944e-19,3.679885140459742e-16,9.491500412993865e-15
1.3632894058372096e-08,0.16628943999999996,0.8585084662769803,0.0,0.0,0.4476206260835004,0.11407550088902021,0.022725403273138278,1.1104725332860163e-12,7.97890906764038e-09,7.230365725037074e-06,6.049409380746105e-07,5.874257516020377e-09,8.272789462798047e-20,0.00012023398913309291,6.1823339953887014e-18,0.0001009976731002465,1.9081308601471387e-13,3.385802110902631e-11,9.59443841128104e-15,7.058895847156287e-17,2.2458761213579041e-07,1.8474190880228223e-12,0.004469883171706084,0.00019127411065843642,2.1647953047914e-05,4.740547037952696e-09,6.794687841072689e-10,2.3701364152446413e-09,4.4781638695466875e-13,1.1478459442091922e-12,8.128385779299255e-09,3.719554385297958e-06,1.0694410166928118e-10,1.1018720722693497e-07,3.7653312331367254e-10,2.89747944531291e-12,1.8919924556764956e-12,2.109768356473486e-07,1.498374988955852e-15,1.8196725433489922e-16,2.161660084177448e-14,1.3427202842375455e-11,5.269398677457865e-19,3.7883292076687136e-16,9.748230012984759e-15
1.3733737465158631e-08,0.16628943999999996,0.8585084662769803,0.0,0.0,0.4475977760778765,0.11405337235967351,0.02272469843975229,1.149034007176914e-12,8.181196079762562e-09,7.354521350108406e-06,6.210510851012974e-07,6.004244231916895e-09,8.645877699436476e-20,0.00012112126722611344,6.4165983360216824e-18,0.0001016268100111493,1.9517756095367414e-13,3.48496925103977e-11,9.92225816578132e-15,7.299476865551831e-17,2.2777012377973886e-07,1.903627120365042e-12,0.00449106572459813,0.00019266130170765002,2.188374929482548e-05,4.827088415767787e-09,6.844639673070698e-10,2.3859200235323942e-09,4.590668531699956e-13,1.1571464849729242e-12,8.310283017103698e-09,3.761673098033563e-06,1.0901493250255261e-10,1.1224448937834132e-07,3.7929317637717354e-10,2.985832303064319e-12,1.9422987293443497e-12,2.1385787888226453e-07,1.5441050849695897e-15,1.881921737471747e-16,2.2426024580716902e-14,1.3742987173228269e-11,5.429444951589459e-19,3.899119839569389e-16,1.0009750840585788e-14
1.3834580871945167e-08,0.16628943999999996,0.8585084662769803,0.0,0.0,0.4475750558355071,0.11403137286627966,0.02272399368042383,1.1886256538990954e-12,8.387332843982165e-09,7.480107578212992e-06,6.374605301634137e-07,6.136113884286737e-09,9.032714008539296e-20,0.00012200849618245239,6.6579106768536394e-18,0.00010225450827713638,1.9960865876025582e-13,3.586270701009327e-11,1.0258506157992318e-14,7.546366678491015e-17,2.309731158160598e-07,1.9611132466394723e-12,0.004512118902095832,0.00019404800404490896,2.211953473007089e-05,4.9143700788158275e-09,6.894585639221675e-10,2.4017025806934818e-09,4.705246111314294e-13,1.1664937454430597e-12,8.494381576673812e-09,3.8038750631191085e-06,1.111084098123644e-10,1.1432721375470668e-07,3.8205290254360704e-10,3.076198638976921e-12,1.9935371878257383e-12,2.1675510452491428e-07,1.590794997494456e-15,1.9457991435761027e-16,2.3259351510466692e-14,1.406365066878981e-11,5.59312166850118e-19,4.0122895277909623e-16,1.0276107378687001e-14
1.3935424278731702e-08,0.16628943999999996,0.8585084662769803,0.0,0.0,0.44755246459664266,0.11400950162163632,0.022723288994782098,1.2292664304109822e-12,8.597368100889597e-09,7.607133109452373e-06,6.54172212562347e-07,6.269879395145072e-09,9.433685303936676e-20,0.00012289567562645228,6.906428689481071e-18,0.00010288077244127352,2.0410689549698473e-13,3.6897358944476274e-11,1.0603323539300411e-14,7.799679880428541e-17,2.341965519773021e-07,2.0198968387635916e-12,0.004533043491797965,0.0001954342155262865,2.2355286453685003e-05,5.00238645535572e-09,6.944525718924956e-10,2.417484079404352e-09,4.82191999939636e-13,1.175888125567142e-12,8.680671853486296e-09,3.846157303748819e-06,1.1322453747911248e-10,1.1643556675639604e-07,3.848123024240679e-10,3.168609038511634e-12,2.0457169342922167e-12,2.1966845153466112e-07,1.6384535386566267e-15,2.011333667759986e-16,2.411709973200898e-14,1.4389229210378129e-11,5.760483653208503e-19,4.127870957509611e-16,1.0547343877422197e-14
1.4036267685518238e-08,0.16628943999999996,0.8585084662769803,0.0,0.0,0.44753000160607537,0.11398775784334356,0.022722584382458652,1.2709754657674607e-12,8.811350745903058e-09,7.735606541448743e-06,6.711890645705475e-07,6.405553672689018e-09,9.849185551231476e-20,0.00012378280518234036,7.16231236528154e-18,0.00010350560700095363,2.0867278729742168e-13,3.7953944401387425e-11,1.095685231824565e-14,8.059532139634283e-17,2.3744039601288453e-07,2.0799974165854246e-12,0.004553840276501036,0.00019681993400991126,2.259098181826179e-05,5.091131881159805e-09,6.994459891573446e-10,2.4332645123366433e-09,4.940713591420822e-13,1.1853300123910779e-12,8.869143678606257e-09,3.888516850768554e-06,1.1536331713319824e-10,1.1856973402682892e-07,3.8757137661432254e-10,3.263094321215154e-12,2.09884704940372e-12,2.2259785907788713e-07,1.6870893814819863e-15,2.0785544525975215e-16,2.49997944994635e-14,1.4719758640207597e-11,5.931586146740706e-19,4.2458970068576533e-16,1.0823504347706237e-14
1.4137111092304774e-08,0.16628943999999996,0.8585084662769803,0.0,0.0,0.44750766611310283,0.11396614075377433,0.02272187984308738,1.313772060170668e-12,9.02932982016128e-09,7.865536366313484e-06,6.885140110831319e-07,6.543149611283593e-09,1.0279615798591934e-19,0.00012466988447420744,7.425724031618444e-18,0.00010412901640836973,2.1330685036130842e-13,3.9032761214771543e-11,1.1319235344839098e-14,8.326040194820627e-17,2.4070461168635665e-07,2.1414346478666733e-12,0.004574510034228676,0.00019820515735635423,2.2826598434671746e-05,5.1806006029463796e-09,7.04438813655247e-10,2.4490438721571164e-09,5.061650282409818e-13,1.1948197796220482e-12,9.059786326602995e-09,3.930950743013999e-06,1.175247481683695e-10,1.2072990037837396e-07,3.903301256948563e-10,3.359685540693823e-12,2.152936590235392e-12,2.2554326652627982e-07,1.7367110568584314e-15,2.147490875239362e-16,2.5907968260784655e-14,1.5055274761398974e-11,6.106484806092151e-19,4.366400746331006e-16,1.1104632554528562e-14
1.423795449909131e-08,0.16628943999999996,0.8585084662769803,0.0,0.0,0.44748545737149337,0.11394464958004541,0.02272117537630448,1.3576756839966763e-12,9.251354501389255e-09,7.996930967701195e-06,7.061499692724082e-07,6.682680091447616e-09,1.0725384205817329e-19,0.00012555691312598696,7.696828368020564e-18,0.00010475100507099225,2.1800960094972327e-13,4.0134108959293655e-11,1.169061629473828e-14,8.59932185165107e-17,2.439891627727306e-07,2.2042283482643182e-12,0.00459505353826086,0.00019958988342901152,2.306211417759967e-05,5.2707867822653084e-09,7.094310433238593e-10,2.464822151527654e-09,5.184753463409881e-13,1.2043577877529491e-12,9.252588526067748e-09,3.973456027643348e-06,1.1970882775701602e-10,1.2291624971901955e-07,3.9308855023091133e-10,3.458413984585161e-12,2.2079945892140547e-12,2.285046134551356e-07,1.787326951770857e-15,2.218172545161975e-16,2.684216069829177e-14,1.5395813337988593e-11,6.285235704173421e-19,4.489415438197647e-16,1.1390772010610038e-14
1.4338797905877845e-08,0.16628943999999996,0.8585084662769803,0.0,0.0,0.4474633746394496,0.11392328355398834,0.02272047098174845,1.4027059767963932e-12,9.477474094737138e-09,8.129798617956989e-06,7.240998482456051e-07,6.824157979839562e-09,1.1186906071524242e-19,0.00012644389076143454,7.975792422334066e-18,0.00010537157735205113,2.2278155538024831e-13,4.125828894494313e-11,1.2071139653268417e-14,8.879495979120116e-17,2.472940130558902e-07,2.2683984813105934e-12,0.0046154715571629324,0.00020097411009448407,2.3297507190896138e-05,5.361684498546185e-09,7.144226760998488e-10,2.4805993431052417e-09,5.310046516899359e-13,1.213944383638723e-12,9.44753846489003e-09,4.016029760472054e-06,1.2191555086206425e-10,1.251289649799026e-07,3.9584665077253e-10,3.5593111745267937e-12,2.26403005306461e-12,2.314818396416827e-07,1.8389453062071817e-15,2.290629302401773e-16,2.780291876901483e-14,1.574141009493673e-11,6.467895329748607e-19,4.614974535903926e-16,1.168196597013861e-14
1.443964131266438e-08,0.16628943999999996,0.8585084662769803,0.0,0.0,0.4474414171795756,0.11390204191212068,0.022719766659060087,1.448882746271044e-12,9.707738023599101e-09,8.26414747535862e-06,7.423665487058563e-07,6.96759612924339e-09,1.1664603858440806e-19,0.00012733081700410764,8.262785626846646e-18,0.00010599073757102247,2.2762323002214756e-13,4.240560421162603e-11,1.2460950699292268e-14,9.166682505804792e-17,2.506191263260773e-07,2.33396515839135e-12,0.004635764854814451,0.00020235783522295453,2.3532755892728945e-05,5.453287752615872e-09,7.194137099187812e-10,2.496375439541906e-09,5.437552812134265e-13,1.2235799001621677e-12,9.644623799313242e-09,4.0586690063005334e-06,1.2414491025158776e-10,1.2736822804374585e-07,3.9860442785460144e-10,3.662408866122817e-12,2.321051961766436e-12,2.344748850634221e-07,1.8915742105993336e-15,2.364891215509366e-16,2.879079674485458e-14,1.6092100718135005e-11,6.654520587374831e-19,4.743111683479151e-16,1.1978257422426173e-14
1.4540484719450916e-08,0.16628943999999996,0.8585084662769803,0.0,0.0,0.4474195842588413,0.11388092389561721,0.022719062407882448,1.4962259672235271e-12,9.942195820424562e-09,8.399985581451352e-06,7.609529626163715e-07,7.11300737855431e-09,1.2158907216892968e-19,0.00012821769147734635,8.557979814384546e-18,0.0001066084900041192,2.325351412915551e-13,4.3576359523745695e-11,1.2860195488942492e-14,9.461002415995133e-17,2.5396446637745327e-07,2.400948638722877e-12,0.004655934190437852,0.0002037410566885592,2.3767838980542135e-05,5.545590470465007e-09,7.244041427150136e-10,2.5121504334847303e-09,5.567295701657378e-13,1.2332646563649163e-12,9.843831664325745e-09,4.101370839237383e-06,1.2639689651439484e-10,1.2963421967424115e-07,4.013618819969024e-10,3.767739048907749e-12,2.3790692675200277e-12,2.374836898964875e-07,1.945221604222662e-15,2.4409885792815097e-16,2.980635625256533e-14,1.644792085441301e-11,6.845168797339358e-19,4.873860714940327e-16,1.2279689085874281e-14
1.4641328126237452e-08,0.16628943999999996,0.8585084662769803,0.0,0.0,0.44739787514854923,0.11385992875028174,0.022718358227860863,1.5447557804868358e-12,1.0180897117531984e-08,8.537320858475582e-06,7.798619728677989e-07,7.260404552764513e-09,1.2670253006514287e-19,0.00012910451380425416,8.861549234382678e-18,0.00010722483888478544,2.3751780564667507e-13,4.4770861364771894e-11,1.3269020839225611e-14,9.762577745707357e-17,2.573299970057336e-07,2.46936932932724e-12,0.004675980318626947,0.00020512377236975746,2.4002735435828554e-05,5.6385865063974e-09,7.293939724215881e-10,2.5279243175758487e-09,5.699298516837391e-13,1.2429989570355357e-12,1.004514868030932e-08,4.1441323430231545e-06,1.286714980735485e-10,1.319271194464288e-07,4.0411901370414247e-10,3.87533394630814e-12,2.4380908937236066e-12,2.405081945140223e-07,1.9998952724683332e-15,2.518951912833344e-16,3.0850166313563505e-14,1.6808906111544087e-11,7.0398976955861e-19,5.007255653695222e-16,1.2586303401966571e-14
1.4742171533023987e-08,0.16628943999999996,0.8585084662769803,0.0,0.0,0.44737628912430044,0.11383905572651841,0.022717654118642898,1.5944924918294266e-12,1.0423891637931237e-08,8.676161106889786e-06,7.990964529488761e-07,7.409800462948865e-09,1.3199085316145557e-19,0.0001299912836076789,9.173670568927089e-18,0.0001078397884041944,2.425717395829904e-13,4.598941793179793e-11,1.3687574311498581e-14,1.0071531578578405e-16,2.6071568200589797e-07,2.53924778500614e-12,0.004695903989375234,0.00020650598014969806,2.4237424528702765e-05,5.732269646582233e-09,7.343831969701262e-10,2.543697084452389e-09,5.833584563497955e-13,1.2527830924759967e-12,1.0248560962963156e-08,4.186950611347589e-06,1.3096870120204913e-10,1.3424710567813326e-07,4.068758234660096e-10,3.9852260156018115e-12,2.4981257339598636e-12,2.435483394845765e-07,2.055602844738975e-15,2.598811957428818e-16,3.1922803383558755e-14,1.717509205825023e-11,7.238765433643651e-19,5.143330711943836e-16,1.2898142529263012e-14
1.4843014939810523e-08,0.16628943999999996,0.8585084662769803,0.0,0.0,0.44735482546596217,0.11381830407930392,0.02271695007987837,1.6454565708371826e-12,1.0671229186160433e-08,8.816514002991047e-06,8.186592666204628e-07,7.561207906250535e-09,1.3745855481903443e-19,0.00013087800051019444,9.494522948769063e-18,0.0001084533427117499,2.47697459628484e-13,4.7232339130085655e-11,1.4116004194819183e-14,1.0387988041640997e-16,2.6412148516997574e-07,2.610604708313244e-12,0.004715705948104046,0.00020788767791657994,2.4471885822272844e-05,5.82663361271812e-09,7.393718142907279e-10,2.559468726746502e-09,5.970177118493651e-13,1.2626173386290533e-12,1.0454054133737674e-08,4.229822748162961e-06,1.3328849003893307e-10,1.3659435536250702e-07,4.096323117572139e-10,4.097447947874706e-12,2.5591826509934523e-12,2.4660406557052044e-07,2.1123517930331313e-15,2.680599674173951e-16,3.3024851392004653e-14,1.7546514224206185e-11,7.441830578549673e-19,5.282120290079485e-16,1.3215248337669694e-14
1.4943858346597057e-08,0.16628943999999996,0.8585084662769803,0.0,0.0,0.4473334834576344,0.11379767306815945,0.022716246111219307,1.6976686497728062e-12,1.092295963914562e-08,8.958387096633474e-06,8.385532675929783e-07,7.714639665866601e-09,1.4311022103434281e-19,0.0001317646641340831,9.824287969310808e-18,0.00010906550591559094,2.5289548233886936e-13,4.849993656759834e-11,1.455445948917617e-14,1.0712072300981199e-16,2.6754737028490813e-07,2.6834609495250405e-12,0.004735386935690503,0.00020926886356401137,2.4706099176814422e-05,5.921672065244429e-09,7.443598223118738e-10,2.575239237085364e-09,6.109099425425292e-13,1.2725019566959144e-12,1.0661613327666505e-08,4.272745867996648e-06,1.356308466042324e-10,1.3896904410172676e-07,4.1238847903753427e-10,4.21203266797542e-12,2.621270475779113e-12,2.496753137264789e-07,2.1701494296084016e-15,2.7643462419443003e-16,3.4156901781370045e-14,1.7923208100042682e-11,7.649152112766722e-19,5.423658976088403e-16,1.3537662402729685e-14
1.5044701753383592e-08,0.16628943999999996,0.8585084662769803,0.0,0.0,0.44731226238761784,0.11377716195712284,0.022715542212319955,1.751149522413345e-12,1.1179132937091812e-08,9.101787809044468e-06,8.58781299207265e-07,7.870108511033579e-09,1.4895051058380087e-19,0.00013265127410131788,1.016314970656265e-17,0.00010967628208309908,2.5816632429283297e-13,4.979252354952136e-11,1.500308988860639e-14,1.1043910557281307e-16,2.7099330113048466e-07,2.7578375066102548e-12,0.004754947688495309,0.00021064953499136404,2.494004475374095e-05,6.017378606883167e-09,7.493472189603274e-10,2.5910086080911376e-09,6.250374690556069e-13,1.28243719299527e-12,1.0871223203936182e-08,4.315717096257547e-06,1.3799575081558972e-10,1.4137134604188463e-07,4.1514432575186464e-10,4.329013334467407e-12,2.6843980064804086e-12,2.5276202509778263e-07,2.2290029053017413e-15,2.850083055109364e-16,3.531955354623324e-14,1.830520913734885e-11,7.860789434098735e-19,5.567981544947813e-16,1.3865425999959159e-14
1.5145545160170128e-08,0.16628943999999996,0.8585084662769803,0.0,0.0,0.44729116154838183,0.11375677001472113,0.02271483838283674,1.80592014286609e-12,1.1439799074412879e-08,9.246723430739405e-06,8.79346194118916e-07,8.02762719701295e-09,1.5498415515069931e-19,0.0001335378300335453,1.0511294733071542e-17,0.0001102856752414087,2.6351050208728667e-13,5.1110415072770793e-11,1.5462045764204097e-14,1.138363004124956e-16,2.7445924147735424e-07,2.833755525197823e-12,0.004774388938390383,0.00021202969010412358,2.5173703019372295e-05,6.113746786205309e-09,7.543340021610386e-10,2.6067768323810027e-09,6.394026079484133e-13,1.2924232790822671e-12,1.108286795646261e-08,4.358733569539022e-06,1.4038318050500463e-10,1.4380143380911813e-07,4.1789985233025953e-10,4.448423339578961e-12,2.748574007499384e-12,2.558641410189397e-07,2.288919208319488e-15,2.9378417211739773e-16,3.651341327219914e-14,1.869255274867379e-11,8.076802355603312e-19,5.715122958023318e-16,1.4198580099417236e-14
1.5246388566956664e-08,0.16628943999999996,0.8585084662769803,0.0,0.0,0.4472701802365324,0.11373649651394296,0.022714134622428273,1.862001624363301e-12,1.1705008090707194e-08,9.393201119535805e-06,9.002507739861261e-07,8.187208465076568e-09,1.6121595943436686e-19,0.00013442433155206907,1.0868912133820456e-17,0.00011089368937791964,2.6892853233263095e-13,5.245392782048976e-11,1.5931478147025955e-14,1.173135900893718e-16,2.779451550851113e-07,2.9112362985434544e-12,0.004793711412786291,0.0002134093268142371,2.540705474850185e-05,6.210770100867745e-09,7.593201698370561e-10,2.6225439025671727e-09,6.540076713073767e-13,1.3024604314100887e-12,1.1296531322719334e-08,4.401792435920116e-06,1.4279311143506745e-10,1.4625947844702397e-07,4.2065505918798227e-10,4.570296309150931e-12,2.81380720851722e-12,2.5898160301212374e-07,2.3499051623053257e-15,3.02765405857638e-16,3.773909517463836e-14,1.9085274307527354e-11,8.297251105497169e-19,5.86511836246492e-16,1.4537165360313506e-14
1.53472319737432e-08,0.16628943999999996,0.8585084662769803,0.0,0.0,0.44724931775278204,0.11371634073221142,0.02271343093075535,1.919415238036075e-12,1.1974810061785767e-08,9.541227898667447e-06,9.214978491611119e-07,8.3488650424921e-09,1.6765080124167962e-19,0.00013531077827783368,1.1236193522098311e-17,0.00011150032844081182,2.7442093164802936e-13,5.382338015653249e-11,1.6411538710896167e-14,1.2087226736943801e-16,2.814510057004574e-07,2.9903012674947837e-12,0.0048129158346595455,0.0002147884430404553,2.564008102775658e-05,6.308442001110882e-09,7.643057199094352e-10,2.6383098112568674e-09,6.688549663663012e-13,1.312548851271081e-12,1.151219659478588e-08,4.44489085526097e-06,1.4522551731641457e-10,1.4874564935539562e-07,4.234099467255532e-10,4.69466610258222e-12,2.880106303545971e-12,2.621143527856833e-07,2.4119674250568237e-15,3.119552094319221e-16,3.899722113724814e-14,1.9483409148380075e-11,8.522196327061391e-19,6.018003090601586e-16,1.4881222125693957e-14
1.5448075380529735e-08,0.16628943999999996,0.8585084662769803,0.0,0.0,0.4472285734019176,0.11369630195135694,0.022712727307480914,1.9781824116677478e-12,1.2249255090760127e-08,9.690810654998575e-06,9.430902183851368e-07,8.512609642508338e-09,1.7429363156112796e-19,0.00013619716983140869,1.1613333055340292e-17,0.00011210559633956234,2.7998821665669307e-13,5.521909211993611e-11,1.690237975511701e-14,1.2451363517513066e-16,2.8497675705543554e-07,3.070972020455132e-12,0.004832002922579703,0.00021616703670867228,2.587276325875286e-05,6.4067558932255776e-09,7.692906502971506e-10,2.654074551052356e-09,6.839467951862992e-13,1.3226887249067509e-12,1.172984663011538e-08,4.488025999494937e-06,1.476803698252e-10,1.5126011423032174e-07,4.261645153287965e-10,4.821566812773081e-12,2.9474799499916065e-12,2.652623322326682e-07,2.4751124875408907e-15,3.2135680615514706e-16,4.028842075043555e-14,1.9886992566662264e-11,8.75169907854222e-19,6.173812659334903e-16,1.5230790417318922e-14
1.554891878731627e-08,0.16628943999999996,0.8585084662769803,0.0,0.0,0.44720794649277046,0.11367637945759033,0.02271202375227005,2.0383247284274556e-12,1.2528393299197072e-08,9.841956137338155e-06,9.650306684871678e-07,8.678454964340553e-09,1.8114947461963338e-19,0.00013708350583297336,1.2000527450938343e-17,0.00011270949694546378,2.85630903981178e-13,5.6641385419380424e-11,1.7404154187090386e-14,1.2823900653520068e-16,2.885223728657402e-07,3.1532702933458955e-12,0.004850973390736309,0.00021754510575226023,2.6105083161049324e-05,6.5057051427804925e-09,7.742749589170136e-10,2.669838114550977e-09,6.992854542735644e-13,1.332880223223546e-12,1.1949463861174239e-08,4.531195052918207e-06,1.5015763862045292e-10,1.538030390056814e-07,4.289187653688901e-10,4.951032766066257e-12,3.0159367677283852e-12,2.6842548342937524e-07,2.539346672369822e-15,3.3097343972514346e-16,4.161333134952344e-14,2.0296059818762376e-11,8.985820833046236e-19,6.332582769531461e-16,1.558590993059718e-14
1.5649762194102806e-08,0.16628943999999996,0.8585084662769803,0.0,0.0,0.4471874363381867,0.11365657254147604,0.02271132026478999,2.0998639255842364e-12,1.2812274818346882e-08,9.994670954854362e-06,9.87321974086208e-07,8.846413693155686e-09,1.8822342792227764e-19,0.00013796978590230167,1.2397976002021488e-17,0.00011331203409214439,2.9134951023869155e-13,5.8090583427635274e-11,1.791701550485495e-14,1.3204970453351908e-16,2.920878168290997e-07,3.2372179695676027e-12,0.004869827948965687,0.0002189226481124005,2.633702277489316e-05,6.605283078047297e-09,7.792586436835883e-10,2.6856004943451233e-09,7.148732342294482e-13,1.3431235018046765e-12,1.2171030306835111e-08,4.574395212474024e-06,1.5265729136231094e-10,1.5637458779607108e-07,4.316726972024154e-10,5.083098522185982e-12,3.08548533818464e-12,2.716037486339134e-07,2.6046761328871243e-15,3.4080837397742013e-16,4.2972598052779444e-14,2.0710646122024482e-11,9.224623478434706e-19,6.494349305413797e-16,1.5946620029623895e-14
1.575060560088934e-08,0.16628943999999996,0.8585084662769803,0.0,0.0,0.4471670422549966,0.1136368804979056,0.022710616844710062,2.1628218932019835e-12,1.310094978045123e-08,1.0148961575589324e-05,1.0099668972973513e-06,9.016498500057588e-09,1.9552066227512355e-19,0.00013885600965874803,1.2805880593205783e-17,0.00011391321157608932,2.971445520364101e-13,5.956701117599596e-11,1.8441117779543466e-14,1.3594706225682705e-16,2.956730526237321e-07,3.3228370799596032e-12,0.004888567302777536,0.00022029966173841097,2.6568564463762516e-05,6.70548299336258e-09,7.842417025091119e-10,2.701361683022304e-09,7.307124194459899e-13,1.3534187010134465e-12,1.239452758334532e-08,4.617623688033616e-06,1.5517929373024805e-10,1.5897492284119653e-07,4.344263111714063e-10,5.2177988741748655e-12,3.1561342034402064e-12,2.747970702847864e-07,2.6711068524258277e-15,3.508648926370499e-16,4.436687379926744e-14,2.113078665474499e-11,9.46816931721344e-19,6.659148333950379e-16,1.6312959742378412e-14
1.5851449007675877e-08,0.16628943999999996,0.8585084662769803,0.0,0.0,0.447146763563986,0.11361730262607107,0.022709913491701726,2.2272206728158173e-12,1.3394468310137324e-08,1.0304834325074043e-05,1.0329681874415765e-06,9.188722042072156e-09,2.030464217913265e-19,0.00013974217672123293,1.3224445716313582e-17,0.0001145130331571631,3.030165459668098e-13,6.107099534870661e-11,1.8976615637765127e-14,1.3993242274144337e-16,2.9927804390687377e-07,3.410149802758459e-12,0.004907192153381389,0.0002216761445880688,2.679969091670557e-05,6.8062981523139184e-09,7.892241333034189e-10,2.7171216731651582e-09,7.468052877507942e-13,1.3637659457696429e-12,1.261993691460447e-08,4.660877702674081e-06,1.5772360944142623e-10,1.6160420445175988e-07,4.3717960760340103e-10,5.355168848328695e-12,3.227891865335506e-12,2.780053909994957e-07,2.7386446431873686e-15,3.6114629907674933e-16,4.579681938652209e-14,2.1556516556168572e-11,9.716521066417928e-19,6.827016104244293e-16,1.668496775599435e-14
1.5952292414462413e-08,0.16628943999999996,0.8585084662769803,0.0,0.0,0.4471265995898669,0.11359783822943896,0.022709210205438517,2.2930824560902622e-12,1.3692880515904263e-08,1.0462295385043064e-05,1.0563285807593331e-06,9.363096962132433e-09,2.1080602388076927e-19,0.0001406282867082296,1.3653878486061872e-17,0.00011511150255913267,3.089660086030069e-13,6.260286427737155e-11,1.9523664243918002e-14,1.440071389189462e-16,3.0290275431338046e-07,3.4991784635550228e-12,0.004925703197712895,0.0002230520946279293,2.703038515047498e-05,6.907721791069158e-09,7.942059339738642e-10,2.732880457351466e-09,7.631541100864378e-13,1.3741653456208298e-12,1.284723914379064e-08,4.704154492951167e-06,1.6029020026965843e-10,1.6426259095687053e-07,4.3993258681149306e-10,5.495243704129151e-12,3.300766784592393e-12,2.8122865357316106e-07,2.8072951456717965e-15,3.716559160640816e-16,4.726310350804642e-14,2.1987870926483268e-11,9.969741857497112e-19,6.997989046920617e-16,1.7062682412149195e-14
1.6053135821248948e-08,0.16628943999999996,0.8585084662769803,0.0,0.0,0.44710654966124924,0.11357848661572395,0.022708506985596063,2.36042958345967e-12,1.3996236481707658e-08,1.0621350792248614e-05,1.080050800127941e-06,9.539635889063646e-09,2.188048592234689e-19,0.00014151433923775055,1.4094388655719492e-17,0.0001157086234701912,3.149934564941104e-13,6.416294793535471e-11,2.0082419282436455e-14,1.48172573560843e-16,3.0654714745439874e-07,3.5899455352502205e-12,0.0049441011284599365,0.00022442750983364085,2.726063051146053e-05,7.00974712162435e-09,7.991871024252517e-10,2.748638028154211e-09,7.79761150224221e-13,1.384616994843021e-12,1.3076414744508682e-08,4.747451309168718e-06,1.6287902606439144e-10,1.6695023865300617e-07,4.4268524909438295e-10,5.63805893417453e-12,3.3747673799469232e-12,2.844668009771607e-07,2.877063828192325e-15,3.8239708550698478e-16,4.876640279063284e-14,2.2424884826814854e-11,1.0227895236192763e-18,7.172103773512704e-16,1.7446141702591898e-14
1.6153979228035484e-08,0.16628943999999996,0.8585084662769803,0.0,0.0,0.4470866131106122,0.11355924709686299,0.02270780383185208,2.4292845427514003e-12,1.43045862586483e-08,1.0782006437373739e-05,1.1041375547828365e-06,9.718351437568215e-09,2.270483917269833e-19,0.00014240033392733494,1.4546188632732886e-17,0.00011630439954348225,3.210994061605852e-13,6.575157793216745e-11,2.0653036939978336e-14,1.5243009922224367e-16,3.1021118691610937e-07,3.682473638009578e-12,0.004962386634088598,0.00022580238819025532,2.7490410677420994e-05,7.112367334920323e-09,8.041676365597648e-10,2.7643943781416013e-09,7.966286644379395e-13,1.395120972280591e-12,1.3307443831545372e-08,4.790765415644682e-06,1.6549004476993994e-10,1.6966730175454946e-07,4.4543759473643126e-10,5.783650264108411e-12,3.4499020272940736e-12,2.877197763577898e-07,2.9479559861447845e-15,3.9337316820279583e-16,5.030740183150764e-14,2.2867593279220407e-11,1.0491045162414837e-18,7.349397075847264e-16,1.7835383264757574e-14
1.625482263482202e-08,0.16628943999999996,0.8585084662769803,0.0,0.0,0.4470667892742767,0.11354011898898957,0.022707100743886304,2.499669967792137e-12,1.4617979856770268e-08,1.0944268064043912e-05,1.128591540042702e-06,9.899256208210686e-09,2.3554215846807334e-19,0.00014328627039403616,1.500949349432021e-17,0.00011689883439762378,3.2728437408962866e-13,6.73690875078447e-11,2.1235673887556693e-14,1.567810981845509e-16,3.138948362585416e-07,3.776785539216475e-12,0.00498056039886896,0.00022717672769253456,2.7719709659014834e-05,7.215575604056277e-09,8.09147534276897e-10,2.780149499877098e-09,8.1375890121256e-13,1.4056773414667052e-12,1.3540306172633197e-08,4.834094090972252e-06,1.6812321244513725e-10,1.7241393234592287e-07,4.4818962400771167e-10,5.932053652546354e-12,3.5261790588445314e-12,2.9098752303493773e-07,3.0199767417595554e-15,4.0458754357861024e-16,5.1886793235299005e-14,2.3316031266681068e-11,1.0759256010114989e-18,7.529905925428164e-16,1.8230444377508787e-14
1.6355666041608555e-08,0.16628943999999996,0.8585084662769803,0.0,0.0,0.44704707749237765,0.11352110161240807,0.022706397721380542,2.5716086369978042e-12,1.4936467236973864e-08,1.1108141267936464e-05,1.153415437038502e-06,1.0082362787402627e-08,2.4429176961889257e-19,0.0001441721482544099,1.548452100303346e-17,0.00011749193161723251,3.335488767305572e-13,6.901581152730952e-11,2.1830487262620818e-14,1.6122696239718237e-16,3.175980590144544e-07,3.872904153424165e-12,0.004998623102900748,0.00022855052634525219,2.7948511801132894e-05,7.319365087413317e-09,8.141267934733867e-10,2.7959033859194806e-09,8.311541009784968e-13,1.4162861507260523e-12,1.3774981199736366e-08,4.877434628277572e-06,1.7077848328304907e-10,1.7519028033534233e-07,4.509413371640648e-10,6.083305291000649e-12,3.603606762293652e-12,2.9426998450078414e-07,3.0931310438809338e-15,4.1604360943062465e-16,5.350527765082901e-14,2.3770233733094137e-11,1.1032592567155954e-18,7.713667472819124e-16,1.863136195700073e-14
1.645650944839509e-08,0.16628943999999996,0.8585084662769803,0.0,0.0,0.44702747710883717,0.11350219429156819,0.022705694764018645,2.645123471947575e-12,1.5260098303048573e-08,1.127363149598706e-05,1.1786119124464607e-06,1.0267683747387462e-08,2.5330290835798046e-19,0.00014505796712450256,1.5971491622288495e-17,0.00011808369475344751,3.3989343049020617e-13,7.069208647472633e-11,2.2437634651091495e-14,1.6576909341834103e-16,3.2132081868829005e-07,3.970852542306564e-12,0.005016575422138808,0.00022992378216349198,2.8176801784034455e-05,7.423728931676543e-09,8.191054120431568e-10,2.8116560288228803e-09,8.488164958154578e-13,1.426947433078277e-12,1.4011448020136876e-08,4.920784335473743e-06,1.7345580963099358e-10,1.7799649341020926e-07,4.536927344471536e-10,6.237441603803092e-12,3.6821933800026704e-12,2.975671044185137e-07,3.1674236676095545e-15,4.277447816651596e-16,5.516356380772946e-14,2.4230235583264266e-11,1.1311120035177297e-18,7.900719047025261e-16,1.9038172552646722e-14
1.6557352855181626e-08,0.16628943999999996,0.8585084662769803,0.0,0.0,0.44700798747133713,0.1134833963550399,0.022704991871486467,2.720237535942393e-12,1.558892289383082e-08,1.1440744045692409e-05,1.204183618225008e-06,1.0455231646225266e-08,2.6258133076634945e-19,0.00014594372661984036,1.647062853186258e-17,0.00011867412732445351,3.463185517283408e-13,7.239825044784302e-11,2.305727406935526e-14,1.704089023548476e-16,3.250630787551926e-07,4.0706539146078404e-12,0.00503441802841844,0.00023129649317294102,2.8404564624287535e-05,7.528660274916236e-09,8.240833878772512e-10,2.8274074211368182e-09,8.667483091902403e-13,1.4376612063984432e-12,1.4249685428250689e-08,4.964140535510128e-06,1.7615514201083913e-10,1.8083271699415703e-07,4.564438160845179e-10,6.394499248025885e-12,3.7619471081922244e-12,3.008788266210495e-07,3.242859214355195e-15,4.3969449403282175e-16,5.686236855288208e-14,2.4696071682894044e-11,1.1594904029459083e-18,8.091098154873391e-16,1.9450912343212227e-14
1.6658196261968162e-08,0.16628943999999996,0.8585084662769803,0.0,0.0,0.4469886079312937,0.1134647071354879,0.022704289043471895,2.7969740325484624e-12,1.592299077549141e-08,1.1609484064508277e-05,1.2301331913557103e-06,1.0645019027777507e-08,2.7213286570896137e-19,0.0001468294263554183,1.6982157643359246e-17,0.00011926323281600336,3.528247567530796e-13,7.413464315232197e-11,2.3689563946222346e-14,1.751478098010504e-16,3.288248026600956e-07,4.1723316260907915e-12,0.005052151589480564,0.00023266865741017914,2.863178567551661e-05,7.63415224957591e-09,8.290607188637773e-10,2.8431575554062754e-09,8.849517557134443e-13,1.4484274735265155e-12,1.4489671916994944e-08,5.007500566618134e-06,1.7887642913941106e-10,1.8369909420576792e-07,4.591945822896301e-10,6.5545151134006085e-12,3.842876096148291e-12,3.042050951098048e-07,3.3194421118844224e-15,4.518961978619858e-16,5.860241688668293e-14,2.5167776858573727e-11,1.1884010578781594e-18,8.284842480391273e-16,1.9869617133023754e-14
1.6759039668754697e-08,0.16628943999999996,0.8585084662769803,0.0,0.0,0.44696933784383036,0.11344612596964691,0.022703586279664793,2.875356304126202e-12,1.626235163395691e-08,1.177985654934185e-05,1.2564632535882309e-06,1.0837058421691713e-08,2.819634147018943e-19,0.00014771506594569032,1.7506307615640247e-17,0.00011985101468193946,3.594125618163312e-13,7.590160589606032e-11,2.433466310485305e-14,1.7998724577682843e-16,3.3260595381687566e-07,4.275909179484052e-12,0.0050697767689967385,0.00023404027292296366,2.885845062895963e-05,7.74019798537843e-09,8.340374028878507e-10,2.858906424171736e-09,9.034290408740514e-13,1.4592462222320298e-12,1.4731385689072513e-08,5.050861782553079e-06,1.816196179492115e-10,1.8659576581897263e-07,4.619450332619534e-10,6.7175263222353595e-12,3.9249884454406105e-12,3.075458540534532e-07,3.3971766143145646e-15,4.643533617927826e-16,6.038444199913166e-14,2.5645385897770282e-11,1.2178506125281795e-18,8.481989884185721e-16,2.0294322348289122e-14
1.6859883075541233e-08,0.16628943999999996,0.8585084662769803,0.0,0.0,0.44695017656775277,0.11342765219829676,0.022702883579757045,2.955407830345067e-12,1.660705506746934e-08,1.1951866346137273e-05,1.2831764111893245e-06,1.1031362343386122e-08,2.9207895176551736e-19,0.00014860064500455907,1.804330987022436e-17,0.00012043747634471417,3.660824831092414e-13,7.769948158349931e-11,2.499273074465733e-14,1.8492864966470145e-16,3.364064956075712e-07,4.381410224428124e-12,0.005087294226594018,0.00023541133777051012,2.9084545513835985e-05,7.846790612260522e-09,8.390134378315424e-10,2.8746540199692375e-09,9.221823608061073e-13,1.4701174254068276e-12,1.497480466876272e-08,5.09422155283151e-06,1.8438465360932397e-10,1.895228702251447e-07,4.6469516918699804e-10,6.8835702293300216e-12,4.008292209153668e-12,3.109010477867175e-07,3.476066802447893e-15,4.770694715056747e-16,6.22091853057454e-14,2.6128933548815695e-11,1.2478457524307449e-18,8.682578402819547e-16,2.072506303354527e-14
1.696072648232777e-08,0.16628943999999996,0.8585084662769803,0.0,0.0,0.44693112346552305,0.11340928516623763,0.022702180943442472,3.0371522266822292e-12,1.6957150579315514e-08,1.21255181495706e-05,1.3102752546966643e-06,1.1227943294034249e-08,3.024855232614718e-19,0.00014948616314536668,1.859339860664653e-17,0.00012102262119590821,3.7283503675765555e-13,7.952861470992163e-11,2.56639264231687e-14,1.8997347014590655e-16,3.402263913816781e-07,4.4888585574200685e-12,0.005104704617879632,0.00023678185002376758,2.9310056697493992e-05,7.953923263231456e-09,8.439888215738242e-10,2.8904003353304444e-09,9.412139020703709e-13,1.4810410411971903e-12,1.521990651338675e-08,5.137577262964057e-06,1.8717147954647397e-10,1.9248054339721774e-07,4.67444990236379e-10,7.052684421889388e-12,4.0927953911327025e-12,3.142706208091802e-07,3.5561165840986354e-15,4.90048029449445e-16,6.407739648326498e-14,2.6618454520894386e-11,1.2783932044266961e-18,8.88664624818724e-16,2.1161873848207645e-14
1.7061569889114304e-08,0.16628943999999996,0.8585084662769803,0.0,0.0,0.446912177903235,0.11339102422226559,0.0227014783704169,3.1206132429167133e-12,1.731268757061018e-08,1.2300816502776024e-05,1.3377623586741683e-06,1.1426813760549443e-08,3.131892477249546e-19,0.00015037161998088567,1.9156810817804462e-17,0.00012160645259674893,3.796707388175903e-13,8.138935135574493e-11,2.6348410037917097e-14,1.9512316513615537e-16,3.44065604455468e-07,4.598278121757741e-12,0.005122008594465615,0.00023815180776569215,2.953497088549571e-05,8.061589077069729e-09,8.489635519905231e-10,2.906145362782714e-09,9.60525841421207e-13,1.4920170129934234e-12,1.546666862431182e-08,5.180926314687227e-06,1.8998003746627565e-10,1.9546891885442647e-07,4.70194496567876e-10,7.224906719435628e-12,4.1785059452341365e-12,3.176545177841005e-07,3.637329694355824e-15,5.032925545698387e-16,6.598983350529769e-14,2.7113983484030396e-11,1.3094997366478156e-18,9.094231806890425e-16,2.1604789063266058e-14
1.716241329590084e-08,0.16628943999999996,0.8585084662769803,0.0,0.0,0.44689333925058894,0.11337286871914802,0.022700775860378088,3.2058147616033237e-12,1.7673715333304115e-08,1.2477765797212865e-05,1.3656402814736066e-06,1.1627986215569364e-08,3.2419631567655383e-19,0.00015125701512331004,1.973378630525377e-17,0.00012218897387862536,3.865901052707203e-13,8.328203918079969e-11,2.7046341808267166e-14,2.003792017200832e-16,3.4792409811140426e-07,4.70969300748233e-12,0.005139206803993189,0.00023952120909151418,2.975927512141639e-05,8.169781201183802e-09,8.539376269542744e-10,2.921889094849117e-09,9.801203455832989e-13,1.5030452696310974e-12,1.5715068159120222e-08,5.224266126187801e-06,1.9281026737498469e-10,1.9848812762967546e-07,4.729436883254927e-10,7.400275173717996e-12,4.265431774595807e-12,3.210526835372598e-07,3.719709696263081e-15,5.168065820313195e-16,6.794726267769177e-14,2.7615555069073433e-11,1.341172158501314e-18,9.305373639611457e-16,2.205384255809948e-14
1.7263256702687375e-08,0.16628943999999996,0.8585084662769803,0.0,0.0,0.44687460688086805,0.1133548180135996,0.02270007341302574,3.2927807965306273e-12,1.8040283043393285e-08,1.2656370272647379e-05,1.3939115650015721e-06,1.1831473117440396e-08,3.355129894176065e-19,0.00015214234818424743,2.0324567694458694e-17,0.0001227701883436014,3.935936520198811e-13,8.520702741859407e-11,2.7757882257246556e-14,2.0574305608461618e-16,3.5180183559763865e-07,4.823127451319427e-12,0.005156299890156971,0.000240890052108999,2.998295678641344e-05,8.278492794376745e-09,8.589110443344738e-10,2.937631524048563e-09,9.999995710950562e-13,1.5141257256811078e-12,1.5965082043028586e-08,5.267594132322614e-06,1.9566210760079806e-10,2.0153829823914475e-07,4.756925656395148e-10,7.578828068620283e-12,4.353580730923984e-12,3.244650630558295e-07,3.8032599814035904e-15,5.30593662940851e-16,6.995045867368465e-14,2.812320386768404e-11,1.3734173206538303e-18,9.52011048048559e-16,2.250906781732865e-14
1.736410010947391e-08,0.16628943999999996,0.8585084662769803,0.0,0.0,0.4468559801709138,0.11333687146625816,0.022699371028061504,3.381535491171104e-12,1.8412439754247463e-08,1.2836634017193993e-05,1.4225787344894964e-06,1.2037286910202012e-08,3.4714560281719146e-19,0.00015302761877471134,2.0929400450017412e-17,0.0001233500992649265,4.0068189488458125e-13,8.716466687057269e-11,2.848319219338886e-14,2.1121621345177478e-16,3.556987801275498e-07,4.938605836619331e-12,0.005173288492729047,0.00024225833493870516,3.0206003598677056e-05,8.387717029280787e-09,8.638838019972381e-10,2.9533726428958695e-09,1.0201656640922134e-12,1.5252582813853805e-12,1.6216686979586948e-08,5.310907784836047e-06,1.985354948157667e-10,2.0461955665315374e-07,4.784411286265749e-10,7.760603920067013e-12,4.442960613789279e-12,3.27891601487253e-07,3.887983770400189e-15,5.446573640724676e-16,7.200020456892475e-14,2.8636964432318286e-11,1.4062421150152548e-18,9.73848123647283e-16,2.2970497927838135e-14
1.7464943516260447e-08,0.16628943999999996,0.8585084662769803,0.0,0.0,0.4468374585011024,0.11331902844166065,0.02269866870518894,3.4721031171271e-12,1.879023438998929e-08,1.3018560967388236e-05,1.4516442982652488e-06,1.2245440023571148e-08,3.5910056109438785e-19,0.00015391282650511326,2.154853289087418e-17,0.00012392870988754584,4.0785534959652527e-13,8.915530990037172e-11,2.922243269257823e-14,2.1680016801116936e-16,3.5961489487930373e-07,5.056152693296933e-12,0.005190173247583012,0.0002436260557142409,3.0428403612816235e-05,8.497447094826386e-09,8.688558978053699e-10,2.969112443901731e-09,1.0406207600627425e-12,1.5364428226366665e-12,1.6469859462054884e-08,5.354204552575225e-06,2.014303640582727e-10,2.0773202626767613e-07,4.811893773897114e-10,7.945641475928981e-12,4.533579169927305e-12,3.3133224413813406e-07,3.973884113748717e-15,5.590012675863916e-16,7.409729187642752e-14,2.915687127621209e-11,1.4396534747225355e-18,9.960524986729417e-16,2.343816557606933e-14
1.7565786923046982e-08,0.16628943999999996,0.8585084662769803,0.0,0.0,0.4468190412553217,0.11330128830821935,0.022697966444113524,3.5645080725612294e-12,1.9173715739113017e-08,1.3202154908378871e-05,1.4811107475305971e-06,1.245594487292649e-08,3.713843405846061e-19,0.0001547979709852558,2.2182216205482643e-17,0.00012450602342860658,4.1511453179515325e-13,9.117931042806124e-11,2.9975765079891176e-14,2.2249642285138884e-16,3.6355014299549816e-07,5.175792697770103e-12,0.005206954786717802,0.0002449932125825129,3.0650145219002974e-05,8.607676199392482e-09,8.738273296183097e-10,2.9848509195729155e-09,1.0613669837955688e-12,1.5476792218505856e-12,1.6724575786448836e-08,5.3974819216977505e-06,2.0434664875464564e-10,2.108758278782722e-07,4.839373120184318e-10,8.133979715926452e-12,4.625444092558901e-12,3.3478693647314964e-07,4.060963893066352e-15,5.736289707406212e-16,7.624252058128738e-14,2.9682958873364694e-11,1.4736583741229814e-18,1.0186280981977308e-15,2.3912103045251115e-14
1.7666630329833518e-08,0.16628943999999996,0.8585084662769803,0.0,0.0,0.44680072782094726,0.11328365043819826,0.02269726424454261,3.658774880610666e-12,1.9562932448339955e-08,1.3387419474245533e-05,1.5109805561449278e-06,1.2668813859292671e-08,3.8400348848802677e-19,0.00015568305182432613,2.2830704466917227e-17,0.00012508204307796081,4.2245995702319837e-13,9.32370239243738e-11,3.0743350911439464e-14,2.283064898902225e-16,3.6750448758289393e-07,5.297550672896472e-12,0.0052236337382812826,0.00024635980370397076,3.087121714186954e-05,8.718397572686705e-09,8.787980952921027e-10,3.0005880624123584e-09,1.0824064491640675e-12,1.5589673374679466e-12,1.6980812060446317e-08,5.440737395877301e-06,2.0728428074147495e-10,2.1405107965658562e-07,4.866849325887735e-10,8.325657851529804e-12,4.718563020728401e-12,3.3825562411398974e-07,4.149225821284384e-15,5.885440856195951e-16,7.843669917513093e-14,3.0215261658521036e-11,1.5082638287570535e-18,1.0415788643872906e-15,2.4392342212564202e-14
1.7767473736620053e-08,0.16628943999999996,0.8585084662769803,0.0,0.0,0.4467825175888209,0.11326611420768959,0.022696562106185484,3.7549281877926234e-12,1.995793301661442e-08,1.3574358148385876e-05,1.5412561804127043e-06,1.2884059369324469e-08,3.9696462260809787e-19,0.0001565680686308897,2.349425464795311e-17,0.0001256567719986655,4.298921407222552e-13,9.532880740492551e-11,3.152535195623684e-14,2.342318898042308e-16,3.714778917121963e-07,5.421451587909286e-12,0.005240210726593741,0.0002477258272528452,3.109160843926343e-05,8.82960446807806e-09,8.837681926793745e-10,3.0163238649190926e-09,1.103741258888211e-12,1.5703070140301633e-12,1.7238544215005103e-08,5.483968496502818e-06,2.1024319028875263e-10,2.172578971283533e-07,4.894322391633714e-10,8.52071532585865e-12,4.812943538653463e-12,3.4173825283831253e-07,4.238672443961024e-15,6.037502388474096e-16,8.068064469041654e-14,3.075381402715363e-11,1.5434768953411328e-18,1.064908756437498e-15,2.4878914546805405e-14
1.786831714340659e-08,0.16628943999999996,0.8585084662769803,0.0,0.0,0.44676440995322725,0.11324867899659041,0.022695860028753265,3.852992762409352e-12,2.0358765789145073e-08,1.3762974263911464e-05,1.5719400588716536e-06,1.310169377529095e-08,4.102744310908911e-19,0.0001574530210128843,2.4173126636139418e-17,0.0001262302133274812,4.37411598228356e-13,9.745501942443713e-11,3.232193017808892e-14,2.4027415195820826e-16,3.754703184178418e-07,5.547520558353136e-12,0.005256686372171332,0.0002490912814173865,3.1311308500982e-05,8.941290165646645e-09,8.88737619629297e-10,3.0320583195883498e-09,1.1253735044855025e-12,1.5816980833251976e-12,1.7497748018234242e-08,5.527172762874691e-06,2.1322330612221955e-10,2.2049639315170354e-07,4.921792317915208e-10,8.719191813580881e-12,4.908593175077856e-12,3.4523476857870266e-07,4.3293061412979334e-15,6.192510712898148e-16,8.297518273470516e-14,3.1298650335444176e-11,1.579304671750267e-18,1.0886217505112071e-15,2.5371851106316013e-14
1.7969160550193125e-08,0.16628943999999996,0.8585084662769803,0.0,0.0,0.4467464043118717,0.11323134418857936,0.02269515801195897,3.952993492938724e-12,2.0765478951697276e-08,1.3953271004164361e-05,1.6030346120873781e-06,1.3321729435059575e-08,4.2393967214650497e-19,0.0001583379085776144,2.4867583248818907e-17,0.000126802370175367,4.4501884476756594e-13,9.961602007094171e-11,3.313324771749787e-14,2.4643481433354005e-16,3.7948173069787064e-07,5.675782846018093e-12,0.005273061291749311,0.00025045616440009627,3.153030704727316e-05,9.053447974035597e-09,8.937063739875402e-10,3.047791418911981e-09,1.1473052662501134e-12,1.5931403639392947e-12,1.7758399082810696e-08,5.5703477524010145e-06,2.1622455544504592e-10,2.237666778980352e-07,4.949259105092397e-10,8.921127220809119e-12,5.0055194026445965e-12,3.487451174216547e-07,4.4211291276799114e-15,6.350502377854347e-16,8.532114752466906e-14,3.1849804900264335e-11,1.615754296999957e-18,1.1127218396748608e-15,2.5871182536230623e-14
1.807000395697966e-08,0.16628943999999996,0.8585084662769803,0.0,0.0,0.446728500065859,0.11321410917109355,0.022694456055517464,4.054955386412799e-12,2.1178120525114543e-08,1.4145251403338149e-05,1.6345422424538319e-06,1.3544178692080241e-08,4.379671737568211e-19,0.000159222730931746,2.5577890248097943e-17,0.00012737324562796977,4.527143954515972e-13,1.018121709599819e-10,3.395946687359958e-14,2.5271542345558146e-16,3.835120915138716e-07,5.806263858872473e-12,0.005289336098305078,0.0002518204744179529,3.1748594127123463e-05,9.166071232103959e-09,8.986744535962738e-10,3.0635231553780065e-09,1.1695386127565614e-12,1.6046336605164802e-12,1.802047287707432e-08,5.6134910407843155e-06,2.192468639630392e-10,2.2706885883522882e-07,4.976722753393377e-10,9.126561684994877e-12,5.10372963728523e-12,3.522692456065818e-07,4.51414345349402e-15,6.511514068571398e-16,8.771938191986327e-14,3.240731199915555e-11,1.652832951228307e-18,1.1372130338350716e-15,2.6376939066416316e-14
1.8170847363766196e-08,0.16628943999999996,0.8585084662769803,0.0,0.0,0.44671069661967144,0.11319697333530583,0.022693754159145447,4.158903566789717e-12,2.1596738359989423e-08,1.433891834716171e-05,1.6664653339975583e-06,1.3769053875369235e-08,4.523638333760456e-19,0.0001601074876813024,2.6304316355784312e-17,0.00012794284274611096,4.604987652734345e-13,1.0404383522880089e-10,3.4800750086137645e-14,2.591175343204395e-16,3.875613637909722e-07,5.938989150994665e-12,0.00530551140108108,0.0002531842097026317,3.1966160116416963e-05,9.279153312030294e-09,9.036418562941356e-10,3.079253521470841e-09,1.1920756009585032e-12,1.6161777654999872e-12,1.8283944739125445e-08,5.656600222201519e-06,2.2229015590654987e-10,2.3040304071232833e-07,5.004183262914838e-10,9.33553557482147e-12,5.203231237622526e-12,3.558070995248379e-07,4.60835100753095e-15,6.675582604092308e-16,9.017073745634493e-14,3.2971205870308253e-11,1.6905478556776615e-18,1.1620993596750345e-15,2.6889150509906942e-14
1.827169077055273e-08,0.16628943999999996,0.8585084662769803,0.0,0.0,0.44669299338114793,0.11317993607610181,0.022693052322561465,4.264863273323119e-12,2.2021380131425044e-08,1.453427457359872e-05,1.6988062521830173e-06,1.3996367299493256e-08,4.671366176303053e-19,0.00016099217843165912,2.7047133268315407e-17,0.00012851116456627181,4.683724691029687e-13,1.0631137753053216e-10,3.565725991746185e-14,2.6564271032158794e-16,3.916295104178408e-07,6.073984422504815e-12,0.005321587805607708,0.000254547368500725,3.218299571606708e-05,9.392687622012005e-09,9.086085799161809e-10,3.0949825096721067e-09,1.2149182765625525e-12,1.6277724604535916e-12,1.8548789886817848e-08,5.699672909486956e-06,2.253543540506985e-10,2.337693255446466e-07,5.031640633622696e-10,9.548089490096713e-12,5.3040315043772795e-12,3.5935862571874546e-07,4.703753517318375e-15,6.842744934424809e-16,9.267607438024839e-14,3.354152071254099e-11,1.7289062726757292e-18,1.1873848605908918e-15,2.7407846260498e-14
1.8372534177339267e-08,0.16628943999999996,0.8585084662769803,0.0,0.0,0.44667538976146226,0.11316299679205714,0.022692350545485882,4.372859858921961e-12,2.2452093333988325e-08,1.4731322673653644e-05,1.73156734372429e-06,1.4226131264553284e-08,4.82292562000022e-19,0.00016187680278754017,2.7806615671632324e-17,0.00012907821410107316,4.763360216826497e-13,1.0861516402837826e-10,3.652915903456687e-14,2.722925231754967e-16,3.957164942467633e-07,6.2112755194949894e-12,0.005337565913725933,0.00025590994907395703,3.239909194994577e-05,9.506667605626104e-09,9.135746222938935e-10,3.1107101124597185e-09,1.2380686729374494e-12,1.6394175114617394e-12,1.881498342157626e-08,5.742706734315167e-06,2.2843937974460333e-10,2.3716781260133082e-07,5.05909486535278e-10,9.76426426164277e-12,5.406137679791758e-12,3.6292377088064664e-07,4.800352549056221e-15,7.013038137917828e-16,9.523626168110575e-14,3.4118290685278595e-11,1.7679155056169186e-18,1.2130735966281939e-15,2.7933055290805128e-14
1.8473377584125802e-08,0.16628943999999996,0.8585084662769803,0.0,0.0,0.4466578851751032,0.11314615488541518,0.022691648827640878,4.482918788499254e-12,2.2888925276937793e-08,1.4930065092273459e-05,1.7647509364027533e-06,1.4458358056168483e-08,4.978387704937794e-19,0.0001627613603530142,2.858304125600257e-17,0.00012964399433974984,4.843899376231612e-13,1.1095556238978071e-10,3.74166101911871e-14,2.7906855284635774e-16,3.998222780937877e-07,6.350888433957955e-12,0.005353446323609816,0.00025727194969938873,3.261444016259916e-05,9.62108674659875e-09,9.185399812551712e-10,3.1264363223079584e-09,1.261528811480838e-12,1.6511126742016055e-12,1.908250035004083e-08,5.7856993473599405e-06,2.315451529316931e-10,2.405985983952215e-07,5.086545957811553e-10,9.98410095118429e-12,5.509556947073944e-12,3.665024818519788e-07,4.898149513361305e-15,7.186499417891666e-16,9.785217712492842e-14,3.470154990852941e-11,1.8075828989435043e-18,1.2391696444180548e-15,2.846480615163111e-14
1.8564136650233683e-08,0.16628943999999996,0.8585084662769803,0.0,0.0,0.4466422152396042,0.11313107993600871,0.02269101733199437,4.583756264921865e-12,2.3287344496737468e-08,1.5110383815199488e-05,1.7949793167985815e-06,1.4669478027708263e-08,5.121699603886125e-19,0.00016355740472837502,2.929654264542733e-17,0.00013015211375850156,4.917161478592686e-13,1.1309352914308875e-10,3.822874779768471e-14,2.8527620735558744e-16,4.035335268099879e-07,6.478546810811408e-12,0.005367655651968522,0.0002584972529954181,3.280760709866451e-05,9.724434100978157e-09,9.230082182010981e-10,3.1405887139863786e-09,1.2829094272218614e-12,1.6616809560166268e-12,1.932437635757631e-08,5.824355536754324e-06,2.3435802062300775e-10,2.4371399856960356e-07,5.111249256601145e-10,1.0185119035154026e-11,5.603762870093077e-12,3.6973487667711387e-07,4.9871920524432136e-15,7.345354122400537e-16,1.0025488115866305e-13,3.523205968704937e-11,1.8438523833104503e-18,1.2630077216277983e-15,2.894899844676912e-14
1.8654895716341564e-08,0.16628943999999996,0.8585084662769803,0.0,0.0,0.4466266246272941,0.11311608295042436,0.022690385883901057,4.686303674232835e-12,2.3690792280910632e-08,1.5292078377619084e-05,1.8255534630537034e-06,1.4882611764148012e-08,5.26828348383872e-19,0.000164353394392705,3.00242020849525e-17,0.00013065920959728363,4.991163440987817e-13,1.152617206668508e-10,3.905373317553142e-14,2.915885471337192e-16,4.072599462348809e-07,6.60812618500195e-12,0.005381786757275372,0.00025972208391673466,3.300015552147852e-05,9.82812723668746e-09,9.274758982287785e-10,3.1547399657963263e-09,1.3045440191363987e-12,1.672289426680541e-12,1.9567285651667148e-08,5.8629747716387e-06,2.371875675211574e-10,2.4685570311403536e-07,5.135950011844099e-10,1.038916697867923e-11,5.6990433199457364e-12,3.7297817832505504e-07,5.077206738131599e-15,7.506832494409245e-16,1.027040954369768e-13,3.5767878181657075e-11,1.8806663717027436e-18,1.2871820319082987e-15,2.943853262150951e-14
1.8745654782449445e-08,0.16628943999999996,0.8585084662769803,0.0,0.0,0.44661111291814126,0.11310116350042881,0.022689754483162163,4.790579806459379e-12,2.4099302714785723e-08,1.5475150262324627e-05,1.8564750320794909e-06,1.5097768191551372e-08,5.418192543439665e-19,0.00016514932905599636,3.0766228311570676e-17,0.0001311652839885278,5.065909012019656e-13,1.1746040809267031e-10,3.989168508141895e-14,2.980067408079297e-16,4.1100150918686673e-07,6.739645807535145e-12,0.005395840068069499,0.000260946441239984,3.3192079777860685e-05,9.93216149139877e-09,9.319430197472177e-10,3.1688900722444536e-09,1.326434035151022e-12,1.6829378821784213e-12,1.9811209844359696e-08,5.901555379498158e-06,2.4003373244132795e-10,2.500237766268985e-07,5.160648223060372e-10,1.0596275195038972e-11,5.795403408385971e-12,3.762323483493714e-07,5.168194277661683e-15,7.670961903668664e-16,1.0520047821667119e-13,3.630903018385181e-11,1.9180303034235984e-18,1.3116955813284213e-15,2.993342860596897e-14
1.8836413848557325e-08,0.16628943999999996,0.8585084662769803,0.0,0.0,0.44659567969423897,0.11308632116013972,0.022689123129580022,4.896603520973128e-12,2.4512909751080747e-08,1.5659600858828913e-05,1.8877456679319661e-06,1.531495622644e-08,5.571480422436237e-19,0.00016594520842780428,3.152283207018586e-17,0.00013167033905048294,5.141401939319228e-13,1.196898635245189e-10,4.074272228460216e-14,3.045319622261339e-16,4.1475818846114965e-07,6.873125024959851e-12,0.005409816010539532,0.0002621703237523652,3.338337441877095e-05,1.0036532235045339e-08,9.364095811629966e-10,3.183039027837323e-09,1.3485809165872073e-12,1.6936261155725952e-12,2.0056130508325e-08,5.940095700689965e-06,2.4289645332715965e-10,2.532182818806256e-07,5.18534388968676e-10,1.0806474248721193e-11,5.8928482071156375e-12,3.794973483992255e-07,5.2601552763721974e-15,7.837769794744751e-16,1.0774469359444249e-13,3.6855540459212186e-11,1.9559496446574334e-18,1.3365513866793905e-15,3.0433706049237294e-14
1.8927172914665206e-08,0.16628943999999996,0.8585084662769803,0.0,0.0,0.4465803245397937,0.11307155550601278,0.022688491822958182,5.0043937454967096e-12,2.493164720769754e-08,1.5845431464087445e-05,1.919367001717516e-06,1.5534184775783865e-08,5.728201199487712e-19,0.00016674103221724608,3.229422612224915e-17,0.0001321743768874813,5.217645969520834e-13,1.2195036003527654e-10,4.1606963556498786e-14,3.111653904107188e-16,4.1852995682996113e-07,7.008583279323407e-12,0.005423715008536433,0.0002633937302517415,3.357403419760219e-05,1.0141234868463696e-08,9.40875580880275e-10,3.197186827080731e-09,1.3709860971974727e-12,1.7043539120755862e-12,2.0302029176908236e-08,5.978594088536864e-06,2.4577566727145893e-10,2.5643927982060035e-07,5.210037011077307e-10,1.1019794855351969e-11,5.991382747496647e-12,3.827731402188781e-07,5.353090237578329e-15,8.007283685521511e-16,1.1033741152588616e-13,3.7407433747380936e-11,1.994429888457986e-18,1.3617524754370195e-15,3.093938431727208e-14
1.9017931980773087e-08,0.16628943999999996,0.8585084662769803,0.0,0.0,0.446565047041114,0.11305686611682901,0.022687860563101302,5.1139694751177145e-12,2.535554876526933e-08,1.6032643283185676e-05,1.9513406514963414e-06,1.5755462736991647e-08,5.888409390115e-19,0.0001675368001329995,3.30806252544139e-17,0.00013267739959020705,5.29464484823693e-13,1.2424217166327536e-10,4.248452766028954e-14,3.1790820951257207e-16,4.223167870427591e-07,7.146040108127429e-12,0.0054375374835864245,0.00026461665954675463,3.376405406853203e-05,1.0246264820097396e-08,9.45341017300873e-10,3.211333464473613e-09,1.3936509988564709e-12,1.715121039381528e-12,2.054888735618516e-08,6.017048909410641e-06,2.4867131055299156e-10,2.596868295632405e-07,5.234727586503836e-10,1.1236267881625241e-11,6.091012020250996e-12,3.860596856471821e-07,5.446999576215551e-15,8.17953116523288e-16,1.1297930784459072e-13,3.7964734762049985e-11,2.033476554739311e-18,1.3873018857242594e-15,3.1450482497042377e-14
1.9108691046880967e-08,0.16628943999999996,0.8585084662769803,0.0,0.0,0.44654984678659937,0.11304225257368182,0.022687229349815204,5.225349771297914e-12,2.5784647965000915e-08,1.6221237430083846e-05,1.9836682221903955e-06,1.5978798997901028e-08,6.052159944516181e-19,0.00016833251188330212,3.388224628715163e-17,0.0001331794092359597,5.372402320033153e-13,1.265655734088386e-10,4.3375533340576266e-14,3.247616087645574e-16,4.261186518264677e-07,7.285515144281995e-12,0.005451283854903764,0.0002658391104569197,3.395342918474894e-05,1.0351617558134044e-08,9.49805888824145e-10,3.2254789345177237e-09,1.4165770394888283e-12,1.7259272732373328e-12,2.0796686533854953e-08,6.055458542814376e-06,2.51583318603797e-10,2.629609883956336e-07,5.25941561515623e-10,1.1455924345231914e-11,6.191740975189494e-12,3.893569466170949e-07,5.541883604004073e-15,8.35453989256445e-16,1.1567106428105717e-13,3.852746819094482e-11,2.0730951902585743e-18,1.413202666272737e-15,3.196701939303713e-14
1.9199450112988848e-08,0.16628943999999996,0.8585084662769803,0.0,0.0,0.4465347233667287,0.11302771445996454,0.02268659818290686,5.338553760877663e-12,2.6218978206723295e-08,1.6411214928412506e-05,2.0163513054951214e-06,1.6204202436768985e-08,6.219508245278274e-19,0.00016912816717595092,3.4699308083333744e-17,0.0001336804078889134,5.450922128403462e-13,1.2892084123081492e-10,4.428009931308448e-14,3.317267824345149e-16,4.2993552388575565e-07,7.42702811605966e-12,0.00546495453940341,0.00026706108181273283,3.414215489661104e-05,1.0457288584161002e-08,9.542701938470066e-10,3.23962323171555e-09,1.4397656297106992e-12,1.736772381002606e-12,2.104540817402828e-08,6.093821381475015e-06,2.545116260486399e-10,2.6626181177651693e-07,5.284101096142925e-10,1.1678795414787116e-11,6.293574520940794e-12,3.926648851552028e-07,5.637742531822751e-15,8.532337594347093e-16,1.1841336848146677e-13,3.9095658695808654e-11,2.113291368605507e-18,1.4394578763850626e-15,3.2489013521958095e-14
1.928113327248594e-08,0.16628943999999996,0.8585084662769803,0.0,0.0,0.446521177645664,0.11301469430729924,0.022686030172183694,5.4420124695800674e-12,2.661437545465604e-08,1.658337821625903e-05,2.0460713485606088e-06,1.640884029905596e-08,6.373243909477458e-19,0.00016984420842617941,3.5448048095416806e-17,0.00013413044397339496,5.522244846822139e-13,1.3106805661559408e-10,4.510590082536264e-14,3.3809199694736465e-16,4.333835173824371e-07,7.556148607844831e-12,0.005477193785961276,0.00026816044505633286,3.4311449111033794e-05,1.0552660948032669e-08,9.582875826828966e-10,3.2523520918585543e-09,1.460860995272442e-12,1.7465660039019018e-12,2.127003102684489e-08,6.128306609067247e-06,2.5716098408501087e-10,2.692553953726492e-07,5.30631584997468e-10,1.1882153747895618e-11,6.386173160842372e-12,3.956511278503579e-07,5.7248492180603426e-15,8.694763068690957e-16,1.2092523372143707e-13,3.9611716312119946e-11,2.1499663564234394e-18,1.463393139765791e-15,3.296348925145307e-14
1.9362816431983035e-08,0.16628943999999996,0.8585084662769803,0.0,0.0,0.4465076935349915,0.11300173461638074,0.02268546219873193,5.5469779483321905e-12,2.7014060929604e-08,1.6756663396032823e-05,2.0760817768653906e-06,1.6615166217842068e-08,6.529979934986322e-19,0.00017056020349502836,3.6209636511912043e-17,0.00013457966430208872,5.59419081665425e-13,1.3324151033971447e-10,4.5942868784406055e-14,3.445495977531621e-16,4.3684362471627166e-07,7.686950400746642e-12,0.005489372362763539,0.0002692594180856953,3.4480210584180256e-05,1.0648284275827596e-08,9.623045101810294e-10,3.265079993524289e-09,1.4821711742863348e-12,1.7563907326403621e-12,2.1495372528573548e-08,6.162751488877163e-06,2.5982344228957303e-10,2.722706585515751e-07,5.328528538645735e-10,1.2088164214970462e-11,6.479673981544482e-12,3.986459611410573e-07,5.812745702865123e-15,8.859490429526263e-16,1.2347911411653136e-13,4.0132232056694737e-11,2.187117791188237e-18,1.4876202227060247e-15,3.3442413215750184e-14
1.9444499591480128e-08,0.16628943999999996,0.8585084662769803,0.0,0.0,0.44649427074044795,0.11298883508823072,0.022684894262413186,5.653464272460725e-12,2.7418058678518763e-08,1.6931071029535035e-05,2.1063837229322384e-06,1.6823186645432545e-08,6.689757585147102e-19,0.00017127615216856433,3.6984237161343295e-17,0.00013502807035352954,5.6667627645817e-13,1.3544140555485363e-10,4.6791089633215665e-14,3.5110046574601766e-16,4.403158259438931e-07,7.819448074620208e-12,0.005501490569014226,0.0002703580000714636,3.464843632854067e-05,1.0744155360171268e-08,9.663209751677503e-10,3.2778069327003626e-09,1.5036971766541334e-12,1.7662463789743458e-12,2.1721419152824216e-08,6.197154876981557e-06,2.6249895139329144e-10,2.7530763795061465e-07,5.350739161338698e-10,1.2296849851207449e-11,6.574080474827656e-12,4.0164935753734727e-07,5.9014319522438026e-15,9.026540023877384e-16,1.260755233259443e-13,4.0657223853896644e-11,2.224749791747551e-18,1.5121413772494163e-15,3.3925798325484956e-14
1.952618275097722e-08,0.16628943999999996,0.8585084662769803,0.0,0.0,0.4464809089691079,0.11297599542534838,0.022684326363089827,5.7614855576992e-12,2.7826392650925176e-08,1.7106601621385257e-05,2.1369783103957955e-06,1.7032908027822427e-08,6.852618401340842e-19,0.00017199205423256371,3.7772015233559604e-17,0.00013547566359827502,5.739963416521716e-13,1.3766794603293134e-10,4.765064977040966e-14,3.5774548500522943e-16,4.438001011081042e-07,7.95365627177096e-12,0.005513548702440057,0.0002714561901917275,3.48161234811331e-05,1.0840271018682167e-08,9.70336976467837e-10,3.290532905371712e-09,1.5254400065162282e-12,1.7761327526217033e-12,2.1948157375775096e-08,6.231515638323337e-06,2.6518746163216533e-10,2.783663690131398e-07,5.372947717183856e-10,1.2508233790639292e-11,6.669396104811513e-12,4.046612896095527e-07,5.990907871839217e-15,9.195932238976324e-16,1.2871497893655767e-13,4.118670961100115e-11,2.2628664945222703e-18,1.5369588622807896e-15,3.44136573049488e-14
1.9607865910474315e-08,0.16628943999999996,0.8585084662769803,0.0,0.0,0.44646760792937756,0.11296321533170339,0.02268375850062493,5.871055959594784e-12,2.823908669798077e-08,1.7283255619553607e-05,2.167866653956353e-06,1.724433680469076e-08,7.018604201592318e-19,0.0001727079094725132,3.8573137284749126e-17,0.00013592244549905105,5.813795497612387e-13,1.3992133616406002e-10,4.8521635544264876e-14,3.6448554276688446e-16,4.4729643023808784e-07,8.089589696926158e-12,0.005525547059297752,0.00027255398763207696,3.4983269302285625e-05,1.0936628094031539e-08,9.743525129044802e-10,3.303257907523341e-09,1.5474006632644983e-12,1.7860496594518651e-12,2.2175573678596097e-08,6.265832646754824e-06,2.678889227552225e-10,2.8144688599106693e-07,5.395154205259415e-10,1.2722339266090891e-11,6.765624307816301e-12,4.0768172998801754e-07,6.081173307994057e-15,9.367687501248547e-16,1.3139800247379334e-13,4.172070721818529e-11,2.301472053499053e-18,1.5620749435036e-15,3.490600269333893e-14
1.9689549069971408e-08,0.16628943999999996,0.8585084662769803,0.0,0.0,0.44645436733098776,0.1129504945127284,0.022683190674882316,5.982189672919438e-12,2.865616457154866e-08,1.7461033415900483e-05,2.199049859334538e-06,1.7457479409394812e-08,7.187757079185236e-19,0.00017342371767360977,3.938777124244451e-17,0.00013636841751089727,5.888261732198262e-13,1.4220178095449328e-10,4.9404133246785236e-14,3.713215293953712e-16,4.5080479334962593e-07,8.227263117206199e-12,0.005537485934381296,0.00027365139158565515,3.514987117440319e-05,1.1033223454070314e-08,9.783675832992818e-10,3.315981935139514e-09,1.5695801407630857e-12,1.7959969014826282e-12,2.2403654550460013e-08,6.300104785079533e-06,2.7060328403511e-10,2.8454922194762676e-07,5.417358624591774e-10,1.2939189609134316e-11,6.862768492225198e-12,4.1071065136284677e-07,6.172228049145625e-15,9.541826275298246e-16,1.3412511941243012e-13,4.2259234548517463e-11,2.340570640222589e-18,1.5874918934175262e-15,3.5402846843138434e-14
1.97712322294685e-08,0.16628943999999996,0.8585084662769803,0.0,0.0,0.44644118688498935,0.11293783267531186,0.022682622885726512,6.0949009310805396e-12,2.9077649923311673e-08,1.7639935346725818e-05,2.2305290232271065e-06,1.7672342268964285e-08,7.3601194012688825e-19,0.0001741394786207609,4.0216086410518e-17,0.0001368135810813096,5.963364843815974e-13,1.445094860245755e-10,5.0298229107796575e-14,3.7825433835478654e-16,4.5432517044532447e-07,8.366691362095788e-12,0.00554936562102918,0.00027474840125321024,3.5315926600715735e-05,1.1130053992366807e-08,9.82382186472268e-10,3.328704984203392e-09,1.5919794275343492e-12,1.8059742770650623e-12,2.2632386491515297e-08,6.334330945092906e-06,2.733304942757716e-10,2.876734087604647e-07,5.439560974155796e-10,1.3158808250043332e-11,6.960832038349681e-12,4.137480264836532e-07,6.264071826144633e-15,9.718369062875782e-16,1.3689685918737753e-13,4.280230945794694e-11,2.3801664437877784e-18,1.6132119912960617e-15,3.5904201919171435e-14
1.9852915388965595e-08,0.16628943999999996,0.8585084662769803,0.0,0.0,0.4464280663037458,0.11292522952779092,0.022682055133022787,6.2092040055288515e-12,2.950356630394656e-08,1.781996169333062e-05,2.262305233264031e-06,1.7888931804095504e-08,7.535733807446883e-19,0.00017485519209858483,4.1058253474164463e-17,0.00013725793765038236,6.039107555179945e-13,1.4684465760668993e-10,5.120400928906884e-14,3.8528486618021424e-16,4.578575415148495e-07,8.507889323414885e-12,0.005561186411131597,0.00027584501584314503,3.5481433204003134e-05,1.1227116628563067e-08,9.863963212418855e-10,3.3414270506974915e-09,1.614599506820421e-12,1.8159815809293526e-12,2.2861756015802112e-08,6.368510027621802e-06,2.7607050182102986e-10,2.908194771251405e-07,5.461761252875076e-10,1.3381218717747566e-11,7.05981829829974e-12,4.167938281593072e-07,6.356704313158443e-15,9.89733640185298e-16,1.3971375520439894e-13,4.3349949785293266e-11,2.4202636708318664e-18,1.639237523164048e-15,3.6410079899506363e-14
1.9934598548462688e-08,0.16628943999999996,0.8585084662769803,0.0,0.0,0.4464150053009283,0.11291268477994405,0.0226814874166371,6.3251132051665626e-12,2.993393716235274e-08,1.8001112682590105e-05,2.294379567966902e-06,1.8107254429145576e-08,7.714643208354059e-19,0.0001755708578914109,4.1914444504872205e-17,0.00013770148865094794,6.115492588168109e-13,1.49207502543206e-10,5.212155987846715e-14,3.924140124488781e-16,4.6140188653517167e-07,8.650871955289298e-12,0.0055729485951376105,0.00027694123457156573,3.564638872529744e-05,1.1324408308748436e-08,9.904099864250046e-10,3.3541481306036568e-09,1.6374413565215207e-12,1.8260186043019357e-12,2.309174965412038e-08,6.4026409425627195e-06,2.7882325456310724e-10,2.939874565590198e-07,5.483959459622194e-10,1.3606444639786316e-11,7.159730595857931e-12,4.1984802925769213e-07,6.4501251284198965e-15,1.0078748865198652e-15,1.425763448507841e-13,4.3902173352235605e-11,2.460866545526474e-18,1.6655707817752226e-15,3.692049257597343e-14
2.001628170795978e-08,0.16628943999999996,0.8585084662769803,0.0,0.0,0.4464020035915089,0.1129001981429842,0.02268091973643615,6.442642875756632e-12,3.0368785844924874e-08,1.8183388487536857e-05,2.3267530967085325e-06,1.832731655212661e-08,7.896890784226061e-19,0.00017628647578328034,4.2784832965382415e-17,0.0001381442355087155,6.192522663807705e-13,1.5159822828442728e-10,5.3050966884132894e-14,3.996426797511866e-16,4.649581854708194e-07,8.795654274121105e-12,0.005584652462062274,0.00027803705666232996,3.5810791022566436e-05,1.1421926005819602e-08,9.944231808369247e-10,3.366868219902993e-09,1.6605059492287672e-12,1.8360851349996654e-12,2.332235395684666e-08,6.436722608918895e-06,2.8158869995106416e-10,2.971773754055168e-07,5.506155593219011e-10,1.3834509742261948e-11,7.260572226356907e-12,4.2291060270546254e-07,6.54433383495266e-15,1.0262627059954353e-15,1.454851695059738e-13,4.445899796330183e-11,2.501979309569582e-18,1.6922140665897689e-15,3.7435451553600534e-14
2.0097964867456874e-08,0.16628943999999996,0.8585084662769803,0.0,0.0,0.4463890608917555,0.11288776932955143,0.022680352092287328,6.561807399332194e-12,3.080813559486643e-08,1.836678922795251e-05,2.3594268796737143e-06,1.8549124574699833e-08,8.082519983463751e-19,0.0001770020455579463,4.366959371463786e-17,0.00013858617964240737,6.270200502261105e-13,1.540170428865383e-10,5.3992316228695394e-14,4.069717736616782e-16,4.685264182741385e-07,8.94225135855885e-12,0.00559629829949372,0.00027913248134709215,3.597463806938082e-05,1.1519666719818688e-08,9.984359032913761e-10,3.3795873145759757e-09,1.6837942522365896e-12,1.846180957527622e-12,2.35535554967014e-08,6.470753954836273e-06,2.8436678499928363e-10,3.003892608386612e-07,5.528349652436918e-10,1.4065437849792936e-11,7.362346456560717e-12,4.2598152148780666e-07,6.639329941359961e-15,1.0448991626211355e-15,1.4844077455214083e-13,4.502044140585749e-11,2.5436062221774588e-18,1.7191696837518609e-15,3.7954968250427126e-14
2.0179648026953968e-08,0.16628943999999996,0.8585084662769803,0.0,0.0,0.44637617691922554,0.11287539805370607,0.022679784484058742,6.6826211936056426e-12,3.125200955154793e-08,1.8551314970968174e-05,2.392401967821154e-06,1.8772684892169795e-08,8.2715745211907775e-19,0.000177717566998875,4.456890301271993e-17,0.00013902732246389446,6.348528822811692e-13,1.5646415500955174e-10,5.494569374351452e-14,4.1440220270986657e-16,4.721065648855605e-07,9.090678349467493e-12,0.005607886393600228,0.00028022750786534946,3.613792795356493e-05,1.1617627478257566e-08,1.0024481526005245e-09,3.392305410602495e-09,1.707307227548927e-12,1.8563058531776723e-12,2.378534087146581e-08,6.504733917638377e-06,2.8715745629595235e-10,3.0362313886799766e-07,5.550541635997133e-10,1.429925288546655e-11,7.465056524549723e-12,4.290607586482116e-07,6.735112902592168e-15,1.0637863236088668e-15,1.5144370938472342e-13,4.558652145009474e-11,2.585751560076504e-18,1.7464399460671943e-15,3.8479053897969416e-14
2.026133118645106e-08,0.16628943999999996,0.8585084662769803,0.0,0.0,0.44636335139276045,0.11286308403092161,0.022679216911619192,6.805098711378206e-12,3.170043074991231e-08,1.873696573167371e-05,2.425679402846635e-06,1.899800389347849e-08,8.464098377803377e-19,0.00017843303988924604,4.548293852577435e-17,0.00013946766537833004,6.427510343849795e-13,1.5893977391525484e-10,5.5911185162954883e-14,4.21934878350985e-16,4.756986052338768e-07,9.240950449898138e-12,0.005619417029137237,0.0002813221354644846,3.6300658875831066e-05,1.1715805336425394e-08,1.0064599275749769e-09,3.4050225039618674e-09,1.731045831895382e-12,1.866459600126342e-12,2.4017696706647307e-08,6.538661443859994e-06,2.8996066001153704e-10,3.068790343438189e-07,5.572731542570953e-10,1.4535978870791202e-11,7.568705639609242e-12,4.321482872882342e-07,6.83168212072513e-15,1.0829262592712344e-15,1.5449452742291232e-13,4.615725584902106e-11,2.6284196174950547e-18,1.7740271729805264e-15,3.900771954146255e-14
2.0343014345948154e-08,0.16628943999999996,0.8585084662769803,0.0,0.0,0.44635058403247996,0.11285082697807766,0.022678649374838194,6.929254439950246e-12,3.215342211992626e-08,1.892374147373521e-05,2.4592602171473853e-06,1.922508796119952e-08,8.660135797513669e-19,0.0001791484640119533,4.641187933092501e-17,0.0001399072097842814,6.507147782858668e-13,1.6144410946515675e-10,5.688887611869274e-14,4.2957071493663353e-16,4.793025192365212e-07,9.393082925057529e-12,0.005630890489454328,0.00028241636339980907,3.646282914839802e-05,1.1814197377679958e-08,1.0104712270237845e-09,3.4177385906328833e-09,1.7550110167466164e-12,1.8766419735328933e-12,2.425060965809313e-08,6.572535489279705e-06,2.9277634190726154e-10,3.101569709627292e-07,5.594919370780044e-10,1.4775639925648376e-11,7.673296982121919e-12,4.352440805672736e-07,6.929036945745836e-15,1.1023210429196296e-15,1.5759378612008962e-13,4.6732662338447864e-11,2.6716147061550995e-18,1.8019336905532145e-15,3.9540976039789736e-14
2.0424697505445248e-08,0.16628943999999996,0.8585084662769803,0.0,0.0,0.44633787455977636,0.11283862661345312,0.02267808187358595,7.055102900531942e-12,3.2611006486074875e-08,1.9111642110020208e-05,2.493145433787651e-06,1.9453943471532222e-08,8.859731286888025e-19,0.00017986383914960592,4.7355905921176235e-17,0.0001403459570738602,6.587443856400515e-13,1.6397737211843478e-10,5.787885213405623e-14,4.373106296853347e-16,4.829182867998592e-07,9.547091102277312e-12,0.005642307056502191,0.0002835101909346036,3.662443719359569e-05,1.1912800713723203e-08,1.01448204975445e-09,3.430453666593858e-09,1.7792037283307997e-12,1.8868527456371947e-12,2.4484066414552414e-08,6.606355018951293e-06,2.9560444734358186e-10,3.134569712735212e-07,5.617105119196711e-10,1.501826026824423e-11,7.778833703463866e-12,4.3834811170234853e-07,7.0271766763409615e-15,1.1219727507624773e-15,1.6074204697422108e-13,4.731275863697893e-11,2.715341155263953e-18,1.830161831440747e-15,4.0078834065612856e-14
2.050638066494234e-08,0.16628943999999996,0.8585084662769803,0.0,0.0,0.4463252226973092,0.11282648265671912,0.02267751440773335,7.182658647654488e-12,3.307320656689893e-08,1.930066750322983e-05,2.527336066465439e-06,1.9684576794295797e-08,9.062929613381259e-19,0.00018057916508452897,4.8315200210303566e-17,0.00014078390863285115,6.66840128010256e-13,1.6653977292988155e-10,5.888119861839963e-14,4.451555426530032e-16,4.865458878194822e-07,9.702990370983091e-12,0.005653667010839525,0.00028460361734015846,3.678548154245653e-05,1.2011612484861107e-08,1.0184923945729327e-09,3.443167727822659e-09,1.8036249076522282e-12,1.8970916858573923e-12,2.4718053700186214e-08,6.640119007233999e-06,2.984449212886558e-10,3.1677905668335566e-07,5.639288786344193e-10,1.5263864215060845e-11,7.885318925904376e-12,4.414603539678782e-07,7.126100560690347e-15,1.1418834618036424e-15,1.6393987553820282e-13,4.789756244599881e-11,2.7596033115058523e-18,1.858713934870282e-15,4.06213041057185e-14
2.0588063824439434e-08,0.16628943999999996,0.8585084662769803,0.0,0.0,0.4463126281689991,0.11281439482893225,0.02267694697715199,7.311936268582099e-12,3.3540044974574896e-08,1.9490817466537727e-05,2.561833119480455e-06,1.9916994292923455e-08,9.269775803866767e-19,0.00018129444159876456,4.928994553773288e-17,0.00014122106584083888,6.750022768643198e-13,1.6913152354785195e-10,5.989600086151246e-14,4.531063767033303e-16,4.901853021805105e-07,9.860796182663239e-12,0.005664970631639931,0.0002856966418958124,3.694596083329477e-05,1.211062986024812e-08,1.0225022602836533e-09,3.4558807702967496e-09,1.8282754905111763e-12,1.9073585608873327e-12,2.4952558277025563e-08,6.67382643782167e-06,3.0129770832680854e-10,3.201232474642423e-07,5.66147037069691e-10,1.5512476180807088e-11,7.992755742509304e-12,4.4458078069546625e-07,7.225807797264451e-15,1.1620552577410276e-15,1.6718784143016017e-13,4.8487091449661035e-11,2.804405539033499e-18,1.8875923466181816e-15,4.116839646127888e-14
2.0669746983936528e-08,0.16628943999999996,0.8585084662769803,0.0,0.0,0.44630009070002313,0.11280236285252766,0.022676379581714146,7.442950382724919e-12,3.401154421453753e-08,1.968209176423538e-05,2.5966375877032253e-06,2.0151202324456504e-08,9.480315143163014e-19,0.00018200966847407293,5.0280326673407647e-17,0.00014165743007133347,6.832311035738148e-13,1.717528362122104e-10,6.092334402806378e-14,4.6116405747808805e-16,4.93836509757899e-07,1.0020524050837482e-11,0.005676218196698762,0.00028678926388898946,3.710587381027405e-05,1.2209850038116148e-08,1.026511645689503e-09,3.468592789993231e-09,1.853156407525164e-12,1.917653134793691e-12,2.518756694737723e-08,6.707476303770759e-06,3.041627526669911e-10,3.2348956275981094e-07,5.683649870680777e-10,1.5764120678369165e-11,8.101147217048158e-12,4.477093652736884e-07,7.326297535625105e-15,1.18249022286537e-15,1.7048651834370144e-13,4.9081363314876225e-11,2.84975221945953e-18,1.9167994189875527e-15,4.17201212480404e-14
2.075143014343362e-08,0.16628943999999996,0.8585084662769803,0.0,0.0,0.44628761001680883,0.11279038645131233,0.022675812221292772,7.575715641052749e-12,3.44877266851446e-08,1.9874490112383312e-05,2.6317504565454102e-06,2.0387207239538498e-08,9.69459317255696e-19,0.00018272484549193362,5.1286529822644525e-17,0.00014209300269189378,6.915268794126688e-13,1.7440392375227849e-10,6.196331315208257e-14,4.693295133673561e-16,4.974994904167522e-07,1.0182189551025306e-11,0.005687409982439927,0.00028788148261523546,3.726521932196425e-05,1.2309270245988507e-08,1.0305205495918497e-09,3.48130378288888e-09,1.8782685841516854e-12,1.927975169112718e-12,2.542306655617705e-08,6.741067607527211e-06,3.0703999815123123e-10,3.2687802059237026e-07,5.705827284673475e-10,1.601882231876078e-11,8.210496383904806e-12,4.508460811478839e-07,7.427568877229302e-15,1.2031904439592527e-15,1.738364840581244e-13,4.968039569130006e-11,2.895647751847946e-18,1.946337510785789e-15,4.227648839661424e-14
2.0833113302930714e-08,0.16628943999999996,0.8585084662769803,0.0,0.0,0.4462751858470287,0.11277846535045807,0.02267524489576151,7.710246725509719e-12,3.496861467738235e-08,2.0068012179467804e-05,2.6671727019312903e-06,2.0625015382409296e-08,9.912655688325263e-19,0.00018343997243354645,5.2308742630977113e-17,0.00014252778506424968,6.998898755557942e-13,1.7708499958478288e-10,6.301599313147506e-14,4.776036754796724e-16,5.011742240126419e-07,1.0345808320714075e-11,0.005698546263922685,0.00028897329737825314,3.7423996319888696e-05,1.2408887740878881e-08,1.034528970790544e-09,3.494013744960189e-09,1.9036129407122484e-12,1.9383244229465733e-12,2.5659043993290913e-08,6.774599360952203e-06,3.0992938826307566e-10,3.3028863787024187e-07,5.728002611004718e-10,1.6276605811073004e-11,8.320806247991827e-12,4.539909018199495e-07,7.529620876235658e-15,1.2241580101963409e-15,1.772383204485759e-13,5.0284206211321186e-11,2.9420965527054473e-18,1.9762089873021146e-15,4.2837507652848175e-14
2.0914796462427808e-08,0.16628943999999996,0.8585084662769803,0.0,0.0,0.4462628179195952,0.11276659927649507,0.022674677604994684,7.846558348430072e-12,3.545423037461134e-08,2.026265758706266e-05,2.7029052902704304e-06,2.0864633090899222e-08,1.0134548740253734e-18,0.00018415504907983295,5.334715418898782e-17,0.00014296177854442198,7.083203630777196e-13,1.7979627771180384e-10,6.408146872257923e-14,4.859874776121171e-16,5.048606903919311e-07,1.0511396059326987e-11,0.005709627314848382,0.0002900647074899358,3.75822038570623e-05,1.2508699809475574e-08,1.0385369080839284e-09,3.506722672183408e-09,1.9291903924177123e-12,1.948700653059199e-12,2.5895486195763112e-08,6.808070585346797e-06,3.128308661360224e-10,3.337214303953628e-07,5.750175847956562e-10,1.653749596242367e-11,8.43207978466851e-12,4.5714380084813806e-07,7.632452540312834e-15,1.2453950130408614e-15,1.8069261349616634e-13,5.089281249004888e-11,2.9891030559727394e-18,2.0064162202851344e-15,4.340318857817908e-14
2.09964796219249e-08,0.16628943999999996,0.8585084662769803,0.0,0.0,0.44625050596465543,0.11275478795730494,0.022674110348867273,7.984665251955162e-12,3.5944595852352144e-08,2.04584259104956e-05,2.7389491784315095e-06,2.110606669642313e-08,1.036031863015552e-18,0.00018487007521143762,5.4401955037127886e-17,0.00014339498448284136,7.168186129512289e-13,1.8253797271872414e-10,6.515982453475744e-14,4.9448185622032765e-16,5.085588693921027e-07,1.0678968528190777e-11,0.0057206534075671745,0.00029115571227039905,3.773984108652189e-05,1.2608703768311203e-08,1.0425443602688434e-09,3.5194305605345805e-09,1.955001849394893e-12,1.9591036139716626e-12,2.613238015001245e-08,6.841480311475449e-06,3.1574437456193935e-10,3.371764128711492e-07,5.772346993763672e-10,1.68015176779066e-11,8.544319939662413e-12,4.603047518468589e-07,7.73606283144984e-15,1.2669035461473304e-15,1.8419995329803742e-13,5.1506232125300765e-11,3.0366717130157546e-18,2.0369615879203915e-15,4.397354054998504e-14
2.1078162781421994e-08,0.16628943999999996,0.8585084662769803,0.0,0.0,0.4462382497135854,0.11274303112211412,0.02267354312725495,8.124582207451647e-12,3.643973307811019e-08,2.065531667951895e-05,2.7753053137173247e-06,2.134932252397448e-08,1.0590011910388516e-18,0.00018558505060872947,5.547333717052551e-17,0.00014382740422446484,7.253848960460026e-13,1.8531029977217864e-10,6.62511450250278e-14,5.0308775038845e-16,5.12268740842094e-07,1.0848541550503218e-11,0.0057316248130847,0.00029224631104801305,3.789690725984899e-05,1.2708896963918162e-08,1.0465513261406402e-09,3.5321374059895927e-09,1.9810482167143912e-12,1.969533058056943e-12,2.636971289397578e-08,6.874827579588428e-06,3.186698559994742e-10,3.406535989106133e-07,5.794516046613618e-10,1.7068695960540324e-11,8.657529628994562e-12,4.634737284864832e-07,7.840450666767622e-15,1.288685705260556e-15,1.8776093407738341e-13,5.212448269759031e-11,3.0848069926168243e-18,2.067847474807921e-15,4.4548572761994204e-14
2.1159845940919087e-08,0.16628943999999996,0.8585084662769803,0.0,0.0,0.4462260488989855,0.11273132850148726,0.022672975940034038,8.266324014931038e-12,3.693966391123919e-08,2.0853329378984152e-05,2.811974633840954e-06,2.1594406892119467e-08,1.082367538237246e-18,0.00018629997505180317,5.65614940437819e-17,0.00014425903910889143,7.340194831272676e-13,1.881134746180046e-10,6.735551449273477e-14,5.118061017990318e-16,5.159902845626333e-07,1.1020131011300401e-11,0.005742541801068728,0.0002933365031594324,3.805340172568625e-05,1.2809276772969885e-08,1.050557804493185e-09,3.5448432045242004e-09,2.0073303944195984e-12,1.9799887356340914e-12,2.660747151919917e-08,6.908111439443117e-06,3.216072525824476e-10,3.4415300104472546e-07,5.816683004647153e-10,1.7339055911216562e-11,8.771711738908225e-12,4.666507044931508e-07,7.945614919331575e-15,1.3107435881159081e-15,1.9137615419342694e-13,5.2747581770114235e-11,3.1335133809657854e-18,2.0990762719398244e-15,4.5128294224734605e-14
2.124152910041618e-08,0.16628943999999996,0.8585084662769803,0.0,0.0,0.4462139032546746,0.11271967982732062,0.02267240878708154,8.40990550247063e-12,3.7444410102842346e-08,2.1052463449519834e-05,2.848958066903084e-06,2.1841326112991057e-08,1.1061356095106298e-18,0.00018701484832048083,5.766662057575535e-17,0.00014468989047047506,7.427226448544491e-13,1.909477135791924e-10,6.847301707425952e-14,5.206378547028582e-16,5.19723480366584e-07,1.1193752857423814e-11,0.005753404639855783,0.00029442628794962424,3.820932392824828e-05,1.290984060240831e-08,1.0545637941188688e-09,3.5575479521140815e-09,2.033849277556847e-12,1.990470395061747e-12,2.6845643172876913e-08,6.941330950324216e-06,3.245565061282315e-10,3.4767463073101506e-07,5.838847865958511e-10,1.7612622728648324e-11,8.886869125801272e-12,4.6983565364858174e-07,8.051554418964504e-15,1.3330792943398943e-15,1.9504621615134847e-13,5.33755468887398e-11,3.182795381651036e-18,2.1306503766778385e-15,4.571271376599206e-14
2.1323212259913274e-08,0.16628943999999996,0.8585084662769803,0.0,0.0,0.4462018125156856,0.1127080848328353,0.022671841668275107,8.555341525636002e-12,3.795399329571071e-08,2.1252718288212867e-05,2.886256531370484e-06,2.209008649228313e-08,1.1303101343686282e-18,0.0001877296701943135,5.878891315433335e-17,0.00014511995963843686,7.514946517798299e-13,1.9381323355383764e-10,6.960373673777105e-14,5.295839558887337e-16,5.234683080592889e-07,1.1369423097487158e-11,0.00576421359645771,0.0002955156647718966,3.836467340582747e-05,1.3010585889557644e-08,1.058569293808621e-09,3.5702516447348704e-09,2.060605756206656e-12,2.0009777828309344e-12,2.7084215059838297e-08,6.974485181062841e-06,3.275175581461132e-10,3.5121849836240045e-07,5.861010628595688e-10,1.7889421709317632e-11,9.003004616162064e-12,4.7302854978988975e-07,8.158267953059915e-15,1.355694925351031e-15,1.9877172661216974e-13,5.400839558199201e-11,3.232657515650506e-18,2.1625721927309232e-15,4.63018400312877e-14
2.1404895419410367e-08,0.16628943999999996,0.8585084662769803,0.0,0.0,0.4461897764182596,0.11269654325257103,0.022671274583493054,8.702646966905056e-12,3.846843502429799e-08,2.1454093249292187e-05,2.9238709360556353e-06,2.2340694329244482e-08,1.1548958667825182e-18,0.00018844444045258251,5.992856964119249e-17,0.00014554924793697482,7.60335774347213e-13,1.967102520130937e-10,7.074775727801822e-14,5.386453546532159e-16,5.272247474389219e-07,1.1547157801843022e-11,0.0057749689365682415,0.0002966046329879244,3.8519449789295885e-05,1.311151010222474e-08,1.0625743023519122e-09,3.582954278362196e-09,2.0876007155160315e-12,2.0115106436571255e-12,2.7323174444482443e-08,7.0075732100545265e-06,3.304903498456396e-10,3.5478461327624e-07,5.883171290560725e-10,1.8169478247422998e-11,9.120121006508915e-12,4.762293668093993e-07,8.265754267394986e-15,1.3785925842610335e-15,2.0255329640259166e-13,5.4646145361040696e-11,3.2831043213225967e-18,2.1948441301328458e-15,4.6895681484393086e-14
2.148657857890746e-08,0.16628943999999996,0.8585084662769803,0.0,0.0,0.4461777946998416,0.11268505482237928,0.022670707532614354,8.851836735093738e-12,3.898775671473105e-08,2.165658764481494e-05,2.9618021800975075e-06,2.259315591667295e-08,1.1798975850373146e-18,0.00018915915887430179,6.108578937654616e-17,0.00014597775668537247,7.692462828905909e-13,1.9963898699912532e-10,7.190516231116336e-14,5.478230027703032e-16,5.309927782968406e-07,1.1726973102549284e-11,0.005785670924569496,0.00029769319196777487,3.8673652800603586e-05,1.3212610738786225e-08,1.0665788185367706e-09,3.595655848971727e-09,2.1148350357317935e-12,2.022068720571518e-12,2.7562508652661308e-08,7.040594125276159e-06,3.3347482214494483e-10,3.583729837635994e-07,5.90532984981002e-10,1.8452817834826478e-11,9.238221063333071e-12,4.794380786544662e-07,8.374012066942817e-15,1.4017743757763422e-15,2.0639154052478621e-13,5.528881371968756e-11,3.3341403543970516e-18,2.2274686052197914e-15,4.749424640787352e-14
2.1568261738404554e-08,0.16628943999999996,0.8585084662769803,0.0,0.0,0.4461658670990748,0.11267361927941709,0.02267014051551863,9.0029257647835e-12,3.9511979684855665e-08,2.1860200745354636e-05,3.000051152943469e-06,2.2847477540909472e-08,1.2053200915840545e-18,0.00018987382523821898,6.226077318388039e-17,0.00014640548719810538,7.782264476328189e-13,2.0259965712306303e-10,7.307603526965823e-14,5.571178544610778e-16,5.347723804179435e-07,1.1908885193335338e-11,0.005796319823538475,0.0002987813410899316,3.882728225127457e-05,1.3313885328262764e-08,1.0705828411497902e-09,3.6083563525392098e-09,2.142309592234875e-12,2.0326517550114746e-12,2.7802205073511236e-08,7.073547024301793e-06,3.364709156790575e-10,3.6198361707872404e-07,5.927486304254597e-10,1.8739466061000428e-11,9.357307523045205e-12,4.826546593272998e-07,8.48304001668411e-15,1.4252424060999847e-15,2.1028707816614283e-13,5.593641813435295e-11,3.3857701879657464e-18,2.2604480406079615e-15,4.809754290365092e-14
2.1649944897901647e-08,0.16628943999999996,0.8585084662769803,0.0,0.0,0.446153993355796,0.11266223636214039,0.022669573532086144,9.155929015750614e-12,4.004112514431638e-08,2.206493178069089e-05,3.0386187343323376e-06,2.3103665481832127e-08,1.2311682128923335e-18,0.00019058843932281754,6.34537233746771e-17,0.0001468324407849462,7.872765386842932e-13,2.0559248156295926e-10,7.42604593971628e-14,5.665308663633115e-16,5.385635335810306e-07,1.2092910329568082e-11,0.005806915895253512,0.000299869079741317,3.8980338040900674e-05,1.3415331430380472e-08,1.07458636897614e-09,3.6210557850405083e-09,2.1700252555755712e-12,2.043259486910122e-12,2.804225116123298e-08,7.106431014317416e-06,3.3947857080818647e-10,3.656165194487102e-07,5.949640651760401e-10,1.9029448612973914e-11,9.47738309192542e-12,4.8587908288479e-07,8.592836742417179e-15,1.4489987828337932e-15,2.1424053270896867e-13,5.658897606406273e-11,3.4379984124734537e-18,2.2937848651712083e-15,4.8705578893590025e-14
2.173162805739874e-08,0.16628943999999996,0.8585084662769803,0.0,0.0,0.44614217321103045,0.11265090581029764,0.022669006582197827,9.31086147239737e-12,4.0575214194670154e-08,2.227077994050046e-05,3.0775057942785576e-06,2.3361726012850224e-08,1.2574467993031206e-18,0.00019130300090631865,6.466484375312528e-17,0.000147258618751068,7.963968260416376e-13,2.0861768006174493e-10,7.545851774350697e-14,5.760629975010346e-16,5.423662175591657e-07,1.2279064828217725e-11,0.005817459400200692,0.00030095640731731433,3.913282015563431e-05,1.3516946635619941e-08,1.0785894007995775e-09,3.633754142451643e-09,2.197982891509669e-12,2.053891654785027e-12,2.8282634436820832e-08,7.139245212134622e-06,3.424977276259863e-10,3.6927169608336804e-07,5.971792890148604e-10,1.9322791275278815e-11,9.5984504460767e-12,4.891113234383344e-07,8.703400831566542e-15,1.4730456148809916e-15,2.1825253174014415e-13,5.7246504950434945e-11,3.490829635708521e-18,2.3274815140186612e-15,4.9318362120113725e-14
2.1813311216895834e-08,0.16628943999999996,0.8585084662769803,0.0,0.0,0.44613040640698715,0.11263962736492358,0.022668439665735226,9.467738143185281e-12,4.1114267829532786e-08,2.2477744375049198e-05,3.116713193057513e-06,2.3621665400898378e-08,1.2841607248819042e-18,0.00019201750976668275,6.589433962082e-17,0.0001476840223971458,8.055875795863898e-13,2.1167547292518738e-10,7.667029315969644e-14,5.857152092540709e-16,5.461804121200418e-07,1.2467365067823342e-11,0.005827950597580237,0.0003020433232217882,3.928472866668083e-05,1.3618728565252982e-08,1.082591935402458e-09,3.6464514207488322e-09,2.226183361035468e-12,2.06454799582597e-12,2.852334248974088e-08,7.171988744203218e-06,3.4552832596779824e-10,3.729491511852671e-07,5.99394301719588e-10,1.9619519929895535e-11,9.720512231381885e-12,4.923513551536725e-07,8.814730833989602e-15,1.4973850123491591e-15,2.2232370706073214e-13,5.79090222176664e-11,3.5442684827935004e-18,2.361540428472372e-15,4.9935900146843687e-14
2.1894994376392927e-08,0.16628943999999996,0.8585084662769803,0.0,0.0,0.4461186926870535,0.11262840076833269,0.02266787278258055,9.62657406007033e-12,4.16583069347577e-08,2.2685824195884603e-05,3.156241781191938e-06,2.3883489906430514e-08,1.3113148872721939e-18,0.00019273196568161204,6.714241778144873e-17,0.0001481086530194563,8.148490690836971e-13,2.1476608101985006e-10,7.789586829296295e-14,5.954884653275466e-16,5.500060970263495e-07,1.2657827488458287e-11,0.005838389745312867,0.0003031298268671036,3.943606372879103e-05,1.3720674871367366e-08,1.086593971565747e-09,3.659147615908533e-09,2.2546275204315976e-12,2.0752282459817254e-12,2.8764362979558867e-08,7.204660746622766e-06,3.48570305418868e-10,3.7664888795995823e-07,6.016091030634709e-10,1.991966055619846e-11,9.843571063464038e-12,4.955991522507174e-07,8.926825262780932e-15,1.5220190864535821e-15,2.2645469469554228e-13,5.857654527251915e-11,3.598319596175723e-18,2.3959640560449796e-15,5.055820035926268e-14
2.197667753589002e-08,0.16628943999999996,0.8585084662769803,0.0,0.0,0.4461070317957911,0.11261722576411287,0.022667305932616632,9.78738427794039e-12,4.220735228864593e-08,2.2895018476528657e-05,3.196092399439466e-06,2.4147205783413987e-08,1.338914207549428e-18,0.00019344636842855202,6.840928654546579e-17,0.00014853251190997661,8.241815641810167e-13,2.178897257710529e-10,7.913532558185895e-14,6.053837317213692e-16,5.53843252036148e-07,1.285046859169533e-11,0.005848777100046124,0.00030421591767414396,3.958682557875447e-05,1.3822783236879771e-08,1.0905955080690335e-09,3.6718427239074773e-09,2.283316221295642e-12,2.085932140045864e-12,2.9005683637517836e-08,7.237260365153067e-06,3.516236053225362e-10,3.8037090862636315e-07,6.038236928153671e-10,2.0223239230901013e-11,9.967629527650291e-12,4.988546890033957e-07,9.03968259507405e-15,1.5469499494210128e-15,2.3064613490264977e-13,5.924909150430696e-11,3.652987635617805e-18,2.430754850417377e-15,5.118526996540084e-14
2.2058360695387114e-08,0.16628943999999996,0.8585084662769803,0.0,0.0,0.4460954234789302,0.11260610209711931,0.02266673911572695,9.950183874054822e-12,4.276142456218695e-08,2.3105326253170584e-05,3.2362658787812692e-06,2.4412819279323597e-08,1.3669636300753051e-18,0.0001941607177846938,6.969515573475382e-17,0.0001489556003564803,8.335853344068199e-13,2.2104662916083425e-10,8.038874725139796e-14,6.154019766996866e-16,5.576918569032364e-07,1.3045304940571618e-11,0.005859112917160664,0.0003053015950723289,3.973701453389443e-05,1.3925051375537317e-08,1.0945965436905404e-09,3.684536740722711e-09,2.312250310583493e-12,2.096659411741529e-12,2.9247292268066176e-08,7.269786755223587e-06,3.546881647884073e-10,3.841152144273246e-07,6.060380707397726e-10,2.0530282128000452e-11,1.0092690178939044e-11,5.021179397394854e-07,9.153301272840412e-15,1.5721797143938337e-15,2.348986721828687e-13,5.992667828488151e-11,3.7082772781880945e-18,2.4659152714163995e-15,5.1817115996547265e-14
2.2140043854884207e-08,0.16628943999999996,0.8585084662769803,0.0,0.0,0.44608386748336576,0.1125950295134681,0.0226661723317956,1.0114987947486403e-11,4.3320544319329537e-08,2.3316746525359262e-05,3.2767630404118087e-06,2.468033663513566e-08,1.3954681223525899e-18,0.0001948750135269761,7.100023668727343e-17,0.00014937791964263254,8.430606491693017e-13,2.2423701372591498e-10,8.165621530824057e-14,6.255441707603249e-16,5.615518913775279e-07,1.3242353159553439e-11,0.005869397450776521,0.00030638685849962893,3.988663099056495e-05,1.4027477031907712e-08,1.0985970772071363e-09,3.6972296623316445e-09,2.3414306306494473e-12,2.107409793805156e-12,2.94891767503361e-08,7.302239081941831e-06,3.577639227004847e-10,3.878818056403098e-07,6.082522365968537e-10,2.0840815518722262e-11,1.0218755541970632e-11,5.053888788404592e-07,9.267679703685119e-15,1.5977104953346537e-15,2.392129552891808e-13,6.060932296861876e-11,3.764193218251081e-18,2.501447784992531e-15,5.245374530798524e-14
2.22217270143813e-08,0.16628943999999996,0.8585084662769803,0.0,0.0,0.4460723635571518,0.11258400776052996,0.0226656055807073,1.0281811618565598e-11,4.3884732017281715e-08,2.3529278256694942e-05,3.3175846957296798e-06,2.494976408532205e-08,1.424432674880411e-18,0.0001955892554320873,7.232474226169972e-17,0.00014979947104808313,8.526077777550972e-13,2.274611025556629e-10,8.293781153592679e-14,6.358112866042116e-16,5.654233352054272e-07,1.3441629934500774e-11,0.005879630953759342,0.000307471707402581,4.0035675422650655e-05,1.4130057981358425e-08,1.1025971073943499e-09,3.709921484712074e-09,2.37085801928694e-12,2.1181830180691056e-12,2.9731325039573357e-08,7.33461652010069e-06,3.6085081772528277e-10,3.9167068158825956e-07,6.104661901424731e-10,2.1154865771464295e-11,1.0345828111001323e-11,5.086674807413302e-07,9.382816261639087e-15,1.6235444069313354e-15,2.4358963723611804e-13,6.129704289240498e-11,3.820740167457714e-18,2.537354863197618e-15,5.3095164579748687e-14
2.2303410173878394e-08,0.16628943999999996,0.8585084662769803,0.0,0.0,0.44606091144949706,0.11257303658692414,0.022665038862347414,1.0450670028327263e-11,4.445400800683927e-08,2.374292037552003e-05,3.3587316463295453e-06,2.522110785784428e-08,1.4538623010100965e-18,0.00019630344327646802,7.366888684204696e-17,0.00015022025584855839,8.62226989328001e-13,2.307191192900596e-10,8.42336174901549e-14,6.462042991047843e-16,5.693061681302053e-07,1.3643152012631605e-11,0.005889813677726577,0.0003085561412363019,4.018414838007002e-05,1.4232792030025188e-08,1.1065966330263819e-09,3.722612203842236e-09,2.400533309769949e-12,2.12897881554322e-12,2.997372516851826e-08,7.366918254184722e-06,3.639487883199065e-10,3.954818406505756e-07,6.12679931128222e-10,2.1472459351740525e-11,1.047391034988067e-11,5.119537199304986e-07,9.49870928794801e-15,1.6496835645024703e-15,2.4802937530910155e-13,6.198985537562287e-11,3.8779228547356804e-18,2.573638984162601e-15,5.374138031740292e-14
2.2385093333375487e-08,0.16628943999999996,0.8585084662769803,0.0,0.0,0.44604951091076045,0.11256211574251218,0.022664472176601922,1.0621578337959874e-11,4.5028392532741985e-08,2.395767177560859e-05,3.4002046839951576e-06,2.549437417414753e-08,1.4837620368015572e-18,0.00019701757683631283,7.503288634228007e-17,0.0001506402753159506,8.719185529276944e-13,2.3401128811766884e-10,8.554371449410759e-14,6.567241852773906e-16,5.732003698923808e-07,1.3846936202486088e-11,0.005899945873053664,0.00030964015946450055,4.033205048728252e-05,1.4335677014769798e-08,1.1105956528761208e-09,3.735301815700839e-09,2.4304573308949977e-12,2.1397969164952085e-12,3.0216365248738694e-08,7.399143478375421e-06,3.670577727401018e-10,3.9931528027423886e-07,6.148934593014489e-10,2.1793622822124523e-11,1.0603004692032225e-11,5.152475709496036e-07,9.615357091856536e-15,1.676130083903311e-15,2.525328310737339e-13,6.26877777201375e-11,3.9357460262796304e-18,2.610302632075269e-15,5.439239885284761e-14
2.246677649287258e-08,0.16628943999999996,0.8585084662769803,0.0,0.0,0.4460381616924463,0.1125512449783918,0.022663905523357415,1.0794551728257344e-11,4.5607905734056943e-08,2.4173531316854297e-05,3.442004590693453e-06,2.5769569249154692e-08,1.5141369408802689e-18,0.00019773165588757294,7.641695821091404e-17,0.00015105953071840666,8.816827374684755e-13,2.373378337736062e-10,8.68681836338258e-14,6.673719242486811e-16,5.771059202300975e-07,1.4052999373890473e-11,0.005910027788880154,0.00031072376155948935,4.047938244180034e-05,1.4438710803127777e-08,1.1145941657151508e-09,3.7479903162671016e-09,2.4606309070237112e-12,2.150637050529927e-12,3.04592334719154e-08,7.431291396555462e-06,3.7017770904827395e-10,4.031709969850511e-07,6.171067744052889e-10,2.2118382842192577e-11,1.0733113540437583e-11,5.185490083933741e-07,9.732757951389012e-15,1.7028860814321727e-15,2.57100670385048e-13,6.339082721028211e-11,3.994214445541332e-18,2.647348297158031e-15,5.504822634514188e-14
2.2548459652369674e-08,0.16628943999999996,0.8585084662769803,0.0,0.0,0.4460268635471993,0.11254042404689084,0.022663338902501093,1.0969605399073447e-11,4.619256764458806e-08,2.4390497825956563e-05,3.4841321385697183e-06,2.6046699291260463e-08,1.5449920942948585e-18,0.0001984456802059584,7.782132143560036e-17,0.0001514780233204145,8.915198117379951e-13,2.406989815375112e-10,8.82071057536303e-14,6.781484972259985e-16,5.810227988795065e-07,1.4261358457920836e-11,0.005920059673115829,0.00031180694700219436,4.0626145012705295e-05,1.4541891293246e-08,1.118592170313771e-09,3.760677701520799e-09,2.4910548581259387e-12,2.161498946667461e-12,3.070231811108025e-08,7.463361222311907e-06,3.733085351214727e-10,4.07048986398994e-07,6.193198761786935e-10,2.2446766168466516e-11,1.086423926762364e-11,5.218580069094854e-07,9.85091011412519e-15,1.7299536737373113e-15,2.6173356339671015e-13,6.409902111284417e-11,4.0533328932197716e-18,2.6847784756456946e-15,5.570886878135096e-14
2.2630142811866767e-08,0.16628943999999996,0.8585084662769803,0.0,0.0,0.4460156162288004,0.11252965270156104,0.02266277231392078,1.1146754568779013e-11,4.678239819331111e-08,2.4608570097104638e-05,3.526588089943828e-06,2.632577050232536e-08,1.5763326003753366e-18,0.0001991596495669404,7.924619654770101e-17,0.0001518957543828881,9.014300443959987e-13,2.440949572315207e-10,8.95605614515917e-14,6.890548874667683e-16,5.849509855751468e-07,1.4472030446866603e-11,0.005930041772446782,0.0003128897152821644,4.0772339039171224e-05,1.464521641381046e-08,1.1225896654410064e-09,3.7733639674422905e-09,2.521729999823347e-12,2.1723823334200268e-12,3.0945607521807654e-08,7.495352178938412e-06,3.764501886593453e-10,4.109492432336971e-07,6.21532764356461e-10,2.2778799654356177e-11,1.0996384215653265e-11,5.251745411984163e-07,9.96981179797152e-15,1.757334977724291e-15,2.66432184570179e-13,6.481237667705086e-11,4.113106167251201e-18,2.722595669763282e-15,5.637433197741476e-14
2.271182597136386e-08,0.16628943999999996,0.8585084662769803,0.0,0.0,0.44600441949216235,0.11251893069717205,0.022662205757504925,1.1326014473721866e-11,4.737741720483355e-08,2.4827746892659287e-05,3.569373197307533e-06,2.660678907766977e-08,1.6081635845919928e-18,0.00019987356374575363,8.069180562684965e-17,0.00015231272516325097,9.114137039730739e-13,2.4752598721824376e-10,9.092863107504949e-14,7.000920802478896e-16,5.888904600503267e-07,1.4685032394193875e-11,0.005939974332341458,0.00031397206589757937,4.0917965428992665e-05,1.4748684123964693e-08,1.1265866498646225e-09,3.786049110012569e-09,2.552657143433503e-12,2.1832869388676635e-12,3.118909014336e-08,7.5272634994364225e-06,3.796026071920547e-10,4.1487176132000824e-07,6.237454386692647e-10,2.31145102501016e-11,1.1129550696119115e-11,5.284985860133095e-07,1.0089461191927427e-14,1.785032110463853e-15,2.7119721268381903e-13,6.553091113455482e-11,4.1735390827991214e-18,2.760802387703842e-15,5.704462157903784e-14
2.2793509130860953e-08,0.16628943999999996,0.8585084662769803,0.0,0.0,0.445993273093324,0.11250825778970551,0.022661639233142548,1.1507400367689651e-11,4.7977644399878564e-08,2.504802694383188e-05,3.6124882033228007e-06,2.6889761206068063e-08,1.640490194414976e-18,0.00020058742251739903,8.215837230550017e-17,0.00015272893691551783,9.214710588694002e-13,2.509922983987397e-10,9.231139471617986e-14,7.112610628351343e-16,5.92841202037508e-07,1.4900381414508572e-11,0.005949857597056677,0.0003150539983552565,4.106302515712018e-05,1.4852292413218742e-08,1.1305831223511402e-09,3.798733125213288e-09,2.5838370960143974e-12,2.1942124907327176e-12,3.14327544997874e-08,7.559094426515361e-06,3.827657280881607e-10,4.1881653361365987e-07,6.259578988436841e-10,2.3453925002714866e-11,1.1263740990140727e-11,5.318301161598328e-07,1.0209856456846352e-14,1.813047189100291e-15,2.7602933084197025e-13,6.625464169941975e-11,4.23463647224421e-18,2.799401143606306e-15,5.77197430625997e-14
2.2875192290358047e-08,0.16628943999999996,0.8585084662769803,0.0,0.0,0.4459821767894472,0.11249763373634898,0.022661072740723286,1.1690927521375544e-11,4.858309939579209e-08,2.526940895136068e-05,3.655933840821205e-06,2.7174693069742574e-08,1.6733175991745868e-18,0.00020130122565664593,8.364612177346226e-17,0.00015314439089037472,9.31602377353509e-13,2.544941182104971e-10,9.370893220761346e-14,7.225628244525554e-16,5.968031912686861e-07,1.5118094683519315e-11,0.0059596918096436234,0.00031613551217065695,4.120751926420282e-05,1.4956039301349194e-08,1.1345790816658496e-09,3.81141600902681e-09,2.6152706604093386e-12,2.205158716453055e-12,3.1676589200982255e-08,7.590844212591832e-06,3.859394885624667e-10,4.227835522070239e-07,6.281701446022342e-10,2.3797071055921617e-11,1.1398957348364833e-11,5.351691064960439e-07,1.0330995726191578e-14,1.8413823307603475e-15,2.8092922648397293e-13,6.6983585568106e-11,4.296403185174195e-18,2.8383944575333502e-15,5.839970173608603e-14
2.295687544985514e-08,0.16628943999999996,0.8585084662769803,0.0,0.0,0.4459711303388112,0.1124870582954899,0.022660506280137403,1.1876611221846978e-11,4.919380170707283e-08,2.549189158618406e-05,3.6997108328043495e-06,2.746159084435771e-08,1.7066509899223006e-18,0.00020201497293803467,8.515528078242456e-17,0.00015355908833525783,9.418079275610439e-13,2.5803167462541483e-10,9.512132311810269e-14,7.339983562519049e-16,6.007764074757748e-07,1.5338189438000193e-11,0.005969477211953808,0.00031721660686788997,4.135144885513829e-05,1.5059922838290474e-08,1.1385745265728253e-09,3.824097757436237e-09,2.6469586352922718e-12,2.2161253432540645e-12,3.1920582943689496e-08,7.622512119787821e-06,3.8912382568382833e-10,4.267728083409485e-07,6.303821756633942e-10,2.4143975650102256e-11,1.1535201990968856e-11,5.385155319322582e-07,1.0452877106786362e-14,1.8700396524626387e-15,2.858975913931475e-13,6.77177599194557e-11,4.358844088373661e-18,2.877784855449277e-15,5.908450274004019e-14
2.3038558609352233e-08,0.16628943999999996,0.8585084662769803,0.0,0.0,0.44596013350080876,0.11247653122670974,0.022659939851275727,1.2064466772017381e-11,4.9809770745923796e-08,2.5715473490110286e-05,3.7438198924453168e-06,2.7750460699014004e-08,1.740495579292538e-18,0.00020272866413587924,8.668607765046452e-17,0.00015397303049443023,9.520879774935294e-13,2.6160519614778583e-10,9.654864674823935e-14,7.455686512820701e-16,6.047608303909868e-07,1.5560682975753267e-11,0.005979214044644985,0.0003182972819797167,4.1494815097631154e-05,1.5163941104017536e-08,1.1425694558349413e-09,3.836778366425454e-09,2.678901815213394e-12,2.227112098219363e-12,3.216472451247256e-08,7.65409741992792e-06,3.9231867638292226e-10,4.307842924166703e-07,6.32593991741639e-10,2.449466612223291e-11,1.167247710766757e-11,5.418693674309164e-07,1.057549867955835e-14,1.8990212710276148e-15,2.90935121705731e-13,6.845718191467857e-11,4.4219640658138155e-18,2.91757486919793e-15,5.977415104853455e-14
2.3120241768849327e-08,0.16628943999999996,0.8585084662769803,0.0,0.0,0.44594918603594175,0.11246605229077819,0.02265937345402969,1.2254509490121066e-11,5.043102582282526e-08,2.5940153276483894e-05,3.7882617230911526e-06,2.8041308796242153e-08,1.774856601365208e-18,0.00020344229902426978,8.823874226654583e-17,0.00015438621860905746,9.624427950171436e-13,2.6521491181228253e-10,9.799098212622302e-14,7.572747044585266e-16,6.087564397472178e-07,1.578559265557089e-11,0.005988902547187074,0.000319377537047553,4.1637619220759725e-05,1.5268092208420332e-08,1.1465638682138847e-09,3.849457831979159e-09,2.71110099064511e-12,2.2381187083602428e-12,3.240900278063629e-08,7.685599394535586e-06,3.955239774599794e-10,4.3481799400779535e-07,6.348055925474674e-10,2.4849169905825907e-11,1.1810784857722931e-11,5.452305880064552e-07,1.0698858500278047e-14,1.9283293029880766e-15,2.960425179197679e-13,6.920186869733684e-11,4.485768018642183e-18,2.957767036480623e-15,6.04686514701612e-14
2.320192492834642e-08,0.16628943999999996,0.8585084662769803,0.0,0.0,0.4459382877058156,0.11245562124964707,0.022658807088291336,1.2446754709191227e-11,5.105758614712789e-08,2.6165929530848273e-05,3.833037018266351e-06,2.83341412919971e-08,1.809739311529035e-18,0.00020415587737707534,8.981350609500268e-17,0.0001547986539172815,9.72872647861496e-13,2.688610511819444e-10,9.944840800367995e-14,7.691175125328128e-16,6.127632152784274e-07,1.6012935897197812e-11,0.005998542957868008,0.00032045737162147097,4.177986251355178e-05,1.5372374291170236e-08,1.1505577624701743e-09,3.862136150082908e-09,2.743556948028261e-12,2.249144900683832e-12,3.265340671110672e-08,7.717017334828396e-06,3.987396655924728e-10,4.3887390187234295e-07,6.370169777874333e-10,2.5207514530870102e-11,1.1950127369957006e-11,5.485991687251825e-07,1.0822954600291296e-14,1.957965864500239e-15,3.0122048490395805e-13,6.995183739333076e-11,4.550260865172232e-18,2.9983639008340876e-15,6.116800864904258e-14
2.3283608087843513e-08,0.16628943999999996,0.8585084662769803,0.0,0.0,0.44592743827313663,0.11244523786644471,0.022658240753953264,1.2641217776541246e-11,5.168947082766583e-08,2.6392800811604255e-05,3.878146461677359e-06,2.862896433565212e-08,1.8451489863456866e-18,0.0002048693989679463,9.141060218001108e-17,0.0001552103376542929,9.833778036184109e-13,2.7254384434616825e-10,1.0092100285153359e-13,7.810980740620289e-16,6.167811367200205e-07,1.624273018129317e-11,0.0060081355137995935,0.00032153678526019935,4.19215463235698e-05,1.5476785521578693e-08,1.1545511373631726e-09,3.8748133167231485e-09,2.7762704698186005e-12,2.260190402259956e-12,3.289792535726893e-08,7.748350541712402e-06,4.0196567734277074e-10,4.4295200396484426e-07,6.39228147164174e-10,2.5569727623770805e-11,1.2090506742768002e-11,5.519750847051493e-07,1.0947784987245021e-14,1.987933071255365e-15,3.0646973190645945e-13,7.070710511088361e-11,4.61544754087299e-18,3.03936801160846e-15,6.187222706585984e-14
2.3365291247340607e-08,0.16628943999999996,0.8585084662769803,0.0,0.0,0.44591663750170596,0.11243490190546993,0.02265767445090869,1.2837914053249211e-11,5.2326698873388575e-08,2.662076565066459e-05,3.923590727218078e-06,2.8925784069992845e-08,1.881090923414725e-18,0.00020558286357031722,9.303026515004738e-17,0.0001556212710524017,9.939585297407172e-13,2.7626352191869977e-10,1.0240884485592611e-13,7.932173893783629e-16,6.208101838092281e-07,1.6474993049392162e-11,0.006017680450923311,0.00032261577753112277,4.2062672055506004e-05,1.5581324098448257e-08,1.1585439916511026e-09,3.887489327887254e-09,2.8092423345335162e-12,2.2712549402867053e-12,3.3142547863763005e-08,7.779598325775452e-06,4.052019491657414e-10,4.4705228744849146e-07,6.414391003764409e-10,2.5935836907289433e-11,1.2231925044149422e-11,5.553583111160299e-07,1.107334764580742e-14,2.0182330383919815e-15,3.117909725636469e-13,7.146768894052682e-11,4.681332998358539e-18,3.0807819239452697e-15,6.258131103890134e-14
2.34469744068377e-08,0.16628943999999996,0.8585084662769803,0.0,0.0,0.4459058851564161,0.11242461313218638,0.0226571081790514,1.303685891364585e-11,5.296928919401134e-08,2.6849822554104046e-05,3.9693704789763515e-06,2.9224606631211383e-08,1.9175704412393846e-18,0.0002062962709574095,9.467273122233373e-17,0.00015603145534110694,1.0046150935410402e-12,2.8002031503562857e-10,1.0391201191419212e-13,8.054764605586474e-16,6.248503362854871e-07,1.6709742103867573e-11,0.00602717800401611,0.00032369434801028104,4.2203241169787505e-05,1.5685988249916428e-08,1.162536324091064e-09,3.900164179563562e-09,2.8424733167989154e-12,2.2823382421546935e-12,3.338726346723924e-08,7.810760007279635e-06,4.0844841741632065e-10,4.5117473870733087e-07,6.436498371191285e-10,2.6305870200482787e-11,1.2374384311712197e-11,5.587488231789994e-07,1.1199640538380226e-14,2.0488678804086644e-15,3.171849249088274e-13,7.223360595508513e-11,4.7479222073775074e-18,3.1226081987554706e-15,6.32952647251276e-14
2.3528657566334793e-08,0.16628943999999996,0.8585084662769803,0.0,0.0,0.4458951810032465,0.11241437131321684,0.022656541938275765,1.3238067744805807e-11,5.361726060068292e-08,2.707997000280495e-05,4.015486371241451e-06,2.9525438148900367e-08,1.9545928790932003e-18,0.00020700962090223433,9.633823820727039e-17,0.00015644089174716413,1.0153477621906026e-12,2.8381445535338517e-10,1.0543058163088404e-13,8.178762913939485e-16,6.28901573890819e-07,1.6946995007891133e-11,0.006036628406696154,0.00032477249628236576,4.234325518119213e-05,1.579077623329233e-08,1.1665281334390518e-09,3.912837867741416e-09,2.875964187396333e-12,2.2934400355099985e-12,3.36320614970729e-08,7.841834916152743e-06,4.117050183570318e-10,4.553193433584923e-07,6.458603570833058e-10,2.667985541864209e-11,1.2517886552709912e-11,5.621465961666141e-07,1.1326661605805851e-14,2.0798397110774337e-15,3.226523113809109e-13,7.300487320966147e-11,4.815220154802471e-18,3.164849402697491e-15,6.401409212125599e-14
2.3610340725831886e-08,0.16628943999999996,0.8585084662769803,0.0,0.0,0.4458845248092587,0.11240417621633728,0.02265597572847673,1.3441555946042428e-11,5.4270631806670386e-08,2.7311206453098036e-05,4.0619390485125305e-06,2.9828284746047044e-08,1.9921635968874894e-18,0.00020772291317759504,9.802702551285512e-17,0.00015684958149465183,1.0261568027180282e-12,2.8764617504673995e-10,1.0696463131385028e-13,8.304178873591916e-16,6.32963876370208e-07,1.718676948539466e-11,0.006046031891428559,0.0003258502219407173,4.248271565747509e-05,1.589568633488665e-08,1.170519418449966e-09,3.925510388411192e-09,2.909715713310113e-12,2.3045600483158054e-12,3.387693137603906e-08,7.872822391978796e-06,4.1497168816546363e-10,4.594860862644513e-07,6.48070659956243e-10,2.7057820573231663e-11,1.2662433744067025e-11,5.655516054026958e-07,1.1454408768065996e-14,2.1111506433577354e-15,3.281938588330367e-13,7.378150774162199e-11,4.883231844619317e-18,3.207508108155305e-15,6.473779706486139e-14
2.369202388532898e-08,0.16628943999999996,0.8585084662769803,0.0,0.0,0.4458739163425927,0.11239402761047133,0.02265540954954981,1.364733892840604e-11,5.492942142806028e-08,2.7543530337398414e-05,4.1087291455080464e-06,3.013315253902736e-08,2.030287975039706e-18,0.00020843614755609025,9.973933414908949e-17,0.00015725752580503626,1.0370424820081492e-12,2.915157068068052e-10,1.0851423797036526e-13,8.43102255582826e-16,6.370372234719773e-07,1.742908332103097e-11,0.006055388689531084,0.00032692752458731973,4.262162421800696e-05,1.6000716869834867e-08,1.1745101778776323e-09,3.93818173756434e-09,2.943728657774787e-12,2.3156980089126982e-12,3.4121862620948626e-08,7.903721783987668e-06,4.1824836294170155e-10,4.636749515453163e-07,6.502807454214445e-10,2.7439793771827332e-11,1.2808027832410038e-11,5.689638262622159e-07,1.1582879924974693e-14,2.1428027893110396e-15,3.338102985411576e-13,7.456352657058088e-11,4.9519622979165445e-18,3.250586893216538e-15,6.546638323549495e-14
2.3773707044826073e-08,0.16628943999999996,0.8585084662769803,0.0,0.0,0.4458633553724617,0.11238392526568462,0.022654843401391105,1.38554321141858e-11,5.5593647984475125e-08,2.7776940064836433e-05,4.15585728717615e-06,3.044004763760003e-08,2.0689714143426733e-18,0.00020914932381011669,1.0147540673237187e-16,0.00015766472589723497,1.0480050668008243e-12,2.9542328383903924e-10,1.1007947830331289e-13,8.559304048165308e-16,6.411215949481647e-07,1.7673954360134635e-11,0.006064699031179805,0.00032800440383279583,4.275998253242319e-05,1.610586618191429e-08,1.1785004104748203e-09,3.950851911193416e-09,2.9780037803224745e-12,2.3268536460776743e-12,3.436684484324572e-08,7.934532451043773e-06,4.2153497871571405e-10,4.678859225911358e-07,6.524906131586766e-10,2.782580321805443e-11,1.2954670734101636e-11,5.72383234171182e-07,1.1712072956863176e-14,2.1747982600160565e-15,3.3950236621257846e-13,7.535094669838513e-11,5.021416552874492e-18,3.2940883416505843e-15,6.619985415581954e-14
2.3855390204323166e-08,0.16628943999999996,0.8585084662769803,0.0,0.0,0.4458528416691487,0.11237386895317897,0.022654277283897278,1.4065850936415176e-11,5.6263329899804875e-08,2.8011434021883364e-05,4.203324088706027e-06,3.0748976144900714e-08,2.1082193358347024e-18,0.00020986244171187175,1.0323548748987756e-16,0.00015807118298767856,1.0590448236897567e-12,2.993691398612532e-10,1.1166042870742267e-13,8.689033454049658e-16,6.452169705548958e-07,1.7921400508682552e-11,0.0060739631454147566,0.0003290808592964,4.289779231928561e-05,1.6211132643354794e-08,1.1824901149932553e-09,3.963520905292125e-09,3.0125418368304032e-12,2.3380266890817967e-12,3.4611867749567275e-08,7.965253761633853e-06,4.2483147145469115e-10,4.72118982074221e-07,6.547002628439967e-10,2.8215877211525646e-11,1.3102364335277796e-11,5.758098046065256e-07,1.1841985725258189e-14,2.2071391654845747e-15,3.4527080199445207e-13,7.614378510909949e-11,5.091599664754547e-18,3.338015042886765e-15,6.693821319276165e-14
2.393707336382026e-08,0.16628943999999996,0.8585084662769803,0.0,0.0,0.44584237500400214,0.11236385844528693,0.022653711196965555,1.4278610838381086e-11,5.693848550295271e-08,2.8247010572971713e-05,4.251130155540179e-06,3.105994415743595e-08,2.1480371806706134e-18,0.00021057550103335677,1.0501982226392537e-16,0.00015847689829037113,1.070162019121319e-12,3.0335350910162076e-10,1.1325716526555902e-13,8.820220892555693e-16,6.493233300527561e-07,1.8171439733254248e-11,0.006083181260145545,0.0003301568906060112,4.303505534475601e-05,1.6316514654643724e-08,1.1864792901836378e-09,3.976188715855346e-09,3.0473435795684457e-12,2.3492168677465515e-12,3.4856921142265355e-08,7.995885093853844e-06,4.281377770703361e-10,4.76374111961476e-07,6.569096941497857e-10,2.8610044147778413e-11,1.325111049188776e-11,5.792435130959928e-07,1.1972616073552492e-14,2.2398276145779357e-15,3.511163504822317e-13,7.694205876899105e-11,5.162516705888271e-18,3.3823695919925197e-15,6.768146355867942e-14
2.4018756523317353e-08,0.16628943999999996,0.8585084662769803,0.0,0.0,0.4458319551494306,0.11235389351546617,0.02265314514049373,1.4493727273136781e-11,5.761913302859423e-08,2.848366806111002e-05,4.299276083387641e-06,3.1372957765077456e-08,2.1884304099936616e-18,0.00021128850154637964,1.0682865851633147e-16,0.0001588818730169496,1.081356919393384e-12,3.073766262966898e-10,1.1486976374506422e-13,8.952876498084066e-16,6.534406532071627e-07,1.8424090060992103e-11,0.006092353602156941,0.00033123249739812447,4.317177342128235e-05,1.642201064432525e-08,1.1904679347956605e-09,3.988855338879171e-09,3.0824097572466836e-12,2.360423912498873e-12,3.510199491989322e-08,8.026425835394855e-06,4.314538314261076e-10,4.80651293526732e-07,6.591189067447734e-10,2.9008332518212063e-11,1.3400911029736845e-11,5.826843352180359e-07,1.2103961827668324e-14,2.2728657149241437e-15,3.5703976072807863e-13,7.774578462651392e-11,5.234172765666455e-18,3.427154589651593e-15,6.842960831254669e-14
2.4100439682814446e-08,0.16628943999999996,0.8585084662769803,0.0,0.0,0.44582158187890014,0.11234397393829379,0.022652579114380168,1.4711215703018493e-11,5.830529061794976e-08,2.872140480849199e-05,4.347762458238145e-06,3.168802305105609e-08,2.229404504808368e-18,0.00021200144302255773,1.0866224533274935e-16,0.0001592861083767411,1.09262979065416e-12,3.114387266893974e-10,1.164982995941548e-13,9.087010420060713e-16,6.575689197887319e-07,1.867936957956123e-11,0.006101480397114433,0.00033230767931784113,4.330794840629761e-05,1.6527619068794062e-08,1.1944560475780243e-09,4.0015207703609386e-09,3.117741115062989e-12,2.371647554424865e-12,3.5347079077655194e-08,8.056875383528252e-06,4.347795703444143e-10,4.849505073630811e-07,6.61327900294072e-10,2.941077091002465e-11,1.3551767744532251e-11,5.861322466017063e-07,1.223602079671294e-14,2.3062555728356356e-15,3.630417862492277e-13,7.855497961229389e-11,5.306572950528162e-18,3.472372642142288e-15,6.918265036115225e-14
2.418212284231154e-08,0.16628943999999996,0.8585084662769803,0.0,0.0,0.44581125496692875,0.11233409948946099,0.02265201311852377,1.4931091599165883e-11,5.899697631956878e-08,2.8960219117099892e-05,4.396589856377174e-06,3.200514609195603e-08,2.2709649658542773e-18,0.00021271432523332112,1.1052083342699717e-16,0.00015968960557681967,1.1039808989010312e-12,3.155400460270869e-10,1.181428479383718e-13,9.222632822636412e-16,6.617081095736458e-07,1.8937296437109333e-11,0.006110561869569761,0.0003333824360188585,4.3443582200931715e-05,1.6633338412083963e-08,1.198443627278455e-09,4.014185006299273e-09,3.1533383947505235e-12,2.382887525322178e-12,3.559216370782172e-08,8.087233145089896e-06,4.3811492961375886e-10,4.892717333952003e-07,6.635366744592033e-10,2.9817388006149485e-11,1.3703682401931544e-11,5.895872229265495e-07,1.2368790773626933e-14,2.3399992932276917e-15,3.6912318503630916e-13,7.936966063911305e-11,5.3797223839496674e-18,3.518026361315723e-15,6.994059246031467e-14
2.4263806001808633e-08,0.16628943999999996,0.8585084662769803,0.0,0.0,0.4458009741890828,0.11232426994576741,0.02265144715282401,1.5153370441046432e-11,5.969420809012618e-08,2.920010926930199e-05,4.445758844401952e-06,3.232433295770887e-08,2.3131173134806348e-18,0.00021342714794991526,1.124046751453714e-16,0.00016009236582206068,1.1154105099794039e-12,3.1968082055952855e-10,1.1980348357708486e-13,9.359753884386943e-16,6.658582023440177e-07,1.919788884222622e-11,0.006119598242966426,0.00033445676716345875,4.357867674873668e-05,1.6739167185651453e-08,1.2024306726437222e-09,4.0268480426941115e-09,3.1892023346252965e-12,2.3941435577511236e-12,3.5837239000109385e-08,8.11749853646343e-06,4.4145984499582923e-10,4.936149508916674e-07,6.657452288981288e-10,3.022821258519133e-11,1.3856656737593997e-11,5.930492399225026e-07,1.250226953582446e-14,2.3740989795375223e-15,3.75284719561626e-13,8.018984460189422e-11,5.453626206433385e-18,3.564118364574123e-15,7.07034372161114e-14
2.4345489161305726e-08,0.16628943999999996,0.8585084662769803,0.0,0.0,0.44579073932197283,0.11231448508511564,0.0226508812171809,1.537806771598362e-11,6.039700379522938e-08,2.944107352844402e-05,4.49526997923832e-06,3.2645589711587784e-08,2.355867087521987e-18,0.0002141399109434041,1.1431402447094705e-16,0.00016049439031519486,1.1269188895815558e-12,3.23861287036942e-10,1.2148028098005068e-13,9.498383798013835e-16,6.700191778882554e-07,1.946116506390321e-11,0.00612858973964515,0.0003355306724224968,4.371323403442527e-05,1.6845103928154513e-08,1.206417182419655e-09,4.039509875546738e-09,3.2253336696335285e-12,2.405415385084415e-12,3.608229524202759e-08,8.147670983562793e-06,4.4481425223254403e-10,4.979801384772561e-07,6.679535632652797e-10,3.064327352136235e-11,1.4010692457234736e-11,5.965182733697907e-07,1.2636454845825933e-14,2.4085567336440124e-15,3.815271567873898e-13,8.10155483776856e-11,5.528289575496697e-18,3.610651274849152e-15,7.147118708612236e-14
2.442717232080282e-08,0.16628943999999996,0.8585084662769803,0.0,0.0,0.4457805501432488,0.11230474468650588,0.02265031531149502,1.5605198918689227e-11,6.110538121023614e-08,2.9683110139434472e-05,4.545123808158521e-06,3.296892241020159e-08,2.3992198471747223e-18,0.00021485261398467302,1.1624913702786497e-16,0.00016089568025686013,1.1385063032454939e-12,3.280816827080225e-10,1.2317331428402543e-13,9.638532770045779e-16,6.741910160014199e-07,1.9727143431492318e-11,0.006137536580849352,0.00033660415147538665,4.38472560826234e-05,1.695114720522679e-08,1.21040315535116e-09,4.052170500859822e-09,3.2617331313990497e-12,2.4167027415556976e-12,3.632732281919179e-08,8.177749921813804e-06,4.4817808705303974e-10,5.023672741452133e-07,6.701616772115848e-10,3.106259978441766e-11,1.4165791236681594e-11,5.999942990988273e-07,1.2771344451883217e-14,2.4433746557881526e-15,3.8785126817391135e-13,8.184678882564502e-11,5.603717665660759e-18,3.657627720580255e-15,7.22438443806888e-14
2.4508855480299913e-08,0.16628943999999996,0.8585084662769803,0.0,0.0,0.445770406431597,0.11229504853003049,0.022649749435667502,1.5834779550799496e-11,6.18193580210819e-08,2.9926217329323657e-05,4.5953208687998555e-06,3.329433710348898e-08,2.4431811708745385e-18,0.00021556525684443193,1.182102700856052e-16,0.0001612962368456528,1.1501730163538145e-12,3.323422453179691e-10,1.2488265728943187e-13,9.780211020540672e-16,6.78373696485585e-07,1.999584233466525e-11,0.0061464389867305486,0.00033767720401008767,4.398074495663628e-05,1.7057295609247376e-08,1.2143885901822398e-09,4.06482991463745e-09,3.298401448270493e-12,2.428005362306678e-12,3.657231221560389e-08,8.207734796134936e-06,4.515512851806095e-10,5.067763352695077e-07,6.72369570384502e-10,3.148622043959061e-11,1.4321954721934697e-11,6.034772929901162e-07,1.2906936088595671e-14,2.4785548444941488e-15,3.9425782968775066e-13,8.268358278702453e-11,5.679915668439234e-18,3.7050503356930495e-15,7.302141126418359e-14
2.4590538639797006e-08,0.16628943999999996,0.8585084662769803,0.0,0.0,0.4457603079667344,0.11228539639686849,0.022649183589599983,1.6066825120415407e-11,6.253895182511664e-08,3.0170393307876455e-05,4.645861689184228e-06,3.3621839834712595e-08,2.4877566561748464e-18,0.00021627783929321827,1.2019768256324752e-16,0.00016169606127817705,1.1619192941325704e-12,3.3664321310651605e-10,1.2660838345708045e-13,9.923428782788374e-16,6.825671991501928e-07,2.02672802233722e-11,0.006155297176353761,0.0003387498297230895,4.411370275722889e-05,1.7163547759106605e-08,1.218373485656008e-09,4.07748811288515e-09,3.335339345368439e-12,2.4393229834330618e-12,3.68172540139014e-08,8.237625060917233e-06,4.5493378233958636e-10,5.112072986170481e-07,6.745772424280447e-10,3.191416464752786e-11,1.4479184529228736e-11,6.069672309741516e-07,1.3043227477520323e-14,2.514099396491222e-15,4.007476218098212e-13,8.352594708515468e-11,5.756888792326964e-18,3.752921759577721e-15,7.38038897562971e-14
2.46722217992941e-08,0.16628943999999996,0.8585084662769803,0.0,0.0,0.445750254529406,0.11227578806928026,0.022648617773194685,1.6301351141647083e-11,6.326418013195022e-08,3.041563626813859e-05,4.696746787738536e-06,3.3951436640453176e-08,2.53295191962612e-18,0.00021699036110140008,1.2221163503371793e-16,0.0001620951547490931,1.17374540165014e-12,3.409848248059681e-10,1.2835056590494589e-13,1.0068196303014152e-15,6.867715038124066e-07,2.0541475607800484e-11,0.006164111367702883,0.00033982202831939624,4.424613162142058e-05,1.726990229996761e-08,1.222357840514708e-09,4.090145091609932e-09,3.3725475446323693e-12,2.45065534202916e-12,3.706213889557487e-08,8.267420180003407e-06,4.583255142621742e-10,5.156601403598662e-07,6.767846929828141e-10,3.2346461664223966e-11,1.4637482245097904e-11,6.104640890313247e-07,1.3180216327771781e-14,2.5500104066361008e-15,4.0732142954345253e-13,8.437389852542897e-11,5.8346422627886166e-18,3.8012446370674894e-15,7.459128173333515e-14
2.4753904958791193e-08,0.16628943999999996,0.8585084662769803,0.0,0.0,0.4457402459013799,0.11226622333060222,0.022648051986354355,1.6538373134162213e-11,6.39950603643059e-08,3.0661944386996396e-05,4.747976673315961e-06,3.428313355060382e-08,2.5787725966561747e-18,0.00021770282203917917,1.2425238972802202e-16,0.00016249351845116456,1.185651603816107e-12,3.4536731963923673e-10,1.3010927740499761e-13,1.0214523840082902e-15,6.909865902974625e-07,2.0818447058332926e-11,0.006172881777686024,0.00034089379951250963,4.437803372129415e-05,1.7376357903024387e-08,1.2263416534997348e-09,4.102800846820327e-09,3.4100267648674635e-12,2.4620021762312194e-12,3.7306957641154854e-08,8.297119626666083e-06,4.617264166952229e-10,5.201348360872619e-07,6.789919216860274e-10,3.278314084095581e-11,1.4796849426443533e-11,6.139678431918267e-07,1.3317900336615916e-14,2.5862899678362264e-15,4.1398004242241055e-13,8.522745389528792e-11,5.913181322247236e-18,3.85002161841707e-15,7.538358892952974e-14
2.4835588118288286e-08,0.16628943999999996,0.8585084662769803,0.0,0.0,0.44573028186544317,0.11225670196524148,0.02264748622898226,1.677790662273879e-11,6.473160985888136e-08,3.090931582573002e-05,4.799551845218054e-06,3.461693658836399e-08,2.6252243414513896e-18,0.00021841522187659383,1.2632021053946476e-16,0.00016289115357530384,1.1976381653801392e-12,3.4979093731788117e-10,1.3188459038008554e-13,1.0362421665204105e-15,6.952124384390168e-07,2.1098213205506108e-11,0.006181608622140821,0.00034196514302441144,4.450941126281954e-05,1.7482913265256216e-08,1.230324923351645e-09,4.115455374526397e-09,3.4477777217912618e-12,2.473363225259531e-12,3.755170113036926e-08,8.326722883585261e-06,4.6513642540694795e-10,5.246313608179009e-07,6.811989281715444e-10,3.322423162421665e-11,1.4957287600604185e-11,6.174784695355562e-07,1.345627719005443e-14,2.622940170973647e-15,4.2072425451887343e-13,8.608662996420361e-11,5.992511230072759e-18,3.899255359281175e-15,7.618081293836217e-14
2.491727127778538e-08,0.16628943999999996,0.8585084662769803,0.0,0.0,0.44572036220539807,0.1122472237586705,0.022646920500982236,1.7019967136821877e-11,6.547384586721683e-08,3.115774873055985e-05,4.851472793217712e-06,3.495285177023385e-08,2.672312826838871e-18,0.00021912756038352247,1.2841536302785683e-16,0.00016328806131061694,1.209705350930875e-12,3.5425591804015167e-10,1.3367657690088054e-13,1.051190006163756e-15,6.994490280794913e-07,2.138079273996841e-11,0.006190292115839735,0.000343036058585545,4.4640266484692256e-05,1.7589567109178608e-08,1.2343076488101802e-09,4.128108670739785e-09,3.485801128080065e-12,2.4847382294592515e-12,3.7796360342271216e-08,8.35622944282496e-06,4.685554761935963e-10,5.291496890118683e-07,6.834057120699004e-10,3.366976355564993e-11,1.5118798265428503e-11,6.209959441920271e-07,1.3595344563401747e-14,2.6599631048296484e-15,4.275548644513659e-13,8.695144348366374e-11,6.072637262570484e-18,3.948948520693065e-15,7.698295521389804e-14
2.4998954437282473e-08,0.16628943999999996,0.8585084662769803,0.0,0.0,0.44571048670605773,0.11223778849742193,0.022646354802258614,1.7264570210084846e-11,6.622178555656925e-08,3.140724123318635e-05,4.903739997582953e-06,3.5290885106008345e-08,2.7200437441695475e-18,0.00021983983732968632,1.3053811442370705e-16,0.00016368424284444655,1.2218534248948174e-12,3.5876250248903576e-10,1.3548530868286993e-13,1.0662969324399994e-15,7.036963390704175e-07,2.166620441243784e-11,0.006198932472495313,0.00034410654593479585,4.477060165718668e-05,1.769631818259125e-08,1.2382898286142855e-09,4.140760731473745e-09,3.5240976934151667e-12,2.496126930339983e-12,3.804092635533834e-08,8.385638805809033e-06,4.71983504886053e-10,5.336897945826681e-07,6.856122730083331e-10,3.411976627198267e-11,1.5281382889350523e-11,6.245202433402778e-07,1.3735100121853744e-14,2.697360856010086e-15,4.344726753926499e-13,8.782191118715592e-11,6.15356471296946e-18,3.999103769043102e-15,7.779001707213442e-14
2.5080637596779566e-08,0.16628943999999996,0.8585084662769803,0.0,0.0,0.44570065515324236,0.11222839596908323,0.022645789132716275,1.7511731379994673e-11,6.697544601079289e-08,3.1657791451322874e-05,4.9563539291015226e-06,3.563104259877146e-08,2.7684228032022107e-18,0.00022055205248465283,1.3268873363240164e-16,0.00016407969936241428,1.234082651535229e-12,3.6331093183030804e-10,1.3731085708340803e-13,1.0815639759972435e-15,7.07954351272774e-07,2.19544670336597e-11,0.006207529904765424,0.0003451766048194713,4.490041908102439e-05,1.780316525832286e-08,1.2422714615021234e-09,4.153411552743163e-09,3.562668124528868e-12,2.5075290706141484e-12,3.828539034754434e-08,8.414950483296242e-06,4.754204473563927e-10,5.382516509091678e-07,6.878186106108121e-10,3.457426950495874e-11,1.544504291146749e-11,6.280513432087806e-07,1.3875541521048105e-14,2.73513550887145e-15,4.414784950775737e-13,8.869804979015183e-11,6.235298891410848e-18,4.0497237760573726e-15,7.860199969235746e-14
2.516232075627666e-08,0.16628943999999996,0.8585084662769803,0.0,0.0,0.4456908673337748,0.11221904596229165,0.022645223492260617,1.776146618738168e-11,6.773484423122497e-08,3.190939748922183e-05,5.009315049106318e-06,3.597333024489034e-08,2.8174557319884792e-18,0.00022126420561783853,1.3486749123836987e-16,0.00016447443204846147,1.2463932949510323e-12,3.679014477105822e-10,1.3915329309882165e-13,1.0969921686008474e-15,7.122230445573261e-07,2.2245599474364038e-11,0.006216084624258473,0.00034624623499528,4.5029721086257564e-05,1.791010713397333e-08,1.2462525462110952e-09,4.1660611305645895e-09,3.601513125250198e-12,2.5189443942341277e-12,3.8529743596403226e-08,8.444163995354508e-06,4.788662395243744e-10,5.428352308474839e-07,6.900247244980667e-10,3.5033303081271595e-11,1.5609779741620223e-11,6.315892200753538e-07,1.4016666407617035e-14,2.7732891454476603e-15,4.4857313581087706e-13,8.957987599009129e-11,6.317845124936194e-18,4.100811218776299e-15,7.941890411851192e-14
2.5244003915773752e-08,0.16628943999999996,0.8585084662769803,0.0,0.0,0.4456811230354765,0.11220973826672886,0.022644657880797576,1.801379017601363e-11,6.849999713757624e-08,3.216205743819368e-05,5.062623809501612e-06,3.631775403400961e-08,2.8671482767587022e-18,0.0002219762964985125,1.3707465950923548e-16,0.00016486844208488891,1.2587856190757198e-12,3.725342922553674e-10,1.410126873615709e-13,1.1125825431043453e-15,7.16502398804957e-07,2.253962066522295e-11,0.006224596841538588,0.0003473154362263094,4.515851003116759e-05,1.8017142631653182e-08,1.2502330814778593e-09,4.178709460956287e-09,3.640633396550451e-12,2.5303726464281737e-12,3.877397747898679e-08,8.473278871334413e-06,4.823208173638756e-10,5.474405067428029e-07,6.922306142876162e-10,3.549689692249696e-11,1.577559476047593e-11,6.351338502670751e-07,1.415847241973117e-14,2.811823845377595e-15,4.557574144749549e-13,9.046740646636655e-11,6.4012087574756776e-18,4.152368779533319e-15,8.024073126058073e-14
2.5325687075270846e-08,0.16628943999999996,0.8585084662769803,0.0,0.0,0.4456714220471642,0.11220047267311582,0.022644092298233578,1.8268718892174166e-11,6.927092156882604e-08,3.241576937711919e-05,5.116280652790063e-06,3.666431994904549e-08,2.917506201808792e-18,0.00022268832489579909,1.3931051239995513e-16,0.00016526173065239554,1.2712598876762623e-12,3.7720970806712663e-10,1.4288911013746479e-13,1.12833613342045e-15,7.207923939070011e-07,2.283654959680762e-11,0.006233066766130776,0.00034838420828500364,4.5286788301178965e-05,1.8124270597720586e-08,1.2542130660383454e-09,4.191356539938232e-09,3.680029636588382e-12,2.5418135737351715e-12,3.9018083471916355e-08,8.502294649841917e-06,4.857841169092692e-10,5.520674504411382e-07,6.944362795937978e-10,3.596508104502501e-11,1.5942489319613452e-11,6.386852101601937e-07,1.4300957187635726e-14,2.850741685833354e-15,4.630321525375788e-13,9.136065788030618e-11,6.485395149836294e-18,4.2043991459335905e-15,8.10674818959747e-14
2.540737023476794e-08,0.16628943999999996,0.8585084662769803,0.0,0.0,0.4456617641586447,0.11219124897320772,0.0226435267444756,1.852626788424563e-11,7.004763428412102e-08,3.267053137295449e-05,5.17028601210053e-06,3.701303396618007e-08,2.9685352893879758e-18,0.00022340029057868157,1.4157532555694295e-16,0.0001656542989301157,1.2838163643520273e-12,3.819279382233391e-10,1.4478263132293237e-13,1.1442539744921535e-15,7.250930097655703e-07,2.313640531954528e-11,0.006241494606526067,0.0003494525509521396,4.541455830778858e-05,1.823148990251619e-08,1.2581924986277776e-09,4.2040023635321585e-09,3.719702540755166e-12,2.5532669240381702e-12,3.926205315132899e-08,8.531210878710341e-06,4.892560742617421e-10,5.56716033301015e-07,6.966417200277953e-10,3.643788555999234e-11,1.6110464741610917e-11,6.422432761800466e-07,1.4444118334178547e-14,2.8900447414492872e-15,4.703981760595734e-13,9.225964687515935e-11,6.570409679689977e-18,4.256905010832721e-15,8.189915667093274e-14
2.5489053394265032e-08,0.16628943999999996,0.8585084662769803,0.0,0.0,0.44565214916071205,0.1121820669597888,0.022642961219431122,1.878645270229644e-11,7.083015196367742e-08,3.292634148122912e-05,5.224640311216635e-06,3.7363902054855605e-08,3.020241339587479e-18,0.0002241121933160051,1.4386937632218092e-16,0.00016604614809565538,1.2964553125337014e-12,3.8668922627456517e-10,1.4669332044234873e-13,1.1603371022639217e-15,7.294042262938793e-07,2.343920694367584e-11,0.006249880570186608,0.0003505204640168032,4.55418224875105e-05,1.833879944009583e-08,1.2621713779806924e-09,4.216646927761599e-09,3.759652801719061e-12,2.564732446596789e-12,3.9505878192819305e-08,8.560027114971582e-06,4.927366255955538e-10,5.613862262050829e-07,6.988469351976686e-10,3.6915340673213645e-11,1.627952232013577e-11,6.45808024800974e-07,1.4587953475329606e-14,2.9297350842517416e-15,4.778563157024554e-13,9.316439007607972e-11,6.656257741561666e-18,4.309889072315532e-15,8.273575610193137e-14
2.5570736553762126e-08,0.16628943999999996,0.8585084662769803,0.0,0.0,0.4456425768451425,0.11217292642666726,0.02264239572300814,1.9049288897672868e-11,7.161849120968639e-08,3.318319774653707e-05,5.279343964606115e-06,3.771693017776863e-08,3.0726301702301145e-18,0.0002248240328764798,1.4619294373731628e-16,0.0001664372793251277,1.3091769954822141e-12,3.914938162425149e-10,1.4862124664541627e-13,1.1765865536529883e-15,7.337260234165672e-07,2.374497363920847e-11,0.0062582248635507706,0.0003515879472763639,4.566858330083609e-05,1.8446198127961233e-08,1.2661497028309517e-09,4.2292902286518945e-09,3.799881109469717e-12,2.5762098920784333e-12,3.974955037135684e-08,8.588742924826597e-06,4.962257071642324e-10,5.660779995716522e-07,7.010519247083799e-10,3.7397476685113065e-11,1.6449663320037176e-11,6.493794325462364e-07,1.473246022069266e-14,2.9698147835895904e-15,4.854074067360253e-13,9.407490409010952e-11,6.7429447468173136e-18,4.363354033674863e-15,8.357728057710304e-14
2.565241971325922e-08,0.16628943999999996,0.8585084662769803,0.0,0.0,0.44563304700469153,0.11216382716867034,0.02264183025511514,1.9314792022595275e-11,7.241266854722147e-08,3.34410982030205e-05,5.334397377450921e-06,3.807212429086433e-08,3.125707616760791e-18,0.00022553580902868407,1.4854630854774454e-16,0.00016682769379318667,1.321981676287672e-12,3.963419526181202e-10,1.5056647870460117e-13,1.193003366520746e-15,7.380583810700146e-07,2.4053724635877888e-11,0.0062665276920381855,0.00035265500053644893,4.579484323120988e-05,1.8553684906789147e-08,1.2701274719117672e-09,4.241932262230228e-09,3.840388151362233e-12,2.587699012588378e-12,3.9993061561180294e-08,8.617357883615171e-06,4.997232553067147e-10,5.707913233661512e-07,7.032566881618253e-10,3.788432399065525e-11,1.6620888977440716e-11,6.529574759879323e-07,1.487763617400876e-14,3.0102859060655044e-15,4.930522890459195e-13,9.499120550616363e-11,6.830476123651868e-18,4.417302603390418e-15,8.442373035766416e-14
2.5734102872756312e-08,0.16628943999999996,0.8585084662769803,0.0,0.0,0.44562355943308896,0.112154768981639,0.022641264815661137,1.958297762975904e-11,7.32127004251483e-08,3.370004087484646e-05,5.389800945678057e-06,3.842949034333076e-08,3.179479532137933e-18,0.00022624752154106772,1.5092975320667897e-16,0.00016721739267306035,1.3348696178682928e-12,4.012338803596094e-10,1.5252908501262467e-13,1.2095885796442431e-15,7.4240127920266e-07,2.4365479223100534e-11,0.006274789260054794,0.0003537216236109166,4.5920604784020824e-05,1.8661258740158658e-08,1.2741046839557151e-09,4.254573024525659e-09,3.88117461216083e-12,2.5991995616987575e-12,4.023640373566894e-08,8.645871575784936e-06,5.032292064534201e-10,5.755261671125004e-07,7.054612251568596e-10,3.8375913079276086e-11,1.6793200499845376e-11,6.565421317469175e-07,1.5023478933651355e-14,3.0511505154679907e-15,5.007918071411207e-13,9.591331089501353e-11,6.918857317077155e-18,4.471737495107624e-15,8.52751055793509e-14
2.5815786032253406e-08,0.16628943999999996,0.8585084662769803,0.0,0.0,0.44561411392503547,0.11214575166242316,0.02264069940455566,1.985386127193985e-11,7.401860321703591e-08,3.396002377667646e-05,5.445555055991173e-06,3.8789034277593166e-08,3.2339517867257903e-18,0.00022695917018195533,1.5334356187920635e-16,0.00016760637713658297,1.3478410829693505e-12,4.0616984489058545e-10,1.545091335800098e-13,1.2263432326877837e-15,7.467546977753107e-07,2.4680256749930494e-11,0.0062830097709978515,0.0003547878163218295,4.604587048560936e-05,1.876891861427728e-08,1.2780813376947582e-09,4.2672125115691476e-09,3.922241174082192e-12,2.610711294476377e-12,4.0479568967191655e-08,8.674283594859697e-06,5.067434971322686e-10,5.802824999044022e-07,7.076655352893275e-10,3.887227453481325e-11,1.6966599066222838e-11,6.601333764927252e-07,1.5169986093113786e-14,3.0924106727042065e-15,5.086268101614243e-13,9.684123680927112e-11,7.008093788909745e-18,4.526661427616541e-15,8.613140625386414e-14
2.58974691917505e-08,0.16628943999999996,0.8585084662769803,0.0,0.0,0.4456047102761988,0.11213677500887663,0.022640134021708717,2.0127458501603754e-11,7.483039322206913e-08,3.422104491412868e-05,5.501660085902853e-06,3.915076202930818e-08,3.2891302681876557e-18,0.0002276707547195492,1.5578802044632838e-16,0.00016799464835422556,1.3608963341621173e-12,4.1115009209810775e-10,1.565066920326831e-13,1.2432683661746317e-15,7.511186167614508e-07,2.499807662501529e-11,0.006291189427260907,0.0003558535784994258,4.617064288228991e-05,1.8876663537705603e-08,1.2820574318602597e-09,4.279850719393579e-09,3.96358851683849e-12,2.6222339675095032e-12,4.0722549426934634e-08,8.702593543407072e-06,5.102660639746321e-10,5.85060290416543e-07,7.098696181520902e-10,3.937343903543625e-11,1.7141085827118914e-11,6.637311869434869e-07,1.531715524148806e-14,3.1340684357335163e-15,5.165581518848646e-13,9.777499978337297e-11,7.098191017758739e-18,4.582077124830807e-15,8.699263227032139e-14
2.5979152351247592e-08,0.16628943999999996,0.8585084662769803,0.0,0.0,0.44559534828320907,0.11212783881985214,0.02263956866703083,2.0403784870521683e-11,7.56480866659618e-08,3.448310228423312e-05,5.558116403767674e-06,3.951467952735826e-08,3.3450208813799657e-18,0.00022838227492193278,1.5826341650899014e-16,0.00016838220749512608,1.3740356338428164e-12,4.161748683307774e-10,1.585218276096309e-13,1.2603650214588276e-15,7.55493016147546e-07,2.531895831655142e-11,0.006299328430238776,0.0003569189099820908,4.6294924539389275e-05,1.8984492541080912e-08,1.286032965183005e-09,4.292487644033798e-09,4.005217317679997e-12,2.633767338933518e-12,4.096533738470789e-08,8.730801033005392e-06,5.137968437212255e-10,5.89859506915704e-07,7.120734733350542e-10,3.9879437353576395e-11,1.7316661904757287e-11,6.673355398658532e-07,1.546498396393613e-14,3.1761258595018637e-15,5.245866907350985e-13,9.871461633356405e-11,7.189154499013496e-18,4.637987315766605e-15,8.785878339671613e-14
2.6060835510744685e-08,0.16628943999999996,0.8585084662769803,0.0,0.0,0.4455860277436558,0.11211894289519635,0.02263900334043301,2.068285592938872e-11,7.647169970187009e-08,3.474619387587953e-05,5.614924368815903e-06,3.988079269384586e-08,3.4016295482472852e-18,0.00022909373055707378,1.607700393920937e-16,0.0001687690557271183,1.3872592442315791e-12,4.212444203968248e-10,1.6055460716061094e-13,1.277634240697113e-15,7.598778759333451e-07,2.564292135223981e-11,0.006307426980332456,0.0003579838106163272,4.641871804030043e-05,1.9092404676839758e-08,1.2900079363932186e-09,4.305123281526627e-09,4.0471282514373585e-12,2.645311168455528e-12,4.120792520873154e-08,8.758905684209952e-06,5.17335773227936e-10,5.946801172717808e-07,7.142771004251985e-10,4.039030035585631e-11,1.7493328393145336e-11,6.709464120749178e-07,1.5613469842153078e-14,3.21858499587688e-15,5.327132897887461e-13,9.966010295788176e-11,7.280989744831351e-18,4.694394734521684e-15,8.872985928138608e-14
2.614251867024178e-08,0.16628943999999996,0.8585084662769803,0.0,0.0,0.44557674845608297,0.11211008703574503,0.022638438041826775,2.0964687227447913e-11,7.730124841130613e-08,3.501031767025802e-05,5.67208433118796e-06,4.024910744408787e-08,3.45896220771818e-18,0.0002298051213928275,1.6330818014849828e-16,0.00016915519421675944,1.400567427371405e-12,4.263589955622018e-10,1.6260509714391877e-13,1.2950770668209699e-15,7.642731761321783e-07,2.596998531924097e-11,0.006315485276954061,0.0003590482802567246,4.654202598555216e-05,1.920039901893973e-08,1.2939823442205846e-09,4.317757627910902e-09,4.089321990563486e-12,2.6568652173779336e-12,4.145030536540225e-08,8.786907126518589e-06,5.208827894715862e-10,5.995220889687062e-07,7.164804990066028e-10,4.0906059003019226e-11,1.7671086358182142e-11,6.745637804341407e-07,1.5762610454821706e-14,3.2614478935838e-15,5.409388167826921e-13,1.0061147613613969e-10,7.373702284125223e-18,4.7513021202544e-15,8.96058594544861e-14
2.6224201829738872e-08,0.16628943999999996,0.8585084662769803,0.0,0.0,0.44556751021998636,0.11210127104331817,0.02263787277112413,2.1249294312118885e-11,7.813674880505084e-08,3.527547164129255e-05,5.72959663196952e-06,4.061962968660985e-08,3.517024815601937e-18,0.00023051644719693983,1.6587813156300653e-16,0.00016954062412935752,1.413960445127125e-12,4.31518841548677e-10,1.6467336362420885e-13,1.3126945435087738e-15,7.686788967712502e-07,2.6300169864130014e-11,0.006323503518531689,0.0003601123187659293,4.6664850991894214e-05,1.9308474662580514e-08,1.2979561873942623e-09,4.330390679227496e-09,4.131799205175043e-12,2.6684292486209406e-12,4.169247041904036e-08,8.814804998336574e-06,5.244378295556389e-10,6.043853891152753e-07,7.186836686604762e-10,4.1426744349857966e-11,1.7849936837768622e-11,6.781876218552713e-07,1.5912403378060113e-14,3.3047165981421572e-15,5.492641441213426e-13,1.0156875232991184e-10,7.46729766255119e-18,4.808712217162806e-15,9.048678332946855e-14
2.6305884989235965e-08,0.16628943999999996,0.8585084662769803,0.0,0.0,0.44555831283580827,0.112092494720715,0.02263730752823756,2.1536692728631016e-11,7.897821682406615e-08,3.554165375606719e-05,5.787461603227317e-06,4.0992365323140477e-08,3.5758233444861675e-18,0.00023122770773705063,1.684801881563368e-16,0.00016992534662899715,1.4274385591843766e-12,4.367242065319333e-10,1.6675947227037023e-13,1.330487715158063e-15,7.730950178919316e-07,2.6633494692851522e-11,0.006331481902514293,0.0003611759260146116,4.6787195691398197e-05,1.941663072392439e-08,1.3019294646429068e-09,4.343022431519332e-09,4.174560563093565e-12,2.680003026744082e-12,4.1934413031618694e-08,8.842598946940851e-06,5.280008307158322e-10,6.092699844558743e-07,7.208866089651829e-10,4.195238754514356e-11,1.8029880841919698e-11,6.818179132982754e-07,1.606284618586096e-14,3.348393151803251e-15,5.576901488838431e-13,1.0253194798251616e-10,7.561781442496013e-18,4.8666277744637595e-15,9.137263020457113e-14
2.638756814873306e-08,0.16628943999999996,0.8585084662769803,0.0,0.0,0.4455491561049346,0.11208375787170925,0.022636742313080056,2.1826898019661434e-11,7.9825668340406e-08,3.580886197524519e-05,5.845679568045614e-06,4.1367320248605796e-08,3.635363783635262e-18,0.000231938902780697,1.7111464618908114e-16,0.0001703093628785645,1.4410020310485756e-12,4.4197533913967093e-10,1.6886348835345684e-13,1.348457626857928e-15,7.77521519550047e-07,2.696997957067417e-11,0.006339420625376518,0.0003622391018814345,4.6909062730573944e-05,1.952486633981633e-08,1.3059021746946867e-09,4.355652880831435e-09,4.217606729886141e-12,2.6915863179667265e-12,4.2176125962472967e-08,8.870288628443646e-06,5.315717303257557e-10,6.141758413811017e-07,7.230893194962717e-10,4.248301983155381e-11,1.821091935287854e-11,6.854546317712595e-07,1.6213936450521965e-14,3.3924795934884273e-15,5.66217712831252e-13,1.0350107951899873e-10,7.65715920306462e-18,4.925051546372091e-15,9.226339926430762e-14
2.6469251308230152e-08,0.16628943999999996,0.8585084662769803,0.0,0.0,0.4455400398296905,0.11207506030104439,0.022636177125565086,2.2119925724977716e-11,8.067911915812574e-08,3.6077094253480706e-05,5.904250840563319e-06,4.174450035112369e-08,3.695652138889677e-18,0.00023265003209531644,1.737818036656497e-16,0.0001706926740397714,1.4546511220438975e-12,4.472724884497119e-10,1.7098547674467237e-13,1.3666053243615226e-15,7.819583818161567e-07,2.7309644322145165e-11,0.006347319882623516,0.00036330184625301976,4.703045476950149e-05,1.9633180667503724e-08,1.3098743162773042e-09,4.368282023210936e-09,4.260938368905722e-12,2.7031788901875914e-12,4.241760206799494e-08,8.897873707755424e-06,5.351504659023585e-10,6.191029259382915e-07,7.252917998265026e-10,4.3018672545601146e-11,1.8393053325232814e-11,6.890977543303981e-07,1.6365671743071033e-14,3.436977958728132e-15,5.748477224136749e-13,1.0447616334611748e-10,7.753436540067485e-18,4.983986292079782e-15,9.315908958096795e-14
2.6550934467727245e-08,0.16628943999999996,0.8585084662769803,0.0,0.0,0.4455309638133369,0.11206640181442862,0.022635611965606595,2.241579138108531e-11,8.15385850141897e-08,3.6346348539823536e-05,5.96317572601177e-06,4.212391151199818e-08,3.756694432566091e-18,0.00023336109544825,1.764819603382008e-16,0.00017107528127317893,1.4683860933122616e-12,4.5261590398810953e-10,1.731255019134095e-13,1.384931854058695e-15,7.864055847758382e-07,2.7652508831044596e-11,0.006355179868795733,0.00036436415902391486,4.715137448097863e-05,1.9741572884356033e-08,1.3138458881180101e-09,4.3809098547071e-09,4.304556141330984e-12,2.7147805130033214e-12,4.26588343013084e-08,8.925353858547202e-06,5.387369751113945e-10,6.240512038419271e-07,7.274940495258741e-10,4.355937711756062e-11,1.8576283686032944e-11,6.927472580798616e-07,1.6518049633680056e-14,3.4818902796017655e-15,5.835810687773561e-13,1.0545721585232608e-10,7.850619066008021e-18,5.043434775735209e-15,9.405970011611977e-14
2.663261762722434e-08,0.16628943999999996,0.8585084662769803,0.0,0.0,0.44552192786006595,0.11205778221853029,0.022635046833119007,2.2714510520879733e-11,8.240408157937651e-08,3.661662277811661e-05,6.022454520753134e-06,4.250555960571389e-08,3.8184967033583584e-18,0.0002340720926067456,1.7921541771055722e-16,0.00017145718573821926,1.4822072058123199e-12,4.580058357272599e-10,1.752836279253431e-13,1.4034382629487444e-15,7.908631085299614e-07,2.7998593040339442e-11,0.00636300077747368,0.0003654260400965581,4.7271824549683836e-05,1.9850042187584343e-08,1.3178168889436255e-09,4.393536371371361e-09,4.348460706205779e-12,2.72639095772608e-12,4.2899815711929085e-08,8.95272876321228e-06,5.423311957728019e-10,6.290206404839505e-07,7.29696068161651e-10,4.410516507139729e-11,1.8760611334912304e-11,6.964031201717432e-07,1.667106769207489e-14,3.5272185846783424e-15,5.924186477717295e-13,1.0644425340775792e-10,7.948712410069867e-18,5.1033997664223865e-15,9.496522972211775e-14
2.6714300786721432e-08,0.16628943999999996,0.8585084662769803,0.0,0.0,0.44551293177499796,0.11204920132097305,0.022634481728017238,2.301609867330358e-11,8.327562445918185e-08,3.6887914907386316e-05,6.082087512319464e-06,4.28894504999304e-08,3.881065006239317e-18,0.00023478302333796122,1.8198247904210804e-16,0.00017183838859321734,1.4961147203184539e-12,4.634425340840182e-10,1.774599184405778e-13,1.4221255986133043e-15,7.953309331949626e-07,2.8347916952137518e-11,0.006370782801282677,0.00036648748938124427,4.739180767135469e-05,1.9958587793960944e-08,1.3217873174805597e-09,4.4061615692573355e-09,4.392652720478171e-12,2.73800999740025e-12,4.31405394454084e-08,8.979998112827333e-06,5.459330658660183e-10,6.3401120094396e-07,7.318978552983909e-10,4.4656068024693534e-11,1.894603714420935e-11,7.000653178059881e-07,1.6824723487934246e-14,3.572964898957934e-15,6.013613599564274e-13,1.0743729236420985e-10,8.047722218104133e-18,5.163884038140291e-15,9.58756771436159e-14
2.6795983946218525e-08,0.16628943999999996,0.8585084662769803,0.0,0.0,0.4455039753641771,0.11204065893033131,0.02263391665021668,2.3320571363008306e-11,8.415322919471839e-08,3.716022286222567e-05,6.142074979452346e-06,4.327559005547671e-08,3.944405412363382e-18,0.00023549388740896828,1.847834493516968e-16,0.00017221889099541162,1.5101088974197715e-12,4.689262499178178e-10,1.7965443671184913e-13,1.4409949091893564e-15,7.998090389031118e-07,2.870050062764122e-11,0.006378526131897565,0.0003675485067960885,4.7511326551981615e-05,2.0067208939539252e-08,1.3257571724548293e-09,4.418785444420857e-09,4.437132839039e-12,2.749637406818168e-12,4.33809987429621e-08,9.007161607112899e-06,5.495425235352285e-10,6.390228499992989e-07,7.340994104979723e-10,4.5212117688575856e-11,1.913256195909165e-11,7.037338282303237e-07,1.6979014591283473e-14,3.6191312438139365e-15,6.104101106082485e-13,1.0843634905512619e-10,8.14765415261661e-18,5.2248903697821856e-15,9.679104101908478e-14
2.687766710571562e-08,0.16628943999999996,0.8585084662769803,0.0,0.0,0.4454950584345675,0.11203215485612529,0.02263335159963317,2.3627944110020804e-11,8.503691126361268e-08,3.743354457317049e-05,6.202417192143175e-06,4.366398412634562e-08,4.008524008969982e-18,0.0002362046845867545,1.8761863542149531e-16,0.0001725986941009736,1.5241899975191109e-12,4.74457234528793e-10,1.8186724558277906e-13,1.4600472433423702e-15,8.042974058027795e-07,2.9056364187101006e-11,0.006386230960047415,0.00036860909226699027,4.7630383907016945e-05,2.0175904879373847e-08,1.3297264525920728e-09,4.431407992919982e-09,4.481901714760079e-12,2.7612729625350184e-12,4.3621186941083995e-08,9.034218954393314e-06,5.531595070945488e-10,6.440555521350322e-07,7.363007333196201e-10,4.577334586764162e-11,1.932018659768177e-11,7.074086287401881e-07,1.713393857287931e-14,3.665719636936112e-15,6.195658097280854e-13,1.0944143979558239e-10,8.2485138927549e-18,5.286421545115e-15,9.771131988233254e-14
2.6959350265212712e-08,0.16628943999999996,0.8585084662769803,0.0,0.0,0.4454861807940497,0.11202368890881646,0.022632786576183044,2.3938232429414834e-11,8.592668608089834e-08,3.770787796706843e-05,6.2631144116740155e-06,4.4054638559688247e-08,4.0734268992877585e-18,0.0002369154146382274,1.904883458008633e-16,0.00017297779906502692,1.5383582808320496e-12,4.800357396559052e-10,1.8409840748618443e-13,1.4792836502395755e-15,8.087960140586974e-07,2.94155278097688e-11,0.006393897475520192,0.00036966924572759635,4.7748982460599194e-05,2.02846748872411e-08,1.3336951566175733e-09,4.444029210815037e-09,4.526959998531844e-12,2.7729164428828e-12,4.386109747114544e-08,9.061169871556009e-06,5.567839550331423e-10,6.491092715538092e-07,7.385018233199338e-10,4.6339784459885366e-11,1.9508911851184997e-11,7.11089696678662e-07,1.7289493004587953e-14,3.7127320922744646e-15,6.288293720478088e-13,1.1045258088226909e-10,8.350307134295509e-18,5.348480352758738e-15,9.863651216402941e-14
2.7041033424709805e-08,0.16628943999999996,0.8585084662769803,0.0,0.0,0.4454773422514166,0.11201526089980292,0.022632221579783108,2.4251451830987254e-11,8.682256899990566e-08,3.798322096744093e-05,6.324166890659066e-06,4.444755919580842e-08,4.139120202439573e-18,0.00023762607733021748,1.9339289081019404e-16,0.00017335620704166536,1.5526140073859162e-12,4.856620174750728e-10,1.8634798444243954e-13,1.4987051795233718e-15,8.13304843852216e-07,2.977801173385115e-11,0.006401525867167404,0.00037072896711926365,4.786712494479244e-05,2.039351825536015e-08,1.337663283256277e-09,4.456649094168626e-09,4.572308339300673e-12,2.784567627983452e-12,4.410072385898107e-08,9.088014084010271e-06,5.604158060202713e-10,6.541839721856123e-07,7.407026800529134e-10,4.691146545662476e-11,1.969873848401887e-11,7.14777009436399e-07,1.7445675459755068e-14,3.760170619983901e-15,6.382017170371128e-13,1.1146978859347593e-10,8.453039589630881e-18,5.411069586165939e-15,9.956661619323527e-14
2.71227165842069e-08,0.16628943999999996,0.8585084662769803,0.0,0.0,0.44546854261636987,0.11200687064141475,0.02263165661035061,2.4567617818939095e-11,8.772457531314711e-08,3.82595714948383e-05,6.385574873086691e-06,4.484275186815721e-08,4.2056100533482994e-18,0.00023833667242948136,1.963325825447457e-16,0.00017373391918397047,1.5669574370188094e-12,4.913363205973046e-10,1.8861603805789136e-13,1.51831288128487e-15,8.178238753815601e-07,3.014383625646224e-11,0.0064091163229087365,0.00037178825639102073,4.798481409884086e-05,2.0502434294114678e-08,1.3416308312328077e-09,4.469267639045653e-09,4.617947384105645e-12,2.7962262997611354e-12,4.4340059724461206e-08,9.11475132564545e-06,5.640549989102804e-10,6.592796176973874e-07,7.429033030699864e-10,4.7488420942426525e-11,1.988966723394449e-11,7.184705444515578e-07,1.7602483513569395e-14,3.808037226369717e-15,6.476837689103189e-13,1.1249307918907535e-10,8.556716987756379e-18,5.474192043601153e-15,1.0050163019893155e-13
2.7204399743703992e-08,0.16628943999999996,0.8585084662769803,0.0,0.0,0.44545978169951606,0.11199851794690929,0.022631091667803277,2.488674589156153e-11,8.86327202531988e-08,3.853692746718768e-05,6.447338594362022e-06,4.524022240332737e-08,4.27290260264337e-18,0.00023904719970270515,1.9930773487845854e-16,0.00017411093664402772,1.58138882937862e-12,4.970589020668364e-10,1.9090262952332835e-13,1.538107806037569e-15,8.223530888620773e-07,3.051302173357664e-11,0.006416669029736654,0.00037284711349952986,4.810205266843808e-05,2.06114223317753e-08,1.3455977992714895e-09,4.481884841513356e-09,4.6638777781149506e-12,2.8078922419536706e-12,4.457909878105155e-08,9.141381338788578e-06,5.677014727475148e-10,6.643961715025611e-07,7.451036919200353e-10,4.807068309503178e-11,2.0081698812199533e-11,7.221702792097346e-07,1.77599147434177e-14,3.85633391383388e-15,6.572764566331373e-13,1.1352246891050659e-10,8.661345074257218e-18,5.537850528120476e-15,1.0144155231155383e-13
2.7286082903201085e-08,0.16628943999999996,0.8585084662769803,0.0,0.0,0.4454510593123624,0.11199020263046679,0.0226305267520593,2.520885154092662e-11,8.9547018993577e-08,3.881528680013421e-05,6.509458281350123e-06,4.563997662104788e-08,4.3410040165681065e-18,0.00023975765891650732,2.023186634677579e-16,0.00017448726057294264,1.5959084439220565e-12,5.028300153592715e-10,1.932078196125021e-13,1.558091004691176e-15,8.268924645264868e-07,3.088558857998201e-11,0.006424184173720975,0.0003739055384090469,4.821884340501162e-05,2.072048171422278e-08,1.3495641860963625e-09,4.4945006976413155e-09,4.710100164661733e-12,2.8195652401231864e-12,4.481783483536052e-08,9.167903874161463e-06,5.713551667711698e-10,6.695335967704372e-07,7.473038461494214e-10,4.865828418528123e-11,2.0274833903633036e-11,7.258761912438961e-07,1.7917966729234056e-14,3.905062680822124e-15,6.669807139293899e-13,1.1455797398075945e-10,8.76692961129532e-18,5.602047847551097e-15,1.0238638056452819e-13
2.7367766062698178e-08,0.16628943999999996,0.8585084662769803,0.0,0.0,0.4454423752673139,0.11198192450718562,0.02262996186303731,2.5533950252582987e-11,9.046748664961032e-08,3.9094647407375175e-05,6.571934152419699e-06,4.604202033417845e-08,4.409920476887787e-18,0.00024046804983744217,2.053656857553428e-16,0.00017486289212085592,1.610516539913678e-12,5.086499143797254e-10,1.9553166868070126e-13,1.578263528525564e-15,8.314419826251206e-07,3.1261557269231454e-11,0.006431661940013442,0.0003749635310913825,4.8335189065021936e-05,2.0829611804672244e-08,1.3535299904312007e-09,4.507115203501489e-09,4.756615185279574e-12,2.8312450816659514e-12,4.505626178667478e-08,9.194318690837258e-06,5.750160204200761e-10,6.746918564354738e-07,7.495037653020129e-10,4.925125657704013e-11,2.0469073166841812e-11,7.295882581343117e-07,1.807663705384061e-14,3.9542255217718656e-15,6.7679747928769e-13,1.1559961060435823e-10,8.873476377596143e-18,5.666786814470922e-15,1.0333611289580915e-13
2.744944922219527e-08,0.16628943999999996,0.8585084662769803,0.0,0.0,0.4454337293776686,0.11197368339307782,0.02262939700065642,2.5862057505256368e-11,9.139413827930647e-08,3.937500720098747e-05,6.634766417487354e-06,4.644635934870403e-08,4.479658180798471e-18,0.00024117837223200307,2.0844912097396063e-16,0.0001752378324369574,1.6252133764249297e-12,5.145188534609724e-10,1.978742366633785e-13,1.5986264291648692e-15,8.360016234261634e-07,3.164094833359589e-11,0.006439102512852248,0.0003760210915258606,4.845109240927621e-05,2.0938811983398286e-08,1.3574952109995335e-09,4.5197283551682215e-09,4.8034234797374525e-12,2.8429315558214572e-12,4.5294373626483407e-08,9.220625556196485e-06,5.786839733374144e-10,6.79870913206442e-07,7.51703448919212e-10,4.98496327271228e-11,2.0664417234308537e-11,7.333064575084884e-07,1.82359233032823e-14,4.003824427060926e-15,6.867276959680834e-13,1.1664739496734568e-10,8.98099116843546e-18,5.73207024618819e-15,1.0429074714942008e-13
2.7531132381692365e-08,0.16628943999999996,0.8585084662769803,0.0,0.0,0.4454251214576147,0.11196547910506469,0.022628832164836184,2.619318877055495e-11,9.2326988884214e-08,3.9656364091748105e-05,6.697955278062362e-06,4.6852999463729375e-08,4.5502233408365495e-18,0.00024188862586662537,2.11569290150167e-16,0.0001756120826695001,1.6399992123331836e-12,5.204370873615968e-10,2.0023558307482953e-13,1.6191807585517355e-15,8.405713672158883e-07,3.2023782364016036e-11,0.006446506075566556,0.00037707821969927915,4.856655620225678e-05,2.1048081647461328e-08,1.3614598465246622e-09,4.5323401487182734e-09,4.850525686074234e-12,2.854624453680699e-12,4.553216443799123e-08,9.246824245882562e-06,5.823589653753663e-10,6.850707295754645e-07,7.539028965399791e-10,5.045344518521702e-11,2.0860866712541437e-11,7.370307670411052e-07,1.8395823067153662e-14,4.053861382957063e-15,6.967723120086476e-13,1.1770134323726668e-10,9.08947979562605e-18,5.7979009647211586e-15,1.0525028107699315e-13
2.7612815541189458e-08,0.16628943999999996,0.8585084662769803,0.0,0.0,0.445416551322226,0.11195731146097206,0.022628267355496605,2.652735951267972e-11,9.326605341027866e-08,3.993871598944809e-05,6.761500927291967e-06,4.726194647147363e-08,4.6216221847890356e-18,0.0002425988105076898,2.1472651610807202e-16,0.00017598564396581291,1.6548743063207838e-12,5.26404871264149e-10,2.026157670069242e-13,1.6399275689217015e-15,8.451511942988885e-07,3.241008001005435e-11,0.006453872810580985,0.00037813491560586697,4.86815832114639e-05,2.1157420210434963e-08,1.3654238957296747e-09,4.544950580230841e-09,4.897922440632767e-12,2.8663235681937805e-12,4.576962839562153e-08,9.2729145437568e-06,5.860409365996946e-10,6.902912678269292e-07,7.56102107700859e-10,5.106272659380802e-11,2.1058422182215597e-11,7.407611644539473e-07,1.855633393891996e-14,4.1043383715683236e-15,7.069322802320496e-13,1.187614715631524e-10,9.198948087504381e-18,5.864281796777823e-15,1.062147123393134e-13
2.769449870068655e-08,0.16628943999999996,0.8585084662769803,0.0,0.0,0.4454080187874589,0.11194918027952595,0.022627702572558136,2.6864585188139612e-11,9.421134674869373e-08,4.0222060803199534e-05,6.8254035500071924e-06,4.7673206157264834e-08,4.693860955604561e-18,0.00024330892592152565,2.1792112347307158e-16,0.00017635851747231304,1.6698389168740936e-12,5.324224607733019e-10,2.0501484712788916e-13,1.6608679127777357e-15,8.497410849983045e-07,3.2799861979846795e-11,0.006461202899420086,0.00037919117924724326,4.8796176206772973e-05,2.1266827102134772e-08,1.3693873573374698e-09,4.557559645787577e-09,4.945614378093396e-12,2.8780286941767156e-12,4.600675976450891e-08,9.29889624185294e-06,5.897298272942586e-10,6.955324900462854e-07,7.583010819360083e-10,5.167750968810222e-11,2.1257084198315786e-11,7.444976275158408e-07,1.8717453516229578e-14,4.15525737079421e-15,7.172085582520657e-13,1.198277960755041e-10,9.309401888917191e-18,5.931215573735656e-15,1.0718403850786067e-13
2.7776181860183645e-08,0.16628943999999996,0.8585084662769803,0.0,0.0,0.4453995236701479,0.11194108538034828,0.02262713781594169,2.7204881245471505e-11,9.516288373674484e-08,4.050639644173615e-05,6.889663322769146e-06,4.808678429953461e-08,4.766945911305093e-18,0.00024401897187441374,2.2115343867556471e-16,0.00017673070433451733,1.6848933022825542e-12,5.384901119140143e-10,2.0743288168114278e-13,1.6820028428649148e-15,8.543410196560496e-07,3.31931490400543e-11,0.00646849652271279,0.0003802470106323746,4.891033795980591e-05,2.1376301768348333e-08,1.3733502300707721e-09,4.570167341472607e-09,4.993602131507122e-12,2.889739628317595e-12,4.624355289998254e-08,9.324769140331167e-06,5.934255779654597e-10,7.00794358128714e-07,7.604998187772188e-10,5.22978272959507e-11,2.1456853290280824e-11,7.482401340425895e-07,1.8879179401221927e-14,4.206620354277656e-15,7.276021084800585e-13,1.2090033288627709e-10,9.420847061208064e-18,5.998705131621406e-15,1.0815825706635442e-13
2.7857865019680738e-08,0.16628943999999996,0.8585084662769803,0.0,0.0,0.4453910657880025,0.11193302658395209,0.02262657308556861,2.7548263124965232e-11,9.61206791586485e-08,4.079172081370713e-05,6.954280413915807e-06,4.8502686669812704e-08,4.8408833248983365e-18,0.0002447289481325898,2.244237899546565e-16,0.00017710220569705344,1.70003772063774e-12,5.446080811296958e-10,2.098699284841806e-13,1.7033334121452591e-15,8.5895097863303e-07,3.358996201581417e-11,0.00647575386019682,0.0003813024097775316,4.902407124331673e-05,2.1485843670566696e-08,1.377312512652149e-09,4.5827736633725536e-09,5.041886332328205e-12,2.901456169182011e-12,4.6480002247040114e-08,9.350533047431658e-06,5.971281293466201e-10,7.060768337876758e-07,7.626983177539451e-10,5.292371233777238e-11,2.1657729962149466e-11,7.519886618969095e-07,1.9041509200826527e-14,4.258429291357815e-15,7.381138981314136e-13,1.219790980888646e-10,9.533289482203914e-18,6.0667533110909225e-15,1.091373654122976e-13
2.793954817917783e-08,0.16628943999999996,0.8585084662769803,0.0,0.0,0.4453826449596031,0.11192500371173746,0.02262600838136068,2.789474625839336e-11,9.708474774638434e-08,4.1078031827964515e-05,7.019254983609309e-06,4.892091903272162e-08,4.9156794842908434e-18,0.00024543885446224765,2.277325073618464e-16,0.00017747302270367007,1.7152724298324225e-12,5.507766252803769e-10,2.1232604492751253e-13,1.7248606737727086e-15,8.635709423093614e-07,3.399032179069126e-11,0.006482975090723108,0.00038235737670624644,4.9137378830590996e-05,2.1595452285717406e-08,1.3812742038040312e-09,4.5953786075765615e-09,5.0904676104463376e-12,2.9131781172178307e-12,4.6716102339813385e-08,9.376187779427697e-06,6.008374224022952e-10,7.113798785633371e-07,7.64896578393329e-10,5.355519782647689e-11,2.1859714692707672e-11,7.557431889883672e-07,1.9204440527056833e-14,4.3106861470236804e-15,7.487448992319381e-13,1.230641077580818e-10,9.646735046201444e-18,6.1353629574090335e-15,1.1012136085852044e-13
2.8021231338674925e-08,0.16628943999999996,0.8585084662769803,0.0,0.0,0.4453742610043975,0.11191701658598689,0.022625443703240135,2.8244346068745913e-11,9.805510418052118e-08,4.13653273938441e-05,7.084587183883676e-06,4.9341487145971244e-08,4.991340692201801e-18,0.00024614869062954185,2.3107992276470264e-16,0.0001778431564972466,1.7305976875596372e-12,5.569960016408798e-10,2.148012879736507e-13,1.7465856810682617e-15,8.682008910845825e-07,3.4394249306629004e-11,0.006490160392260171,0.00038341191144926806,4.925026349485921e-05,2.1705127105899003e-08,1.385235302248729e-09,4.607982170176301e-09,5.139346594218355e-12,2.9249052747593248e-12,4.6951847801024854e-08,9.401733160578257e-06,6.045533983325138e-10,7.167034538308695e-07,7.670946002202245e-10,5.419231686738719e-11,2.206280793563744e-11,7.595036932733137e-07,1.9367970997297312e-14,4.363392881868496e-15,7.594960886242157e-13,1.2415537795014965e-10,9.76118966395354e-18,6.204536920429426e-15,1.1111024063472551e-13
2.8102914498172018e-08,0.16628943999999996,0.8585084662769803,0.0,0.0,0.4453659137426972,0.1119090650298611,0.022624879051129636,2.8597077969969974e-11,9.903176309103615e-08,4.165360542143986e-05,7.150277158693028e-06,4.9764396760353566e-08,5.067873266077482e-18,0.0002468584564005915,2.3446636985052176e-16,0.0001782126082198021,1.7460137513117567e-12,5.632664678989973e-10,2.1729571415614755e-13,1.7685094874952567e-15,8.72840805377864e-07,3.4801765563900174e-11,0.006497309941898475,0.00038446601404451824,4.9362728008723834e-05,2.1814867638117152e-08,1.389195806708451e-09,4.620584347266004e-09,5.18852391049942e-12,2.9366374460305966e-12,4.718723334143698e-08,9.427169023080213e-06,6.082759985769567e-10,7.22047520808628e-07,7.692923827572247e-10,5.483510265816192e-11,2.2267010119666943e-11,7.632701527548241e-07,1.9532098234582842e-14,4.416551452045002e-15,7.703684479739246e-13,1.2525292470267911e-10,9.87665926265561e-18,6.2742780545746196e-15,1.1210400188902925e-13
2.818459765766911e-08,0.16628943999999996,0.8585084662769803,0.0,0.0,0.44535760299567356,0.11190114886739462,0.022624314424952302,2.895295736671412e-11,1.0001473905812728e-07,4.194286382187201e-05,7.216325043960219e-06,5.018965361973727e-08,5.145283538006374e-18,0.00024756815154148307,2.3789218412997375e-16,0.00017858137901250398,1.7615208783795656e-12,5.695882821536704e-10,2.1980937957868472e-13,1.7906331466348187e-15,8.774906656282153e-07,3.521289162105762e-11,0.006504423915854763,0.0003855196845370471,4.947477514360011e-05,2.1924673404022667e-08,1.3931557159053215e-09,4.633185134942474e-09,5.238000184673811e-12,2.9483744371485052e-12,4.74222537592937e-08,9.452495207020061e-06,6.120051648190608e-10,7.274120405662022e-07,7.714899255246847e-10,5.5483588488717385e-11,2.2472321648721992e-11,7.670425454826337e-07,1.969681986787432e-14,4.470163809221478e-15,7.813629637761119e-13,1.2635676403465487e-10,9.993149785931871e-18,6.3445892188159176e-15,1.1310264168950667e-13
2.8266280817166205e-08,0.16628943999999996,0.8585084662769803,0.0,0.0,0.4453493285853541,0.11189326792349144,0.022623749824631657,2.931199965407786e-11,1.0100404661301895e-07,4.223310050754889e-05,7.2827309676259395e-06,5.061726346106243e-08,5.22357785463496e-18,0.00024827777581827343,2.413577029407335e-16,0.00017894947001567576,1.7771193258513434e-12,5.759617029131742e-10,2.2234233991421187e-13,1.8129577121614526e-15,8.821504522946857e-07,3.5627648594884706e-11,0.006511502489476384,0.0003865729229789869,4.958640766917003e-05,2.2034543939651002e-08,1.3971150285613993e-09,4.645784529305109e-09,5.287776040685188e-12,2.960116056124824e-12,4.7656903939754686e-08,9.477711560325242e-06,6.157408389900599e-10,7.327969740323463e-07,7.736872280407482e-10,5.613780774114936e-11,2.2678742902079006e-11,7.708208495530758e-07,1.9862133532324463e-14,4.524231900538612e-15,7.92480627361432e-13,1.2746691194641958e-10,1.0110667193821603e-17,6.41547327665345e-15,1.1410615702573068e-13
2.8347963976663298e-08,0.16628943999999996,0.8585084662769803,0.0,0.0,0.44534109033461916,0.11188542202392082,0.02262318525009167,2.9674220217365784e-11,1.0199970023876064e-07,4.252431339242241e-05,7.349495049698231e-06,5.104723201433529e-08,5.302762577084139e-18,0.0002489873289969929,2.4486326545109626e-16,0.00017931688236880435,1.7928093506119458e-12,5.823869890933034e-10,2.2489465040413473e-13,1.835484237818798e-15,8.868201458565633e-07,3.604605766034552e-11,0.006518545837245578,0.00038762572942950714,4.96976283528498e-05,2.2144478795163703e-08,1.4010737433986925e-09,4.6583825264559125e-09,5.337852101066372e-12,2.9718621128679433e-12,4.7891178854322796e-08,9.502817938715016e-06,6.194829632729564e-10,7.382022820027805e-07,7.758842898213712e-10,5.679779388965453e-11,2.2886274234519167e-11,7.746050431090192e-07,2.0028036869540993e-14,4.578757668567176e-15,8.037224349023407e-13,1.285833844196578e-10,1.0229217462765301e-17,6.486933096096224e-15,1.151145448103136e-13
2.842964713616039e-08,0.16628943999999996,0.8585084662769803,0.0,0.0,0.4453328880671976,0.11187761099531282,0.022622620701256747,3.0039634431846715e-11,1.0300171437101797e-07,4.2816500392237525e-05,7.416617402302412e-06,5.14795650026229e-08,5.382844080866297e-18,0.0002496968108436488,2.484092126635803e-16,0.00017968361721054708,1.8085912093418991e-12,5.888644000155643e-10,2.274663658575535e-13,1.8582137773955438e-15,8.914997268135705e-07,3.646814005053513e-11,0.006525554132783758,0.0003886781039547682,4.980843995927052e-05,2.2254477534591846e-08,1.4050318591391822e-09,4.670979122499525e-09,5.3882289869687305e-12,2.983612419183937e-12,4.8125073560265313e-08,9.52781420565095e-06,6.232314801064225e-10,7.436279251478715e-07,7.780811103803481e-10,5.746358050045178e-11,2.309491597648385e-11,7.783951043398076e-07,2.0194527527840658e-14,4.633743051266512e-15,8.150893874192525e-13,1.297061974173798e-10,1.0348806585590851e-17,6.558971549642218e-15,1.1612780188044464e-13
2.8511330295657484e-08,0.16628943999999996,0.8585084662769803,0.0,0.0,0.4453247216076639,0.11186983466515432,0.02262205617805171,3.0408257662517694e-11,1.0401010339885689e-07,4.3109659424775496e-05,7.484098129731436e-06,5.1914268142047866e-08,5.463828755803005e-18,0.0002504062211242281,2.519958874185141e-16,0.00018004967567873754,1.8244651585164894e-12,5.953941954053686e-10,2.300575406505496e-13,1.881147384701501e-15,8.961891756860537e-07,3.689391705662946e-11,0.006532527548855762,0.00038973004662787444,4.991884524977178e-05,2.2364539735581216e-08,1.4089893745048333e-09,4.6835743135432296e-09,5.438907318191017e-12,2.995366788777059e-12,4.835858320002884e-08,9.552700232286996e-06,6.269863321886371e-10,7.49073864020186e-07,7.802776892293355e-10,5.813520123170296e-11,2.330466843423132e-11,7.82191011481197e-07,2.0361603162499212e-14,4.6891899819438384e-15,8.265824907866566e-13,1.3083536688390614e-10,1.0469440571499576e-17,6.6315915142585124e-15,1.1714592499942632e-13
2.867469661465167e-08,0.16628943999999996,0.8585084662769803,0.0,0.0,0.4453084954147618,0.11185438541439087,0.022620927208232697,3.115519257968922e-11,1.0604606346917687e-07,4.369888527072821e-05,7.6201350873798934e-06,5.279080770404677e-08,5.628533249484452e-18,0.00025182482605102147,2.592928001274803e-16,0.00018077976804171134,1.856490353069135e-12,6.086119804979868e-10,2.352984835906868e-13,1.9276310177038708e-15,9.055975993630737e-07,3.7756640371338147e-11,0.006546370429403001,0.00039183263674447854,5.013844790900132e-05,2.2584852899402317e-08,1.416902598999521e-09,4.708760465073377e-09,5.541170789197361e-12,3.018886982103188e-12,4.882442827318291e-08,9.602141087433819e-06,6.345148142120449e-10,7.600264706118894e-07,7.846701198334216e-10,5.949608014745278e-11,2.3727506602144547e-11,7.898002766705014e-07,2.0697500018258165e-14,4.8014761969628634e-15,8.499511978775839e-13,1.3311283890710817e-10,1.0713867251155124e-17,6.778587506797088e-15,1.1919675607691198e-13
2.882172630174644e-08,0.16628943999999996,0.8585084662769803,0.0,0.0,0.4452940125614333,0.11184059804413896,0.022619911222304282,3.183856276379019e-11,1.0790037309964752e-07,4.423249204512485e-05,7.743794878871478e-06,5.35878564285095e-08,5.7799205319339395e-18,0.0002531013233812287,2.660027868889711e-16,0.00018143454936891585,1.8856305462133144e-12,6.206897557317729e-10,2.4008241979080365e-13,1.970174770455643e-15,9.140987339522761e-07,3.854594172143731e-11,0.006558711449909275,0.0003937234917889464,5.033472831906662e-05,2.2783347818193624e-08,1.4240224349418988e-09,4.7314231573538966e-09,5.63424504721929e-12,3.040067222439489e-12,4.924232490474104e-08,9.646259698365952e-06,6.413115451770206e-10,7.699528300429196e-07,7.886224757869597e-10,6.074116340192654e-11,2.411186218410428e-11,7.966683909643503e-07,2.1001784436288314e-14,4.904131582859236e-15,8.714246606991969e-13,1.351844624214946e-10,1.0937485313638722e-17,6.912901620478181e-15,1.2105911200458175e-13
2.8968755988841206e-08,0.16628943999999996,0.8585084662769803,0.0,0.0,0.44527964303568945,0.11182692045264686,0.02261889531826682,3.253256862338187e-11,1.0977555912196697e-07,4.476921594039094e-05,7.86861707418356e-06,5.439267302184396e-08,5.934334108868194e-18,0.00025437758519737555,2.7285014711521604e-16,0.00018208715690431053,1.9150730916263158e-12,6.329413141606378e-10,2.4493023005154477e-13,2.0133960899701395e-15,9.226315386021832e-07,3.934754739672555e-11,0.006570942109078684,0.0003956129490817347,5.052973500864823e-05,2.298204237976569e-08,1.4311403057950538e-09,4.754081237017985e-09,5.728305568320108e-12,3.061257817224148e-12,4.96589022074077e-08,9.690019473136982e-06,6.48127923442115e-10,7.799443295317987e-07,7.92574040910269e-10,6.200567685229586e-11,2.44998201596529e-11,8.035551096458989e-07,2.130792805574835e-14,5.008312234236843e-15,8.933227181330397e-13,1.3727692800496055e-10,1.1164582934486463e-17,7.04914477479026e-15,1.2293718037832863e-13
2.9115785675935973e-08,0.16628943999999996,0.8585084662769803,0.0,0.0,0.44526538584453224,0.11181335166424003,0.022617879495697036,3.323729936637792e-11,1.1167170386874067e-07,4.530904491654415e-05,7.994602005123716e-06,5.5205290568690235e-08,6.0918117524990615e-18,0.00025565361013436935,2.7983694717080197e-16,0.0001827375972546005,1.9448194775330507e-12,6.45368184871134e-10,2.4984221576070527e-13,2.057301119735489e-15,9.311959004771191e-07,4.0161583660789836e-11,0.006583063384056198,0.0003975010092939984,5.072348390075618e-05,2.318093458040486e-08,1.4382562041073182e-09,4.776734681461286e-09,5.823355921891646e-12,3.082457748490385e-12,5.0074134852808996e-08,9.733419931742652e-06,6.549636246868981e-10,7.900007357119739e-07,7.965248122812184e-10,6.328982010694983e-11,2.489138146155332e-11,8.104603074562683e-07,2.1615917484507157e-14,5.1140292528630296e-15,9.156514127462915e-13,1.3939032796688998e-10,1.13951957495448e-17,7.187333907196995e-15,1.2483093985167947e-13
2.926281536303074e-08,0.16628943999999996,0.8585084662769803,0.0,0.0,0.4452512400035477,0.11179989071190438,0.02261686375417594,3.3952844075716375e-11,1.1358888924325401e-07,4.585196697233675e-05,8.12174992542664e-06,5.6025742080374584e-08,6.252391378894107e-18,0.0002569293968271473,2.8696527299405813e-16,0.0001833858770181708,1.974871189933107e-12,6.579719010470794e-10,2.548186737203185e-13,2.1018960016093654e-15,9.39791706971939e-07,4.098817738287223e-11,0.006595076243326847,0.00039938767316593957,5.091599084781481e-05,2.3380022539714983e-08,1.4453701224282566e-09,4.79938346810856e-09,5.919399665267765e-12,3.103666018061797e-12,5.048799835834043e-08,9.776460670818394e-06,6.618183275976766e-10,8.001218145398662e-07,8.004747869571563e-10,6.459379373305313e-11,2.528654678160779e-11,8.173838596189728e-07,2.192573942134956e-14,5.2212936887007266e-15,9.384168385364e-13,1.4152475441920307e-10,1.1629359565413645e-17,7.327486000505488e-15,1.2674036842414227e-13
2.9409845050125508e-08,0.16628943999999996,0.8585084662769803,0.0,0.0,0.4452372045368394,0.11178653663720967,0.022615848093288825,3.467929170571608e-11,1.1552719673295308e-07,4.639797014887674e-05,8.250061011766393e-06,5.685406049481288e-08,6.4161110465211615e-18,0.00025820494391073234,2.9423723016237265e-16,0.00018403200278512412,2.0052297125843403e-12,6.70753999936054e-10,2.5985989614123714e-13,2.1471868753948287e-15,9.484188457150464e-07,4.182745603689452e-11,0.006606981646792591,0.0004012729415058649,5.110727162417093e-05,2.3579304496195732e-08,1.452482053309001e-09,4.822027574413967e-09,6.0164403441940095e-12,3.124881647483881e-12,5.090046907542433e-08,9.819141362636143e-06,6.686917139284668e-10,8.103073314167423e-07,8.044239619753462e-10,6.591779925500495e-11,2.5685316573804836e-11,8.243256418387932e-07,2.2237380659776074e-14,5.3301165392758515e-15,9.61625141039944e-13,1.4368029927605942e-10,1.1867110359174684e-17,7.469618082497472e-15,1.2866544346969638e-13
2.9556874737220275e-08,0.16628943999999996,0.8585084662769803,0.0,0.0,0.4452232784769607,0.1117732884902331,0.022614832512625208,3.541673107859743e-11,1.1748670742264054e-07,4.6947042533063134e-05,8.379535364779354e-06,5.76902786764148e-08,6.5830089548118685e-18,0.00025948025002029036,3.0165494395700605e-16,0.00018467598113730438,2.0358965269866106e-12,6.837160228160281e-10,2.6496617063928066e-13,2.1931798784220347e-15,9.570772045712943e-07,4.2679547700476936e-11,0.006618780545848497,0.0004031568151892316,5.1297341918996466e-05,2.377877880286028e-08,1.4595919893025789e-09,4.844666977861379e-09,6.114481493277759e-12,3.146103677932816e-12,5.1311524177520474e-08,9.861461754090755e-06,6.755834685593376e-10,8.205570513064107e-07,8.083723343534039e-10,6.72620391528888e-11,2.6087691057498822e-11,8.31285530300652e-07,2.2550828091515534e-14,5.440508749075441e-15,9.852825174401434e-13,1.4585705425356138e-10,1.2108484278117906e-17,7.61374722556176e-15,1.306061417650997e-13
2.9703904424315042e-08,0.16628943999999996,0.8585084662769803,0.0,0.0,0.4452094608648473,0.11176014532948376,0.022613817011778777,3.616525088116258e-11,1.1946750200738704e-07,4.7499172260844085e-05,8.510173010096992e-06,5.8534429415988496e-08,6.753123442743179e-18,0.00026075531379118406,3.0922055942740657e-16,0.0001853178186483076,2.0668731123656593e-12,6.968595149621065e-10,2.7013778023292704e-13,2.2398811451357466e-15,9.657666716447732e-07,4.3544581053951214e-11,0.00663047388345824,0.0004050392951576842,5.148621732956758e-05,2.3978443922930845e-08,1.4666999229642079e-09,4.867301655964643e-09,6.213526636423571e-12,3.167331170115537e-12,5.1721141648124934e-08,9.903421665676717e-06,6.824932795531386e-10,8.308707388488761e-07,8.123199010897384e-10,6.862671686091264e-11,2.6493670220618804e-11,8.382634016684939e-07,2.286606870991355e-14,5.552481208965631e-15,1.009395216673044e-12,1.4805511086945956e-10,1.2353517639466358e-17,7.759890546328e-15,1.325624395180503e-13
2.985093411140981e-08,0.16628943999999996,0.8585084662769803,0.0,0.0,0.44519575074975176,0.11174710622182783,0.022612801590347394,3.692493966163835e-11,1.2146966080515066e-07,4.805434752029749e-05,8.641973899388173e-06,5.938654543064601e-08,6.926492987436965e-18,0.0002620301338590292,3.169362414550196e-16,0.0001859575218834795,2.0981609456571408e-12,7.10186025613403e-10,2.753750033425424e-13,2.287296806688823e-15,9.744871352814843e-07,4.44226853793676e-11,0.0066420625942289375,0.00040692038241807986,5.167391335491941e-05,2.4178298425673915e-08,1.4738058468516127e-09,4.889931586267829e-09,6.3135792872586675e-12,3.188563204165108e-12,5.2129300268821814e-08,9.945020990455295e-06,6.894208382097299e-10,8.412481584698956e-07,8.16266659163975e-10,7.001203676584018e-11,2.6903253822906844e-11,8.452591330841699e-07,2.3183089613243448e-14,5.666044755638774e-15,1.0339695395323541e-12,1.5027456044285816e-10,1.2602246930099269e-17,7.908065205301807e-15,1.345343123952004e-13
2.999796379850458e-08,0.16628943999999996,0.8585084662769803,0.0,0.0,0.4451821471891766,0.11173417024241432,0.022611786247932992,3.769588582667772e-11,1.2349326376910714e-07,4.8612556554542166e-05,8.77493791141028e-06,6.024665936370927e-08,7.103156202777051e-18,0.0002633047088597482,3.248041748165945e-16,0.00018659509739990188,2.1297615014907653e-12,7.236971079400338e-10,2.8067811379109993e-13,2.3354329905416438e-15,9.832384840719025e-07,4.5313990559496306e-11,0.006653547604485287,0.0004088000780415059,5.186044538986061e-05,2.437834098227395e-08,1.4809097535253568e-09,4.91255674634553e-09,6.414642949539241e-12,3.209798879512354e-12,5.25359796070897e-08,9.986259693013232e-06,6.963658391173944e-10,8.516890744865484e-07,8.202126055373786e-10,7.141820420541284e-11,2.7316441399183207e-11,8.522726021663249e-07,2.3501878007706534e-14,5.781210171093147e-15,1.0590118387729609e-12,1.525154940939223e-10,1.285470880627348e-17,8.058288406501154e-15,1.3652173554990108e-13
3.0144993485599354e-08,0.16628943999999996,0.8585084662769803,0.0,0.0,0.44516864924880833,0.11172133647460149,0.022610770984141618,3.847817763851896e-11,1.2553839049968698e-07,4.917378766448439e-05,8.909064853068471e-06,6.111480378461677e-08,7.283151838043112e-18,0.0002645790374296248,3.3282656424699115e-16,0.0001872305517463675,2.1616762521745928e-12,7.373943190102347e-10,2.8604738080635723e-13,2.384295820067514e-15,9.920206068534331e-07,4.62186270768231e-11,0.0066649298323430825,0.0004106783831622886,5.2045828719336265e-05,2.4578570361772652e-08,1.4880116355491276e-09,4.935177113803098e-09,6.516721117539621e-12,3.2310373147492002e-12,5.294116000412297e-08,1.0027137808413289e-05,7.033279802028462e-10,8.621932512088732e-07,8.241577371532802e-10,7.28454254667626e-11,2.7733232262635575e-11,8.593036870092852e-07,2.3822421210313273e-14,5.8979881821302184e-15,1.084528519213123e-12,1.5477800274358624e-10,1.311094009334299e-17,8.210577397094025e-15,1.3852468364975095e-13
3.0292023172694124e-08,0.16628943999999996,0.8585084662769803,0.0,0.0,0.4451552560024525,0.11170860400988407,0.022609755798583313,3.9271903212300496e-11,1.2760512025632204e-07,4.973802921140476e-05,9.044354460482538e-06,6.199101118883094e-08,7.466518776561214e-18,0.00026585311820535683,3.410056345014853e-16,0.00018786389146334463,2.1939066676794665e-12,7.512792197576007e-10,2.9148306902447057e-13,2.43389141416407e-15,1.000833392712759e-06,4.713672601253931e-11,0.006676210187782053,0.00041255529897699333,5.2230078513128493e-05,2.4778985427170936e-08,1.4951114854900368e-09,4.9577926662768636e-09,6.619817276436008e-12,3.2522776474963022e-12,5.334482256281338e-08,1.0067655441137178e-05,7.10306962778887e-10,8.727604530376356e-07,8.281020509374888e-10,7.429390778481606e-11,2.8153625508131557e-11,8.6635226618195e-07,2.4144706651764295e-14,6.0163894598790984e-15,1.1105260378353537e-12,1.5706217711326233e-10,1.337097778547705e-17,8.364949467037436e-15,1.4054313090402882e-13
3.0439052859788895e-08,0.16628943999999996,0.8585084662769803,0.0,0.0,0.4451419665319675,0.11169597194782085,0.022608740690872122,4.007715051353102e-11,1.296935319688982e-07,5.030526961938942e-05,9.180806400060832e-06,6.2875313997746e-08,7.653296034370552e-18,0.0002671269498241094,3.493436304175691e-16,0.00018849512308293198,2.2264542156235754e-12,7.653533749484462e-10,2.9698543849502827e-13,2.484225886870753e-15,1.0096767309880859e-06,4.806841904552618e-11,0.006687389572718066,0.0004144308267434182,5.2413209820886625e-05,2.4979585131567678e-08,1.5022092959189445e-09,4.98040338143442e-09,6.723934902671906e-12,3.2735190342444314e-12,5.3746949135470094e-08,1.010781276402167e-05,7.173024915889664e-10,8.833904445582709e-07,8.320455437986968e-10,7.576385934068927e-11,2.857762001555306e-11,8.73418218726683e-07,2.4468721878972955e-14,6.136424619356518e-15,1.1370109038859939e-12,1.593681077245521e-10,1.3634859045376532e-17,8.52142194871773e-15,1.4257705109076837e-13
3.0586082546883666e-08,0.16628943999999996,0.8585084662769803,0.0,0.0,0.4451287799272008,0.11168343939596324,0.02260772566062606,4.089400735571338e-11,1.318037042489135e-07,5.087549737760959e-05,9.31842026958074e-06,6.376774455859683e-08,7.843522758906032e-18,0.00026840053092356804,3.578428169762497e-16,0.00018912425312880368,2.2593203612571493e-12,7.79618353149287e-10,3.0255474468748414e-13,2.5353053469923718e-15,1.0185505112712816e-06,4.901383845133353e-11,0.0066984688810746845,0.0004163049677795802,5.259523756747762e-05,2.518036851434253e-08,1.5093050594107494e-09,5.003009236974843e-09,6.82907746430163e-12,3.294760650184628e-12,5.414752231155551e-08,1.0147610017188243e-05,7.243142748505646e-10,8.940829906310559e-07,8.359882126288969e-10,7.725548926007383e-11,2.9005214453149662e-11,8.805014241582052e-07,2.479445455746043e-14,6.258104219041953e-15,1.1639896789734715e-12,1.6169588489895748e-10,1.3902621203988413e-17,8.680012216592048e-15,1.4462641758355673e-13
3.0733112233978436e-08,0.16628943999999996,0.8585084662769803,0.0,0.0,0.4451156952859233,0.1116710054697841,0.022606710707467042,4.1722561398121044e-11,1.3393571540034328e-07,5.144870104245447e-05,9.457195599275156e-06,6.466833514436802e-08,8.037238227696535e-18,0.00026967386014198976,3.6650547936283985e-16,0.00018975128811614639,2.292506567447292e-12,7.940757266944444e-10,3.081912384989606e-13,2.587135897728799e-15,1.027454623409917e-06,4.9973117101152886e-11,0.006709448998854089,0.00041817772346269523,5.277617654864632e-05,2.538133469753216e-08,1.5163987685446633e-09,5.02561021062889e-09,6.935248421334192e-12,3.3160016890562476e-12,5.454652540572015e-08,1.0187047506966505e-05,7.313420242964751e-10,9.048378564775682e-07,8.399300543037813e-10,7.876900761161414e-11,2.9436407280910017e-11,8.876017624624882e-07,2.5121892473870394e-14,6.3814387604768814e-15,1.1914689771652573e-12,1.6404559875759432e-10,1.4174301760218908e-17,8.840737686831269e-15,1.4669120337829093e-13
3.088014192107321e-08,0.16628943999999996,0.8585084662769803,0.0,0.0,0.4451027117137658,0.11165866929260765,0.022605695831020883,4.25629001437254e-11,1.3608964343021346e-07,5.202486923952169e-05,9.597131852924363e-06,6.557711795370421e-08,8.234481847078503e-18,0.0002709469361182544,3.753339230272447e-16,0.00019037623455158746,2.326014294662943e-12,8.087270716537699e-10,3.138951662633941e-13,2.6397236363108123e-15,1.0363889575092087e-06,5.0946388460785056e-11,0.006720330804207361,0.00042004909522815227,5.295604142697627e-05,2.5582482882246977e-08,1.5234904159045271e-09,5.048206280159227e-09,7.042451226062417e-12,3.3372413629661688e-12,5.494394244555391e-08,1.0226125604812518e-05,7.383854552126171e-10,9.15654807763507e-07,8.438710656831275e-10,8.030462540527555e-11,2.987119675395049e-11,8.947191140956457e-07,2.5451023538057784e-14,6.50643868790336e-15,1.21945546508352e-12,1.664173392209067e-10,1.444993838064482e-17,9.003615816964123e-15,1.4877138111948936e-13
3.102717160816798e-08,0.16628943999999996,0.8585084662769803,0.0,0.0,0.445089828324155,0.11164642999553946,0.022604681030917218,4.34151109372721e-11,1.3826556605888117e-07,5.2603990665470363e-05,9.738228428952883e-06,6.649412511082042e-08,8.435293150924294e-18,0.00027221975749191645,3.843304737437418e-16,0.00019099909893311603,2.3598450009599696e-12,8.23573967800489e-10,3.1966676976199893e-13,2.693074653642125e-15,1.0453534039338606e-06,5.193378658960211e-11,0.006731115167504165,0.00042191908456848273,5.3134846728140574e-05,2.578381234509555e-08,1.5305799940791062e-09,5.070797423360693e-09,7.150689323361038e-12,3.3584789021873202e-12,5.533975815931192e-08,1.0264844746222268e-05,7.454442864748937e-10,9.265336106779393e-07,8.478112436112063e-10,8.186255459070399e-11,3.0309580925917705e-11,9.018533599828272e-07,2.5781835785008278e-14,6.6331143879156885e-15,1.2479558619994837e-12,1.6881119600838283e-10,1.4729568899223103e-17,9.168664105522529e-15,1.5086692312620032e-13
3.117420129526275e-08,0.16628943999999996,0.8585084662769803,0.0,0.0,0.44507704423825,0.11163428671739768,0.022603666306789505,4.427928096350511e-11,1.4046356073002651e-07,5.318605408974082e-05,9.880484661530632e-06,6.741938866541388e-08,8.639711799385375e-18,0.0002734923229032543,3.934974776702545e-16,0.00019161988774999688,2.3940001419663962e-12,8.386179985791661e-10,3.2550628623502387e-13,2.7471950339475987e-15,1.0543478533098153e-06,5.293544613950387e-11,0.006741802951401781,0.00042378769303232463,5.3312606837433196e-05,2.598532243483558e-08,1.5376674956623417e-09,5.0933836180604385e-09,7.2599661509920044e-12,3.37971355499463e-12,5.5733957964105445e-08,1.0303205429640387e-05,7.525182405843514e-10,9.374740320090426e-07,8.517505849171701e-10,8.344300805557696e-11,3.0751557652403926e-11,9.090043815171094e-07,2.6114317377056975e-14,6.761476189131341e-15,1.2769769399264947e-12,1.7122725863827215e-10,1.501323131699901e-17,9.335900091688327e-15,1.529778014179999e-13
3.132123098235752e-08,0.16628943999999996,0.8585084662769803,0.0,0.0,0.4450643585848788,0.11162223860464417,0.022602651658274985,4.5155497245536746e-11,1.4268370462035679e-07,5.377104835614556e-05,1.0023899821677978e-05,6.83529405925758e-08,8.847777577650096e-18,0.00027476463099332035,4.0283730140711816e-16,0.00019223860748267737,2.4284811708677514e-12,8.538607510737887e-10,3.3141394839477596e-13,2.802090854427682e-15,1.0633721965259105e-06,5.395150235386908e-11,0.006752395010913544,0.00042565492222338216,5.348933599657188e-05,2.6187012569077873e-08,1.5447529132536562e-09,5.1159648421181265e-09,7.37028513990365e-12,3.4009445874715205e-12,5.6126527953787946e-08,1.0341208215365366e-05,7.596070436983844e-10,9.484758392164057e-07,8.55689086415418e-10,8.504619962394547e-11,3.119712459437471e-11,9.161720605583858e-07,2.644845660559108e-14,6.891534361906033e-15,1.306525523711795e-12,1.7366561642730414e-10,1.5300963801812602e-17,9.505341354941245e-15,1.5510398774047385e-13
3.146826066945229e-08,0.16628943999999996,0.8585084662769803,0.0,0.0,0.445051770500476,0.11161028481131713,0.02260163708501461,4.604384664336189e-11,1.4492607464902403e-07,5.4358962384335496e-05,1.0168473118374178e-05,6.929481279270431e-08,9.059530394715296e-18,0.0002760366804039904,4.1235233205533765e-16,0.0001928552646026889,2.4632895383925544e-12,8.693038159759714e-10,3.373899844398866e-13,2.8577681849190903e-15,1.0724263247354451e-06,5.498209106650098e-11,0.0067628921934766726,0.0004275207737993832,5.366504830076379e-05,2.6388882230944897e-08,1.5518362394582501e-09,5.1385410734262064e-09,7.481649714483369e-12,3.4221712832752773e-12,5.6517454886719917e-08,1.0378853724451606e-05,7.667104256611647e-10,9.59538800499969e-07,8.596267449059921e-10,8.66723440545677e-11,3.1646279221606474e-11,9.233562794322565e-07,2.6784241892480386e-14,7.023299118060691e-15,1.3366084911270172e-12,1.7612635849040868e-10,1.559280468800344e-17,9.677005514708022e-15,1.5724545359008958e-13
3.161529035654706e-08,0.16628943999999996,0.8585084662769803,0.0,0.0,0.4450392791290201,0.11159842449896328,0.02260062258665306,4.694441585251461e-11,1.4719074748675878e-07,5.494978517114604e-05,1.031420369966859e-05,7.024503709141797e-08,9.275010282172104e-18,0.000277308469778012,4.2204497727433647e-16,0.0001934698655725424,2.498426692797919e-12,8.849487875532757e-10,3.4343461807079265e-13,2.9142330875617207e-15,1.081510129357658e-06,5.6027348700567495e-11,0.006773295339019479,0.00042938524947103135,5.383975769602298e-05,2.6590930965991105e-08,1.5589174668873395e-09,5.1611122899100295e-09,7.594063292823852e-12,3.443392943467036e-12,5.690672617420074e-08,1.0416142637607944e-05,7.738281200329749e-10,9.706626848656662e-07,8.635635571749602e-10,8.832165703923424e-11,3.209901881613112e-11,9.305569209289146e-07,2.7121661792077996e-14,7.156780610620474e-15,1.3672327729573904e-12,1.7860957374043744e-10,1.5888792476113818e-17,9.8509102300129e-15,1.5940217023936002e-13
3.176232004364183e-08,0.16628943999999996,0.8585084662769803,0.0,0.0,0.4450268836219715,0.11158665683657164,0.02259960816283866,4.785729140286565e-11,1.4947779956472528e-07,5.5543505791827244e-05,1.046109065379432e-05,7.120364523946995e-08,9.494257393005785e-18,0.000278579997759053,4.3191766533919663e-16,0.00019408241684561813,2.533894079855292e-12,9.007972636176515e-10,3.495480685064046e-13,2.971491616471852e-15,1.0906235020791164e-06,5.7087412267536246e-11,0.00678360528002801,0.0004312483510009574,5.4013477976732236e-05,2.6793158379204482e-08,1.5659965881584404e-09,5.183678469528018e-09,7.707529287001086e-12,3.4646088863182375e-12,5.7294329868590563e-08,1.0453075694094277e-05,7.809598641149779e-10,9.818472621878494e-07,8.674995199947599e-10,8.999435520108416e-11,3.255534047568892e-11,9.37773868302032e-07,2.7460704992599607e-14,7.291988933603799e-15,1.398405353089672e-12,1.811153508878873e-10,1.6188965832590598e-17,1.0027073199129411e-14,1.615741087614636e-13
3.19093497307366e-08,0.16628943999999996,0.8585084662769803,0.0,0.0,0.44501458313821063,0.11157498100050717,0.022598593813223374,4.8782559657558286e-11,1.5178730708309818e-07,5.6140113401161936e-05,1.0609133010283658e-05,7.217066891266314e-08,9.717312000408541e-18,0.00027985126299174824,4.419728451973882e-16,0.00019469292486605193,2.5696931428363157e-12,9.168508454939946e-10,3.5573055050193617e-13,3.0295498174215866e-15,1.099766334855026e-06,5.816241936610404e-11,0.006793822841612071,0.00043311008020266716,5.4186222783440126e-05,2.6995564131888343e-08,1.5730735958956728e-09,5.206239590271928e-09,7.822051103281983e-12,3.4858184470378142e-12,5.7680254651139207e-08,1.0489653690616637e-05,7.881053989732981e-10,9.930923032685664e-07,8.714346301245788e-10,9.169065609291345e-11,3.3015241117186734e-11,9.450070052676416e-07,2.780136031701896e-14,7.428934121823607e-15,1.430133268598807e-12,1.8364377844062538e-10,1.6493363589484986e-17,1.0205512159233248e-14,1.6376124005392596e-13
3.205637941783137e-08,0.16628943999999996,0.8585084662769803,0.0,0.0,0.44500237684397675,0.11156339617444543,0.022597579537462765,4.972030681208115e-11,1.5411934601936282e-07,5.673959723447639e-05,1.075832974108492e-05,7.314613971176568e-08,9.944214496605909e-18,0.0002811222641217471,4.522129865249894e-16,0.00019530139606861589,2.6058253224988103e-12,9.3311113798882e-10,3.619822743678696e-13,3.088413727524588e-15,1.1089385199104536e-06,5.925250818112105e-11,0.006803948841570669,0.00043497043893948834,5.435800560088307e-05,2.7198147938838028e-08,1.5801484827299808e-09,5.2287956301669744e-09,7.937632142347804e-12,3.5070209775994323e-12,5.8064489820722857e-08,1.0525877480220009e-05,7.9526446946287e-10,1.0043975798937732e-06,8.753688843107335e-10,9.341077819547446e-11,3.347871748015843e-11,9.522562160030179e-07,2.8143616724934684e-14,7.567626150690513e-15,1.462423609833313e-12,1.8619494470361525e-10,1.680202474415108e-17,1.0386244886056459e-14,1.6596353486287023e-13
3.220340910492614e-08,0.16628943999999996,0.8585084662769803,0.0,0.0,0.444990263912807,0.11155190154930761,0.022596565335215955,5.067061889347589e-11,1.564739921363493e-07,5.7341946608547114e-05,1.0908679761680194e-05,7.413008916242744e-08,1.0175005391697061e-17,0.0002823929997957599,4.626405797823949e-16,0.00019590783687859596,2.642292057072885e-12,9.49579749359055e-10,3.683034459900274e-13,3.1480893749280866e-15,1.1181399497414716e-06,6.035781748250991e-11,0.0068139840904568845,0.00043682942912351576,5.452883975622507e-05,2.7400909565651764e-08,1.5872212412993998e-09,5.251346567271946e-09,8.054275799562724e-12,3.5282158465660373e-12,5.844702528230509e-08,1.0561747971180658e-05,8.024368242459946e-10,1.0157628648865454e-06,8.793022792869952e-10,9.515494091576732e-11,3.394576613022903e-11,9.595213851455555e-07,2.848746331371751e-14,7.708074936072535e-15,1.4952835204994033e-12,1.8876893777864526e-10,1.7114988458942938e-17,1.056928919354301e-14,1.681809638067908e-13
3.235043879202091e-08,0.16628943999999996,0.8585084662769803,0.0,0.0,0.4449782435254755,0.11154049632319613,0.022595551206145596,5.163358175967751e-11,1.5885132098999712e-07,5.794715092240806e-05,1.1060181932203495e-05,7.512254871509721e-08,1.0409725312507084e-17,0.0002836634686616031,4.732581362695138e-16,0.0001965122537116654,2.6790947822471713e-12,9.662582912809454e-10,3.746942668507257e-13,3.208582778511171e-15,1.127370517116225e-06,6.147848662417959e-11,0.006823929391642149,0.0004386870527145564,5.469873841750724e-05,2.7603848825822797e-08,1.5942918642493595e-09,5.27389237967947e-09,8.171985465138375e-12,3.549402438770108e-12,5.8827851534831854e-08,1.059726612589854e-05,8.096222158101117e-10,1.0271879321573789e-06,8.832348117749505e-10,9.69233645853228e-11,3.44163834625804e-11,9.66802397791642e-07,2.8832889318777776e-14,7.850290334170085e-15,1.5287201977438456e-12,1.913658455640583e-10,1.7432294060909718e-17,1.0754662933505365e-14,1.7041349739888043e-13
3.249746847911568e-08,0.16628943999999996,0.8585084662769803,0.0,0.0,0.44496631486993365,0.11152917970133112,0.022594537149917833,5.2609281098985484e-11,1.6125140793685432e-07,5.8555199658061945e-05,1.1212835058558904e-05,7.612354974494054e-08,1.0648415001452373e-17,0.00028493366936824515,4.840681881804546e-16,0.0001971146529737557,2.7162349311551774e-12,9.83148378819078e-10,3.8115493405097973e-13,3.2698999475893536e-15,1.1366301150759203e-06,6.26146555429337e-11,0.006833785541379972,0.00044054331171907335,5.486771459229661e-05,2.7806965578150697e-08,1.6013603442329001e-09,5.2964330455161465e-09,8.290764524305345e-12,3.5705801551357156e-12,5.9206959660312646e-08,1.0632432959788675e-05,8.168204004865623e-10,1.0386725567516415e-06,8.871664784843805e-10,9.871627045847742e-11,3.489056570541439e-11,9.740991394955304e-07,2.917988411538337e-14,7.994282141379056e-15,1.5627408922355621e-12,1.9398575575448338e-10,1.775398104148952e-17,1.0942383995282337e-14,1.7266110607027424e-13
3.2644498166210454e-08,0.16628943999999996,0.8585084662769803,0.0,0.0,0.4449544771412498,0.11151795089598693,0.022593523166202275,5.3597802429663536e-11,1.6367432814132243e-07,5.916608238109966e-05,1.136663789353825e-05,7.71331235517584e-08,1.0891115315420116e-17,0.00028620360056585075,4.950732886576984e-16,0.00019771504106092379,2.753713934361765e-12,1.000251630395519e-09,3.876856403337366e-13,3.3320468816254123e-15,1.1459186369357425e-06,6.376646475737419e-11,0.006843553328869089,0.00044239820818913026,5.5035781126527316e-05,2.8010259724376082e-08,1.6084266739109108e-09,5.318968542942615e-09,8.410616357587339e-12,3.591748412547905e-12,5.958434131273442e-08,1.0667249540173203e-05,8.240311384631975e-10,1.0502165148942674e-06,8.910972761135688e-10,1.005338807106398e-10,3.536830892341506e-11,9.814114962682098e-07,2.9528437219717735e-14,8.140060094217079e-15,1.5973529082459756e-12,1.966287558405688e-10,1.8080089056201832e-17,1.113247030539836e-14,1.7492376019305027e-13
3.2791527853305224e-08,0.16628943999999996,0.8585084662769803,0.0,0.0,0.4449427295415496,0.11150680912642966,0.022592509254671968,5.4599231099665886e-11,1.661201565826456e-07,5.977978874123135e-05,1.1521589137937823e-05,7.815130135990672e-08,1.113786722465884e-17,0.00028747326090582505,5.062760118457607e-16,0.0001983134243592179,2.791533219849748e-12,1.0175696677590687e-09,3.9428657410810575e-13,3.3950295699464986e-15,1.1552359762856994e-06,6.493405536679971e-11,0.006853233536316039,0.00044425174422133663,5.520295070352765e-05,2.8213731206471008e-08,1.6154908459524345e-09,5.341498850153823e-09,8.531544340928494e-12,3.612906643474207e-12,5.995998870600486e-08,1.0701716985175363e-05,8.312541937958392e-10,1.0618195840317542e-06,8.950272013496368e-10,1.0237641843654907e-10,3.5849609021209245e-11,9.887393545762655e-07,2.98785382883643e-14,8.287633869272274e-15,1.6325636037281042e-12,1.9929493310871727e-10,1.841065792433807e-17,1.1324939827223747e-14,1.7720143010103117e-13
3.2938557540399995e-08,0.16628943999999996,0.8585084662769803,0.0,0.0,0.4449310712799579,0.1114957536188551,0.02259149541500333,5.5613652286487656e-11,1.685889680616435e-07,6.0396308472733e-05,1.1677687441673764e-05,7.917811431821622e-08,1.1388711811681342e-17,0.0002887426490408573,5.176789529443372e-16,0.00019890980924454018,2.829694213006606e-12,1.0351041159546232e-09,4.0095791947456114e-13,3.4588539914675032e-15,1.1645820269913966e-06,6.611756905009846e-11,0.00686282693899721,0.0004461039219557939,5.5369235843222066e-05,2.8417380004251746e-08,1.6225528530348827e-09,5.364023945379153e-09,8.653551845795624e-12,3.634054295768764e-12,6.033389460338629e-08,1.0735836462613399e-05,8.384893344223899e-10,1.073481542871558e-06,8.989562508689276e-10,1.042441076485258e-10,3.633446174681994e-11,9.960826013407465e-07,3.023017712014692e-14,8.437013083121951e-15,1.6683803903944102e-12,2.019843746408229e-10,1.8745727628650843e-17,1.151981056063617e-14,1.7949408611189626e-13
3.3085587227494766e-08,0.16628943999999996,0.8585084662769803,0.0,0.0,0.4449195015725389,0.1114847836063271,0.022590481646876184,5.664115099713774e-11,1.7108083720720598e-07,6.1015631394812015e-05,1.1834931404895658e-05,8.021359349991362e-08,1.164369027018263e-17,0.00029001176362496297,5.292847282609397e-16,0.00019950420208250807,2.868198336611322e-12,1.052856603292659e-09,4.076998562510875e-13,3.5235261144206738e-15,1.1739566831947418e-06,6.731714806463683e-11,0.006872334305320311,0.00044795474357504233,5.5534648901501773e-05,2.862120613335557e-08,1.6296126878442432e-09,5.38654380688247e-09,8.776642239475912e-12,3.655190832625779e-12,6.070605230699493e-08,1.0769609188896234e-05,8.457363321698389e-10,1.085202171418942e-06,9.028844213372983e-10,1.0613717327471398e-10,3.682286269511425e-11,1.0034411239360182e-06,3.058334365732835e-14,8.58820729232007e-15,1.704810733793403e-12,2.0469716731400955e-10,1.9085338315041874e-17,1.171710054168355e-14,1.8180169854955747e-13
3.3232616914589536e-08,0.16628943999999996,0.8585084662769803,0.0,0.0,0.44490801964223825,0.11147389832871675,0.02258946794997363,5.768181206823128e-11,1.735958384825459e-07,6.16377474118953e-05,1.1993319579097913e-05,8.125776990254319e-08,1.1902843903967754e-17,0.00029128060331352727,5.410959752630142e-16,0.0002000966092283139,2.907047010821341e-12,1.0708287613188214e-09,4.145125600002427e-13,3.5890518960914576e-15,1.1833598393145873e-06,6.853293524514241e-11,0.006881756396885317,0.0004498042113030114,5.569920206975902e-05,2.8825209642721373e-08,1.6366703430753822e-09,5.409058412962372e-09,8.900818885180685e-12,3.67631573212982e-12,6.107645564575957e-08,1.080303642792295e-05,8.529949627593334e-10,1.0969812510113722e-06,9.068117094104276e-10,1.0805584115731557e-10,3.7314807311246675e-11,1.0108148101886203e-06,3.0938027984076243e-14,8.741225993420451e-15,1.7418621533850077e-12,2.0743339780037155e-10,1.9429530292247997e-17,1.191682784224795e-14,1.8412423776326166e-13
3.337964660168431e-08,0.16628943999999996,0.8585084662769803,0.0,0.0,0.44489662471882524,0.11146309703264182,0.022588454323982113,5.873572016619971e-11,1.7613404619120587e-07,6.226264651384319e-05,1.2152850468228548e-05,8.23106744478891e-08,1.216621412589111e-17,0.00029254916676334615,5.531153526295492e-16,0.0002006870370265835,2.946241653159635e-12,1.089022224783634e-09,4.2139620205711026e-13,3.655437282560573e-15,1.192791390047306e-06,6.976507400258214e-11,0.006891093968544849,0.0004516523274039705,5.5862907374573496e-05,2.902939061235699e-08,1.6437258114322686e-09,5.43156774195233e-09,9.026085142049446e-12,3.6974284870116265e-12,6.144509896517585e-08,1.0836119489983081e-05,8.602650058161018e-10,1.1088185643505269e-06,9.107381117342014e-10,1.100003380508172e-10,3.781029089409113e-11,1.0182035483761159e-06,3.1294220328357075e-14,8.89607862294708e-15,1.779542222614694e-12,2.1019315256671623e-10,1.9778344031525987e-17,1.2119010569710647e-14,1.8646167414838671e-13
3.352667628877908e-08,0.16628943999999996,0.8585084662769803,0.0,0.0,0.44488531603883524,0.11145237897140683,0.022587440768591326,5.980295978761654e-11,1.7869553448284322e-07,6.289031877609287e-05,1.231352252979493e-05,8.337233798189886e-08,1.243384245681237e-17,0.00029381745263266744,5.653455403021652e-16,0.00020127549181123345,2.985783678501899e-12,1.107438631612311e-09,4.283509495581128e-13,3.7226882084522676e-15,1.202251230367306e-06,7.101370832303549e-11,0.006900347768464039,0.00045349909418148374,5.6025776677545045e-05,2.9233749151679627e-08,1.6507790856281443e-09,5.454071772220708e-09,9.152444365490036e-12,3.71852860474166e-12,6.181197711755046e-08,1.086885973065955e-05,8.675462448713085e-10,1.1207138955319907e-06,9.146636249449979e-10,1.119708916202091e-10,3.8309308599663004e-11,1.0256072272259378e-06,3.165191106364172e-14,9.052774557435844e-15,1.8178585689863736e-12,2.129765178743078e-10,2.0131820166336026e-17,1.2323666866618588e-14,1.888139781684367e-13
3.367370597587385e-08,0.16628943999999996,0.8585084662769803,0.0,0.0,0.444874092845512,0.1114417434049439,0.022586427283494196,6.08836152596357e-11,1.8128037735878993e-07,6.35207543597341e-05,1.2475334175966148e-05,8.444279127460702e-08,1.2705770524561188e-17,0.00029508545958123196,5.7778923953569255e-16,0.00020186197990532768,3.02567449906385e-12,1.1260796228746887e-09,4.353769654706607e-13,3.790810596688772e-15,1.2117392555274847e-06,7.227898276656326e-11,0.006909518538179853,0.000455344513977367,5.618782167526948e-05,2.9438285397187735e-08,1.6578301583858221e-09,5.476570482170996e-09,9.279899907286611e-12,3.739615607001584e-12,6.217708544993603e-08,1.0901258549737307e-05,8.748384673605463e-10,1.1326670300727184e-06,9.185882456699618e-10,1.1396773043919561e-10,3.881185544453353e-11,1.0330257359142325e-06,3.2011090706022514e-14,9.211323113533662e-15,1.856818874134074e-12,2.1578357977861382e-10,2.048999949202325e-17,1.2530814910351896e-14,1.911811203722789e-13
3.382073566296862e-08,0.16628943999999996,0.8585084662769803,0.0,0.0,0.4448629543887516,0.11143118959975361,0.02258541386838687,6.197777074054077e-11,1.8388864867737556e-07,6.415394351152071e-05,1.2638283774671545e-05,8.552206502006007e-08,1.2982040062911557e-17,0.0002963531862703128,5.904491729482323e-16,0.00020244650762093368,3.065915524388654e-12,1.1449468427552603e-09,4.4247440862360734e-13,3.859810358250897e-15,1.221255361059627e-06,7.356104246607058e-11,0.006918607012659883,0.0004571885891706494,5.634905389944581e-05,2.964299951031867e-08,1.6648790224379198e-09,5.4990638502419584e-09,9.408455115461131e-12,3.760689029332642e-12,6.254041979411745e-08,1.0933317390113781e-05,8.821414646300774e-10,1.1446777549363323e-06,9.225119705273901e-10,1.1599108398839883e-10,3.9317926309229734e-11,1.0404589640646985e-06,3.2371749916101007e-14,9.371733548017107e-15,1.8964308738923837e-12,2.1861442412905352e-10,2.0852922965498214e-17,1.274047291279241e-14,1.935630714133454e-13
3.396776535006339e-08,0.16628943999999996,0.8585084662769803,0.0,0.0,0.4448518999250456,0.11142071682884701,0.02258440052296867,6.308551022040282e-11,1.8652042215904492e-07,6.478987656382098e-05,1.2802369650695114e-05,8.66101898362419e-08,1.326269291057574e-17,0.00029762063136275576,6.033280845707026e-16,0.00020302908125897844,3.106508161334454e-12,1.1640419385233292e-09,4.496434337384863e-13,3.9296933919447705e-15,1.2307994427747425e-06,7.486003312616575e-11,0.006927613920360629,0.00045903132217653663,5.650948471710825e-05,2.984789167617614e-08,1.6719256705270015e-09,5.521551854907652e-09,9.538113334671419e-12,3.781748421446246e-12,6.290197645779747e-08,1.0965037736712327e-05,8.894550319341127e-10,1.1567458585563293e-06,9.264347961270184e-10,1.1804118265355428e-10,3.982751594161949e-11,1.0479068017474208e-06,3.27338795017751e-14,9.534015057879478e-15,1.9367023583656824e-12,2.2146913656874742e-10,2.122063170491608e-17,1.2952659119993713e-14,1.9595980207160898e-13
3.411479503715816e-08,0.16628943999999996,0.8585084662769803,0.0,0.0,0.44484092871742503,0.11141032437168753,0.022583387246942036,6.420691752184376e-11,1.8917577139127095e-07,6.54285439345096e-05,1.2967590086765348e-05,8.770719626500022e-08,1.3547771010205826e-17,0.0002988877935230173,6.164287398958693e-16,0.00020360970710910415,3.147453814062028e-12,1.1833665605032625e-09,4.568841914615003e-13,4.000465584174684e-15,1.240371396763353e-06,7.617610102201426e-11,0.006936539983285253,0.000460872715445381,5.6669125330983157e-05,3.005296210141073e-08,1.6789700954058574e-09,5.544034474677621e-09,9.66887790637434e-12,3.802793346624367e-12,6.326175221247558e-08,1.0996421115403588e-05,8.96778968426411e-10,1.1688711308572687e-06,9.303567190702555e-10,1.2011825772369845e-10,4.0340618960286233e-11,1.0553691394777031e-06,3.309747041357484e-14,9.698176780507983e-15,1.977641171996147e-12,2.243478025342699e-10,2.159316698935372e-17,1.316739181185219e-14,1.983712832688176e-13
3.426182472425293e-08,0.16628943999999996,0.8585084662769803,0.0,0.0,0.44483004003540516,0.11140001151413396,0.022582374040012558,6.534207630090348e-11,1.918547698332377e-07,6.606993612680453e-05,1.31339433246402e-05,8.881311477197346e-08,1.3837316407401749e-17,0.00030015467141720386,6.2975392592686e-16,0.0002041883914495243,3.188753884022545e-12,1.2029223620448618e-09,4.641968283962363e-13,4.072132808722016e-15,1.249971119395726e-06,7.750939299818788e-11,0.006945385917040818,0.0004627127714616542,5.682798677995803e-05,3.025821101208233e-08,1.6860122898377582e-09,5.566511688097072e-09,9.800752168481786e-12,3.8238233811571315e-12,6.36197442835026e-08,1.1027469091929566e-05,9.041130771633406e-10,1.1810533632740132e-06,9.34277735950568e-10,1.2222254138934968e-10,4.085722985788684e-11,1.0628458682148924e-06,3.346251374630952e-14,9.86422779374887e-15,2.019255213630557e-12,2.272505072554029e-10,2.197057025848597e-17,1.338468930177901e-14,2.0079748608567663e-13
3.44088544113477e-08,0.16628943999999996,0.8585084662769803,0.0,0.0,0.44481923315492966,0.1113897775483834,0.02258136090188889,6.649107004800846e-11,1.945574908203342e-07,6.671404372905122e-05,1.3301427566186785e-05,8.992797574651885e-08,1.4131371249743414e-17,0.0003014212637131085,6.433064512251632e-16,0.0002047651405468799,3.2304097699454446e-12,1.2227109994938357e-09,4.715814871370825e-13,4.144700926530191e-15,1.2595985073220546e-06,7.886005646750866e-11,0.006954152430895026,0.00046455149274292573,5.6986079939655365e-05,3.046363865279624e-08,1.6930522465965717e-09,5.588983473746852e-09,9.933739455819805e-12,3.844838114970003e-12,6.397595034244667e-08,1.1058183270830703e-05,9.114571650973562e-10,1.193292348769087e-06,9.38197843353775e-10,1.2435426674068098e-10,4.1377343004489285e-11,1.0703368793612043e-06,3.382900074381299e-14,1.003217711602833e-14,2.061552436585882e-12,2.301773357548926e-10,2.2352883112260597e-17,1.3604569936373603e-14,2.0323838178431293e-13
3.455588409844247e-08,0.16628943999999996,0.8585084662769803,0.0,0.0,0.44480850735831623,0.11137962177291529,0.022580347832282743,6.765398208903877e-11,1.972840075684673e-07,6.736085741445728e-05,1.3470040974455525e-05,9.105180950164098e-08,1.442997778582984e-17,0.00030268756908024934,6.570891459581096e-16,0.00020533996065609647,3.272422867826421e-12,1.2427341321623859e-09,4.790383063033156e-13,4.2181757854956825e-15,1.2692534574725926e-06,8.022823940988935e-11,0.006962840227832455,0.0004663888818388456,5.7143415523114836e-05,3.066924528483509e-08,1.7000899584670072e-09,5.611449810243681e-09,1.0067843100433936e-11,3.865837150995092e-12,6.433036849491466e-08,1.1088565294383135e-05,9.188110430612092e-10,1.2055878818482278e-06,9.421170378582417e-10,1.2651366776568577e-10,4.190095265089761e-11,1.0778420647605405e-06,3.419692279197769e-14,1.0202033706610255e-14,2.10454084871367e-12,2.3312837284820704e-10,2.274014731057112e-17,1.3827052095098277e-14,2.0569394182143243e-13
3.470291378553724e-08,0.16628943999999996,0.8585084662769803,0.0,0.0,0.44479786193420207,0.11136954349243545,0.022579334830908866,6.883089558649135e-11,2.0003439317814919e-07,6.801036794078001e-05,1.363978167474837e-05,9.218464627392117e-08,1.473317836431898e-17,0.0003039535861899054,6.711048619458389e-16,0.00020591285802024168,3.314794570915529e-12,1.2629934222998962e-09,4.865674205738347e-13,4.2925632202649735e-15,1.2789358670577381e-06,8.161409037116795e-11,0.006971450004610271,0.00046822494133013455,5.730000408157022e-05,3.087503118391623e-08,1.7071254182449053e-09,5.633910676240261e-09,1.020306643095686e-11,3.886820104229276e-12,6.468299727040868e-08,1.1118616841539813e-05,9.261745257683146e-10,1.2179397585741935e-06,9.460353160352532e-10,1.287009793483353e-10,4.242805293195833e-11,1.085361316697306e-06,3.4566271419616264e-14,1.0373806465708507e-14,2.1482285124632296e-12,2.3610370314329665e-10,2.313240477292882e-17,1.4052154189953594e-14,2.0816413786284033e-13
3.484994347263201e-08,0.16628943999999996,0.8585084662769803,0.0,0.0,0.44478729617748985,0.11135954201782085,0.022578321897484984,7.002189354073785e-11,2.028087206384112e-07,6.866256614996944e-05,1.3810647755680762e-05,9.332651622344788e-08,1.504101543299839e-17,0.00030521931371515294,6.853564727077484e-16,0.00020648383887038376,3.357526269705386e-12,1.2834905350637304e-09,4.941689607225186e-13,4.367869052037474e-15,1.2886456335680752e-06,8.301775846193813e-11,0.0069799824518134886,0.00047005967382757804,5.74558560053125e-05,3.1080996639748564e-08,1.7141586187373273e-09,5.656366050425294e-09,1.0339412773104297e-11,3.907786602796763e-12,6.503383561615688e-08,1.1148339626873958e-05,9.335474318034594e-10,1.230347776578891e-06,9.499526744493333e-10,1.309164372667306e-10,4.295863786984151e-11,1.0928945278952152e-06,3.49370383064651e-14,1.0547504234627092e-14,2.192623544943626e-12,2.3910341104035656e-10,2.3529697578133763e-17,1.4279894665155238e-14,2.1064894180707546e-13
3.499697315972678e-08,0.16628943999999996,0.8585084662769803,0.0,0.0,0.44477680938929376,0.11134961666606479,0.02257730903173181,7.122705879137342e-11,2.0560706283056402e-07,6.931744296776937e-05,1.3982637270237083e-05,9.447744943374769e-08,1.5353531537863653e-17,0.00030648475033090113,6.998468735084239e-16,0.00020705290942545088,3.4006193519194986e-12,1.3042271384901357e-09,5.018430536541727e-13,4.444099088374356e-15,1.2983826547743676e-06,8.443939335637552e-11,0.006988438253909692,0.00047189308197102727,5.761098152464576e-05,3.1287141954496695e-08,1.7211895527627617e-09,5.67881591152373e-09,1.0476885450261917e-11,3.928736287398595e-12,6.538288288493867e-08,1.1177735399535147e-05,9.40929583598908e-10,1.242811735073896e-06,9.5386910965839e-10,1.331602781912454e-10,4.3492701377306357e-11,1.100441591516105e-06,3.5309215273359406e-14,1.0723135796100777e-14,2.23773411798447e-12,2.42127580731591e-10,2.393206796394331e-17,1.4510291996812103e-14,2.1314832579653938e-13
3.5144002846821554e-08,0.16628943999999996,0.8585084662769803,0.0,0.0,0.4447664008768868,0.11133976676022275,0.022576296233372976,7.244647401865421e-11,2.0842949253173595e-07,6.997498940327912e-05,1.4155748236819238e-05,9.563747591171708e-08,1.5670769322187476e-17,0.0003077498947139272,7.145789814030577e-16,0.00020762007589209225,3.44407520250069e-12,1.3252049034652526e-09,5.095898224410463e-13,4.521259123013237e-15,1.3081468287275141e-06,8.587914529105886e-11,0.006996818089303312,0.0004737251684284076,5.776539071092382e-05,3.1493467440296715e-08,1.7282182131514423e-09,5.701260238296791e-09,1.0615487782465407e-11,3.9496688097309465e-12,6.5730138824344e-08,1.1206805942210758e-05,9.483208074324833e-10,1.2553314348594225e-06,9.577846182140735e-10,1.3543273968266236e-10,4.403023726094729e-11,1.1080024011587343e-06,3.5682794281246635e-14,1.0900709874458867e-14,2.283568458195531e-12,2.4517629620097987e-10,2.433955832673997e-17,1.4743364692605065e-14,2.1566226222839315e-13
3.5291032533916324e-08,0.16628943999999996,0.8585084662769803,0.0,0.0,0.44475606995364747,0.11132999162935846,0.02257528350213505,7.368022174502268e-11,2.1127608241824663e-07,7.063519654847786e-05,1.432997864028807e-05,9.680662558755521e-08,1.5992771525629137e-17,0.00030901474554291075,7.295557352823453e-16,0.00020818534446453968,3.487895203599636e-12,1.3464255036962298e-09,5.174093863598927e-13,4.599354935688721e-15,1.317938053758459e-06,8.733716506378667e-11,0.007005122630389388,0.00047555593589473195,5.791909347765393e-05,3.1699973419224605e-08,1.735244592745435e-09,5.7236990095420144e-09,1.0755223086856582e-11,3.9705838341070885e-12,6.607560357239165e-08,1.1235553070088317e-05,9.557209334169134e-10,1.2679066783318066e-06,9.61699196662126e-10,1.3773406019030284e-10,4.4571239224410435e-11,1.1155768508575826e-06,3.605776744431616e-14,1.1080235135766594e-14,2.330134847025159e-12,2.4824964122404734e-10,2.4752211221198677e-17,1.4979131291467168e-14,2.1819072378024978e-13
3.5438062221011095e-08,0.16628943999999996,0.8585084662769803,0.0,0.0,0.4447458159390074,0.11132029060849057,0.022574270837747466,7.492838433671593e-11,2.141469050688642e-07,7.129805557771399e-05,1.4505326432997355e-05,9.798492831469719e-08,1.631958098335527e-17,0.0003102793014984675,7.447800959168673e-16,0.00020874872132447162,3.53208073456352e-12,1.3678906156824433e-09,5.253018609295446e-13,4.678392291958705e-15,1.3277562284780663e-06,8.881360403238981e-11,0.007013352543606875,0.0004773853870911219,5.807209958168043e-05,3.190666022222598e-08,1.742268684398782e-09,5.746132204093626e-09,1.0896094678763526e-11,3.991481037206015e-12,6.641927764553182e-08,1.1263978629832945e-05,9.63129795466831e-10,1.2805372694895698e-06,9.656128415424873e-10,1.4006447905014918e-10,4.511570087159056e-11,1.1231648350816503e-06,3.6434127016843295e-14,1.1261720188249617e-14,2.3774416208175258e-12,2.5134769936763284e-10,2.517006935995105e-17,1.5217610363265166e-14,2.2073368341953608e-13
3.5585091908105866e-08,0.16628943999999996,0.8585084662769803,0.0,0.0,0.4447356381583993,0.11131066303853983,0.022573258239942516,7.619104400545558e-11,2.1704203296783973e-07,7.1963557747162e-05,1.46817895358201e-05,9.917241386974844e-08,1.6651240625134912e-17,0.0003115435612631835,7.60255046000953e-16,0.0002093102126408778,3.5766331719247805e-12,1.389601918686819e-09,5.332673579489807e-13,4.758376943036443e-15,1.3376012517769538e-06,9.030861411353966e-11,0.007021508489491465,0.00047921352476383816,5.8224418624436606e-05,3.211352818622892e-08,1.7492904809778486e-09,5.76855980082236e-09,1.1038105870189926e-11,4.012360105469076e-12,6.676116192673806e-08,1.129208449857238e-05,9.705472312948317e-10,1.2932230139381124e-06,9.695255493896157e-10,1.4242423648295904e-10,4.566361570980895e-11,1.1307662487332444e-06,3.681186538846443e-14,1.1445173582518955e-14,2.4254971708686885e-12,2.544705539896642e-10,2.5593175613249123e-17,1.5458820508481607e-14,2.232911144093502e-13
3.5732121595200636e-08,0.16628943999999996,0.8585084662769803,0.0,0.0,0.4447255359432053,0.11130110826627672,0.02257224570845533,7.746828281021834e-11,2.1996153850777977e-07,7.26316943942485e-05,1.4859365839166828e-05,1.0036911195241972e-07,1.698779347448715e-17,0.00031280752352164706,7.759835901960282e-16,0.00020986982456992623,3.621553889389978e-12,1.4115610947072608e-09,5.41305985535862e-13,4.839314625628305e-15,1.3474730228252936e-06,9.182234778155123e-11,0.007029591122727939,0.0004810403516833155,5.837606005324597e-05,3.232057765447338e-08,1.7563099753614272e-09,5.790981778635498e-09,1.1181259970064898e-11,4.03322073737751e-12,6.710125766325442e-08,1.1319872582880418e-05,9.779730824013789e-10,1.3059637188931073e-06,9.734373167328845e-10,1.4481357359237415e-10,4.621497715295774e-11,1.1383809871467715e-06,3.719097510502784e-14,1.163060381169181e-14,2.474309943481482e-12,2.576182882389324e-10,2.6021573008629016e-17,1.5702780357898263e-14,2.2586299033733423e-13
3.587915128229541e-08,0.16628943999999996,0.8585084662769803,0.0,0.0,0.44471550863070586,0.11129162564426948,0.022571233243023823,7.876018265908222e-11,2.2290549399244776e-07,7.330245693704981e-05,1.503805320399561e-05,1.0157505218546294e-07,1.7329282647849666e-17,0.00031407118696048184,7.919687551734441e-16,0.00021042756325483173,3.666844257828762e-12,1.4337698284481798e-09,5.494178481655057e-13,4.921211061777183e-15,1.3573714410725746e-06,9.335495806718255e-11,0.007037601092202066,0.0004828658706432062,5.852703316269111e-05,3.2527808976111666e-08,1.763327160440809e-09,5.8133981164775594e-09,1.1325560286121167e-11,4.054062643906719e-12,6.743956645512962e-08,1.1347344817777902e-05,9.854071940313624e-10,1.318759193182638e-06,9.773481400966558e-10,1.472327323630221e-10,4.676977852462026e-11,1.1460089460875188e-06,3.75714488519561e-14,1.1818019311898176e-14,2.5238884400192436e-12,2.607909850548691e-10,2.645530473057112e-17,1.594950857228116e-14,2.2844928512388713e-13
3.602618096939018e-08,0.16628943999999996,0.8585084662769803,0.0,0.0,0.4447055555640283,0.11128221453083263,0.02257022084338869,8.006682531114621e-11,2.2587397163934216e-07,7.397583687366284e-05,1.5217849462813667e-05,1.0279026411460794e-07,1.767575135369519e-17,0.0003153345502683785,8.082135896567908e-16,0.00021098343482572613,3.7125056452629505e-12,1.4562298072921267e-09,5.576030467102769e-13,5.004071958711509e-15,1.3672964062473323e-06,9.490659855642992e-11,0.007045539041052021,0.00048469008445943513,5.867734709604179e-05,3.2735222502737486e-08,1.7703420291201452e-09,5.835808793329801e-09,1.147101012281438e-11,4.074885544369339e-12,6.777609024136051e-08,1.1374503165744479e-05,9.92849415168101e-10,1.3316092472481523e-06,9.812580160005415e-10,1.4968195565860993e-10,4.732801306117291e-11,1.1536500217504383e-06,3.795327944262044e-14,1.2007428462583674e-14,2.5742412169583654e-12,2.6398872716732657e-10,2.689441412015965e-17,1.619902384206586e-14,2.3104997302091984e-13
3.617321065648495e-08,0.16628943999999996,0.8585084662769803,0.0,0.0,0.444695676092097,0.11127287428997605,0.022569208509293386,8.138829237852448e-11,2.288670435821025e-07,7.465182578155138e-05,1.5398752420670197e-05,1.040147772084998e-07,1.8027242891715265e-17,0.00031659761213612614,8.247211644636918e-16,0.0002115374453995313,3.758539416855705e-12,1.4789427212715288e-09,5.65861678479376e-13,5.087903008699824e-15,1.37724781835685e-06,9.647742338931813e-11,0.007053405606719369,0.0004865129959692586,5.8827010846714556e-05,3.294281858895767e-08,1.7773545743165942e-09,5.858213788210079e-09,1.161761278105619e-11,4.095689169351727e-12,6.811083130008591e-08,1.1401349615725164e-05,1.0002995985264729e-09,1.3445136931442737e-06,9.851669409598602e-10,1.5216148722001146e-10,4.788967391485096e-11,1.1613041107589226e-06,3.8336459850384455e-14,1.2198839586584646e-14,2.625376885939691e-12,2.672115970963594e-10,2.7338944674742905e-17,1.6451344887044168e-14,2.336650286452809e-13
3.632024034357972e-08,0.16628943999999996,0.8585084662769803,0.0,0.0,0.4446858695695826,0.11126360429135441,0.02256819624048407,8.272466532840843e-11,2.318847818729011e-07,7.533041531686914e-05,1.558075985614016e-05,1.0524862085863718e-07,1.8383800652045192e-17,0.00031786037125664283,8.414945725470823e-16,0.00021208960107983298,3.804946934900821e-12,1.5019102630405225e-09,5.741938372589939e-13,5.172709888910852e-15,1.387225577686823e-06,9.806758725868679e-11,0.00706120142099957,0.0004883346080303322,5.89760332597888e-05,3.315059759295874e-08,1.784364788960313e-09,5.88061308017421e-09,1.1765371561305661e-11,4.116473262568085e-12,6.84437922382808e-08,1.1427886182156502e-05,1.0077576004972692e-09,1.3574723445375258e-06,9.890749114856905e-10,1.5467157166335028e-10,4.8454754156784856e-11,1.168971110163578e-06,3.872098318907691e-14,1.2392260950709627e-14,2.6773041138187564e-12,2.7045967715200845e-10,2.778894004758958e-17,1.670649045605244e-14,2.362944269870256e-13
3.646727003067449e-08,0.16628943999999996,0.8585084662769803,0.0,0.0,0.44467613535685313,0.11125440391021697,0.02256718403670959,8.407602548519421e-11,2.3492725848461379e-07,7.601159721376226e-05,1.5763869522299016e-05,1.0649182437931154e-07,1.8745468114396186e-17,0.0003191228263250064,8.585369290359702e-16,0.00021263990795675786,3.851729558812116e-12,1.5251341278468955e-09,5.825996133528064e-13,5.258498261279022e-15,1.3972295848010008e-06,9.967724540897291e-11,0.007068927110092062,0.0004901549235197933,5.912442303357611e-05,3.3358559872268874e-08,1.7913726659948135e-09,5.903006648315008e-09,1.1914289760915607e-11,4.137237574450499e-12,6.87749759749208e-08,1.1454114904008272e-05,1.0152232811386396e-09,1.370485016704029e-06,9.929819240850522e-10,1.5721245447807183e-10,4.902324678001922e-11,1.1766509174409982e-06,3.910684268940832e-14,1.2587700766146289e-14,2.7300316227148707e-12,2.737330494340868e-10,2.8244444047544016e-17,1.696447932666029e-14,2.389381433980894e-13
3.661429971776926e-08,0.16628943999999996,0.8585084662769803,0.0,0.0,0.44466647281992333,0.11124527252735812,0.02256617189772149,8.54424540326785e-11,2.3799454531279045e-07,7.669536328365176e-05,1.5948079147687973e-05,1.0774441700754683e-07,1.91122888472702e-17,0.00032038497603848436,8.758513712756794e-16,0.00021318837210685215,3.898888645112929e-12,1.5486160135041207e-09,5.910790936227999e-13,5.345273772375394e-15,1.4072597405407917e-06,1.0130655363498872e-10,0.007076583294649877,0.0004919739453333446,5.927218872120382e-05,3.356670578434501e-08,1.7983781983771738e-09,5.925394471761679e-09,1.2064370672820985e-11,4.1579818655402865e-12,6.910438574384349e-08,1.1480037843815057e-05,1.022696504176129e-09,1.383551526526211e-06,9.968879752614228e-10,1.5978438202501105e-10,4.959514470249409e-11,1.1843434304925294e-06,3.9494031746651095e-14,1.2785167188463047e-14,2.7835681900590502e-12,2.7703179583196907e-10,2.870550063868321e-17,1.7225330304860208e-14,2.4159615363187936e-13
3.676132940486403e-08,0.16628943999999996,0.8585084662769803,0.0,0.0,0.4446568813304074,0.11123620952906793,0.022565159823273926,8.682403201631517e-11,2.41086714177679e-07,7.738170541449846e-05,1.613338643726954e-05,1.0900642790304041e-07,1.9484306507254486e-17,0.00032164681909656263,8.93441058867577e-16,0.00021373499959296302,3.946425547425712e-12,1.5723576203634976e-09,5.996323615303909e-13,5.433042053283928e-15,1.4173159460248515e-06,1.029556682806952e-10,0.007084170589828835,0.0004937916763843506,5.9419338732243394e-05,3.3775035688510385e-08,1.8053813790779591e-09,5.947776529682284e-09,1.2215617590373918e-11,4.178705910860879e-12,6.943202508562493e-08,1.1505657086728532e-05,1.030177136932613e-09,1.3966716924885865e-06,1.000793061514803e-09,1.6238760153445582e-10,5.0170440769991234e-11,1.1920485476430357e-06,3.988254390026036e-14,1.2984668318249335e-14,2.8379226486408098e-12,2.8035599802438206e-10,2.9172153939969596e-17,1.748906222475937e-14,2.442684338537504e-13
3.69083590919588e-08,0.16628943999999996,0.8585084662769803,0.0,0.0,0.44464736026546875,0.11122721430708357,0.02256414781312369,8.822084034552812e-11,2.4420383682604286e-07,7.807061557005152e-05,1.6319789073373395e-05,1.1027788614810444e-07,1.986156483816306e-17,0.00032290835420097487,9.113091737082822e-16,0.00021427979646412176,3.994341616461737e-12,1.596360651286387e-09,6.082594971778162e-13,5.521808719483047e-15,1.4273981026486358e-06,1.0462474623797243e-10,0.007091689605336284,0.0004956081196029454,5.956588133439061e-05,3.398354994079436e-08,1.8123822010815374e-09,5.970152801282344e-09,1.2368033804279917e-11,4.199409490400151e-12,6.975789782646269e-08,1.1530974739592436e-05,1.0376650503158453e-09,1.4098453346726468e-06,1.004697179341781e-09,1.6502236110419945e-10,5.074912775906309e-11,1.199766167639662e-06,4.027237279054186e-14,1.3186212201664595e-14,2.893103886653808e-12,2.837057374791973e-10,2.964444822490167e-17,1.7755693948271564e-14,2.469549606153314e-13
3.705538877905357e-08,0.16628943999999996,0.8585084662769803,0.0,0.0,0.4446379090077732,0.11121828625854081,0.022563135867030158,8.963295979608776e-11,2.473459849327186e-07,7.876208578908223e-05,1.6507284716632252e-05,1.1155882074760833e-07,2.0244107670272083e-17,0.00032416958005573084,9.294589200283612e-16,0.0002148227687554298,4.042638200010896e-12,1.6206268116165523e-09,6.169605773497855e-13,5.6115793707324144e-15,1.4375061120839365e-06,1.0631394494538517e-10,0.007099140945479414,0.0004974232779351493,5.971182465514274e-05,3.419224889414667e-08,1.81938065738638e-09,5.992523265803082e-09,1.2521622599402172e-11,4.2200923923551275e-12,7.008200808370167e-08,1.1555992930000926e-05,1.0451601188305443e-09,1.423072274750915e-06,1.008600325236116e-09,1.6768890969758806e-10,5.1331198379925146e-11,1.2074961896505903e-06,4.0663512227337564e-14,1.3389806830337996e-14,2.949120847740358e-12,2.8708109545322743e-10,3.012242792116817e-17,1.8025244364809812e-14,2.496557109020599e-13
3.7187715497438866e-08,0.16628943999999996,0.8585084662769803,0.0,0.0,0.444629462055209,0.11121030795419036,0.02256222517011765,9.09170249657214e-11,2.5019537417822235e-07,7.938659132036927e-05,1.6676963366443467e-05,1.1271978808028114e-07,2.0592950762583472e-17,0.00032530441784727566,9.460371529555942e-16,0.00021530988877853222,4.0864315767000844e-12,1.642692743002174e-09,6.248548328952712e-13,5.693235979523544e-15,1.4466253436835863e-06,1.078515575859571e-10,0.007105789784317849,0.0004990558243032592,5.9842667863972405e-05,3.438023616425277e-08,1.825677239612793e-09,6.0126517016943095e-09,1.266085778852305e-11,4.238689163943387e-12,7.037220402621253e-08,1.1578255035418211e-05,1.0519116972339794e-09,1.4350219444101145e-06,1.0121123226384935e-09,1.7011618951101137e-10,5.185794886767183e-11,1.2144637301834628e-06,4.101665324327009e-14,1.3574801945030073e-14,3.0002580925834906e-12,2.9014088845229914e-10,3.055750751795908e-17,1.827035085625045e-14,2.5209852861353554e-13
3.732004221582416e-08,0.16628943999999996,0.8585084662769803,0.0,0.0,0.4446210707085045,0.11120238314436083,0.022561314524726442,9.221361616799708e-11,2.530651441977042e-07,8.001315841495559e-05,1.6847523706268435e-05,1.1388847572655767e-07,2.0946141945568256e-17,0.00032643900315719964,9.628484883538515e-16,0.00021579554014875143,4.130535237882978e-12,1.6649744391606257e-09,6.328090944366994e-13,5.775714399053715e-15,1.455765365345143e-06,1.0940571154148347e-10,0.007112384724295367,0.0005006873344800576,5.9973037856959026e-05,3.456837358299778e-08,1.8319718948790241e-09,6.0327754019911574e-09,1.2801047824858827e-11,4.2572688890040905e-12,7.066097931206343e-08,1.1600277894036423e-05,1.0586688859316836e-09,1.4470145144279168e-06,1.015623527373227e-09,1.7256960350299422e-10,5.238742873915907e-11,1.2214411620983559e-06,4.137084656508848e-14,1.3761470343484006e-14,3.0520861605305455e-12,2.9322155703730847e-10,3.099726101324314e-17,1.8517850619988983e-14,2.545528329293904e-13
3.7452368934209454e-08,0.16628943999999996,0.8585084662769803,0.0,0.0,0.4446127345288643,0.11119451140059115,0.0225604039306864,9.352279202057713e-11,2.5595534709887954e-07,8.064178142184234e-05,1.7018963989290277e-05,1.1506490466986435e-07,2.1303713348296363e-17,0.00032757333504556486,9.798953086601076e-16,0.0002162797272362959,4.17495015998886e-12,1.6874731483355436e-09,6.408234112247323e-13,5.859018678471849e-15,1.4649261059594627e-06,1.1097652271555667e-10,0.007118926194921936,0.0005023178106427379,6.010294027466919e-05,3.475666139892675e-08,1.8382646181105916e-09,6.052894351637894e-09,1.2942195096358035e-11,4.275831427347817e-12,7.094833750376349e-08,1.162206309636646e-05,1.0654316007355207e-09,1.4590498580805439e-06,1.0191339368788498e-09,1.7504933495832087e-10,5.291963255361105e-11,1.2284284127586829e-06,4.1726087946830074e-14,1.3949817740544381e-14,3.1046116868696502e-12,2.9632316000516453e-10,3.1441721113758906e-17,1.8767757482327387e-14,2.570186079774025e-13
3.758469565259475e-08,0.16628943999999996,0.8585084662769803,0.0,0.0,0.4446044530809853,0.11118669229784424,0.022559493387829033,9.484461105965373e-11,2.5886603494590223e-07,8.127245473726961e-05,1.7191282456727805e-05,1.1624909584267855e-07,2.1665697154819777e-17,0.00032870741257399463,9.97180011058014e-16,0.00021676245440196482,4.219677317505482e-12,1.710190120330887e-09,6.488978304384967e-13,5.9431528563621946e-15,1.4741074945974065e-06,1.1256410736734708e-10,0.007125414622282389,0.000503947254976765,6.023238067001984e-05,3.49450998635203e-08,1.8445554042424285e-09,6.073008535606647e-09,1.3084301994301705e-11,4.294376658415536e-12,7.1234282349628e-08,1.1643612244267269e-05,1.072199759691832e-09,1.471127849668752e-06,1.0226435485926657e-09,1.775555677247629e-10,5.3454554833735003e-11,1.2354254098009887e-06,4.208237328002467e-14,1.4139849816327007e-14,3.157841343372994e-12,2.994457560138042e-10,3.189092062653355e-17,1.9020085286851914e-14,2.594958382079274e-13
3.76884013953577e-08,0.16628943999999996,0.8585084662769803,0.0,0.0,0.444598000804191,0.1111806009107336,0.022558779822156795,9.588940850079773e-11,2.6116152126916717e-07,8.176814904825983e-05,1.7326942788186153e-05,1.1718259703785199e-07,2.1952492382857014e-17,0.0003295960218253607,1.0108940340497464e-15,0.0002171397548027906,4.254949297529824e-12,1.7281470008542027e-09,6.552678699652275e-13,6.00967230880824e-15,1.481317424781651e-06,1.1382011251027455e-10,0.0071304628656133255,0.0005052235466500258,6.033350498846588e-05,3.5092886388271464e-08,1.8494841976042066e-09,6.088768877484733e-09,1.319634484852256e-11,4.308898564824085e-12,7.145739478089278e-08,1.1660336576193779e-05,1.0775077854461354e-09,1.4806232178513898e-06,1.0253935063172085e-09,1.7953836965950075e-10,5.387567516624553e-11,1.2409157903035575e-06,4.2362324599588745e-14,1.428996099019872e-14,3.2000544505602856e-12,3.0190767618795076e-10,3.22462966524471e-17,1.921953817343319e-14,2.614452645020915e-13
3.7792107138120656e-08,0.16628943999999996,0.8585084662769803,0.0,0.0,0.4445915816720049,0.11117454139524287,0.022558066287738862,9.694203540986018e-11,2.634696464419523e-07,8.226509659179501e-05,1.746314055752788e-05,1.1812088865821164e-07,2.2242033055108002e-17,0.0003304844738229312,1.0247568129480991e-15,0.00021751616328134885,4.290414117532824e-12,1.7462393101718778e-09,6.616748730791342e-13,6.076705894233064e-15,1.4885399595663366e-06,1.1508654784247027e-10,0.007135478991412375,0.0005064992069789212,6.043435148594982e-05,3.524076570695497e-08,1.8544117956628147e-09,6.104526275851372e-09,1.3308979721268865e-11,4.323409704186037e-12,7.167964346902763e-08,1.1676917694330718e-05,1.0828190686011946e-09,1.4901446442603848e-06,1.028142971227476e-09,1.8153765098711472e-10,5.4298459130509305e-11,1.2464120781752717e-06,4.2642912674647845e-14,1.4441113067109247e-14,3.2427073994653462e-12,3.0438255436269047e-10,3.260461972266328e-17,1.94204931972661e-14,2.6340170997268575e-13
3.789581288088361e-08,0.16628943999999996,0.8585084662769803,0.0,0.0,0.44458519547932496,0.1111685135511242,0.022557352784496203,9.800251986228042e-11,2.6579043547108737e-07,8.276329473017766e-05,1.759987490396398e-05,1.1906398071402619e-07,2.2534334733312535e-17,0.0003313727681170603,1.0387695206922182e-15,0.00021789168192447544,4.326072244075503e-12,1.7644676518556818e-09,6.681188598812122e-13,6.1442555429045505e-15,1.4957750650403704e-06,1.1636346978211853e-10,0.007140463200430326,0.0005077742370249455,6.05349227250244e-05,3.538873793608999e-08,1.859338195992684e-09,6.120280723504078e-09,1.3422207760501717e-11,4.3379100258717345e-12,7.190103042860896e-08,1.169335638316696e-05,1.0881335725863734e-09,1.4996920696958786e-06,1.0308919420884037e-09,1.8355350092603157e-10,5.472290404674361e-11,1.251914238933625e-06,4.292413565156853e-14,1.4593308737231813e-14,3.2858034486224765e-12,3.06870418594086e-10,3.2965905757687964e-17,1.962295704387777e-14,2.6536516753381205e-13
3.7999518623646564e-08,0.16628943999999996,0.8585084662769803,0.0,0.0,0.44457884202232945,0.11116251717938504,0.022556639312350402,9.907088990490713e-11,2.6812391334781703e-07,8.326274084287431e-05,1.773714496288604e-05,1.200118831963022e-07,2.2829412999414552e-17,0.00033226090425871133,1.0529333358126582e-15,0.00021826631281537796,4.361924142978801e-12,1.7828326300444827e-09,6.745998497249048e-13,6.212323181038731e-15,1.5030227073600957e-06,1.1765093488054303e-10,0.00714541569216229,0.0005090486378520585,6.063522123662039e-05,3.553680319234551e-08,1.8642633961717926e-09,6.13603221325394e-09,1.353603011889615e-11,4.3523994839738026e-12,7.212155772851076e-08,1.1709653430794108e-05,1.0934512616184482e-09,1.5092654353365522e-06,1.0336404176644448e-09,1.8558600890548155e-10,5.51490072235304e-11,1.2574222381981496e-06,4.320599166607673e-14,1.4746550678340508e-14,3.3293458703594317e-12,3.0937129688562233e-10,3.3330170715575195e-17,1.9826936405077252e-14,2.673356302067701e-13
3.809285379213322e-08,0.16628943999999996,0.8585084662769803,0.0,0.0,0.4445731517326113,0.11115714719024226,0.022555997213942636,1.0003918828093769e-10,2.7023491304444545e-07,8.371330721018591e-05,1.786114533253294e-05,1.2086911658701278e-07,2.3097370316213915e-17,0.00033306009119519407,1.0658109447938976e-15,0.00021860272330787226,4.394356911763454e-12,1.7994784344002205e-09,6.804643935839263e-13,6.274028525091842e-15,1.5095562765333918e-06,1.1881871471666404e-10,0.007149845980318624,0.0005101950614955357,6.072525878165767e-05,3.567014155031124e-08,1.868695048205437e-09,6.150206019083123e-09,1.363897932867906e-11,4.365430657510948e-12,7.231929903605026e-08,1.1724200324574403e-05,1.0982398761081098e-09,1.517903594976335e-06,1.0361136211928112e-09,1.8742958279449726e-10,5.553391566195238e-11,1.2623844011255934e-06,4.346020180929397e-14,1.4885365189937715e-14,3.368918414177636e-12,3.1163323747191064e-10,3.3660569376262384e-17,2.001181913092963e-14,2.6911503030597283e-13
3.8186188960619876e-08,0.16628943999999996,0.8585084662769803,0.0,0.0,0.4445674876479354,0.1111518023902399,0.022555355140603944,1.0101391708701025e-10,2.723562291351273e-07,8.416488044135669e-05,1.798557829061375e-05,1.21730261756553e-07,2.3367600694273052e-17,0.000333859149338467,1.0788127769316588e-15,0.00021893841791902324,4.42694735141197e-12,1.8162358453394906e-09,6.863589380544279e-13,6.33615639602851e-15,1.5160999486156265e-06,1.199951218386523e-10,0.00715425088173285,0.0005113409771142058,6.08150792432913e-05,3.580355543059253e-08,1.8731257243980193e-09,6.164377417961423e-09,1.374241169977615e-11,4.3784529530582e-12,7.251634732481617e-08,1.1738633709413632e-05,1.1030310173062978e-09,1.5265626764907277e-06,1.0385864216382298e-09,1.8928678779464123e-10,5.5920163124851006e-11,1.267351240557261e-06,4.371492194091646e-14,1.5025031273939556e-14,3.4088575865197957e-12,3.13905762427527e-10,3.399340560704825e-17,2.0197939736078787e-14,2.709000940688929e-13
3.8270190612257866e-08,0.16628943999999996,0.8585084662769803,0.0,0.0,0.4445624122563888,0.11114701348916918,0.022554777295986927,1.0189668788171189e-10,2.742742491653389e-07,8.457215566785736e-05,1.8097937289028255e-05,1.225086429669606e-07,2.361276092431567e-17,0.0003345781912797171,1.0906213562861023e-15,0.000219239932239447,4.4564138350838884e-12,1.8314133037695036e-09,6.916896890122611e-13,6.392433893993615e-15,1.5219978711998837e-06,1.2106129887718118e-10,0.007158193705426882,0.0005123718674546062,6.089573352454358e-05,3.592369255986526e-08,1.8771124971743625e-09,6.177129614692328e-09,1.3835914627579967e-11,4.390165399122947e-12,7.269309959303125e-08,1.1751527186121178e-05,1.1073451845731978e-09,1.5343737032540884e-06,1.040811596658249e-09,1.9096998113554453e-10,5.6268929067428105e-11,1.2718253739151262e-06,4.3944605034131554e-14,1.515146043593907e-14,3.4451183041726027e-12,3.1596010130629716e-10,3.429505201598063e-17,2.0366510709982678e-14,2.7251148989158586e-13
3.8354192263895857e-08,0.16628943999999996,0.8585084662769803,0.0,0.0,0.44455735786685796,0.11114224477255867,0.022554199471590024,1.0278469869087878e-10,2.762006534576752e-07,8.498024357542157e-05,1.8210645701280208e-05,1.2329020385718983e-07,2.3859779888473268e-17,0.00033529712839693276,1.1025318990462994e-15,0.00021954086901985039,4.486008552065373e-12,1.8466818433639144e-09,6.970447595134384e-13,6.449055784954775e-15,1.5279039394149805e-06,1.2213452794731353e-10,0.007162116185165647,0.0005134023474965082,6.0976214695037756e-05,3.604389098299056e-08,1.8810984768159137e-09,6.189879853758822e-09,1.3929810201270266e-11,4.401870600256998e-12,7.286929303551385e-08,1.1764329616743686e-05,1.1116613613419816e-09,1.5422016121062456e-06,1.0430364437938248e-09,1.926643167752096e-10,5.6618776561433704e-11,1.2763032570389553e-06,4.4174699250490615e-14,1.5278582330140376e-14,3.4816797125598086e-12,3.1802304475038266e-10,3.459869089685203e-17,2.0536091896344624e-14,2.7412746589414537e-13
3.843819391553385e-08,0.16628943999999996,0.8585084662769803,0.0,0.0,0.4445523243740457,0.11113749613761598,0.022553621667372948,1.0367796435429309e-10,2.7813545525713417e-07,8.538914281160838e-05,1.8323703059686804e-05,1.2407494969059433e-07,2.4108665915304676e-17,0.00033601596045296786,1.1145450449874643e-15,0.0002198412293585227,4.515731748126299e-12,1.862041786516729e-09,7.024241580989051e-13,6.506023082778618e-15,1.5338181354360924e-06,1.232148394207468e-10,0.007166018424007577,0.0005144324178103489,6.105652402603144e-05,3.616415075764634e-08,1.8850836620446515e-09,6.202628131361393e-09,1.4024099029992118e-11,4.413568536806641e-12,7.304492888630145e-08,1.17770414277755e-05,1.1159795305557434e-09,1.5500463726822546e-06,1.0452609623877291e-09,1.943698427434981e-10,5.6969704151628024e-11,1.2807848719009412e-06,4.4405203692833665e-14,1.5406398349609988e-14,3.5185435838674764e-12,3.2009460751561296e-10,3.490433082011355e-17,2.070668686619523e-14,2.757480186587041e-13
3.852219556717184e-08,0.16628943999999996,0.8585084662769803,0.0,0.0,0.44454731167318734,0.111132767482071,0.022553043883295706,1.0457649970055735e-10,2.8007866780233643e-07,8.57988520310224e-05,1.8437108895260806e-05,1.2486288572221553e-07,2.435942734179555e-17,0.0003367346872109483,1.1266614363055182e-15,0.00022014101435215453,4.545583668714205e-12,1.877493455855173e-09,7.078278930053194e-13,6.563336799560242e-15,1.5397404414671606e-06,1.2430226372597317e-10,0.007169900524488678,0.0005154620789673095,6.113666277592158e-05,3.62844719387441e-08,1.8890680515841685e-09,6.215374443705358e-09,1.4118781722167597e-11,4.425259184316208e-12,7.322000839603074e-08,1.1789663046928836e-05,1.1202996755083238e-09,1.5579079547753183e-06,1.0474851517826331e-09,1.9608660716019666e-10,5.732171037881257e-11,1.285270200516688e-06,4.463611746099338e-14,1.5534909882195814e-14,3.5557116962331643e-12,3.2217480433510993e-10,3.521198037223302e-17,2.0878299193148193e-14,2.7737314482360173e-13
3.860619721880983e-08,0.16628943999999996,0.8585084662769803,0.0,0.0,0.4445423196600492,0.1111280587041732,0.022552466119318496,1.0548031954727301e-10,2.820303043255596e-07,8.6209369895262e-05,1.8550862737759776e-05,1.2565401719877982e-07,2.4612072513318305e-17,0.0003374533084342735,1.1388817176190799e-15,0.0002204402250958325,4.575564558953732e-12,1.893037174238073e-09,7.132559721676741e-13,6.6209979456197746e-15,1.5456708397408513e-06,1.2539683134820198e-10,0.007173762588625175,0.0005164913315392673,6.121663219034858e-05,3.640485458011445e-08,1.8930516441597255e-09,6.228118786999356e-09,1.4213858884881599e-11,4.436942519028208e-12,7.339453283750254e-08,1.1802194903079055e-05,1.124621779837962e-09,1.565786328336008e-06,1.0497090113211179e-09,1.9781465823489394e-10,5.7674793779983484e-11,1.2897592249451302e-06,4.486743966988289e-14,1.5664118310497422e-14,3.5931858337478453e-12,3.242636499192774e-10,3.5521648155673785e-17,2.1050932453382144e-14,2.7900284108047147e-13
3.869019887044782e-08,0.16628943999999996,0.8585084662769803,0.0,0.0,0.4445373482309251,0.11112336970268903,0.022551888375401806,1.063894387012184e-10,2.839903780527705e-07,8.662069507286779e-05,1.866496411573476e-05,1.2644834935869592e-07,2.4866609783597296e-17,0.0003381718238866181,1.1512065359714316e-15,0.00022073886268303444,4.605674663646087e-12,1.908673264754251e-09,7.187084032219199e-13,6.67900752949911e-15,1.551609312518514e-06,1.2649857282928179e-10,0.007177604717916153,0.0005175201760987459,6.129643350229785e-05,3.652529873751633e-08,1.8970344384982837e-09,6.240861157456125e-09,1.430933112656446e-11,4.448618525315488e-12,7.356850351248692e-08,1.181463742620916e-05,1.1289458275054054e-09,1.57368146347147e-06,1.0519325403457638e-09,1.9955404426685682e-10,5.802895288848151e-11,1.294251927288458e-06,4.5099169467814626e-14,1.5794025011844165e-14,3.6309677864577784e-12,3.263611589557904e-10,3.583334278887345e-17,2.1224590225622745e-14,2.806371041733168e-13
3.877420052208581e-08,0.16628943999999996,0.8585084662769803,0.0,0.0,0.4445323972826343,0.11111870037689923,0.022551310651506364,1.0730387195852315e-10,2.8595890220366154e-07,8.703282623927065e-05,1.8779412556578622e-05,1.2724588743205156e-07,2.5123047514672984e-17,0.000338890233331933,1.1636365408324748e-15,0.00022103692820562461,4.6359142272684966e-12,1.9244020507209106e-09,7.241851935075857e-13,6.737366557958766e-15,1.55755584209014e-06,1.2760751876762228e-10,0.007181427013346175,0.0005185486132188754,6.137606793223117e-05,3.664580446357959e-08,1.9010164333284467e-09,6.2536015512935e-09,1.4405199055241586e-11,4.460287181510951e-12,7.374192173685523e-08,1.1826991047376336e-05,1.1332718028155236e-09,1.5815933304446211e-06,1.054155738199102e-09,2.0130481364490715e-10,5.838418623413976e-11,1.2987482896920394e-06,4.533130599581081e-14,1.5924631358446568e-14,3.669059350366355e-12,3.284673461095842e-10,3.6147072906220055e-17,2.13992760911251e-14,2.822759309012356e-13
3.884980200856e-08,0.16628943999999996,0.8585084662769803,0.0,0.0,0.4445279588554271,0.11111451472357503,0.022550790717086346,1.081314176690301e-10,2.877378099727509e-07,8.740443232021021e-05,1.8882712500585844e-05,1.2796641707002252e-07,2.5355473284520478e-17,0.00033953671100183476,1.1749140184162105e-15,0.0002213046989618339,4.663240723712788e-12,1.9386374801055054e-09,7.291351377368697e-13,6.790189289338314e-15,1.5629145926491655e-06,1.2861175525818922e-10,0.007184850204333262,0.0005194738587404927,6.144759723374954e-05,3.67543123001906e-08,1.9045995440464516e-09,6.265066212614255e-09,1.4491819004221183e-11,4.470782668976371e-12,7.389752689670244e-08,1.183803365234064e-05,1.1371668160338528e-09,1.5887282919888698e-06,1.0561563325721748e-09,2.028902789114877e-10,5.870481350020306e-11,1.3027981304846594e-06,4.554057592410811e-14,1.6042776397067282e-14,3.703607964657629e-12,3.3037034644051017e-10,3.6431177499935805e-17,2.1557375351747386e-14,2.8375477426430565e-13
3.892540349503419e-08,0.16628943999999996,0.8585084662769803,0.0,0.0,0.44452353686005736,0.11111034485369001,0.022550270798823616,1.0896329055138654e-10,2.89523582916284e-07,8.77766892287037e-05,1.8986292835742076e-05,1.28689551528515e-07,2.5589451315138837e-17,0.0003401831024433796,1.186277701995704e-15,0.00022157200802249194,4.690672457420504e-12,1.95294849089229e-09,7.341048235889597e-13,6.843296616271453e-15,1.5682798420190225e-06,1.29621874575359e-10,0.00718825748417411,0.0005203987751194954,6.151899321163257e-05,3.686287008724298e-08,1.9081820052097255e-09,6.276529267060326e-09,1.4578760393269133e-11,4.4812721747187654e-12,7.405268664673067e-08,1.1849004912339263e-05,1.141063367228104e-09,1.5958767608995604e-06,1.0581566576845453e-09,2.0448503935713962e-10,5.902630862842399e-11,1.3068509085433843e-06,4.5750174024626516e-14,1.6161490248725787e-14,3.738410141291425e-12,3.322803985652863e-10,3.671694415946229e-17,2.1716312885023775e-14,2.85237309369246e-13
3.900100498150838e-08,0.16628943999999996,0.8585084662769803,0.0,0.0,0.4445191312223869,0.11110619069487808,0.022549750896690035,1.0979950137055957e-10,2.913162306584919e-07,8.814959601325048e-05,1.9090153215300604e-05,1.2941529460296406e-07,2.5824987719589385e-17,0.00034082940748506724,1.1977280700838504e-15,0.00022183885618019578,4.7182096059402826e-12,1.9673353192476182e-09,7.390942558089397e-13,6.8966892689739166e-15,1.5736515773484487e-06,1.306378991425745e-10,0.007191648925427842,0.0005213233627747706,6.15902567299975e-05,3.69714778624421e-08,1.9117638158949467e-09,6.2879907118833025e-09,1.4666023666151632e-11,4.491755687374882e-12,7.420740199151657e-08,1.1859905143638492e-05,1.1449614456364457e-09,1.6030387158187394e-06,1.0601567130569123e-09,2.0608913044288484e-10,5.934867054035242e-11,1.3109066109415875e-06,4.5960099705581707e-14,1.628077390309724e-14,3.773467201938168e-12,3.341975131273639e-10,3.70043792123216e-17,2.1876091306873163e-14,2.867235339963564e-13
3.907660646798257e-08,0.16628943999999996,0.8585084662769803,0.0,0.0,0.4445147418686158,0.11110205217510413,0.022549231010657627,1.1064006088497587e-10,2.9311576281955763e-07,8.852315172674204e-05,1.9194293291873053e-05,1.3014365008333852e-07,2.6062088616299307e-17,0.0003414756259555819,1.2092656027904207e-15,0.00022210524422647154,4.745852346606858e-12,1.981798201483693e-09,7.441034389539386e-13,6.9503679764857065e-15,1.5790297858048693e-06,1.3165985142019282e-10,0.007195024600322468,0.0005222476221254935,6.166138864502726e-05,3.70801356595175e-08,1.915344975179873e-09,6.299450544336968e-09,1.4753609263417434e-11,4.502233187961362e-12,7.436167394098651e-08,1.18707346630951e-05,1.148861040734341e-09,1.6102141354885912e-06,1.062156498209897e-09,2.0770258768819327e-10,5.967189815560223e-11,1.3149652247807784e-06,4.6170352364969805e-14,1.6400628346586798e-14,3.8087804721811475e-12,3.3612170075524914e-10,3.7293488996445076e-17,2.203671323482959e-14,2.8821344596340007e-13
3.9152207954456765e-08,0.16628943999999996,0.8585084662769803,0.0,0.0,0.44451036872528055,0.11109792922266248,0.022548711140698577,1.1148497984662883e-10,2.949221890156268e-07,8.889735542643145e-05,1.929871271745683e-05,1.3087462175413923e-07,2.6300760129042855e-17,0.0003421217576837931,1.2208907818231627e-15,0.00022237117295177239,4.773600856540757e-12,1.996337374057628e-09,7.491323773946753e-13,7.004333466669642e-15,1.5844144545743668e-06,1.3268775390543898e-10,0.007198384580756401,0.000523171553591095,6.17323898050082e-05,3.7188843515888556e-08,1.918925482143423e-09,6.310908761676951e-09,1.484151762658526e-11,4.512704670424079e-12,7.451550353044372e-08,1.1881493788108848e-05,1.1527621421903553e-09,1.617402998750936e-06,1.0641560126641543e-09,2.0932544667090943e-10,5.999599039193716e-11,1.3190267371905565e-06,4.6380931444362113e-14,1.6521054562194414e-14,3.84435128151749e-12,3.380529720624964e-10,3.758427986016299e-17,2.2198181288031537e-14,2.897070431255938e-13
3.9220249292283535e-08,0.16628943999999996,0.8585084662769803,0.0,0.0,0.444506446695754,0.11109423181653369,0.022548243271455274,1.1224914312092838e-10,2.9655387493651786e-07,8.923469200866156e-05,1.9392928755789283e-05,1.3153473622415696e-07,2.651691243281343e-17,0.00034270320193322494,1.2314287799815365e-15,0.0002226101167375521,4.798665094422078e-12,2.009488053160875e-09,7.536753162325954e-13,7.053148207648817e-15,1.5892661694589061e-06,1.3361797219331164e-10,0.007201395203542678,0.0005240028119152069,6.179617974824186e-05,3.728672341660704e-08,1.9221473799154745e-09,6.321219774095995e-09,1.492091148481939e-11,4.5221238495130135e-12,7.465357280328177e-08,1.1891117076135604e-05,1.156274413066553e-09,1.6238844525512797e-06,1.0659553438294567e-09,2.107940876929082e-10,6.028841175977183e-11,1.3226845660224228e-06,4.6570731232337003e-14,1.662992783124959e-14,3.876586307829085e-12,3.3979718154492343e-10,3.7847434215824455e-17,2.2344228139001168e-14,2.9105442966934644e-13
3.9281486496327627e-08,0.16628943999999996,0.8585084662769803,0.0,0.0,0.4445029280011939,0.11109091483991371,0.022547822200232163,1.129399231159491e-10,2.98027179175419e-07,8.953874248255489e-05,1.9477916201690894e-05,1.3213065598095984e-07,2.6712545176855104e-17,0.0003432264414630495,1.240974304579339e-15,0.00022282484906371934,4.821296388009059e-12,2.021376805720289e-09,7.577776480372535e-13,7.097281026329287e-15,1.593637170384236e-06,1.3445931867197294e-10,0.00720409398736105,0.0005247507178736796,6.185350122697912e-05,3.737485003989513e-08,1.925046634954347e-09,6.330498563178896e-09,1.4992590061438934e-11,4.5305969249153335e-12,7.477753014458351e-08,1.1899729695715082e-05,1.1594364871008134e-09,1.6297270441126985e-06,1.067574553785113e-09,2.1212242196910178e-10,6.055218837936912e-11,1.3259786027597733e-06,4.67417763618191e-14,1.672831102127759e-14,3.905777919213713e-12,3.413718895989614e-10,3.8085445608244034e-17,2.247625968380933e-14,2.922696270288355e-13
3.934272370037172e-08,0.16628943999999996,0.8585084662769803,0.0,0.0,0.4444994198127764,0.11108760795059835,0.022547401139505815,1.1363358244113508e-10,2.9950502367531455e-07,8.98432164381079e-05,1.9563086307843395e-05,1.3272829893132174e-07,2.690921930776862e-17,0.0003437496237775858,1.2505781956690988e-15,0.00022303928143131208,4.843997391034047e-12,2.033316033268876e-09,7.618929484592736e-13,7.141603293416407e-15,1.5980123871984873e-06,1.3530460920329055e-10,0.007206782600808143,0.000525498409453209,6.191073840011717e-05,3.7463009567895346e-08,1.9279454603711255e-09,6.339776287716792e-09,1.5064481189566825e-11,4.539066031093985e-12,7.490119912306372e-08,1.1908296695544232e-05,1.1625995317912717e-09,1.6355784187193884e-06,1.0691935852831264e-09,2.1345698817477858e-10,6.081653034696472e-11,1.3292745184572013e-06,4.6913034655997956e-14,1.6827071088146125e-14,3.935140878724715e-12,3.4295126407719523e-10,3.8324571278541273e-17,2.2608851033509823e-14,2.9348723854998787e-13
3.940396090441581e-08,0.16628943999999996,0.8585084662769803,0.0,0.0,0.4444959220921,0.11108431111110667,0.022546980089261745,1.1433012679865303e-10,3.009874135389138e-07,9.014811338255174e-05,1.9648438888242917e-05,1.3332766707596985e-07,2.710693809016307e-17,0.0003442727487862481,1.2602407123248236e-15,0.0002232534142583361,4.8667681972132605e-12,2.0453058617438957e-09,7.660212194701099e-13,7.186115393459096e-15,1.6023918131275483e-06,1.3615385581383576e-10,0.007209461081467125,0.0005262458868770831,6.19678917036171e-05,3.7551202020634346e-08,1.9308438556784927e-09,6.349052946256959e-09,1.513658510557265e-11,4.547531168034883e-12,7.502458031421985e-08,1.1916818245250008e-05,1.1657635420374323e-09,1.6414385653161795e-06,1.070812438068844e-09,2.1479780532928547e-10,6.108143708422479e-11,1.3325723063286116e-06,4.708450583702461e-14,1.692620854797928e-14,3.964675900434668e-12,3.445353105913525e-10,3.856481462039565e-17,2.2742003583057074e-14,2.9470726316359656e-13
3.94651981084599e-08,0.16628943999999996,0.8585084662769803,0.0,0.0,0.444492434800905,0.11108102428409657,0.022546559049485538,1.1502956188811147e-10,3.0247435386720927e-07,9.045343282493603e-05,1.973397375667335e-05,1.3392876241327475e-07,2.730570479090952e-17,0.00034479581639853136,1.269962114310497e-15,0.0002234672479623305,4.8896089001701035e-12,2.057346417143166e-09,7.701624629639695e-13,7.230817710497144e-15,1.606775441405288e-06,1.370070705459597e-10,0.007212129466782185,0.0005269931503686579,6.202496157019627e-05,3.763942741234379e-08,1.933741820389602e-09,6.358328537348901e-09,1.5208902044212995e-11,4.5559923201582824e-12,7.514767428295346e-08,1.1925294514662485e-05,1.1689285128546931e-09,1.6473074728897858e-06,1.0724311118876112e-09,2.1614489247695425e-10,6.134690801217801e-11,1.3358719595999128e-06,4.725618958801102e-14,1.7025723915633312e-14,3.9943837001027436e-12,3.4612403474671334e-10,3.880617903193446e-17,2.2875718728076197e-14,2.959296998157133e-13
3.951295989276021e-08,0.16628943999999996,0.8585084662769803,0.0,0.0,0.44448972211290655,0.11107846765870809,0.022546230667958352,1.1557709452545431e-10,3.036372506806041e-07,9.069185881631715e-05,1.9800812847795983e-05,1.3439878520783547e-07,2.746146181438844e-17,0.00034520374160622595,1.2775853360452417e-15,0.00022363381959298673,4.90747201969746e-12,2.0667727065940038e-09,7.734014199204051e-13,7.265815438875843e-15,1.6101973525359156e-06,1.3767529512309038e-10,0.007214203682865947,0.0005275758280642664,6.206941541149046e-05,3.7708261432967425e-08,1.936001780575675e-09,6.3655622665337655e-09,1.526545345103375e-11,4.5625888063136975e-12,7.524348208337207e-08,1.1931874235862528e-05,1.1713976865119768e-09,1.6518909849914276e-06,1.0736934675692415e-09,2.1719991376240591e-10,6.155435256274271e-11,1.338446805331959e-06,4.739024122855161e-14,1.71036032938051e-14,4.017674606720027e-12,3.473664061673117e-10,3.899521088207623e-17,2.2980400891523425e-14,2.968848094353155e-13
3.956072167706051e-08,0.16628943999999996,0.8585084662769803,0.0,0.0,0.4444870157281283,0.11107591708386072,0.02254590229278343,1.1612639181355396e-10,3.048029211424129e-07,9.093054129172328e-05,1.986776262600704e-05,1.3486986084436147e-07,2.7617859845668355e-17,0.00034561163180081854,1.2852446610532095e-15,0.00022380020971324568,4.925377759899431e-12,2.0762299906418435e-09,7.766482702037828e-13,7.300929294671052e-15,1.6136218127148382e-06,1.3834594664093986e-10,0.007216271798112475,0.0005281583758630094,6.211381896034432e-05,3.777711551063138e-08,1.938261478296057e-09,6.372795344800468e-09,1.5322134696468575e-11,4.569182867031571e-12,7.53391157961372e-08,1.1938426596396922e-05,1.173867439220345e-09,1.6564798146864003e-06,1.07495571410638e-09,2.1825876985277457e-10,6.17621396926473e-11,1.3410227785025739e-06,4.7524421886735636e-14,1.718171311525363e-14,4.041071394719678e-12,3.4861162913902877e-10,3.918492838463686e-17,2.3085426803829894e-14,2.9784138522377906e-13
3.960848346136082e-08,0.16628943999999996,0.8585084662769803,0.0,0.0,0.44448431562859675,0.11107337254201215,0.022545573923954,1.1667745645346727e-10,3.0597136767066085e-07,9.116948002049965e-05,1.9934823002707284e-05,1.3534199026800394e-07,2.777490043758633e-17,0.0003460194869394719,1.2929402134557462e-15,0.00022396641852061774,4.943326165078359e-12,2.085718329143016e-09,7.799030146161989e-13,7.336159459446869e-15,1.6170488187419147e-06,1.3901903083302027e-10,0.007218333830112511,0.0005287407938709181,6.215817241797334e-05,3.7845989652828926e-08,1.94052091332039e-09,6.380027771462203e-09,1.5378945891739266e-11,4.575774499276198e-12,7.543457569987572e-08,1.1944951677054891e-05,1.1763377687235634e-09,1.6610739568020227e-06,1.0762178513782344e-09,2.1932146981534016e-10,6.197026912645463e-11,1.3435998759129184e-06,4.7658731429202763e-14,1.7260053622485303e-14,4.064574405834836e-12,3.498597063131488e-10,3.9375333157503825e-17,2.3190797127998796e-14,2.9879942670154184e-13
3.9656245245661124e-08,0.16628943999999996,0.8585084662769803,0.0,0.0,0.44448162179638967,0.11107083401567071,0.022545245561463336,1.1723029114535457e-10,3.071425926827406e-07,9.14086747726508e-05,2.000199388923085e-05,1.3581517442304145e-07,2.793258514380799e-17,0.0003464273069793796,1.3006721176300034e-15,0.0002241324462124392,4.961317279502107e-12,2.095237781975836e-09,7.831656539318679e-13,7.37150611457856e-15,1.6204783674199454e-06,1.3969455343866166e-10,0.007220389796406042,0.0005293230821940348,6.220247598441349e-05,3.7914883867391673e-08,1.9427800854184955e-09,6.387259545832186e-09,1.5435887147636735e-11,4.5823637009083045e-12,7.552986207575454e-08,1.1951449558682425e-05,1.1788086727957283e-09,1.665673406180869e-06,1.0774798792639993e-09,2.2038802272659412e-10,6.217874058852901e-11,1.346178094368575e-06,4.7793169726230267e-14,1.7338625057488018e-14,4.0881839824231575e-12,3.5111064033856756e-10,3.956642682020527e-17,2.329651252727664e-14,2.9975893339490837e-13
3.970400702996143e-08,0.16628943999999996,0.8585084662769803,0.0,0.0,0.4444789342136366,0.11106830148739538,0.02254491720530473,1.177848985884902e-10,3.0831659859541196e-07,9.164812531883719e-05,2.0069275196847875e-05,1.3628941425287947e-07,2.809091551882541e-17,0.00034683509187776563,1.3084404982090395e-15,0.00022429829298587254,4.979351147404024e-12,2.1047884090405055e-09,7.864361888972791e-13,7.406969441252455e-15,1.6239104555546674e-06,1.4037252020300688e-10,0.007222439714482447,0.0005299052409384119,6.224672985852849e-05,3.798379816205344e-08,1.9450389943603796e-09,6.394490667224007e-09,1.5492958575362757e-11,4.588950469853821e-12,7.562497520669711e-08,1.1957920322180517e-05,1.1812801492420295e-09,1.6702781576807157e-06,1.0787417976428871e-09,2.214584376722321e-10,6.238755380304451e-11,1.3487574306795428e-06,4.792773664913718e-14,1.7417427661748068e-14,4.111900467466904e-12,3.5236443386179174e-10,3.975821099390856e-17,2.340257366515225e-14,3.0071990483627967e-13
3.9751768814261735e-08,0.16628943999999996,0.8585084662769803,0.0,0.0,0.4444762528625189,0.11106577493979555,0.02254458885547149,1.1834128148127393e-10,3.09493387824803e-07,9.188783143037249e-05,2.013666683676696e-05,1.3676471070005044e-07,2.82498931179556e-17,0.00034724284159188466,1.316245480081924e-15,0.00022446395903790573,4.997427812982922e-12,2.114370270259023e-09,7.897146202313477e-13,7.442549620465907e-15,1.627345079954755e-06,1.4105293687700716e-10,0.007224483601780646,0.000530487270210109,6.229093423801647e-05,3.805273254440973e-08,1.947297639916237e-09,6.401721134951885e-09,1.5550160285992423e-11,4.595534804110257e-12,7.571991537737147e-08,1.1964364048502611e-05,1.1837521959002808e-09,1.6748882061744863e-06,1.0800036063941267e-09,2.2253272374714642e-10,6.25967084939922e-11,1.3513378816602312e-06,4.806243207063753e-14,1.7496461676251813e-14,4.135724204573014e-12,3.5362108952693806e-10,3.9950687301418985e-17,2.3508981205355772e-14,3.016823405641594e-13
3.979953059856204e-08,0.16628943999999996,0.8585084662769803,0.0,0.0,0.4444735777252692,0.11106325435553092,0.022544260511956946,1.1889944252124176e-10,3.106729627864107e-07,9.212779287922043e-05,2.020416872013779e-05,1.3724106470621332e-07,2.840951949733881e-17,0.0003476505560790218,1.3240871883938387e-15,0.00022462944456535218,5.015547320403038e-12,2.123983425575089e-09,7.930009486255701e-13,7.478246833027188e-15,1.6307822374318123e-06,1.4173580921741734e-10,0.007226521475689238,0.0005310691701151901,6.233508931941648e-05,3.812168702196517e-08,1.949556021856444e-09,6.408950948330442e-09,1.560749239050706e-11,4.602116701746533e-12,7.581468287416985e-08,1.1970780818652081e-05,1.1862248106399648e-09,1.6795035465501967e-06,1.0812653053969524e-09,2.2361089005541836e-10,6.28062043851883e-11,1.3539194441294557e-06,4.8197255864751225e-14,1.7575727341485414e-14,4.159655537973189e-12,3.548806099757333e-10,4.014385736717844e-17,2.3615735811857654e-14,3.026462401229751e-13
3.989505416716266e-08,0.16628943999999996,0.8585084662769803,0.0,0.0,0.44446824602155993,0.11105823100789662,0.022543603843857403,1.2002110982862306e-10,3.1304047956511115e-07,9.260848087994137e-05,2.0339502861553802e-05,1.3819694915778416e-07,2.8730724825529845e-17,0.00034846587920164454,1.3398812861966548e-15,0.00022495987483286503,5.051915037250854e-12,2.1433038583826184e-09,7.995972992242868e-13,7.549993080480586e-15,1.6376641388779079e-06,1.431089439534756e-10,0.00723057925264133,0.0005322325822497714,6.242325236835098e-05,3.825965629213751e-08,1.9540719939723364e-09,6.423408609300108e-09,1.5722548225187552e-11,4.615273179775195e-12,7.600370100020309e-08,1.1983533814681276e-05,1.1911717359997873e-09,1.6887500825746394e-06,1.0837883736743574e-09,2.2577889983426142e-10,6.322621866276271e-11,1.3590858908307861e-06,4.8467288073422424e-14,1.7734954583602704e-14,4.207842373706832e-12,3.5740825577922196e-10,4.0532285279386705e-17,2.383028888083318e-14,3.0457842894092487e-13
3.9990577735763276e-08,0.16628943999999996,0.8585084662769803,0.0,0.0,0.44446293896139244,0.11105323130677035,0.02254294720095327,1.2114992207407264e-10,3.1541916824288035e-07,9.309018750959752e-05,2.0475276909210307e-05,1.391570751233935e-07,2.9054543968914726e-17,0.0003492810609045305,1.3558237979050336e-15,0.0002252895853594197,5.088454650568847e-12,2.1627501874432112e-09,8.062252456828445e-13,7.622209626294952e-15,1.6445561344443459e-06,1.4449197058111066e-10,0.007234613183446775,0.0005333954781906757,6.2511220554704e-05,3.839770603041423e-08,1.9585869088747776e-09,6.437863644658526e-09,1.5838126967020294e-11,4.628419889861341e-12,7.619203190963582e-08,1.1996179959198685e-05,1.1961209089084137e-09,1.698017725157952e-06,1.08631100150922e-09,2.2796254002491005e-10,6.364759442309507e-11,1.364256745422022e-06,4.8737832293398955e-14,1.789511130207758e-14,4.25646374101967e-12,3.5994739235824373e-10,4.092350775874873e-17,2.404623818860822e-14,3.065164677649166e-13
4.0086101304363894e-08,0.16628943999999996,0.8585084662769803,0.0,0.0,0.44445765640446294,0.11104825511522545,0.022542290583192067,1.2228590080792132e-10,3.1780904812100305e-07,9.357291096699606e-05,2.0611490150439133e-05,1.401214501048609e-07,2.9380989406063484e-17,0.00035009610084707097,1.3719157339107578e-15,0.00022561857771321843,5.1251665124233764e-12,2.1823228930782784e-09,8.128847925617575e-13,7.694897910123514e-15,1.6514581987292598e-06,1.4588493536280452e-10,0.007238623405417847,0.0005345578587863492,6.25989954097106e-05,3.853583629288769e-08,1.9631007647334733e-09,6.452316048938554e-09,1.5954229503140387e-11,4.6415568190130275e-12,7.637967795359602e-08,1.2008719901774568e-05,1.201072313452872e-09,1.7073064339420168e-06,1.088833187935882e-09,2.3016188379005873e-10,6.407032945120934e-11,1.3694319826118622e-06,4.900888756367981e-14,1.8056199403021357e-14,4.30552241626468e-12,3.624980407605046e-10,4.131753785957897e-17,2.4263589055490416e-14,3.0846035316653804e-13
4.027714844156513e-08,0.16628943999999996,0.8585084662769803,0.0,0.0,0.4444471642431414,0.11103837271712269,0.022540977422890428,1.2457944387874723e-10,3.226224586330491e-07,9.454140121072839e-05,2.088523135949888e-05,1.4206297705271201e-07,3.0041809140870605e-17,0.0003517257540911669,1.4045519409213897e-15,0.0002262744141612857,5.199108387226845e-12,2.221849357046232e-09,8.262987037074739e-13,7.841695435282409e-15,1.6652924320802263e-06,1.4870086490014825e-10,0.007246573268154518,0.0005368810773349798,6.277397116115853e-05,3.8812338605988896e-08,1.972125292013413e-09,6.48121294243007e-09,1.6188009504319262e-11,4.667801287881816e-12,7.675292497726947e-08,1.2033483782114875e-05,1.2109817562687908e-09,1.7259468898591476e-06,1.0938762327031267e-09,2.3460797542591747e-10,6.491986844081298e-11,1.3797955039723161e-06,4.9552527514037474e-14,1.8381177337790662e-14,4.404962845982648e-12,3.6763395703406157e-10,4.211407327313836e-17,2.470251676650091e-14,3.123656504707885e-13
4.0468195578766365e-08,0.16628943999999996,0.8585084662769803,0.0,0.0,0.4444367684312529,0.11102858273390956,0.022539664362540127,1.2690191119517603e-10,3.274808653099005e-07,9.551393740218621e-05,2.1160720774710418e-05,1.4402158973608546e-07,3.071328411745975e-17,0.00035335483621903716,1.4377980725666023e-15,0.00022692739666630996,5.273743467056702e-12,2.261887099571415e-09,8.398390607528463e-13,7.990397112550364e-15,1.6791666366473246e-06,1.5155710451063439e-10,0.007254429923607674,0.0005392022446789758,6.294819151754445e-05,3.908916364477611e-08,1.981145561229851e-09,6.510099246179599e-09,1.6423895316134723e-11,4.694006503574689e-12,7.71234613821097e-08,1.2057830662110024e-05,1.2208999469633678e-09,1.744671132153052e-06,1.098917500255785e-09,2.391177629651514e-10,6.577481787486693e-11,1.3901762539803263e-06,5.0098200646111663e-14,1.870990348178735e-14,4.506186073794512e-12,3.728161722152759e-10,4.2921996474920996e-17,2.5147114650642306e-14,3.1629429535895955e-13
4.06592427159676e-08,0.16628943999999996,0.8585084662769803,0.0,0.0,0.4444264678751702,0.11101888409834301,0.02253835140173464,1.292534747244563e-10,3.3238442219879e-07,9.649050548972554e-05,2.1437952674486257e-05,1.4599734766573314e-07,3.139551462867698e-17,0.00035498334452383856,1.4716623600506156e-15,0.00022757753767222797,5.349074548369272e-12,2.3024399752107786e-09,8.535058852382587e-13,8.141014349984503e-15,1.6930806108891867e-06,1.5445402761047475e-10,0.007262194442092258,0.0005415213675958315,6.312166809644798e-05,3.936631179391293e-08,1.9901615578489106e-09,6.538974916706727e-09,1.6661894018158193e-11,4.720172399670369e-12,7.74913068597275e-08,1.2081765753489513e-05,1.2308267757483486e-09,1.7634788463441947e-06,1.1039569828781865e-09,2.436918369603612e-10,6.663515997509063e-11,1.4005740328179626e-06,5.064590000452269e-14,1.904239280694689e-14,4.609214670794763e-12,3.7804485330594335e-10,4.374141283460006e-17,2.5597425403046217e-14,3.2024626388328745e-13
4.0850289853168835e-08,0.16628943999999996,0.8585084662769803,0.0,0.0,0.44441626149383623,0.11100927575547236,0.022537038540073245,1.3163430625849004e-10,3.373332831852225e-07,9.747109157602919e-05,2.1716921332066124e-05,1.4799031012827324e-07,3.208860117102503e-17,0.00035661127630684595,1.506153100539457e-15,0.00022822484957748607,5.425104418652985e-12,2.3435118436995502e-09,8.672991923074804e-13,8.29355850709596e-15,1.7070341540036405e-06,1.5739200908205994e-10,0.007269867881624933,0.000543838452854989,6.329441224453582e-05,3.9643783409142504e-08,1.999173267385545e-09,6.567839910646425e-09,1.6902012682076214e-11,4.746298925649898e-12,7.785648146312145e-08,1.2105294270933088e-05,1.2407621403780583e-09,1.7823697215888057e-06,1.1089946728599017e-09,2.483307902856761e-10,6.750087694900392e-11,1.410988641776447e-06,5.1195618952346666e-14,1.937866016523806e-14,4.71407136830264e-12,3.8332016669373713e-10,4.4572428135274854e-17,2.6053491776155707e-14,3.2422153365056324e-13
4.104133699037007e-08,0.16628943999999996,0.8585084662769803,0.0,0.0,0.4444061482186212,0.11099975666249795,0.02253572577716089,1.340445774253361e-10,3.4232760199247327e-07,9.845568191515854e-05,2.1997621017848287e-05,1.5000053618605688e-07,3.2792644443029655e-17,0.0003582386288775176,1.5412786572540871e-15,0.00022886934473486723,5.501835856400073e-12,2.385106569857953e-09,8.812189908610333e-13,8.448040894857333e-15,1.72102706592477e-06,1.603714252690392e-10,0.007277451288065477,0.0005461535072156608,6.346643504383931e-05,3.9921578817105734e-08,2.0081806754038666e-09,6.596694184749249e-09,1.7144258371561942e-11,4.772386046421768e-12,7.82190055877523e-08,1.2128421429759879e-05,1.2507059459950225e-09,1.8013434506209117e-06,1.1140305624963146e-09,2.530352181289715e-10,6.837195099711256e-11,1.4214198832514094e-06,5.174735116652094e-14,1.9718720290645725e-14,4.820779057921015e-12,3.886422781516845e-10,4.5415148572075417e-17,2.6515356578688023e-14,3.2822008382371233e-13
4.1232384127571306e-08,0.16628943999999996,0.8585084662769803,0.0,0.0,0.4443961269931807,0.11099032578863123,0.02253441311260819,1.3648445970072158e-10,3.4736753218093874e-07,9.94442629096397e-05,2.22800460016628e-05,1.520280846770381e-07,3.3507745343660154e-17,0.00035986539955355784,1.5770474595611191e-15,0.00022951103545133046,5.579271631078657e-12,2.4272280234983263e-09,8.952652837084721e-13,8.604472775726239e-15,1.7350591473199564e-06,1.6339265397138543e-10,0.00728494569525659,0.0005484665374247091,6.363774731795147e-05,4.01996983152197e-08,2.0171837675175027e-09,6.625537695881852e-09,1.738863814217253e-11,4.7984337418562675e-12,7.857889995303157e-08,1.2151152443675177e-05,1.2606581049750708e-09,1.820399729694206e-06,1.1190646440891945e-09,2.5780571798406295e-10,6.924836431991379e-11,1.4318675607381467e-06,5.230109063319405e-14,2.006258780115657e-14,4.929360791590435e-12,3.940113528376552e-10,4.6269680750762745e-17,2.6983062674601765e-14,3.322418951196985e-13
4.142343126477254e-08,0.16628943999999996,0.8585084662769803,0.0,0.0,0.4443861967733165,0.11098098211495651,0.022533100546031304,1.3895412441954507e-10,3.5245322714735797e-07,0.00010043682110758482,2.256419055498749e-05,1.5407301421464826e-07,3.423400497080769e-17,0.00036149158566097943,1.6134680030611776e-15,0.00023014993398786,5.657414503105235e-12,2.469880079332682e-09,9.094380677195326e-13,8.762865363684483e-15,1.7491301995869084e-06,1.6645607444044608e-10,0.00729235212516213,0.0005507775502145816,6.380835963814099e-05,4.0478142171617206e-08,2.026182529389934e-09,6.654370401027475e-09,1.7635159041246185e-11,4.824442006327932e-12,7.893618558419207e-08,1.2173492522574294e-05,1.2706185367714806e-09,1.8395382585238583e-06,1.1240969099472602e-09,2.6264288964287747e-10,7.013009912472494e-11,1.44233147882688e-06,5.2856831643029545e-14,2.0410277200753128e-14,5.039839781638364e-12,3.9942755529386114e-10,4.713613168632506e-17,2.7456652982068514e-14,3.3628694980912427e-13
4.161447840197378e-08,0.16628943999999996,0.8585084662769803,0.0,0.0,0.4443763565268371,0.11097172463429417,0.022531788077051886,1.4145374278736457e-10,3.575848401239087e-07,0.0001014333431998516,2.285004895310513e-05,1.5613538318767386e-07,3.497152461981856e-17,0.00036311718453416295,1.6505488496748187e-15,0.00023078605255932616,5.736267223817624e-12,2.513066616880673e-09,9.237373339740763e-13,8.923229824292794e-15,1.763240024850681e-06,1.695620673739803e-10,0.007299671588003777,0.0005530865523013054,6.397828232937779e-05,4.075691062513977e-08,2.035176946734819e-09,6.683192257286378e-09,1.7883828107794872e-11,4.8504108482664276e-12,7.929088379456015e-08,1.219544687040486e-05,1.2805871677587773e-09,1.8587587402283202e-06,1.1291273523867258e-09,2.675473351876042e-10,7.101713763232942e-11,1.452811443198014e-06,5.341456878646116e-14,2.0761802881408103e-14,5.152239400823571e-12,4.048910494463674e-10,4.8014608801569586e-17,2.79361704724492e-14,3.403552317146243e-13
4.180552553917501e-08,0.16628943999999996,0.8585084662769803,0.0,0.0,0.4443666052334214,0.11096255235106553,0.022530475705297006,1.4398348589186595e-10,3.6276252417717753e-07,0.00010243381601724253,2.3137615477201047e-05,1.5821524976013858e-07,3.572040578207958e-17,0.0003647421935159156,1.688298627725993e-15,0.00023141940333435708,5.815832535448365e-12,2.556791520377997e-09,9.381630679107407e-13,9.085577274761036e-15,1.7773884259606785e-06,1.7271101491118046e-10,0.007306905082396072,0.0005553935503825358,6.414752547626667e-05,4.1036003885380434e-08,2.044167005316315e-09,6.712003221876312e-09,1.8134652372397568e-11,4.876340289715937e-12,7.964301616822131e-08,1.2217020683088382e-05,1.290563931076223e-09,1.8780608812712038e-06,1.1341559637318387e-09,2.7251965898281883e-10,7.190946208343861e-11,1.4633072606173988e-06,5.3974296948916774e-14,2.1117179125078764e-14,5.266583182375546e-12,4.1040199860461663e-10,4.8905219925710115e-17,2.8421658169275015e-14,3.4444672620655363e-13
4.199657267637625e-08,0.16628943999999996,0.8585084662769803,0.0,0.0,0.4443569418844835,0.11095346428115944,0.022529163430399093,1.4654352471429839e-10,3.6798643220701605e-07,0.00010343822652774508,2.342688441640175e-05,1.6031267187118896e-07,3.64807501436542e-17,0.0003663666099575285,1.7267260320230536e-15,0.00023204999843522066,5.896113171098528e-12,2.6010586786852217e-09,9.527152494742167e-13,9.24991878403336e-15,1.791575206487658e-06,1.7590330062768127e-10,0.007314053595479919,0.0005576985511356642,6.431609892888648e-05,4.13154221327734e-08,2.0531526909493894e-09,6.740803252132995e-09,1.8387638857092815e-11,4.902230365902415e-12,7.999260454307242e-08,1.2238219146500526e-05,1.3005487664711074e-09,1.8974443914033234e-06,1.1391827363154106e-09,2.775604676675893e-10,7.280705474497099e-11,1.4738187389315933e-06,5.453601130599743e-14,2.147642010570013e-14,5.3828948200290265e-12,4.1596056546096337e-10,4.9808073292950654e-17,2.8913159147233055e-14,3.485614201978305e-13
4.218761981357748e-08,0.16628943999999996,0.8585084662769803,0.0,0.0,0.44434736548303827,0.11094445945180018,0.022527851251995856,1.491340301408682e-10,3.7325671694529835e-07,0.00010444656183381376,2.371785006975544e-05,1.6242770723498433e-07,3.72526595839703e-17,0.0003679904312188317,1.7658398239373528e-15,0.0002326778499377177,5.977111854711944e-12,2.6458719851970387e-09,9.673938532610994e-13,9.416265372887625e-15,1.8058001707207225e-06,1.7913930953055408e-10,0.0073211181030545195,0.0005600015612159842,6.448401230853347e-05,4.15951655187274e-08,2.062133989500121e-09,6.769592305510598e-09,1.8642794575271094e-11,4.928081124808918e-12,8.033967099425286e-08,1.2259047434509194e-05,1.3105416201419559e-09,1.916908983604971e-06,1.144207662479334e-09,2.826703701475574e-10,7.370989791615131e-11,1.4843456870631295e-06,5.509970731862791e-14,2.183953989117558e-14,5.501198168053753e-12,4.2156691209022245e-10,5.072327754106485e-17,2.9410716531156565e-14,3.526993021381663e-13
4.237866695077872e-08,0.16628943999999996,0.8585084662769803,0.0,0.0,0.4443378750435698,0.11093553690141694,0.02252653916973022,1.5175517297408288e-10,3.785735309545921e-07,0.00010545880916969471,2.4010506748154857e-05,1.6456041334059028e-07,3.8036236174559664e-17,0.00036961365466824797,1.805648831479433e-15,0.0002333029698710846,6.058831301049861e-12,2.691235337751925e-09,9.821988486642598e-13,9.584628014048647e-15,1.8200631236643115e-06,1.824194280532878e-10,0.007328099569707835,0.0005623025872549104,6.4651275013367e-05,4.187523416579889e-08,2.071110886885991e-09,6.798370339582194e-09,1.8900126531567554e-11,4.953892626758622e-12,8.068423781794978e-08,1.2279510707069986e-05,1.320542444581778e-09,1.9364543740284953e-06,1.1492307345750867e-09,2.8784997758700006e-10,7.46179739344313e-11,1.4948879150057844e-06,5.566538072817382e-14,2.2206552445363506e-14,5.621517241279403e-12,4.2722119994922685e-10,5.165094170997132e-17,2.991437349501957e-14,3.568603620067786e-13
4.2569714087979954e-08,0.16628943999999996,0.8585084662769803,0.0,0.0,0.4443284695918998,0.11092669567951478,0.022525227183250278,1.5440712394403723e-10,3.8393702662674863e-07,0.00010647495589879455,2.4304848776202395e-05,1.6671084745187616e-07,3.883158217784788e-17,0.00037123627768284573,1.8461619493727945e-15,0.0002339253702179058,6.1412742156660146e-12,2.737152638542229e-09,9.971302000156897e-13,9.755017632314933e-15,1.8343638710351905e-06,1.8574404405075772e-10,0.007334998948945511,0.0005646016358582555,6.481789622395606e-05,4.2155628167902707e-08,2.0800833690761704e-09,6.82713731204027e-09,1.915964172175509e-11,4.979664944005534e-12,8.102632751557376e-08,1.2299614108379136e-05,1.3305511984214843e-09,1.95608028194124e-06,1.1542519449642328e-09,2.930999034008697e-10,7.553126518123169e-11,1.5054452338198528e-06,5.623302755153143e-14,2.2577471630058485e-14,5.743876215115795e-12,4.329235898763994e-10,5.2591175240305415e-17,3.042417326093627e-14,3.610445913038356e-13
4.276076122518119e-08,0.16628943999999996,0.8585084662769803,0.0,0.0,0.44431914816505863,0.11091793484654729,0.022523915292209176,1.570900537196321e-10,3.89347356181421e-07,0.000107494989511093,2.460087049401769e-05,1.6887906660741637e-07,3.963880004599361e-17,0.0003728582976483901,1.8873881391252562e-15,0.00023454506291403678,6.224443294882132e-12,2.78362779402467e-09,1.0121878667277542e-12,9.927445104698565e-15,1.8487022192594427e-06,1.8911354679417967e-10,0.0073418171833183445,0.000566898713604563,6.498388490872438e-05,4.243634759055632e-08,2.0890514220917947e-09,6.855893180697217e-09,1.9421347132637967e-11,5.005398160332678e-12,8.136596277829934e-08,1.2319362765083623e-05,1.3405678462735954e-09,1.975786429668894e-06,1.1592712860189108e-09,2.984207632468137e-10,7.644975408750624e-11,1.5160174556274253e-06,5.6802644076192685e-14,2.295231120696538e-14,5.868299425568307e-12,4.386742420913346e-10,5.354408797198695e-17,3.094015909816489e-14,3.652519830410502e-13
4.2951808362382425e-08,0.16628943999999996,0.8585084662769803,0.0,0.0,0.44430990981115737,0.11090925347379046,0.02252260349626511,1.598041329197205e-10,3.948046716645145e-07,0.00010851889762060138,2.4898566258988248e-05,1.7106512762039545e-07,4.0457992419776463e-17,0.0003744797119593924,1.929336429097897e-15,0.00023516205984853576,6.308341225763836e-12,2.830664714831257e-09,1.0273718034328005e-12,1.010192126057775e-14,1.8630779754694577e-06,1.925283269660525e-10,0.0073485552045482495,0.0005691938270434948,6.514924982929387e-05,4.2717392471155754e-08,2.098015032006235e-09,6.884637903485809e-09,1.9685249741945947e-11,5.031092370657676e-12,8.170316647196776e-08,1.2338761784548055e-05,1.3505923585763543e-09,1.9955725425393136e-06,1.164288750122308e-09,3.0381317501717277e-10,7.737342313912943e-11,1.5266043936076702e-06,5.737422685528907e-14,2.3331084839665318e-14,5.994811369248583e-12,4.4447331619439364e-10,5.4509790142783995e-17,3.146237432211594e-14,3.6948253173124635e-13
4.314285549958366e-08,0.16628943999999996,0.8585084662769803,0.0,0.0,0.44430075358926147,0.11090065064321807,0.022521291795081222,1.6254953212417114e-10,4.0030912494658374e-07,0.00010954666796286598,2.5197930447463437e-05,1.7326908707851748e-07,4.128926212753281e-17,0.0003761005180191586,1.9720159145716028e-15,0.00023577637286360508,6.3929706860969744e-12,2.8782673156806203e-09,1.0426819601210765e-12,1.0278456881861603e-14,1.877490947500931e-06,1.9598877665508753e-10,0.007355213933652804,0.000571486982694275,6.531399954572538e-05,4.299876281927972e-08,2.1069741849453558e-09,6.913371438459708e-09,1.995135651822954e-11,5.056747680645571e-12,8.203796162234515e-08,1.2357816253177846e-05,1.360624711438353e-09,2.015438348826855e-06,1.169304329669133e-09,3.0927775883096093e-10,7.830225488210901e-11,1.5372058619921245e-06,5.79477727026163e-14,2.3713806095571846e-14,6.123436703380537e-12,4.5032097116631063e-10,5.5488392386873306e-17,3.1990862293365387e-14,3.7373623337682214e-13
4.3333902636784895e-08,0.16628943999999996,0.8585084662769803,0.0,0.0,0.44429167856926544,0.11089212544737856,0.02251998018832555,1.6532642188484356e-10,4.05860867721178e-07,0.00011057828839251791,2.549895745639255e-05,1.7549100134391838e-07,4.2132712184139e-17,0.00037772071323983607,2.0154357578112165e-15,0.0002363880137545416,6.478334344364345e-12,2.9264395152897515e-09,1.058118282276918e-12,1.0457062703166736e-14,1.8919409438898596e-06,1.994952893511255e-10,0.007361794281068336,0.0005737781870441862,6.547814242165594e-05,4.328045861701987e-08,2.1159288670877703e-09,6.942093743793968e-09,2.021967442075607e-11,5.082364206328761e-12,8.237037140073215e-08,1.2376531234798108e-05,1.370664886483768e-09,2.03538357969727e-06,1.1743180170660737e-09,3.148151370258241e-10,7.923623192762529e-11,1.5478216760599855e-06,5.852327868764349e-14,2.4100488447876628e-14,6.254200245801685e-12,4.562173653678106e-10,5.648000573339674e-17,3.2525666416671855e-14,3.780130854572882e-13
4.352494977398613e-08,0.16628943999999996,0.8585084662769803,0.0,0.0,0.4442826838317691,0.11088367698927333,0.02251866867567096,1.6813497273646722e-10,4.1146005150314576e-07,0.00011161374688086848,2.5801641704907076e-05,1.777309265530831e-07,4.298844579004114e-17,0.00037934029504245936,2.0596051881272884e-15,0.0002369969942696956,6.564434859722844e-12,2.9751852362861624e-09,1.0736807110131608e-12,1.0637749412005287e-14,1.9064277738695512e-06,2.0304825994004165e-10,0.007368297146771615,0.0005760674465471215,6.564168662933289e-05,4.3562479819334904e-08,2.124879064665083e-09,6.970804777785535e-09,2.0490210399407044e-11,5.1079420737339776e-12,8.270041910992202e-08,1.2394911769087983e-05,1.3807128706983243e-09,2.0554079691531997e-06,1.1793298047322451e-09,3.2042593414998014e-10,8.017533695689813e-11,1.5584516521334136e-06,5.91007421305092e-14,2.4491145277482818e-14,6.387126974959851e-12,4.6216265653923885e-10,5.748474160501429e-17,3.3066830139998666e-14,3.8231308691592474e-13
4.3715996911187366e-08,0.16628943999999996,0.8585084662769803,0.0,0.0,0.4442737684679562,0.1108753043822364,0.022517357256795083,1.7097535520741849e-10,4.1710682762690146e-07,0.00011265303151355161,2.6105977635847976e-05,1.7998891861676585e-07,4.3856566330330274e-17,0.0003809592608569945,2.104533501935447e-15,0.00023760332611043891,6.65127488198102e-12,3.024508405120444e-09,1.0893691832037386e-12,1.082052764898396e-14,1.920951247367637e-06,2.0664808469863862e-10,0.0073747234204001285,0.0005783547676221906,6.580464015454348e-05,4.384482635442566e-08,2.1338247639621295e-09,6.999504498853764e-09,2.0762971394576727e-11,5.133481418516097e-12,8.302812817050036e-08,1.2412962870069813e-05,1.3907686562760697e-09,2.0755112539803033e-06,1.1843396850996325e-09,3.261107769541405e-10,8.111955272588365e-11,1.5690956075728403e-06,5.968016059700765e-14,2.488578987492554e-14,6.522242029905216e-12,4.681570018002034e-10,5.850271181645358e-17,3.3614396953540225e-14,3.866362381455352e-13
4.39070440483886e-08,0.16628943999999996,0.8585084662769803,0.0,0.0,0.4442649315794721,0.1108670067498155,0.02251604593138028,1.7384773983038828e-10,4.2280134724466305e-07,0.00011369613048821219,2.6411959717238235e-05,1.8226503321991457e-07,4.4737177373862507e-17,0.00038257760812238187,2.1502300628133756e-15,0.0002382070209311406,6.7388570515770176e-12,3.074412951979243e-09,1.1051836316144294e-12,1.100540800801367e-14,1.9355111750030933e-06,2.102951612895275e-10,0.007381073981370975,0.0005806401566523767,6.596701080144104e-05,4.4127498124129597e-08,2.142765951317208e-09,7.0281928655409225e-09,2.103796433707208e-11,5.158982385598783e-12,8.335352210748554e-08,1.2430689524652703e-05,1.4008322404670705e-09,2.0956931736940476e-06,1.1893476506135235e-09,3.318702943834117e-10,8.20688620698016e-11,1.5797533607722824e-06,6.026153189356751e-14,2.5284435442277953e-14,6.659570710277811e-12,4.742005576492279e-10,5.953402857305584e-17,3.416841038875287e-14,3.909825409733408e-13
4.409809118558984e-08,0.16628943999999996,0.8585084662769803,0.0,0.0,0.4442561722783059,0.11085878322565436,0.02251473469911354,1.767522971529357e-10,4.285437613246634e-07,0.00011474303211224122,2.671958244370142e-05,1.8455932582159908e-07,4.5630382672422857e-17,0.0003841953342865784,2.196704301555419e-15,0.00023880809033915144,6.827183999556939e-12,3.1249028106986427e-09,1.1211239850317117e-12,1.1192401036529439e-14,1.9501073680832737e-06,2.1398988875599755e-10,0.0073873496989983935,0.000582923619983248,6.612880619726742e-05,4.44104950043323e-08,2.1517026131222976e-09,7.0568698365127116e-09,2.1315196148014303e-11,5.184445128821827e-12,8.367662453730286e-08,1.2448096691229821e-05,1.4109036254261075e-09,2.1159534704872054e-06,1.194353693732931e-09,3.3770511756917994e-10,8.302324790749607e-11,1.5904247311546645e-06,6.084485406222645e-14,2.5687095095041922e-14,6.7991384762904005e-12,4.802934799634168e-10,6.057880446931858e-17,3.472891401739034e-14,3.953519986450878e-13
4.428913832279107e-08,0.16628943999999996,0.8585084662769803,0.0,0.0,0.44424748968667077,0.11085063295337674,0.022513423559686465,1.7968919774792022e-10,4.3433422064934425e-07,0.00011579372480055712,2.7028840337826816e-05,1.8687185165494284e-07,4.6536286159932377e-17,0.0003858124368065975,2.2439657162248123e-15,0.00023940654589479563,6.916258347553597e-12,3.175981918677947e-09,1.1371901683897091e-12,1.1381517235720068e-14,1.964739638600951e-06,2.1773266751687456e-10,0.0073935514326099305,0.0005852051639217211,6.629003379697194e-05,4.469381684539441e-08,2.1606347358232824e-09,7.085535370558786e-09,2.1594673738741837e-11,5.2098698105950065e-12,8.399745915509051e-08,1.2465189298328911e-05,1.4209828180624673e-09,2.136291889178065e-06,1.1993578069310076e-09,3.4361587982097676e-10,8.398269324563051e-11,1.6011095391671528e-06,6.143012537560398e-14,2.6093781864022455e-14,6.94097094870685e-12,4.864359239981325e-10,6.163715248743469e-17,3.5295951450543456e-14,3.9974461580838793e-13
4.448018545999231e-08,0.16628943999999996,0.8585084662769803,0.0,0.0,0.4442388829368887,0.11084255508647128,0.022512112512795154,1.8265861222380761e-10,4.4017287581353364e-07,0.00011684819707343337,2.7339727951481667e-05,1.8920266572705878e-07,4.74549919516973e-17,0.000387428913148549,2.292023872203543e-15,0.00024000239911137135,7.006082707765665e-12,3.227654216793874e-09,1.153382102895186e-12,1.1572767060767267e-14,1.9794077992313718e-06,2.2152389936136795e-10,0.007399680031661279,0.0005874847947348741,6.645070088772767e-05,4.4977463472591443e-08,2.1695623059201527e-09,7.114189426593275e-09,2.18764040107151e-11,5.235256601558524e-12,8.431604972233183e-08,1.2481972243315396e-05,1.4310698298909097e-09,2.156708177159387e-06,1.2043599826954525e-09,3.4960321661832755e-10,8.494718118271972e-11,1.6118076062764915e-06,6.20173443318751e-14,2.650450869718465e-14,7.085093908815954e-12,4.926280443866827e-10,6.270918599582876e-17,3.58695663376845e-14,4.04160398495316e-13
4.467123259719354e-08,0.16628943999999996,0.8585084662769803,0.0,0.0,0.4442303511712737,0.1108345487881782,0.022510801558140205,1.856607112348452e-10,4.4605987722261555e-07,0.00011790643755437223,2.7652239867071252e-05,1.9155182281898907e-07,4.8386604343699543e-17,0.0003890447607876769,2.3408884022398474e-15,0.0002405956614551569,7.096659682937228e-12,3.279923649315151e-09,1.169699706150566e-12,1.1766160921093827e-14,1.994111663329324e-06,2.2536398744390714e-10,0.007405736335849785,0.0005897625186488125,6.66108145933453e-05,4.526143468656597e-08,2.1784853099672105e-09,7.142831963655302e-09,2.216039385542291e-11,5.260605680249764e-12,8.463242005481087e-08,1.2498450391147439e-05,1.4411646768838925e-09,2.1772020843481357e-06,1.2093602135289094e-09,3.556677656025827e-10,8.591669491300026e-11,1.622518754964354e-06,6.260650964974801e-14,2.6919288461492436e-14,7.231533298400789e-12,4.988699951400232e-10,6.379501874768964e-17,3.644980236571582e-14,4.0859935410431745e-13
4.486227973439478e-08,0.16628943999999996,0.8585084662769803,0.0,0.0,0.44422189354201796,0.11082661323137685,0.02250949069542662,1.8869566549109912e-10,4.5199537509069285e-07,0.0001189684349680241,2.796637069874735e-05,1.939193774856477e-07,4.9331227811927613e-17,0.0003906599772083964,2.390569006493354e-15,0.00024118634434542617,7.187991866337722e-12,3.332794163817512e-09,1.1861428922749622e-12,1.196170918062045e-14,2.00885104492621e-06,2.2925333627896702e-10,0.007411721175226666,0.0005920383418475835,6.677038187858552e-05,4.554573026378929e-08,2.1874037345732674e-09,7.171462940909509e-09,2.2446650154290835e-11,5.285917232776434e-12,8.494659401088757e-08,1.2514628573182325e-05,1.4512673793251284e-09,2.197773363135984e-06,1.2143584919493537e-09,3.6181016656873157e-10,8.68912177301412e-11,1.6332428087226993e-06,6.319762026344747e-14,2.7338133944728068e-14,7.38031521970357e-12,5.051619296464669e-10,6.489476487950019e-17,3.7036703258022966e-14,4.130614913814574e-13
4.5053326871596014e-08,0.16628943999999996,0.8585084662769803,0.0,0.0,0.44421350921107966,0.11081874759847489,0.022508179924363776,1.9176364576835194e-10,4.579795194387495e-07,0.00012003417813815235,2.8282115093565854e-05,1.963053840557683e-07,5.0288967011746894e-17,0.0003922745599043299,2.4410754525778687e-15,0.0002417744591544694,7.280081841742254e-12,3.3862697110990983e-09,1.2027115720231787e-12,1.2159422158030896e-14,2.02362575872715e-06,2.33192351735883e-10,0.00741763537030791,0.0005943122704721418,6.692940955337092e-05,4.583034995703206e-08,2.1963175664018295e-09,7.2000823176466e-09,2.2735179778591267e-11,5.311191452495906e-12,8.525859548008754e-08,1.2530511586033512e-05,1.4613779616645572e-09,2.2184217683406237e-06,1.2193548104904785e-09,3.680310614571995e-10,8.787073303079809e-11,1.643979592049143e-06,6.379067531770824e-14,2.7761057857291606e-14,7.531465935386095e-12,5.1150400067141e-10,6.600853890956392e-17,3.763031277353227e-14,4.17546820401046e-13
4.524437400879725e-08,0.16628943999999996,0.8585084662769803,0.0,0.0,0.44420519735007047,0.11081095108129854,0.02250686924466534,1.9486482291785302e-10,4.6401246009281497e-07,0.00012110365598564351,2.859946773259418e-05,1.987098966318542e-07,5.1259926777308576e-17,0.00039388850637834155,2.4924175756018228e-15,0.00024236001720762148,7.372932183412331e-12,3.440354245096259e-09,1.2194056529026784e-12,1.2359310127045009e-14,2.038435620108077e-06,2.371814410336559e-10,0.007423479732183917,0.0005965843106193613,6.708790427689771e-05,4.611529349584159e-08,2.2052267921712852e-09,7.228690053283869e-09,2.302598958935542e-11,5.336428539700718e-12,8.556844837200423e-08,1.2546104190477587e-05,1.4714964523747828e-09,2.239147057157888e-06,1.224349161702066e-09,3.743310943456295e-10,8.88552243180112e-11,1.654728930442332e-06,6.438567416277828e-14,2.8188072833979572e-14,7.685011868485733e-12,5.178963603570652e-10,6.713645573652857e-17,3.823067470577276e-14,4.220553525456725e-13
4.5435421145998485e-08,0.16628943999999996,0.8585084662769803,0.0,0.0,0.4441969571401456,0.11080322288098422,0.022505558656049217,1.9799936787592028e-10,4.700943466821344e-07,0.00012217685752656155,2.8918423331969136e-05,2.011329690901335e-07,5.224421212099612e-17,0.0003955018141425709,2.5446052782063707e-15,0.0002429430297832971,7.466545456076959e-12,3.495051722799747e-09,1.2362250392884954e-12,1.2561383316699344e-14,2.0532804451128714e-06,2.4122101273574687e-10,0.0074292550626278795,0.000598854468341098,6.724587256164941e-05,4.640056058702566e-08,2.214131398655077e-09,7.2572861073657045e-09,2.3319086437287395e-11,5.361628701310179e-12,8.58761766055089e-08,1.2561411110410543e-05,1.4816228838090705e-09,2.2599489891146907e-06,1.2293415381503522e-09,3.807109114406471e-10,8.984467520445123e-11,1.6654906503973342e-06,6.498261634943766e-14,2.8619191435741876e-14,7.840979602367057e-12,5.243391602222094e-10,6.827863063790674e-17,3.883783288194242e-14,4.265871004856884e-13
4.562646828319972e-08,0.16628943999999996,0.8585084662769803,0.0,0.0,0.4441887877718949,0.11079556220787136,0.022504248158237546,2.011674516733866e-10,4.7622532863734837e-07,0.00012325377187024692,2.9238976643906152e-05,2.0357465508051693e-07,5.324192823290851e-17,0.00039711448071846537,2.597648530601154e-15,0.0002435235081130316,7.560924214914134e-12,3.550366104171323e-09,1.2531696325360722e-12,1.2765651911634951e-14,2.0681600504504933e-06,2.4531147674486167e-10,0.0074349621542029,0.0006011227496432977,6.740332077731243e-05,4.66861509151401e-08,2.2230313726818747e-09,7.285870439564165e-09,2.3614477162680153e-11,5.386792150567958e-12,8.618180409826441e-08,1.2576437031852521e-05,1.4917572920609376e-09,2.280827326022808e-06,1.2343319324183888e-09,3.8717116106960964e-10,9.083906941551436e-11,1.6762645794010386e-06,6.558150162403268e-14,2.9054426151416535e-14,7.999395880669082e-12,5.308325511619427e-10,6.943517926859366e-17,3.9451831161979066e-14,4.311420781581728e-13
4.5817515420400955e-08,0.16628943999999996,0.8585084662769803,0.0,0.0,0.44418068844523456,0.11078796828139649,0.02250293775095655,2.0436924544488985e-10,4.82405555188685e-07,0.00012433438821745895,2.956112245766031e-05,2.0603500802655986e-07,5.425318048037922e-17,0.0003987265036368116,2.651557370597746e-15,0.00024410146338152826,7.656071005532707e-12,3.606301352060745e-09,1.2702393310920183e-12,1.2972126052392017e-14,2.0830742534921334e-06,2.494532442977267e-10,0.0074406017903678925,0.0006033891604851528,6.75602551545956e-05,4.697206414298043e-08,2.2319267011357334e-09,7.3144430096794855e-09,2.391216859533344e-11,5.411919106745656e-12,8.648535475654011e-08,1.2591186602000384e-05,1.501899716825421e-09,2.3017818319334887e-06,1.2393203371063897e-09,3.937124936723404e-10,9.183839079226837e-11,1.6870505459275658e-06,6.618232992352905e-14,2.949378939944122e-14,8.160287607248175e-12,5.37376683447457e-10,7.060621765938214e-17,4.00727134376353e-14,4.357203007454058e-13
4.600856255760219e-08,0.16628943999999996,0.8585084662769803,0.0,0.0,0.4441726583693004,0.11078044032998847,0.022501627433936588,2.0760492043800104e-10,4.886351753641654e-07,0.00012541869585856136,2.98848556004403e-05,2.0851408112542807e-07,5.527807440752991e-17,0.00040033788043776643,2.7063419036407605e-15,0.00024467690672671155,7.75198836395462e-12,3.6628614321231624e-09,1.2874340306027695e-12,1.3180815835710995e-14,2.0980228722683888e-06,2.536467279598541e-10,0.00744617474558225,0.0006056537067783022,6.771668178895458e-05,4.725829991207541e-08,2.2408173709562623e-09,7.343003777640624e-09,2.4212167554473912e-11,5.437009794852222e-12,8.678685246532331e-08,1.2605664428327299e-05,1.5120502012620603e-09,2.3228122730929123e-06,1.2443067448320764e-09,4.003355617928478e-10,9.284262329425328e-11,1.6978483794336882e-06,6.678510137058681e-14,2.9937293529541264e-14,8.323681846116626e-12,5.439717067258186e-10,7.179186221547465e-17,4.070052363155802e-14,4.4032178465289533e-13
4.6199609694803426e-08,0.16628943999999996,0.8585084662769803,0.0,0.0,0.4441646967623433,0.11077297759096513,0.022500317206912028,2.1087464802218802e-10,4.949143379878299e-07,0.00012650668417175085,3.0210170938275674e-05,2.110119273478669e-07,5.631671573485811e-17,0.0004019486086708852,2.762012302836651e-15,0.00024524984923978625,7.848678816597552e-12,3.7200503127369025e-09,1.3047536240211464e-12,1.3391731314839895e-14,2.113005725466453e-06,2.5789234162029866e-10,0.0074516817854093165,0.0006079163943860787,6.787260664422275e-05,4.7544857843182095e-08,2.2497033691387678e-09,7.371552703505797e-09,2.4514480848677217e-11,5.462064445349208e-12,8.708632107872425e-08,1.261987507772863e-05,1.5222087918596636e-09,2.343918417898499e-06,1.2492911482310144e-09,4.0704102007102997e-10,9.385175100213817e-11,1.7086579103542652e-06,6.738981626865779e-14,3.0384950824393154e-14,8.489605821376962e-12,5.506177700197613e-10,7.299222971499301e-17,4.133530569637231e-14,4.449465474869813e-13
4.639065683200466e-08,0.16628943999999996,0.8585084662769803,0.0,0.0,0.4441568028516238,0.11076557931043077,0.02249900706962123,2.1417859969761278e-10,5.012431916779798e-07,0.000127598342621327,3.053706337683862e-05,2.135285994381745e-07,5.736921035885781e-17,0.00040355868589515105,2.8185788089801996e-15,0.00024582030196530194,7.946144880257914e-12,3.777871964921649e-09,1.3221980017108012e-12,1.3604882499847344e-14,2.1280226324273105e-06,2.6219050048640506e-10,0.007457123666618673,0.0006101772291228004,6.802803555614926e-05,4.783173753678131e-08,2.2585846827344015e-09,7.40008974746301e-09,2.4819115275792127e-11,5.4870832938717896e-12,8.738378441067049e-08,1.2633823075713274e-05,1.5323755383028996e-09,2.3651000368560544e-06,1.2542735399569408e-09,4.1382952523436437e-10,9.486575812023665e-11,1.7194789700976893e-06,6.799647509710982e-14,3.083677350126346e-14,8.65808691715196e-12,5.573150217274896e-10,7.420743730748497e-17,4.197710361376951e-14,4.495946080320524e-13
4.65817039692059e-08,0.16628943999999996,0.8585084662769803,0.0,0.0,0.4441489758733099,0.11075824474317515,0.022497697021806477,2.1751694710375724e-10,5.076218848454453e-07,0.00012869366075600393,3.086552786222057e-05,2.1606414991417831e-07,5.843566435167199e-17,0.00040516810967900207,2.8760517305786933e-15,0.0002463882759012224,8.044389062094196e-12,3.836330362257021e-09,1.33976705154855e-12,1.3820279357941177e-14,2.143073413142968e-06,2.665416210785466e-10,0.0074625011372872205,0.0006124362167531039,6.818297423584683e-05,4.81189385735723e-08,2.267461298850305e-09,7.4286148698306125e-09,2.5126077622866867e-11,5.51206658095546e-12,8.767926622588747e-08,1.2647512905639741e-05,1.5425504933407603e-09,2.3863569025377824e-06,1.2592539126820868e-09,4.2070173608958415e-10,9.588462897888381e-11,1.7303113910413419e-06,6.860507850637811e-14,3.129277371362215e-14,8.82915267751044e-12,5.640636096224957e-10,7.543760251242865e-17,4.262596139359986e-14,4.542659862274069e-13
4.677275110640713e-08,0.16628943999999996,0.8585084662769803,0.0,0.0,0.4441412150723748,0.11075097315257354,0.02249638706321394,2.2088986202787783e-10,5.140505656918743e-07,0.000129792628207263,3.119555938166489e-05,2.1861863106721534e-07,5.951618396077607e-17,0.00040677687760035737,2.9344414438738136e-15,0.00024695378199900115,8.143413859610729e-12,3.895429480801531e-09,1.3574606590245887e-12,1.403793181379212e-14,2.158157888253692e-06,2.709461212248557e-10,0.007467814936899138,0.0006146933629913228,6.833742827314987e-05,4.840646051496662e-08,2.27633320464974e-09,7.45712803105781e-09,2.5435374666077407e-11,5.5370145517684215e-12,8.797279023116201e-08,1.2660949007996123e-05,1.5527337126569414e-09,2.407688789541127e-06,1.2642322590974926e-09,4.276583135143405e-10,9.690834803667647e-11,1.7411550065270643e-06,6.921562731314714e-14,3.1752963552730066e-14,9.00283080638883e-12,5.70863680853387e-10,7.668284321773436e-17,4.328192307296923e-14,4.58960703143784e-13
4.696379824360837e-08,0.16628943999999996,0.8585084662769803,0.0,0.0,0.4441335197024959,0.11074376381048781,0.02249507719359362,2.242975164132842e-10,5.205293822080484e-07,0.00013089523468774492,3.15271529642561e-05,2.2119209496211657e-07,6.061087560869193e-17,0.0004083849872466428,2.9937583928612268e-15,0.0002475168311636616,8.243221760641792e-12,3.95517329901195e-09,1.3752787073405844e-12,1.425784974986236e-14,2.173275879045264e-06,2.7540442005594475e-10,0.007473065796444653,0.0006169486735009063,6.849140313988467e-05,4.8694302903579526e-08,2.2852003873522207e-09,7.48562919172523e-09,2.5747013170657913e-11,5.5619274558495265e-12,8.826438006688363e-08,1.2674135779723152e-05,1.5629252547421826e-09,2.4290954744484765e-06,1.2692085719133128e-09,4.3469992044885143e-10,9.793689988258012e-11,1.7520096508566442e-06,6.98281224955651e-14,3.221735504920014e-14,9.179149167508547e-12,5.777153819437239e-10,7.794327767824367e-17,4.394503271534033e-14,4.636787809596065e-13
4.71548453808096e-08,0.16628943999999996,0.8585084662769803,0.0,0.0,0.44412588902595596,0.11073661599716887,0.022493767412699293,2.277400823674414e-10,5.270584821722266e-07,0.00013200146998968164,3.1860303681566754e-05,2.2378459343719404e-07,6.171984589273038e-17,0.0004099924362148156,3.0540130893078857e-15,0.0002480774342538806,8.34381524333608e-12,4.015565797663051e-09,1.3932210775056553e-12,1.4480043006738573e-14,2.1884272074462608e-06,2.7991693799961994e-10,0.007478254438517702,0.0006192021538938808,6.864490419305343e-05,4.898246526371888e-08,2.294062834233637e-09,7.514118312545426e-09,2.6060999890833275e-11,5.586805546851755e-12,8.855405929886195e-08,1.2687077573579536e-05,1.5731251807686065e-09,2.4505767357876956e-06,1.2741828438591217e-09,4.418272218875378e-10,9.897026923790467e-11,1.762875159287307e-06,7.044256518849184e-14,3.268596017453183e-14,9.358135784289197e-12,5.846188587918702e-10,7.921902451422647e-17,4.461533440963828e-14,4.684202429369514e-13
4.734589251801084e-08,0.16628943999999996,0.8585084662769803,0.0,0.0,0.44411832231354365,0.11072952900116,0.022492457720288475,2.3121773216989324e-10,5.33638013148516e-07,0.00013311132398336715,3.219500664826249e-05,2.2639617810423245e-07,6.284320158476245e-17,0.0004115992221113875,3.115216112767067e-15,0.0002486356020820795,8.445196776141547e-12,4.076610959767746e-09,1.41128764843023e-12,1.4704521383469205e-14,2.2036116960253433e-06,2.8448409677558674e-10,0.007483381577412455,0.0006214538097303502,6.879793667793362e-05,4.9270947101870546e-08,2.302920532626377e-09,7.54259535436345e-09,2.6377341569753744e-11,5.611649082291266e-12,8.884185141041555e-08,1.2699778697548766e-05,1.5833335544660776e-09,2.4721323539935057e-06,1.2791550676842048e-09,4.4904088487064663e-10,1.0000844095815097e-10,1.773751368027229e-06,7.105895667878395e-14,3.315879084261829e-14,9.53981883975767e-12,5.915742566708552e-10,8.051020270987566e-17,4.5292872269360326e-14,4.731851133972875e-13
4.7536939655212074e-08,0.16628943999999996,0.8585084662769803,0.0,0.0,0.44411081884445675,0.11072250211920145,0.022491148116122364,2.347306382800049e-10,5.402681224852739e-07,0.00013422478661566581,3.253125702266645e-05,2.2902690034848384e-07,6.398104963101772e-17,0.00041320534255244766,3.177378110591116e-15,0.00024919134541451617,8.547368817790586e-12,4.138312770497616e-09,1.4294782970177935e-12,1.493129463790562e-14,2.218829167988576e-06,2.8910631939014713e-10,0.007488447919218722,0.0006237036465180356,6.895050573109411e-05,4.955974790718013e-08,2.3117734699194327e-09,7.571060278157344e-09,2.6696044939431445e-11,5.6364583233017815e-12,8.912777979472886e-08,1.2712243414286516e-05,1.5935504420006364e-09,2.4937621113696867e-06,1.2841252361578452e-09,4.5634157847586136e-10,1.0105140003473186e-10,1.7846381142310592e-06,7.167729840061734e-14,3.36358589112263e-14,9.72422667645308e-12,5.985817202282447e-10,8.181693161179915e-17,4.5977690431689934e-14,4.779734176969978e-13
4.772798679241331e-08,0.16628943999999996,0.8585084662769803,0.0,0.0,0.444103377906206,0.11071553465613616,0.022489838599965794,2.38278973344524e-10,5.469489573135411e-07,0.00013534184790855853,3.286905000728354e-05,2.316768113286662e-07,6.513349715190898e-17,0.0004148107951636848,3.240509797941946e-15,0.0002497446749713842,8.6503338172856e-12,4.200675217103818e-09,1.447792898254529e-12,1.5160372487046908e-14,2.2340794471767512e-06,2.9378403013089007e-10,0.007493454161916277,0.0006259516697118572,6.910261638332972e-05,4.984886715192993e-08,2.320621633558518e-09,7.599513045038714e-09,2.7017116720679293e-11,5.6612335343944495e-12,8.94118677474729e-08,1.2724475940607855e-05,1.6037759118550183e-09,2.515465792052118e-06,1.2890933420696098e-09,4.6372997380990144e-10,1.0209913159656974e-10,1.7955352359954547e-06,7.229759193085095e-14,3.4117176183448204e-14,9.911387796327642e-12,6.056413934860264e-10,8.313933092751036e-17,4.666983305661533e-14,4.827851822027328e-13
4.7919033929614545e-08,0.16628943999999996,0.8585084662769803,0.0,0.0,0.4440959987945197,0.11070862592481637,0.022488529171587186,2.4186291020495805e-10,5.536806645455074e-07,0.00013646249795772522,3.320838084928558e-05,2.3434596197696536e-07,6.630065144188252e-17,0.00041641557758040733,3.304621957799264e-15,0.000250295601426915,8.75409421388493e-12,4.263702288838389e-09,1.4662313252968614e-12,1.5391764607387924e-14,2.2493623580627453e-06,2.9851765456137333e-10,0.0074984009954680905,0.0006281978847135489,6.925427356251628e-05,5.0138304292011194e-08,2.329465011046168e-09,7.62795361625324e-09,2.7340563623051638e-11,5.685974983223042e-12,8.969413845968804e-08,1.2736480447013396e-05,1.6140100347112901e-09,2.5372431819726254e-06,1.2940593782296216e-09,4.712067440001082e-10,1.0315162091157287e-10,1.806442572354635e-06,7.291983898443102e-14,3.4602754409125765e-14,1.0101330860643462e-11,6.127534198405045e-10,8.447752072391586e-17,4.736934432605192e-14,4.876204342665957e-13
4.811008106681578e-08,0.16628943999999996,0.8585084662769803,0.0,0.0,0.4440886808132491,0.11070177524601162,0.022487219830758503,2.454826219047683e-10,5.604633908730085e-07,0.00013758672693116284,3.3549244840958265e-05,2.3703440299904072e-07,6.748261996929285e-17,0.0004180196874475643,3.3697254409665546e-15,0.0002508441354094825,8.858652437089079e-12,4.327397976875927e-09,1.4847934495569024e-12,1.5625480635270436e-14,2.2646777257488835e-06,3.033076195157997e-10,0.007503289101912485,0.0006304422968713144,6.940548209638707e-05,5.0428058767390944e-08,2.3383035899418353e-09,7.6563819531812e-09,2.766639234478704e-11,5.710682940354454e-12,8.997461501092253e-08,1.2748261057253531e-05,1.6242528833356315e-09,2.559094068823641e-06,1.2990233374688285e-09,4.787725641860208e-10,1.0420885338799382e-10,1.817359963275943e-06,7.354404140984038e-14,3.5092605286245875e-14,1.0294084689865322e-11,6.199179420622055e-10,8.583162142580147e-17,4.807626844296948e-14,4.924792022012081e-13
4.8301128204017015e-08,0.16628943999999996,0.8585084662769803,0.0,0.0,0.4440814232742765,0.11069498194831742,0.022485910577255214,2.4913828169637814e-10,5.672972827660603e-07,0.00013871452506783932,3.3891637320110556e-05,2.39742184874034e-07,6.867951037630098e-17,0.00041962312241976366,3.4358311660748138e-15,0.00025139028750171465,8.964010906627365e-12,4.391766274235667e-09,1.5034791407858246e-12,1.5861530167237007e-14,2.2800253759643275e-06,3.0815435309368445e-10,0.007508119155454232,0.0006326849114795164,6.955624671523301e-05,5.0718130002573014e-08,2.34713735786199e-09,7.684798017338016e-09,2.7994609572753094e-11,5.735357679044415e-12,9.02533203626255e-08,1.2759821847929943e-05,1.6345045324652778e-09,2.58101824202367e-06,1.3039852126392657e-09,4.864281115109406e-10,1.0527081457567239e-10,1.8282872496554258e-06,7.417020118459278e-14,3.5586740462307494e-14,1.0489678263549405e-11,6.271351022957958e-10,8.72017538143159e-17,4.8790649630523284e-14,4.973615152546725e-13
4.849217534121825e-08,0.16628943999999996,0.8585084662769803,0.0,0.0,0.44407422549742204,0.1106882453680654,0.02248460141085623,2.52830063047996e-10,5.741824864714226e-07,0.00013984588267638133,3.4235553670447516e-05,2.424693578545829e-07,6.989143047879574e-17,0.00042122588016129157,3.502950119584047e-15,0.00025193406824060527,9.070172032444877e-12,4.456811175703927e-09,1.5222882671551566e-12,1.6099922760387344e-14,2.295405135062483e-06,3.130582846545175e-10,0.0075128918225546015,0.0006349257337784042,6.970657205452776e-05,5.1008517407053044e-08,2.3559663024802044e-09,7.713201770374755e-09,2.8325221982393133e-11,5.759999475018583e-12,9.053027735178954e-08,1.2771166848133513e-05,1.644765058697645e-09,2.6030154926835397e-06,1.3089449966143142e-09,4.941740651134845e-10,1.063374901671652e-10,1.83922427331343e-06,7.479832041077347e-14,3.608517153566007e-14,1.068814072022807e-11,6.344050420600104e-10,8.858803902545275e-17,4.9512532131189494e-14,5.022674035854525e-13
4.8683222478419486e-08,0.16628943999999996,0.8585084662769803,0.0,0.0,0.4440670868103535,0.11068156484923407,0.022483292331343878,2.565581396502518e-10,5.811191480112032e-07,0.00014098079013379582,3.458098932190739e-05,2.452159719668361e-07,7.111848826633652e-17,0.00042282795834612936,3.5710933557825386e-15,0.00025247548811763203,9.177138214689781e-12,4.522536677756956e-09,1.5412206953360283e-12,1.6340667932736884e-14,2.310816830018423e-06,3.180198448124181e-10,0.007517607762020377,0.0006371647689538731,6.985646265747966e-05,5.1299220375767095e-08,2.3647904115272418e-09,7.741593174078683e-09,2.865823623767499e-11,5.784608606258571e-12,9.080550868483895e-08,1.2782300039117758e-05,1.6550345403816514e-09,2.6250856135734382e-06,1.3139026822889512e-09,5.020111061191276e-10,1.0740886599876542e-10,1.8501708769902047e-06,7.542840131063007e-14,3.658791005681286e-14,1.0889501357290665e-11,6.417279022475924e-10,8.999059854853048e-17,5.024196020590508e-14,5.071968982372057e-13
4.887426961562072e-08,0.16628943999999996,0.8585084662769803,0.0,0.0,0.4440600065484963,0.11067493974336089,0.022481983338503833,2.60322685422647e-10,5.881074131814943e-07,0.00014211923788422457,3.492793975096391e-05,2.4798207701047414e-07,7.236079190211762e-17,0.00042442935465797046,3.640271996783892e-15,0.00025301455757887535,9.284911843701006e-12,4.5889467784841374e-09,1.5602762905763659e-12,1.658377516357731e-14,2.326260288426331e-06,3.2303946543078294e-10,0.007522267625091845,0.000639402022137259,7.000592297751205e-05,5.159023828953329e-08,2.3736096727911307e-09,7.76997219037376e-09,2.899365899104162e-11,5.809185352793317e-12,9.107903693176122e-08,1.2793225354007012e-05,1.6653130575112531e-09,2.647228399090723e-06,1.318858262579994e-09,5.099399176317362e-10,1.0848492805141491e-10,1.8611269043415307e-06,7.606044622221181e-14,3.7094967529715584e-14,1.1093789630860353e-11,6.491038231252429e-10,9.140955422467042e-17,5.0978978133211604e-14,5.121500311135812e-13
4.906531675282196e-08,0.16628943999999996,0.8585084662769803,0.0,0.0,0.44405298405494437,0.11066836940945536,0.022480674432125106,2.641238745198186e-10,5.951474275510447e-07,0.00014326121643773083,3.527640048089428e-05,2.5076772255873185e-07,7.3618449722952e-17,0.0004260300667902363,3.710497232521863e-15,0.000253551287025143,9.393495299996212e-12,4.656045477511609e-09,1.5794549167760655e-12,1.682925389383882e-14,2.3417353384969636e-06,3.281175796169292e-10,0.007526872055529762,0.0006416374984051661,7.015495738067356e-05,5.188157051548692e-08,2.382424074117245e-09,7.798338781321152e-09,2.9331496883363645e-11,5.833729996495456e-12,9.135088452047678e-08,1.280394667753844e-05,1.6756006916211982e-09,2.669443645228482e-06,1.3238117304263395e-09,5.179611847250909e-10,1.095656624515105e-10,1.8720921999343534e-06,7.669445759506195e-14,3.7606355413009424e-14,1.1301035155667096e-11,6.56532944333583e-10,9.284502824527322e-17,5.172363020840355e-14,5.171268349530138e-13
4.925636389002319e-08,0.16628943999999996,0.8585084662769803,0.0,0.0,0.444046018680372,0.11066185321391295,0.022479365611999973,2.67961881337616e-10,6.022393364599699e-07,0.0001444067163691179,3.562636708201439e-05,2.5357295795842577e-07,7.489157023927482e-17,0.0004276300924460917,3.7817803207429796e-15,0.00025408568681209486,9.502890954260159e-12,4.723836775926226e-09,1.598756436560151e-12,1.7077113526453836e-14,2.35724180905513e-06,3.3325462171673004e-10,0.007531421689701343,0.0006438712027793257,7.030357014798036e-05,5.217321640750819e-08,2.3912336034083747e-09,7.826692909119768e-09,2.967175654389374e-11,5.858242820882724e-12,9.162107373144408e-08,1.2814467845837044e-05,1.6858975256850184e-09,2.691731149544854e-06,1.328763078789199e-09,5.260755944343991e-10,1.106510554716092e-10,1.8830666092424383e-06,7.733043798596221e-14,3.8122085121249565e-14,1.1511267704916686e-11,6.640154048871264e-10,9.429714315049328e-17,5.247596074268069e-14,5.221273433035292e-13
4.944741102722443e-08,0.16628943999999996,0.8585084662769803,0.0,0.0,0.4440391097829476,0.11065539053042998,0.022478056877923955,2.7183688051899113e-10,6.093832850184958e-07,0.00014555572831677756,3.597783517188133e-05,2.56397832329984e-07,7.618026213516544e-17,0.0004292294293384592,3.8541325869969585e-15,0.0002546177672503733,9.613101167333377e-12,4.792324676199932e-09,1.618180711349937e-12,1.732736342672188e-14,2.372779529537193e-06,3.384510273092452e-10,0.0075359171566652386,0.0006461031402264868,7.045176547769126e-05,5.2465175306642537e-08,2.4000382486247926e-09,7.855034536106739e-09,3.00144445902229e-11,5.882724110924392e-12,9.188962669249543e-08,1.2824792646222826e-05,1.6962036440152524e-09,2.7140907111330823e-06,1.3337123006523244e-09,5.342838357477999e-10,1.1174109353103294e-10,1.8940499786420396e-06,7.79683900547321e-14,3.864216802609792e-14,1.1724517210155952e-11,6.715513431742619e-10,9.576602182771167e-17,5.323601406230475e-14,5.271515904975903e-13
4.963845816442566e-08,0.16628943999999996,0.8585084662769803,0.0,0.0,0.44403225672824725,0.11064898073991987,0.022476748229695746,2.7574904695970325e-10,6.165794181057421e-07,0.00014670824298156944,3.633080041546461e-05,2.592423945674796e-07,7.748463426838665e-17,0.00043082807519003287,3.927565424624928e-15,0.00025514753860573434,9.724128290201186e-12,4.8615131821144935e-09,1.6377276014322194e-12,1.7580012922675532e-14,2.3883483299885806e-06,3.437072332013457e-10,0.007540359078255546,0.0006483333156583368,7.059954748751808e-05,5.275744654151357e-08,2.4088379977843164e-09,7.883363624757963e-09,3.0359567628238584e-11,5.907174152852682e-12,9.215656537390102e-08,1.2834924817049279e-05,1.7065191321659218e-09,2.7365221305922852e-06,1.3386593890222336e-09,5.425865995978576e-10,1.1283576319637602e-10,1.905042155407581e-06,7.860831656008325e-14,3.916661545748692e-14,1.1940813761134135e-11,6.791408969572479e-10,9.725178751000768e-17,5.4003834507760344e-14,5.321996116269933e-13
4.98295053016269e-08,0.16628943999999996,0.8585084662769803,0.0,0.0,0.4440254588891697,0.11064262323042978,0.0224754396671172,2.796985558138385e-10,6.238278803685398e-07,0.0001478642511257294,3.6685258525286714e-05,2.6210669333866895e-07,7.880479567044106e-17,0.00043242602773329095,4.0020902947454774e-15,0.000255675011099182,9.835974663983039e-12,4.93140629868662e-09,1.6573969660265063e-12,1.7835071305447088e-14,2.4039480410613295e-06,3.4902367742233337e-10,0.007544748069164847,0.0006505617339314526,7.074692021677237e-05,5.3050029428728414e-08,2.417632838962363e-09,7.911680137688563e-09,3.070713225208446e-11,5.931593233979058e-12,9.24219115836565e-08,1.2844868047572318e-05,1.7168440768372437e-09,2.759025209998956e-06,1.3436043369284227e-09,5.509845788530501e-10,1.1393505118191863e-10,1.9160429877073565e-06,7.925022035553182e-14,3.9695438704754075e-14,1.2160187605660411e-11,6.867842033722182e-10,9.875456377462799e-17,5.4779466432919963e-14,5.372714425178481e-13
5.0020552438828134e-08,0.16628943999999996,0.8585084662769803,0.0,0.0,0.44401871564585266,0.11063631739705873,0.022474131189993283,2.836855824991429e-10,6.311288162202845e-07,0.00014902374357180623,3.7041205261533864e-05,2.649907770850309e-07,8.014085554664324e-17,0.0004340232847105085,4.077718726238505e-15,0.0002562001949071058,9.94864261992222e-12,5.002008032093452e-09,1.6771886633503115e-12,1.8092547829635728e-14,2.419578494011632e-06,3.5440079921855444e-10,0.007549084737026297,0.0006527883998472792,7.089388762845049e-05,5.3342923273275376e-08,2.4264227602920124e-09,7.939984037653407e-09,3.105714504412206e-11,5.955981642515412e-12,9.268568696299054e-08,1.285462597784886e-05,1.727178565782597e-09,2.7815997528791454e-06,1.3485471374235832e-09,5.594784683092446e-10,1.150389443499483e-10,1.9270523245992466e-06,7.98941043853673e-14,4.0228649017747294e-14,1.2382669149457676e-11,6.94481398929196e-10,1.0027447454145539e-16,5.556295420421317e-14,5.423671197056482e-13
5.021159957602937e-08,0.16628943999999996,0.8585084662769803,0.0,0.0,0.4440120263855896,0.11063006264187633,0.02247282279813202,2.8771030270217296e-10,6.384823698398285e-07,0.00015018671120162658,3.7398636432137795e-05,2.6789469402181155e-07,8.149292327620735e-17,0.00043561984387376887,4.154462315726915e-15,0.0002567231001614195,1.0062134479375846e-11,5.073322389598434e-09,1.6971025506825373e-12,1.8352451713675095e-14,2.4352395206974094e-06,3.5983903904800904e-10,0.007553369682494769,0.0006550133181521358,7.104045361125768e-05,5.363612736891334e-08,2.435207749964052e-09,7.968275287547602e-09,3.140961257489414e-11,5.980339667400075e-12,9.294791298208813e-08,1.2864202198664154e-05,1.7375226877177307e-09,2.8042455641813424e-06,1.353487783583806e-09,5.680689646811694e-10,1.1614742971099216e-10,1.9380700160264437e-06,8.053997168068128e-14,4.076625760790116e-14,1.2608288956012532e-11,7.022326195121217e-10,1.0181164407147538e-16,5.635434219980027e-14,5.474866804104581e-13
5.0402646713230605e-08,0.16628943999999996,0.8585084662769803,0.0,0.0,0.44400539050274745,0.11062385837384256,0.022471514491344463,2.917728923832629e-10,6.458886851704072e-07,0.00015135314495528732,3.775754789282947e-05,2.708184921380717e-07,8.286110841234889e-17,0.0004372157029849742,4.2323327275561525e-15,0.0002572437369497029,1.017645255380519e-11,5.145353379477569e-09,1.7171384844249618e-12,1.8614792140200892e-14,2.4509309535759037e-06,3.6533883857495475e-10,0.007557603499327054,0.0006572364935372523,7.118662198157423e-05,5.3929640998554084e-08,2.44398779622702e-09,7.99655385040697e-09,3.176454140308953e-11,6.0046675981286476e-12,9.320861093602747e-08,1.287360025148714e-05,1.7478765322322174e-09,2.8269624502500273e-06,1.3584262685087815e-09,5.767567665938745e-10,1.1726049442396223e-10,1.9490959128132034e-06,8.118782535545655e-14,4.1308275649284114e-14,1.283707774642155e-11,7.100380003788888e-10,1.0336619696524142e-16,5.71536748087497e-14,5.526301625122333e-13
5.059369385043184e-08,0.16628943999999996,0.8585084662769803,0.0,0.0,0.44399880739868564,0.11061770400872856,0.022470206269444664,2.958735277813084e-10,6.533479059186022e-07,0.00015252303583017387,3.811793554716541e-05,2.737622191967377e-07,8.424552068240034e-17,0.0004388108598158559,4.311341693771559e-15,0.0002577621153153458,1.029159914476639e-11,5.218105010946016e-09,1.737296320161855e-12,1.8879578256418434e-14,2.4666526257012823e-06,3.7090064066450607e-10,0.007561786774461148,0.0006594579306388272,7.133239648536358e-05,5.422346343463586e-08,2.4527628873872565e-09,8.024819689408536e-09,3.21219380755101e-11,6.0289657245895e-12,9.34678019409238e-08,1.2882823628452862e-05,1.7582401897031385e-09,2.8497502187998806e-06,1.3633625853219988e-09,5.85542574574187e-10,1.1837812579621695e-10,1.960129866660602e-06,8.183766860271592e-14,4.18547142796167e-14,1.3069066399233836e-11,7.178976761613928e-10,1.0493825816133892e-16,5.796099643022001e-14,5.577976045262878e-13
5.0784740987633075e-08,0.16628943999999996,0.8585084662769803,0.0,0.0,0.44399227648167566,0.11061159896903817,0.02246889813224961,3.000123854183703e-10,6.608601755533393e-07,0.00015369637488000466,3.847979534652766e-05,2.767259227346551e-07,8.564626998793985e-17,0.0004404053121479844,4.391501014093612e-15,0.00025827824525769276,1.0407576543901375e-11,5.291581294085104e-09,1.7575759127177522e-12,1.9146819174469922e-14,2.4824043707222617e-06,3.765248893772296e-10,0.007565920088094633,0.0006616776340381148,7.147778080002521e-05,5.451759393948962e-08,2.461533011808934e-09,8.053072767871012e-09,3.248180912703861e-11,6.0532343369040375e-12,9.372550693027975e-08,1.2891875772371266e-05,1.7686137512110082e-09,2.8726086788906485e-06,1.3682967271709363e-09,5.944270910421584e-10,1.1950031128354085e-10,1.9711717301423185e-06,8.24895046907343e-14,4.2405584601261085e-14,1.3304285950289874e-11,7.258117808655887e-10,1.0652795293484837e-16,5.877635147264569e-14,5.629890455789264e-13
5.097578812483431e-08,0.16628943999999996,0.8585084662769803,0.0,0.0,0.44398579716682157,0.11060554268393037,0.02246759007957921,3.041896421040993e-10,6.684256373049229e-07,0.00015487315321390105,3.884312329009804e-05,2.7970965006264715e-07,8.706346640493167e-17,0.00044199905777277695,4.472822555891007e-15,0.0002587921367321914,1.0524387032929217e-11,5.365786239769687e-09,1.7779771162134016e-12,1.9416523971801213e-14,2.4981860228797525e-06,3.822120299637343e-10,0.007570004013762131,0.0006638956082615348,7.16227785361928e-05,5.4812031765696954e-08,2.4702981579140942e-09,8.081313049255247e-09,3.284416108060895e-11,6.077473725271601e-12,9.398174665153515e-08,1.2900760076761465e-05,1.7789973084579128e-09,2.895537640902639e-06,1.3732286872272447e-09,6.034110203025051e-10,1.2062703849004553e-10,1.982221356700421e-06,8.314333695931315e-14,4.296089768218185e-14,1.3542767592556768e-11,7.337804478715597e-10,1.0813540689580626e-16,5.959978435292735e-14,5.682045253832664e-13
5.1166835262035546e-08,0.16628943999999996,0.8585084662769803,0.0,0.0,0.4439793688759821,0.11059953458914287,0.022466282111256227,3.084054749399809e-10,6.760444341641048e-07,0.0001560533619954815,3.9207915424807523e-05,2.827134482655747e-07,8.84972201838788e-17,0.000443592094491507,4.555318254151609e-15,0.00025930379965054186,1.0642032883637738e-11,5.440723859595889e-09,1.7984997841199156e-12,1.968870169152795e-14,2.513997417004519e-06,3.879625088592577e-10,0.007574039118411903,0.0006661118577808076,7.176739323947984e-05,5.5106776156440116e-08,2.4790583141826826e-09,8.10954049716472e-09,3.320900044717727e-11,6.1016841798189045e-12,9.423654166281441e-08,1.2909479885910697e-05,1.7893909536878647e-09,2.9185369165128367e-06,1.378158458686935e-09,6.124950685360422e-10,1.2175829516799364e-10,1.993278600641187e-06,8.379916881611667e-14,4.3520664556878345e-14,1.3784542675959755e-11,7.418038099335964e-10,1.0976074598766595e-16,6.043133949562603e-14,5.734440842152417e-13
5.135788239923678e-08,0.16628943999999996,0.8585084662769803,0.0,0.0,0.44397299103769206,0.11059357412691626,0.02246497422710628,3.126600613234045e-10,6.837167088811883e-07,0.00015723699244197953,3.957416784526166e-05,2.8573736420240126e-07,8.994764174998567e-17,0.0004451844201153113,4.639000111451286e-15,0.0002598132438808472,1.076051635787544e-11,5.516398165809206e-09,1.8191437693111554e-12,1.9963361342800802e-14,2.52983838851485e-06,3.937767736782488e-10,0.00757802596248153,0.0006683263870131103,7.191162839217371e-05,5.540182634584435e-08,2.487813469152576e-09,8.137755075345984e-09,3.357633372569506e-11,6.125865990454156e-12,9.448991232986745e-08,1.2918038494957199e-05,1.799794779609356e-09,2.9416063186716346e-06,1.3830860347705515e-09,6.216799437911115e-10,1.2289406921754922e-10,2.00434331713092e-06,8.445700373307546e-14,4.408489622728875e-14,1.402964270721022e-11,7.498819991802872e-10,1.1140409648575658e-16,6.127106133216153e-14,5.787077628898315e-13
5.154892953643802e-08,0.16628943999999996,0.8585084662769803,0.0,0.0,0.4439666630870866,0.11058766074591919,0.02246366642695777,3.1695357895155705e-10,6.914426039651664e-07,0.00015842403582338525,3.99418766936427e-05,2.887814445062604e-07,9.14148417033316e-17,0.00044677603246519613,4.7238801979206365e-15,0.000260320479247767,1.087983970754378e-11,5.5928131712329835e-09,1.839908924114361e-12,2.0240511901169777e-14,2.5457087734142605e-06,3.9965527320894665e-10,0.007581965099972752,0.0006705392003212571,7.205548741487975e-05,5.5697181559311996e-08,2.4965636114196004e-09,8.165956747689118e-09,3.3946167403083484e-11,6.150019446725546e-12,9.474187882319951e-08,1.2926439149996198e-05,1.8102088793201031e-09,2.964745661580152e-06,1.3880114087233418e-09,6.309663559750031e-10,1.240343486864563e-10,2.015415362191796e-06,8.51168452428516e-14,4.465360366366596e-14,1.4278099349630028e-11,7.580151471146177e-10,1.130655849957413e-16,6.211899430001503e-14,5.839956027375093e-13
5.173997667363925e-08,0.16628943999999996,0.8585084662769803,0.0,0.0,0.4439603844658245,0.11058179390117445,0.022462358710641863,3.212862058251435e-10,6.99222261682894e-07,0.00015961448346160946,4.03110381595892e-05,2.918457355845265e-07,9.289893081905329e-17,0.00044836692937204494,4.8099706512095796e-15,0.0002608255155326704,1.1000005174589718e-11,5.669972889197274e-09,1.8607951003590763e-12,2.0520162308947235e-14,2.561608408289194e-06,4.0559845740795504e-10,0.00758585707852543,0.0006727503020139001,7.219897366811672e-05,5.5992841013848866e-08,2.505308729637556e-09,8.194145478228183e-09,3.4318507954209183e-11,6.1741448376842934e-12,9.499246111538672e-08,1.2934685048208181e-05,1.820633346233956e-09,2.987954760668143e-06,1.3929345738154299e-09,6.403550168453712e-10,1.2517912176964778e-10,2.0264945926977225e-06,8.577869693537095e-14,4.5226797805425687e-14,1.4529944422972354e-11,7.662033846140808e-10,1.147453384520745e-16,6.297518284193555e-14,5.893076455809243e-13
5.193102381084049e-08,0.16628943999999996,0.8585084662769803,0.0,0.0,0.44395415462201365,0.11057597305398581,0.022461051077992445,3.2565812025193496e-10,7.070558240582927e-07,0.00016080832672966955,4.068164848005408e-05,2.949302836188886e-07,9.440002004753641e-17,0.0004499571086766227,4.897283676449888e-15,0.0002613283624737925,1.1121014990998599e-11,5.7478813334680475e-09,1.881802149424365e-12,2.0802321475569696e-14,2.5775371303067565e-06,4.116067773948149e-10,0.0075897024394906655,0.0006749596963457512,7.234209045386497e-05,5.6288803918382975e-08,2.5140488125182363e-09,8.222321231141668e-09,3.46933618418616e-11,6.198242451752059e-12,9.524167897857278e-08,1.2942779338008755e-05,1.8310682740099749e-09,3.0112334325724653e-06,1.3978555233419754e-09,6.498466400016442e-10,1.2632837680878896e-10,2.0375808663702127e-06,8.644256245442068e-14,4.5804489561966905e-14,1.4785209903238944e-11,7.744468419307989e-10,1.1644348411645783e-16,6.383967140515101e-14,5.946439337118389e-13
5.212207094804172e-08,0.16628943999999996,0.8585084662769803,0.0,0.0,0.4439479730101372,0.11057019767186572,0.022459743528846103,3.300695008501478e-10,7.149434328715905e-07,0.00016200555705089703,4.105370393914161e-05,2.980351345654291e-07,9.591822051461515e-17,0.00045154656822958154,4.985831546215596e-15,0.0002618290297663913,1.1242871378787325e-11,5.826542518176781e-09,1.9029299222843824e-12,2.1086998277958004e-14,2.593494777212453e-06,4.176806854465718e-10,0.007593501718003066,0.0006771673875178244,7.248484101706876e-05,5.658506947407538e-08,2.5227838488314364e-09,8.250483970752902e-09,3.50707355167316e-11,6.2223125765927e-12,9.548955198214427e-08,1.2950725119219287e-05,1.841513756483641e-09,3.0345814951161185e-06,1.4027742506233333e-09,6.594419408764311e-10,1.2748210229175502e-10,2.048674041774273e-06,8.710844549431369e-14,4.638668981346487e-14,1.50439279224939e-11,7.827456486916525e-10,1.1816014957629574e-16,6.471250444058294e-14,6.000045098683345e-13
5.231311808524296e-08,0.16628943999999996,0.8585084662769803,0.0,0.0,0.4439418390909792,0.1105644672284638,0.02245843606304205,3.3452052655165523e-10,7.228852296585921e-07,0.00016320616589816594,4.14272008679244e-05,3.011603341547032e-07,9.745364352177952e-17,0.00045313530589146566,5.0756266004813486e-15,0.00026232752706290533,1.136557654999785e-11,5.905960457750398e-09,1.9241782695522937e-12,2.137420156087596e-14,2.609481187327952e-06,4.2382063499234235e-10,0.007597255443052198,0.0006793733796776949,7.26272285470938e-05,5.688163687462334e-08,2.5315138274049677e-09,8.278633661530508e-09,3.545063541739135e-11,6.246355498988408e-12,9.573609949057906e-08,1.2958525443257542e-05,1.851969887600181e-09,3.0579987672878058e-06,1.407690749005207e-09,6.691416367269209e-10,1.2864028685204745e-10,2.059773978314316e-06,8.777634979661805e-14,4.697340941163714e-14,1.530613076867391e-11,7.910999338984237e-10,1.1989546274314955e-16,6.559372640206545e-14,6.053894172122713e-13
5.2504165222444194e-08,0.16628943999999996,0.8585084662769803,0.0,0.0,0.4439357523315529,0.11055878120349642,0.02245712868042214,3.3901137660503197e-10,7.308813557099829e-07,0.00016441014479314146,4.180213564424082e-05,3.043059278918231e-07,9.900640054638946e-17,0.0004547233195327147,5.166681246578664e-15,0.00026282386397311324,1.1489132706690971e-11,5.9861391668415994e-09,1.9455470415226006e-12,2.166394013728709e-14,2.6254961995488553e-06,4.3002708060787604e-10,0.007600964137553209,0.0006815776769197805,7.276925617914145e-05,5.717850530655591e-08,2.5402387371246628e-09,8.30677026808881e-09,3.583306797027577e-11,6.270371504719951e-12,9.598134066146492e-08,1.2966183313347638e-05,1.8624367613500128e-09,3.081485069222046e-06,1.4126050118588017e-09,6.789464466262796e-10,1.298029192681507e-10,2.070880536230084e-06,8.844627914695565e-14,4.756465918048259e-14,1.5571850885395124e-11,7.995098259279452e-10,1.2164955185119143e-16,6.648338174556825e-14,6.10798699307051e-13
5.269521235964543e-08,0.16628943999999996,0.8585084662769803,0.0,0.0,0.44392971220502925,0.11055313908267662,0.022455821380830798,3.4354223057843643e-10,7.389319520706625e-07,0.00016561748530554804,4.21785046924739e-05,3.074719610565461e-07,1.0057660324189555e-16,0.000456310607033667,5.259007959150136e-15,0.00026331805006429425,1.16135420409404e-11,6.067082660259543e-09,1.9670360882118784e-12,2.1956222788709523e-14,2.6415396533424946e-06,4.363004780101154e-10,0.007604628318416628,0.0006837802832856385,7.291092699562094e-05,5.747567394952243e-08,2.5489585669343776e-09,8.334893755188254e-09,3.6218039589664945e-11,6.294360878451319e-12,9.62252944436844e-08,1.2973701684748513e-05,1.872914471706253e-09,3.1050402221797903e-06,1.4175170325809647e-09,6.888570914550404e-10,1.3096998846283119e-10,2.0819935765925844e-06,8.911823737186666e-14,4.816044991699409e-14,1.5841120871756485e-11,8.07975452532264e-10,1.234225454556571e-16,6.738151492842401e-14,6.16232400095671e-13
5.2886259496846665e-08,0.16628943999999996,0.8585084662769803,0.0,0.0,0.4439237181906652,0.11054754035764523,0.022454514164115,3.4811326836233163e-10,7.470371595391108e-07,0.00016682817905245675,4.255630448331217e-05,3.106584787033641e-07,1.0216436343806526e-16,0.000457897166284563,5.3526192801015855e-15,0.0002638100948613893,1.1738806734827159e-11,6.148794952900892e-09,1.9886452593979634e-12,2.225105826556875e-14,2.6576113887457367e-06,4.4264128405175305e-10,0.007608248496617369,0.000685981202764279,7.30522440274805e-05,5.7773141976572905e-08,2.557673305835998e-09,8.3630040877358e-09,3.660555667766803e-11,6.318323903618308e-12,9.64679795757621e-08,1.298108346500023e-05,1.8834031125642933e-09,3.1286640485295487e-06,1.4224268045943316e-09,6.988742938924926e-10,1.32141483502381e-10,2.0931129613000523e-06,8.97922283357411e-14,4.876079239184483e-14,1.6113973482139735e-11,8.164969408388108e-10,1.2521457243129806e-16,6.828817040855948e-14,6.216905638790658e-13
5.30773066340479e-08,0.16628943999999996,0.8585084662769803,0.0,0.0,0.44391776977373404,0.11054198452590269,0.022453207030124246,3.5272467017204593e-10,7.551971186667846e-07,0.0001680422176975918,4.293553153349343e-05,3.138655256615975e-07,1.0376979314121479e-16,0.0004594829951855468,5.4475278185521554e-15,0.00026430000784716376,1.1864928960434276e-11,6.231280059681214e-09,2.0103744046576325e-12,2.2548455287548288e-14,2.6737112463628027e-06,4.4904995671578706e-10,0.007611825177262961,0.000688180439292496,7.319321025549898e-05,5.807090855443179e-08,2.5663829428894306e-09,8.391101230785341e-09,3.6995625624208174e-11,6.342260862321371e-12,9.670941458437018e-08,1.2988331514187378e-05,1.8939027776834094e-09,3.152356371729009e-06,1.4273343213474616e-09,7.089987784080652e-10,1.3331739359580925e-10,2.1042385530739207e-06,9.046825593782008e-14,4.9365697350048873e-14,1.6390441626005932e-11,8.250744173505818e-10,1.270257619708331e-16,6.920339264373064e-14,6.271732352947798e-13
5.3268353771249135e-08,0.16628943999999996,0.8585084662769803,0.0,0.0,0.44391186644545655,0.11053647109074154,0.022451899978710506,3.5737661655017884e-10,7.634119697575415e-07,0.00016925959295065396,4.331618240553187e-05,3.1709314653549234e-07,1.0539300453444543e-16,0.0004610680916466682,5.543746250782369e-15,0.0002647877984623699,1.1991910879841738e-11,6.314541995466772e-09,2.0322233734027743e-12,2.2848422543937888e-14,2.6898390673631078e-06,4.555269551100736e-10,0.007615358859660959,0.0006903779967552132,7.333382861153869e-05,5.836897284376421e-08,2.575087467212601e-09,8.419185149538087e-09,3.73882528070089e-11,6.366172035222367e-12,9.694961778298831e-08,1.2995448645218839e-05,1.904413560630384e-09,3.1761170163071365e-06,1.4322395763149693e-09,7.19231271252706e-10,1.3449770809398198e-10,2.1153702154548132e-06,9.114632410926178e-14,4.9975175511596047e-14,1.6670558367688734e-11,8.337080079463315e-10,1.2885624358339943e-16,7.012722609076217e-14,6.326804592959507e-13
5.345940090845037e-08,0.16628943999999996,0.8585084662769803,0.0,0.0,0.44390600770293176,0.11053099956117975,0.02245059300972818,3.620692883688503e-10,7.716818528670971e-07,0.00017048029656666278,4.369825370742945e-05,3.2034138570431993e-07,1.0703410997788421e-16,0.000462652453587884,5.6412873201801635e-15,0.0002652734761059114,1.2119754645121775e-11,6.398584775006643e-09,2.0541920149151183e-12,2.315096869397943e-14,2.7059946934791146e-06,4.6207273946187723e-10,0.007618850037385599,0.0006925738789858468,7.347410197976115e-05,5.866733399943545e-08,2.5837868679814437e-09,8.447255809342937e-09,3.778344459158123e-11,6.390057701445383e-12,9.71886072707152e-08,1.3002437624123309e-05,1.9149355547251194e-09,3.199945807846736e-06,1.4371425629976571e-09,7.295725004502603e-10,1.356824164887139e-10,2.1265078127985474e-06,9.182643681027836e-14,5.0589237572061665e-14,1.6954356926184265e-11,8.423978378807716e-10,1.307061470930026e-16,7.105971520479084e-14,6.382122811306214e-13
5.3650448045651606e-08,0.16628943999999996,0.8585084662769803,0.0,0.0,0.44390019304906964,0.11052556945189489,0.02244928612303413,3.6680286683180047e-10,7.800069078025075e-07,0.00017170432034531493,4.408174209237213e-05,3.2361028732248017e-07,1.086932220089284e-16,0.0004642360789390586,5.7401638371849024e-15,0.0002657570501350079,1.224846239833441e-11,6.483412412865226e-09,2.0762801783795092e-12,2.345610236721022e-14,2.7221779670041998e-06,4.686877711124207e-10,0.007622299198343684,0.0006947680897666778,7.361403319780631e-05,5.896599117076308e-08,2.5924811344298934e-09,8.475313175696876e-09,3.818120733121242e-11,6.413918138481467e-12,9.742640093122603e-08,1.3009301170359768e-05,1.9254688529882074e-09,3.2238425729674787e-06,1.4420432749226387e-09,7.400231957888444e-10,1.3687150841181368e-10,2.137651210272162e-06,9.250859802733817e-14,5.120789420319138e-14,1.724187067493763e-11,8.511440317847837e-10,1.3257560263696706e-16,7.200090443851293e-14,6.437687463213887e-13
5.384149518285284e-08,0.16628943999999996,0.8585084662769803,0.0,0.0,0.44389442199252405,0.11052018028315899,0.02244797931848756,3.715775334763378e-10,7.883872741216805e-07,0.0001729316561303597,4.446664425841172e-05,3.2689989531960786e-07,1.1037045334249304e-16,0.0004658189656399636,5.840388679229358e-15,0.00026623852986535994,1.2378036271523298e-11,6.5690289233551e-09,2.0984877129158034e-12,2.3763832163803643e-14,2.7383887307905366e-06,4.753725125114317e-10,0.007625706824839717,0.0006969606328292438,7.375362505793659e-05,5.9264943501762644e-08,2.6011702558498652e-09,8.50335721424533e-09,3.858154736695522e-11,6.437753622097119e-12,9.766301643187383e-08,1.3016041957142349e-05,1.9360135480904367e-09,3.247807139309369e-06,1.4469417056434599e-09,7.505840888122167e-10,1.380649736340843e-10,2.148800273849953e-06,9.319281177043644e-14,5.183115605346153e-14,1.7533133141626267e-11,8.599467136656393e-10,1.3446474066438531e-16,7.29508382414358e-14,6.493499006453881e-13
5.403254232005408e-08,0.16628943999999996,0.8585084662769803,0.0,0.0,0.4438886940476263,0.11051483158077409,0.022446672595950044,3.7639347017514286e-10,7.968230911329158e-07,0.00017416229580899007,4.4852956948133924e-05,3.30210253400682e-07,1.1206591687126148e-16,0.0004674011116402781,5.941974790679718e-15,0.00026671792457131526,1.2508478386711876e-11,6.6554383204702235e-09,2.1208144676093802e-12,2.4074166654907035e-14,2.754626828246987e-06,4.821274272116888e-10,0.007629073393640269,0.0006991515118547397,7.389288030814695e-05,5.9564190131386534e-08,2.6098542215912414e-09,8.53138789078253e-09,3.898447102761881e-11,6.461564426246789e-12,9.789847122293019e-08,1.3022662611778861e-05,1.9465697323042155e-09,3.271839335516641e-06,1.4518378487402175e-09,7.612559128111479e-10,1.392628020642824e-10,2.1599548703095326e-06,9.387908207043456e-14,5.245903374861559e-14,1.782817800793991e-11,8.688060069072306e-10,1.3637369193456675e-16,7.390956105913302e-14,6.549557901146347e-13
5.422358945725531e-08,0.16628943999999996,0.8585084662769803,0.0,0.0,0.4438830087343203,0.11050952287600861,0.022445365955285464,3.8125085913792545e-10,8.05314497894471e-07,0.00017539623131124997,4.5240676948313134e-05,3.335414050461386e-07,1.1377972566593806e-16,0.00046898251489958776,6.044935182773574e-15,0.00026719524348603517,1.2639790855899756e-11,6.74264461781953e-09,2.143260291540312e-12,2.438711438297675e-14,2.770892103337021e-06,4.889529798635656e-10,0.007632399376037622,0.0007013407304744312,7.403180165324176e-05,5.986373019375624e-08,2.6185330210618533e-09,8.559405171251861e-09,3.938998462976026e-11,6.485350822988932e-12,9.813278253696125e-08,1.3029165716022342e-05,1.957137497456862e-09,3.295938991222088e-06,1.456731697819674e-09,7.720394028147868e-10,1.4046498374803554e-10,2.1711148672279015e-06,9.456741297646551e-14,5.3091537892176464e-14,1.812703910935739e-11,8.777220342703108e-10,1.383025875154868e-16,7.487711733250437e-14,6.60586460956711e-13
5.441463659445655e-08,0.16628943999999996,0.8585084662769803,0.0,0.0,0.44387736557809704,0.11050425370553456,0.02244405939636002,3.8614988291294133e-10,8.138616332141546e-07,0.000176633454609456,4.562980108955492e-05,3.36893393511986e-07,1.15511992975503e-16,0.0004705631733873828,6.149282933555936e-15,0.00026767049580166087,1.2771975781059419e-11,6.830651828560841e-09,2.165825033811231e-12,2.4702683862110226e-14,2.787184400576635e-06,4.95849636209575e-10,0.007635685237912675,0.0007035282922700823,7.417039175587941e-05,6.016356281838821e-08,2.6272066437274524e-09,8.58740902174621e-09,3.979809447767726e-11,6.509113082405799e-12,9.836596738833595e-08,1.3035553806435001e-05,1.9677169348857593e-09,3.3201059370317824e-06,1.4616232465153647e-09,7.82935295582026e-10,1.4167150886672246e-10,2.1822801329775385e-06,9.525780855340633e-14,5.3728679065935746e-14,1.8429750434920188e-11,8.866949178927436e-10,1.402515587822352e-16,7.585355149703895e-14,6.66241959595808e-13
5.460568373165778e-08,0.16628943999999996,0.8585084662769803,0.0,0.0,0.44387176410993134,0.11049902361136524,0.02244275291904213,3.910907243883712e-10,8.224646356489418e-07,0.00017787395771763458,4.602032624592656e-05,3.402662618299237e-07,1.1726283222746832e-16,0.00047214308508305704,6.2550311878132665e-15,0.0002681436906694816,1.290503525413319e-11,6.919463965335166e-09,2.1885085435739035e-12,2.50208835783751e-14,2.803503565032293e-06,5.028178630789099e-10,0.007638931439797129,0.0007057142007743909,7.430865323758611e-05,6.046368713041351e-08,2.6358750791116897e-09,8.6153994085083e-09,4.0208806863401706e-11,6.532851472527e-12,9.859804257286243e-08,1.3041829374763977e-05,1.9783081353953345e-09,3.344340004510216e-06,1.4665124884877077e-09,7.939443295928652e-10,1.4288236773631664e-10,2.193450536722505e-06,9.595027287942e-14,5.43704678304201e-14,1.8736346127002803e-11,8.957247792897633e-10,1.4222073741546407e-16,7.683890798208285e-14,6.719223326341412e-13
5.479673086885902e-08,0.16628943999999996,0.8585084662769803,0.0,0.0,0.4438662038662179,0.11049383214079374,0.022441446523202475,3.9607356679356064e-10,8.311236435046212e-07,0.00017911773269097269,4.6412249334576323e-05,3.4366005280746425e-07,1.1903235702813526e-16,0.00047372224797590494,6.3621931570055435e-15,0.00026861483720010175,1.30389713570305e-11,7.009085040201348e-09,2.2113106700545636e-12,2.534172199013508e-14,2.819849442318878e-06,5.098581283819862e-10,0.007642138436934943,0.0007078984594714367,7.444658867973923e-05,6.076410225079114e-08,2.6445383167960855e-09,8.643376297931012e-09,4.0622128066694324e-11,6.556566259256373e-12,9.882902466754895e-08,1.304799486832818e-05,1.988911189215814e-09,3.3686410261658137e-06,1.4713994174241048e-09,8.050672450397736e-10,1.4409755080619493e-10,2.204625948414571e-06,9.664481004356078e-14,5.501691472533479e-14,1.9046860481079967e-11,9.048117393542427e-10,1.442102553998359e-16,7.783323121011058e-14,6.776276268337243e-13
5.4987778006060254e-08,0.16628943999999996,0.8585084662769803,0.0,0.0,0.44386068438870935,0.11048867884633232,0.02244014020871391,4.0109859370012924e-10,8.398387948354611e-07,0.000180364771625283,4.680556731534215e-05,3.4707480902805815e-07,1.2082068116285213e-16,0.00047530066006511894,6.4707821191963766e-15,0.0002690839444636089,1.3173786161625385e-11,7.099519064571055e-09,2.234231262578016e-12,2.5665207528372765e-14,2.836221878597661e-06,5.169709011049829e-10,0.007645306679343105,0.0007100810717971382,7.458420062452157e-05,6.106480729651534e-08,2.653196346419998e-09,8.671339656557711e-09,4.103806435504017e-11,6.580257706302579e-12,9.905893003048542e-08,1.3054052690415743e-05,1.9995261859637687e-09,3.393008835436835e-06,1.476284027039041e-09,8.163047838190501e-10,1.4531704865791436e-10,2.215806238789354e-06,9.734142414344695e-14,5.566803026998534e-14,1.936132794549072e-11,9.139559183569726e-10,1.4622024502247176e-16,7.883656559600061e-14,6.833578890984992e-13
5.517882514326149e-08,0.16628943999999996,0.8585084662769803,0.0,0.0,0.4438552052244539,0.11048356328565212,0.02243883397545148,4.061659890229473e-10,8.486102274439005e-07,0.0001816150666564819,4.720027719035026e-05,3.50510572851221e-07,1.2262791859627281e-16,0.00047687831935978674,6.580811418981154e-15,0.00026955102148974215,1.3309481729754302e-11,7.190770049144141e-09,2.257270170590558e-12,2.599134859700907e-14,2.852620720574279e-06,5.24156651304382e-10,0.007648436611871692,0.0007122620411397195,7.472149157584733e-05,6.13658013808173e-08,2.661849157680592e-09,8.699289451082557e-09,4.1456621983645e-11,6.603926075113039e-12,9.928777480084248e-08,1.3060005200691406e-05,2.0101532146043724e-09,3.417443266677633e-06,1.4811663110741824e-09,8.276576895221846e-10,1.465408520039573e-10,2.2269912793624702e-06,9.804011928300346e-14,5.632382496367743e-14,1.9679783121199315e-11,9.231574359469482e-10,1.4825083887139821e-16,7.984895554631479e-14,6.891131664568782e-13
5.5369872280462725e-08,0.16628943999999996,0.8585084662769803,0.0,0.0,0.44384976592573466,0.11047848502152408,0.022437527823292346,4.11275937020986e-10,8.574380788802661e-07,0.00018286860996008118,4.7596376003604306e-05,3.5396738641266554e-07,1.244541834726147e-16,0.00047845522387888654,6.692294467413268e-15,0.0002700160772680604,1.344606011321417e-11,7.282842003844351e-09,2.2804272436817245e-12,2.632015357321939e-14,2.8690458154967283e-06,5.314158501015093e-10,0.007651528674263234,0.000714441370840185,7.485846400026045e-05,6.16670836133605e-08,2.6704967403328006e-09,8.72722564835079e-09,4.187780719543253e-11,6.6275716248112674e-12,9.951557489898417e-08,1.3065854715613318e-05,2.020792363415374e-09,3.4419441551452808e-06,1.4860462632984662e-09,8.391267074272163e-10,1.477689516864485e-10,2.2381809424257134e-06,9.874089957026144e-14,5.698430928609535e-14,2.0002260761553135e-11,9.324164111516682e-10,1.5030216983399598e-16,8.087044545858168e-14,6.948935060446128e-13
5.556091941766396e-08,0.16628943999999996,0.8585084662769803,0.0,0.0,0.4438443660500085,0.11047344362176,0.022436221752115813,4.1642862229804023e-10,8.663224864425101e-07,0.0001841253937506918,4.799386084056563e-05,3.574452916244344e-07,1.2629959011591695e-16,0.0004800313716512841,6.805244741928399e-15,0.0002704791207481116,1.3583523353760723e-11,7.375738937755375e-09,2.3037023316049198e-12,2.6651630807746348e-14,2.885497011153371e-06,5.38748969677073e-10,0.0076545833012114,0.0007166190641928029,7.499512032780644e-05,6.196865310043097e-08,2.6791390841892897e-09,8.755148215359044e-09,4.230162622104256e-11,6.6511946121375e-12,9.974234602669026e-08,1.3071603508858623e-05,2.0314437199527334e-09,3.466511336986538e-06,1.4909238775081926e-09,8.507125844900936e-10,1.490013386758439e-10,2.2493751010432404e-06,9.944376911523318e-14,5.764949369765982e-14,2.032879577203743e-11,9.417329623774397e-10,1.5237437109544657e-16,8.19010797205839e-14,7.006989550880714e-13
5.5751966554865195e-08,0.16628943999999996,0.8585084662769803,0.0,0.0,0.4438390051598475,0.11046843865915465,0.02243491576180323,4.2162422980333177e-10,8.7526358717597e-07,0.00018538541028154023,4.8392728827725175e-05,3.609443301750378e-07,1.281642530302976e-16,0.00048160676071572754,6.919675786266881e-15,0.00027094016083960016,1.3721873483107107e-11,7.469464859057276e-09,2.3270952842969302e-12,2.6985788625209036e-14,2.901974155870951e-06,5.461564832657045e-10,0.007657600922419028,0.0007187951244455955,7.513146295287864e-05,6.227050894512178e-08,2.6877761791204137e-09,8.78305711925561e-09,4.2728085278829896e-11,6.67479529139263e-12,9.996810366748587e-08,1.3077253811757361e-05,2.0421073710179034e-09,3.4911446492251574e-06,1.4957991475271085e-09,8.624160693360331e-10,1.5023800406959515e-10,2.260573629047777e-06,1.0014873202784353e-13,5.831938863986521e-14,2.065942321002711e-11,9.511072074096945e-10,1.5446757613718095e-16,8.294090270964959e-14,7.065295608878888e-13
5.594301369206643e-08,0.16628943999999996,0.8585084662769803,0.0,0.0,0.44383368282287816,0.11046346971142837,0.022433609852238037,4.2686294483199036e-10,8.84261517873151e-07,0.00018664865184399635,4.879297713216754e-05,3.644645435295926e-07,1.3004828690020948e-16,0.000483181389120842,7.035601210394143e-15,0.00027139920641255753,1.3861112522922731e-11,7.564023774963228e-09,2.350605951896373e-12,2.7322635324408773e-14,2.91847709851263e-06,5.536388651504974e-10,0.007660581962655448,0.0007209695548008389,7.52674942350391e-05,6.257265024751224e-08,2.696408015054173e-09,8.810952327340725e-09,4.3157190574864013e-11,6.698373914385292e-12,1.0019286308707314e-07,1.3082807813734077e-05,2.05278340262672e-09,3.5158439297495203e-06,1.5006720672064908e-09,8.742379122508787e-10,1.5147893909078896e-10,2.27177640103684e-06,1.0085579241592981e-13,5.899400453559663e-14,2.0994178284535388e-11,9.605392634133133e-10,1.5658191873532612e-16,8.398995879194729e-14,7.123853708029933e-13
5.6134060829267666e-08,0.16628943999999996,0.8585084662769803,0.0,0.0,0.4438283986117247,0.11045853636117045,0.02243230402330567,4.3214495302541986e-10,8.933164150735289e-07,0.0001879151107671135,4.919460296112788e-05,3.6800597292996576e-07,1.3195180659069566e-16,0.0004847552549251252,7.153034690419271e-15,0.0002718562662975092,1.40012424848324e-11,7.659419691656662e-09,2.374234184761097e-12,2.7662179178631293e-14,2.9350056884760293e-06,5.611965906575477e-10,0.007663526841813181,0.0007231423584155651,7.540321649981562e-05,6.28750761048417e-08,2.705034581976169e-09,8.838833807066833e-09,4.3588948302929594e-11,6.721930730382026e-12,1.0041663933386299e-07,1.308826766275662e-05,2.0634718999798585e-09,3.54060901730059e-06,1.5055426304252286e-09,8.861788651724607e-10,1.5272413508676538e-10,2.2829832923689743e-06,1.0156495438330407e-13,5.967335178942782e-14,2.1333096355959615e-11,9.700292469329613e-10,1.5871753295915434e-16,8.504829232178562e-14,7.182664322350154e-13
5.63251079664689e-08,0.16628943999999996,0.8585084662769803,0.0,0.0,0.4438231521039499,0.11045363819578302,0.02243099827489358,4.374704403715492e-10,9.024284150633755e-07,0.00018918477941717914,4.959760356154192e-05,3.7156865939491973e-07,1.3387492714764245e-16,0.0004863283561969405,7.27198996851165e-15,0.00027231134928564545,1.4142265370415691e-11,7.755656614228684e-09,2.3979798334845702e-12,2.8004428435945257e-14,2.9515597756912836e-06,5.68830136150494e-10,0.007666435974963969,0.0007253135384020742,7.553863203947534e-05,6.317778561167842e-08,2.7136558699295564e-09,8.866701526038828e-09,4.40233646445278e-11,6.745465986060641e-12,1.006394472396031e-07,1.3093635465791673e-05,2.0741729474348453e-09,3.565439751460174e-06,1.5104108310898937e-09,8.98239681681957e-10,1.539735835277147e-10,2.2941941791600136e-06,1.0227622202787702e-13,6.03574407878994e-14,2.1676212935823956e-11,9.795772738934309e-10,1.6087455316952997e-16,8.611594764091586e-14,7.24172792613073e-13
5.651615510367014e-08,0.16628943999999996,0.8585084662769803,0.0,0.0,0.44381794288199894,0.11044877480742567,0.022429692606891188,4.4283959320497335e-10,9.115976538756005e-07,0.0001904576501972762,5.000197621958983e-05,3.751526437202609e-07,1.3581776379803094e-16,0.00048790069101451177,7.392480852815745e-15,0.00027276446412898887,1.4284183171206606e-11,7.852738546615929e-09,2.42184274891128e-12,2.8349391319497142e-14,2.9681392106191164e-06,5.765399790250594e-10,0.0076693097724141665,0.00072748309782845,7.567374311377561e-05,6.348077786008359e-08,2.7222718690149935e-09,8.894555452014331e-09,4.446044576887809e-11,6.7689799254664285e-12,1.0086130142009842e-07,1.3098913289266446e-05,2.0848866284795774e-09,3.59033597263949e-06,1.515276663134821e-09,9.104211169952533e-10,1.5522727600525564e-10,2.3054089382793426e-06,1.0298959943984776e-13,6.104628189977899e-14,2.202356368651925e-11,9.89183459599991e-10,1.6305311401735829e-16,8.719296907783911e-14,7.301044993789578e-13
5.670720224087137e-08,0.16628943999999996,0.8585084662769803,0.0,0.0,0.44381277053314244,0.11044394579296078,0.022428387019189876,4.482525982069848e-10,9.208242672896162e-07,0.00019173371554685593,5.0407718260234235e-05,3.787579664789916e-07,1.3778043195018674e-16,0.0004894722574659157,7.514521217363975e-15,0.0002732156195405637,1.4426997868693457e-11,7.950669491538687e-09,2.4458227821511745e-12,2.8697076027802396e-14,2.9847438442489152e-06,5.843265977035916e-10,0.00767214863975949,0.0007296510397190805,7.580855195069274e-05,6.378405193976987e-08,2.7308825693905884e-09,8.92239555290389e-09,4.4900197832921077e-11,6.792472789971358e-12,1.0108221627602062e-07,1.3104103159536054e-05,2.0956130257073107e-09,3.6152975220680198e-06,1.5201401205221733e-09,9.227239279543055e-10,1.5648520423099594e-10,2.316627447346192e-06,1.0370509069995043e-13,6.173988547630225e-14,2.2375184421039866e-11,9.988479187387538e-10,1.65253350442034e-16,8.827940094711729e-14,7.360615999726801e-13
5.689824937807261e-08,0.16628943999999996,0.8585084662769803,0.0,0.0,0.44380763464942086,0.1104391507538993,0.022427081511682913,4.5370964240550075e-10,9.301083908312204e-07,0.00019301296794131976,5.08148270467531e-05,3.823846680214638e-07,1.3976304719402654e-16,0.0004910430536490753,7.638125001987766e-15,0.00027366482419456407,1.4570711434319034e-11,8.049453450439414e-09,2.4699197845931725e-12,2.904749073503283e-14,3.0013735280968255e-06,5.92190471629607e-10,0.007674952977939142,0.0007318173670551842,7.594306074712983e-05,6.408760693825592e-08,2.7394879612718407e-09,8.950221796771241e-09,4.534262698132166e-11,6.815944818236184e-12,1.0130220599380457e-07,1.3109207063356161e-05,2.10635222079311e-09,3.6403242417826502e-06,1.5250011972420107e-09,9.351488730185034e-10,1.5774736003507695e-10,2.3278495847259367e-06,1.0442269987776519e-13,6.243826185139708e-14,2.2731111102717696e-11,1.00857076537704e-09,1.6747539766988965e-16,8.937528754868765e-14,7.420441418183998e-13
5.708929651527384e-08,0.16628943999999996,0.8585084662769803,0.0,0.0,0.4438025348275891,0.1104343892963473,0.02242577608426548,4.5921091317488673e-10,9.394501597724956e-07,0.0001942953998916117,5.122329998026759e-05,3.860327884755374e-07,1.4176572530130302e-16,0.000492613077671753,7.763306212226697e-15,0.0002741120867265234,1.471532582948097e-11,8.149094423421602e-09,2.494133607917778e-12,2.940064359130027e-14,3.018028114203856e-06,6.001320812623342e-10,0.007677723183289315,0.0007339820827753395,7.607727166960384e-05,6.439144194101615e-08,2.7480880349315928e-09,8.978034151833521e-09,4.578773934647321e-11,6.839396246175339e-12,1.0152128454662681e-07,1.311422694836032e-05,2.117104294471699e-09,3.6654159746170866e-06,1.5298598873123556e-09,9.476967122560354e-10,1.5901373536470343e-10,2.339075229526423e-06,1.0514243103009018e-13,6.314142134188959e-14,2.3091379844953285e-11,1.0183521129637602e-09,1.6971939121264535e-16,9.048067316718166e-14,7.480521723107596e-13
5.728034365247508e-08,0.16628943999999996,0.8585084662769803,0.0,0.0,0.4437974706690623,0.11042966103095309,0.02242447073683464,4.647565982356812e-10,9.488497091317304e-07,0.0001955810039438203,5.163313449926577e-05,3.897023677467392e-07,1.4378858222584655e-16,0.0004941823276515408,7.890078919235838e-15,0.0002745574157334819,1.486084300553242e-11,8.249596409188931e-09,2.518464104108812e-12,2.9756542722936325e-14,3.0347074551339925e-06,6.081519080712573e-10,0.007680459647596071,0.0007361451897760186,7.621118685491252e-05,6.469555603162537e-08,2.7566827806999623e-09,9.005832586461443e-09,4.6235541048502166e-11,6.8628273069244176e-12,1.0173946569546351e-07,1.3119164723541687e-05,2.127869326516698e-09,3.6905725641915373e-06,1.5347161847792515e-09,9.60368207335256e-10,1.602843222826604e-10,2.3503042615942994e-06,1.0586428819936686e-13,6.384937424769338e-14,2.3456026910944077e-11,1.028192074329801e-09,1.7198546686585766e-16,9.159560207124728e-14,7.540857388015584e-13
5.7471390789676314e-08,0.16628943999999996,0.8585084662769803,0.0,0.0,0.44379244177986155,0.11042496557285487,0.022423165469289262,4.703468856542222e-10,9.583071736733538e-07,0.00019686977267878978,5.2044328079122265e-05,3.9339344551842673e-07,1.458317341038038e-16,0.0004957508017158551,8.01845725969124e-15,0.0002750008197741556,1.5007264903782968e-11,8.350963404984855e-09,2.542911125464298e-12,3.0115196232768394e-14,3.051411403972328e-06,6.162504345306633e-10,0.007683162758147623,0.0007383066909121232,7.634480841078272e-05,6.499994829190012e-08,2.7652721889642854e-09,9.033617069179557e-09,4.6686038195273196e-11,6.886238230810629e-12,1.0195676299022583e-07,1.3124022259738528e-05,2.1386473957212005e-09,3.7157938549026568e-06,1.5395700837168255e-09,9.731641215160528e-10,1.6155911296581788e-10,2.36153656151137e-06,1.0658827541217469e-13,6.456213085198263e-14,2.3825088713409847e-11,1.038090761688423e-09,1.742737607073697e-16,9.272011851287563e-14,7.601448885868437e-13
5.766243792687755e-08,0.16628943999999996,0.8585084662769803,0.0,0.0,0.4437874477705606,0.11042030254162918,0.02242186028153007,4.759819638421808e-10,9.678226879078909e-07,0.00019816169871174016,5.245687823161457e-05,3.971060612519537e-07,1.4789529725387328e-16,0.0004973184980019255,8.148455435693579e-15,0.0002754423073691034,1.5154593455499754e-11,8.453199406532441e-09,2.5674745246065354e-12,3.0476612200391677e-14,3.0681398143232e-06,6.244281441141891e-10,0.007685832897786005,0.0007404665889975248,7.647813841649911e-05,6.530461780203479e-08,2.773856250169053e-09,9.061387568666389e-09,4.713923688239535e-11,6.9096292453255784e-12,1.0217318977096728e-07,1.3128801390123224e-05,2.1494385798796802e-09,3.7410796919137323e-06,1.5444215782273403e-09,9.860852196412206e-10,1.628380997036255e-10,2.3727720105909663e-06,1.0731439667777068e-13,6.527970142134858e-14,2.419860181431535e-11,1.0480482866356668e-09,1.7658440909576185e-16,9.385426672673086e-14,7.662296688943395e-13
5.7853485064078785e-08,0.16628943999999996,0.8585084662769803,0.0,0.0,0.4437824882562334,0.11041567156123971,0.022420555173459547,4.816620215560026e-10,9.773963860919297e-07,0.00019945677469189596,5.287078250443612e-05,4.008402541868389e-07,1.4997938817753783e-16,0.0004988854146567874,8.280087714670024e-15,0.00027588188700089587,1.5302830581908837e-11,8.556308407974623e-09,2.59215415449137e-12,3.0840798682437434e-14,3.0848925403083386e-06,6.326855212893705e-10,0.007688470444958167,0.0007426248868056067,7.661117892351567e-05,6.560956364073435e-08,2.7824349548158482e-09,9.089144053754662e-09,4.759514319322806e-11,6.933000575100678e-12,1.023887591691621e-07,1.3133503910694245e-05,2.1602429557711602e-09,3.7664299211451337e-06,1.54927066244125e-09,9.991322681278322e-10,1.6412127489659745e-10,2.3840104908743295e-06,1.0804265598669992e-13,6.600209620594071e-14,2.457660292459014e-11,1.0580647601507639e-09,1.7891754866880213e-16,9.49980909294845e-14,7.723401268712923e-13
5.804453220128002e-08,0.16628943999999996,0.8585084662769803,0.0,0.0,0.4437775628564019,0.11041107225998692,0.022419250144981966,4.873872478962593e-10,9.870284022281101e-07,0.00020075499330212378,5.328603848070683e-05,4.0459606334093677e-07,1.5208412355929327e-16,0.0005004515498372719,8.413368429274229e-15,0.0002763195671142818,1.5451978194196876e-11,8.660294401814747e-09,2.6169498684167e-12,3.1207763712837306e-14,3.10166943656503e-06,6.410230515121931e-10,0.007691075773766447,0.0007447815870698073,7.674393195604918e-05,6.591478488534233e-08,2.791008293463268e-09,9.116886493431432e-09,4.8053763198888734e-11,6.956352441885169e-12,1.0260348410905041e-07,1.3138131580770785e-05,2.171060599143644e-09,3.7918443892649805e-06,1.5541173305172486e-09,1.0123060349586158e-09,1.654086310547897e-10,2.395251885127015e-06,1.0877305730944789e-13,6.672932543959247e-14,2.4959128903845674e-11,1.0681402925965622e-09,1.8127331634189813e-16,9.615163531915328e-14,7.784763095726338e-13
5.8235579338481255e-08,0.16628943999999996,0.8585084662769803,0.0,0.0,0.44377267119498426,0.11040650427045799,0.022417945196003344,4.931578323069176e-10,9.96718870065126e-07,0.0002020563472585779,5.370264377848137e-05,4.083735275106124e-07,1.5420962026687326e-16,0.0005020169017099965,8.54831197728461e-15,0.00027675535611635635,1.560203819351295e-11,8.765161378857488e-09,2.6418615200302398e-12,3.157751530308353e-14,3.118470358244286e-06,6.494412212216456e-10,0.007693649254018509,0.0007469366924841661,7.687639951165602e-05,6.622028061196576e-08,2.7995762567268656e-09,9.144614856838278e-09,4.8515102958259854e-11,6.97968506452631e-12,1.0281737730904785e-07,1.3142686123489586e-05,2.1818915846997646e-09,3.8173229436800495e-06,1.5589615766423165e-09,1.025607289673335e-09,1.667001607962707e-10,2.4064960768353027e-06,1.0950560459516342e-13,6.746139933993251e-14,2.534621676008971e-11,1.0782749937199556e-09,1.8365184930654889e-16,9.731494407444084e-14,7.846382639495714e-13
5.861767361288372e-08,0.16628943999999996,0.8585084662769803,0.0,0.0,0.4437629876047415,0.11039746077806055,0.02241533553617557,5.048358348270798e-10,1.016275694566846e-06,0.00020466843223916788,5.4539892982466435e-05,4.159935749757809e-07,1.5852336604794388e-16,0.0005051452482475084,8.823245489633473e-15,0.00027762129422767844,1.5904902907651002e-11,8.97755423692482e-09,2.692032052702048e-12,3.232541009841208e-14,3.1521437010323053e-06,6.665214297387387e-10,0.007698702126905179,0.0007512421293458024,7.71404860523191e-05,6.683209181018513e-08,2.8166960198491426e-09,9.200029232182043e-09,4.944596591253694e-11,7.02629343815464e-12,1.0324271834277323e-07,1.3151582541486767e-05,2.2035938758691545e-09,3.868471704663812e-06,1.5686427799293036e-09,1.052595348647111e-09,1.6929571203220473e-10,2.428992390146129e-06,1.1097715273801832e-13,6.89401219307279e-14,2.613422687581568e-11,1.0987223379100029e-09,1.884777612476851e-16,9.96710312962082e-14,7.970396749506463e-13
5.896155845984594e-08,0.16628943999999996,0.8585084662769803,0.0,0.0,0.4437543840742714,0.11038942512115113,0.02241298711330894,5.155030691979749e-10,1.0340780780036269e-06,0.00020702995920371332,5.5298008747701414e-05,4.2292606252429285e-07,1.6247791716174893e-16,0.0005079580630262486,9.076518309197575e-15,0.0002783942545021028,1.6180620380904948e-11,9.171760770641534e-09,2.7375805781912576e-12,3.300812536971949e-14,3.1825304338158445e-06,6.821743043382093e-10,0.007703144414152113,0.0007551115943740927,7.737720712091897e-05,6.73836513274243e-08,2.832085329865254e-09,9.249853722745546e-09,5.029310466158224e-11,7.0681772949409544e-12,1.0362280415282919e-07,1.3159355785478902e-05,2.223172295760305e-09,3.91472324867839e-06,1.577347522079943e-09,1.0773283618841747e-09,1.7164590990096637e-10,2.449247485189175e-06,1.123089243983603e-13,7.028764319712558e-14,2.6859411891670984e-11,1.1173283929437118e-09,1.929003211950474e-16,1.018253467084897e-13,8.082895524882795e-13
5.9305443306808164e-08,0.16628943999999996,0.8585084662769803,0.0,0.0,0.4437458842030546,0.11038148539099794,0.022410638946634382,5.263202255497142e-10,1.0520719134072845e-06,0.00020940153289726647,5.606046081497493e-05,4.2992930558002964e-07,1.665015608961736e-16,0.0005107683118212854,9.335405588671705e-15,0.0002791612166196138,1.645932309627461e-11,9.368883671113924e-09,2.783502482382205e-12,3.369999269074202e-14,3.2129927795661273e-06,6.980960603266851e-10,0.007707489072190644,0.0007589759322437102,7.76130331493231e-05,6.793608575383682e-08,2.8474570802861634e-09,9.29963213336197e-09,5.114914908210408e-11,7.110002069981324e-12,1.0400038367646726e-07,1.3166917294176439e-05,2.242795057048105e-09,3.961180092005406e-06,1.5860443280029334e-09,1.1024864740019575e-09,1.7400952014983225e-10,2.4695098645330163e-06,1.1364770929588401e-13,7.165101935629944e-14,2.7599959689267965e-11,1.136127833171374e-09,1.973987867446223e-16,1.0401198478106748e-13,8.196236545652206e-13
5.964932815377038e-08,0.16628943999999996,0.8585084662769803,0.0,0.0,0.4437374859501691,0.11037363959348152,0.02240829103566371,5.372884210103356e-10,1.070257971623419e-06,0.0002117831120001392,5.6827236490642976e-05,4.3700352241863314e-07,1.705949854776384e-16,0.0005135759842927988,9.599993636643496e-15,0.00027992222827078145,1.6741021778651286e-11,9.568946143628203e-09,2.8297969251706918e-12,3.440105800600718e-14,3.243529911862221e-06,7.142895694429559e-10,0.007711738108822251,0.0007628351573138564,7.784797489356053e-05,6.84893896716476e-08,2.8628112184312503e-09,9.349364289670228e-09,5.2014134068304257e-11,7.151768932909043e-12,1.0437552385216205e-07,1.3174275874592916e-05,2.262462556128007e-09,4.007841370309629e-06,1.594733164824945e-09,1.128074228121234e-09,1.7638650342984834e-10,2.4897788742636997e-06,1.1499352954075856e-13,7.303030942107808e-14,2.835609142645166e-11,1.155121276424866e-09,2.0197396777647224e-16,1.0623120238043644e-13,8.310422498757122e-13
5.99932130007326e-08,0.16628943999999996,0.8585084662769803,0.0,0.0,0.44372918731693306,0.11036588577569634,0.022405943379925186,5.484087762272877e-10,1.0886370208368862e-06,0.0002141746555163957,5.759832340817966e-05,4.4414892900547596e-07,1.7475888107265917e-16,0.000516381070202817,9.87036943661978e-15,0.0002806773367641094,1.7025727047785704e-11,9.771971371041349e-09,2.8764630705139336e-12,3.511136704388121e-14,3.274141009533829e-06,7.307577133111777e-10,0.007715893490551969,0.0007666892835738207,7.808204287048916e-05,6.904355765880608e-08,2.878147692211562e-09,9.399050018941092e-09,5.2888094386729764e-11,7.193479022086062e-12,1.0474828958913734e-07,1.3181439993919972e-05,2.2821751776611937e-09,4.054706226357175e-06,1.6034139999725165e-09,1.1540961830213755e-09,1.7877682140281245e-10,2.510053867752912e-06,1.1634640693479526e-13,7.442557223840285e-14,2.9128029795157743e-11,1.1743093341073303e-09,2.0662667694570356e-16,1.0848325611915137e-13,8.425456052359186e-13
6.033709784769481e-08,0.16628943999999996,0.8585084662769803,0.0,0.0,0.44372098634602686,0.11035822202510052,0.022403595978963183,5.596824153412905e-10,1.107209826574103e-06,0.00021657612276834742,5.837370951880288e-05,4.5136573899940575e-07,1.7899393979137726e-16,0.0005191835594149785,1.0146620644807396e-14,0.0002814265890291258,1.731344941836198e-11,9.977982512721323e-09,2.9235000864729336e-12,3.583096532081999e-14,3.3048252566284597e-06,7.475033833383704e-10,0.007719957143438762,0.0007705383246532645,7.831524736625576e-05,6.959858429070429e-08,2.8934664501282085e-09,9.44868915007876e-09,5.377106467648755e-11,7.235133444581333e-12,1.0511874380240176e-07,1.3188417788992863e-05,2.301933294481702e-09,4.101773809877178e-06,1.6120868011725558e-09,1.1805569129781267e-09,1.811804367121574e-10,2.5303342055929544e-06,1.1770636295563051e-13,7.583686648928851e-14,2.9915999015572246e-11,1.1936926112027232e-09,2.1135772965335077e-16,1.107684023440285e-13,8.541339854272726e-13
6.068098269465703e-08,0.16628943999999996,0.8585084662769803,0.0,0.0,0.44371288112063223,0.11035064646868338,0.022401248832337715,5.711104659581495e-10,1.1259771517057588e-06,0.0002189874733912536,5.915338308213864e-05,4.58654163756582e-07,1.8330085569092884e-16,0.0005219834418942879,1.0428835587835385e-14,0.00028217003161945834,1.7604199300079464e-11,1.0187002703498767e-08,2.970907145237782e-12,3.65598981454842e-14,3.3355818423789218e-06,7.645294806120242e-10,0.007723930953928134,0.0007743822938324533,7.854759844434061e-05,7.01544641419036e-08,2.9087674412707073e-09,9.49828151362205e-09,5.466307944948513e-11,7.27673327623676e-12,1.0548694744952747e-07,1.319521707571644e-05,2.321737267541271e-09,4.149043277429274e-06,1.620751536452752e-09,1.207461007601561e-09,1.8359731295395994e-10,2.550619255532275e-06,1.1907341874311497e-13,7.726425068834173e-14,3.072022483020542e-11,1.213271706285631e-09,2.1616794401728917e-16,1.1308689712447325e-13,8.658076530535703e-13
6.102486754161924e-08,0.16628943999999996,0.8585084662769803,0.0,0.0,0.4437048697635898,0.11034315727214994,0.022398901939624075,5.826940591187328e-10,1.1449397564498861e-06,0.00022140866732821334,5.9937332656940235e-05,4.6601441233439674e-07,1.876803247786556e-16,0.0005247807077068541,1.0717103260420565e-14,0.0002829077107158923,1.7897986997741783e-11,1.039905505262977e-08,3.0186834231367916e-12,3.7298210622723167e-14,3.36640996117114e-06,7.818389157978274e-10,0.007727816769667693,0.0007782212040524075,7.877910595321655e-05,7.071119178776986e-08,2.9240506153152216e-09,9.547826941745254e-09,5.5564173090688785e-11,7.318279561756872e-12,1.0585295956785844e-07,1.3201845358436135e-05,2.3415874458720164e-09,4.196513792276421e-06,1.629408174141876e-09,1.2348130716742123e-09,1.8602741464813263e-10,2.570908392411501e-06,1.204475950865429e-13,7.870778318307219e-14,3.1540934497882626e-11,1.2330472115313599e-09,2.2105814084318653e-16,1.1543899624093406e-13,8.775668684052059e-13
6.136875238858146e-08,0.16628943999999996,0.8585084662769803,0.0,0.0,0.4436969504365742,0.11033575263912261,0.02239655530041245,5.944343292671797e-10,1.1640983983752971e-06,0.0002238396648252439,6.0725547091875734e-05,4.7344669149548517e-07,1.921330450151489e-16,0.0005275753470196285,1.1011513322975619e-14,0.0002836396721294096,1.819482271135293e-11,1.061416264277003e-08,3.0668281006309646e-12,3.804594765742486e-14,3.3973088125122824e-06,7.994346090375154e-10,0.007731616400305629,0.0007820550679249728,7.900977953363419e-05,7.126876180588218e-08,2.9393159225227923e-09,9.597325268258798e-09,5.647437985837217e-11,7.359773314846176e-12,1.0621683731268642e-07,1.320830983924047e-05,2.361484166577586e-09,4.244184524262965e-06,1.6380566828700617e-09,1.2626177249894107e-09,1.8847070720982935e-10,2.591200998100025e-06,1.2182891241307255e-13,8.016752215287232e-14,3.2378356787652103e-11,1.2530197127262883e-09,2.2602914359549573e-16,1.1782495517348555e-13,8.894118893331434e-13
6.171263723554367e-08,0.16628943999999996,0.8585084662769803,0.0,0.0,0.4436891213392859,0.11032843081035937,0.02239420891430755,6.063324142175249e-10,1.1834538324053449e-06,0.000226280426426532,6.151801551639878e-05,4.809512057118206e-07,1.9665971631713026e-16,0.0005303673501001249,1.1312156099161335e-14,0.00028436596130421003,1.8494716536220485e-11,1.0832348528960034e-08,3.1153403622955246e-12,3.880315395823559e-14,3.4282776009991896e-06,8.173194898468531e-10,0.007735331618272719,0.000785883897742785,7.92396286255619e-05,7.182716877748142e-08,2.9545633137375306e-09,9.646776328609544e-09,5.739373388438929e-11,7.4012155184442e-12,1.0657863599701614e-07,1.321461742717909e-05,2.3814277548606963e-09,4.292054649697544e-06,1.6466970315690145e-09,1.2908796021898232e-09,1.9092715692111397e-10,2.6114964614330876e-06,1.2321739077865856e-13,8.164352560757807e-14,3.323272197261188e-11,1.273189789278482e-09,2.3108177836847953e-16,1.2024502909053323e-13,9.013429711389165e-13
6.205652208250589e-08,0.16628943999999996,0.8585084662769803,0.0,0.0,0.4436813807086596,0.11032119006298788,0.022391862780928223,6.183894551188908e-10,1.2030068108219956e-06,0.00022873091296984666,6.231472733171585e-05,4.885281571688935e-07,2.0126104056016678e-16,0.0005331567073161383,1.1619122573383611e-14,0.0002850866233207118,1.8797678463065982e-11,1.1053635737621348e-08,3.1642193967896556e-12,3.9569874041150903e-14,3.459315536287103e-06,8.35496497013754e-10,0.007738964159548255,0.0007897077054891214,7.946866247480351e-05,7.238640728887978e-08,2.9697927403847016e-09,9.696179959880725e-09,5.832226917447692e-11,7.442607124966006e-12,1.0693840913122404e-07,1.3220774747384845e-05,2.4014185240609044e-09,4.340123351240555e-06,1.6553291894720934e-09,1.31960335260621e-09,1.9339673090293956e-10,2.6317941781493965e-06,1.2461304985948315e-13,8.313585138591735e-14,3.410426182365769e-11,1.2935580142285707e-09,2.362168738572805e-16,1.2269947283764287e-13,9.133603664712976e-13
6.24004069294681e-08,0.16628943999999996,0.8585084662769803,0.0,0.0,0.44367372681808964,0.1103140287097555,0.022389516899907157,6.306065964193677e-10,1.222758083270189e-06,0.00023119108558210616,6.311567220186224e-05,4.961777457699741e-07,2.059377215812212e-16,0.000535943409135449,1.1932504388236066e-14,0.0002858017028985346,1.9103718378142032e-11,1.1278047265563791e-08,3.2134643968153264e-12,4.0346152232979427e-14,3.4904218330586807e-06,8.539685784965486e-10,0.007742515724410253,0.0007935265028476279,7.969689013931316e-05,7.294647193260862e-08,2.9850041544688056e-09,9.745536000791706e-09,5.926001960852876e-11,7.483949056558477e-12,1.0729620846312299e-07,1.3226788150087368e-05,2.4214567757132243e-09,4.388389817795915e-06,1.6639531261143885e-09,1.348793640096414e-09,1.9587939708746805e-10,2.652093550829244e-06,1.2601590894383161e-13,8.464455715372614e-14,3.499320960315346e-11,1.3141249542608722e-09,2.414352613290402e-16,1.2518854092649651e-13,9.254643252267423e-13
6.274429177643032e-08,0.16628943999999996,0.8585084662769803,0.0,0.0,0.4436661579766695,0.11030694509829471,0.022387171270890446,6.429849858287059e-10,1.2427083967624766e-06,0.00023366090567509157,6.392084004489664e-05,5.039001691404562e-07,2.106904651810388e-16,0.0005387274461255214,1.2252393841888574e-14,0.00028651124439945926,1.9412846063356176e-11,1.1505606079003571e-08,3.2630745590661115e-12,4.113203267468125e-14,3.521595710993296e-06,8.727386913224003e-10,0.00774598797817023,0.0007973403012119076,7.992432049521949e-05,7.350735730863418e-08,3.000197508571635e-09,9.794844291697422e-09,6.02070189408899e-11,7.525242205479494e-12,1.0765208401961632e-07,1.3232663719506699e-05,2.44154279964379e-09,4.4368532444069e-06,1.672568811332743e-09,1.378455142884588e-09,1.9837512419075798e-10,2.6723939888331325e-06,1.274259869271621e-13,8.616970040174178e-14,3.5899800058525214e-11,1.3348911697147711e-09,2.4673777459405464e-16,1.2771248752396664e-13,9.376550944689167e-13
6.308817662339254e-08,0.16628943999999996,0.8585084662769803,0.0,0.0,0.4436586725284499,0.11029993761040356,0.022384825893537325,6.55525774279941e-10,1.2628584956839265e-06,0.0002361403349412995,6.473022102422411e-05,5.116956226322835e-07,2.1551997912637461e-16,0.0005415088089531952,1.2578883885422407e-14,0.00028721529183036923,1.9725071196401332e-11,1.1736335112592272e-08,3.3130490841670787e-12,4.1927559324582406e-14,3.552836394736618e-06,8.918098014858839e-10,0.007749382551892805,0.0008011491116949669,8.015096224257739e-05,7.406905802560138e-08,3.0153727558502135e-09,9.844104674587457e-09,6.116330080070705e-11,7.566487434468777e-12,1.0800608414777876e-07,1.3238407282619513e-05,2.4616768740687977e-09,4.485512832155892e-06,1.6811762152656416e-09,1.4085925534006768e-09,2.0088388168586342e-10,2.692694908240919e-06,1.288433023074219e-13,8.7711338443373e-14,3.682426941577976e-11,1.3558572145963437e-09,2.5212524997697954e-16,1.3027156644131342e-13,9.499329183566579e-13
6.343206147035475e-08,0.16628943999999996,0.8585084662769803,0.0,0.0,0.4436512688517095,0.11029300466134122,0.022382480767519794,6.682301158900606e-10,1.283209121797275e-06,0.00023862933534992743,6.554380554005628e-05,5.195642993284552e-07,2.204269731520572e-16,0.000544287488384366,1.2912068120112456e-14,0.0002879138888461696,2.004040335089291e-11,1.1970257268456705e-08,3.3633871766067873e-12,4.2732775961467486e-14,3.5841431138704646e-06,9.111848838477296e-10,0.007752701043100466,0.0008049529451385064,8.037682391086207e-05,7.463156870175135e-08,3.0305298500347406e-09,9.893316993084889e-09,6.212889869222291e-11,7.607685577079746e-12,1.0835825555569458e-07,1.3244024417788711e-05,2.481859265705272e-09,4.534367788067796e-06,1.6897753083530908e-09,1.4392105781201513e-09,2.0340563977636127e-10,2.7129957317914455e-06,1.3026787317946074e-13,8.92695284123492e-14,3.776685537294973e-11,1.37702363659023e-09,2.57598526288095e-16,1.3286603112350824e-13,9.622980380664706e-13
6.377594631731697e-08,0.16628943999999996,0.8585084662769803,0.0,0.0,0.4436439453582423,0.1102861446991378,0.022380135892522284,6.810991679198209e-10,1.3037610142483043e-06,0.00024112786914298425,6.636158422101705e-05,5.275063900476108e-07,2.254121589628936e-16,0.0005470634752836614,1.3252040794657333e-14,0.0002886070787526857,2.0358851996512242e-11,1.220739541524948e-08,3.414088044662333e-12,4.354772618755263e-14,3.615515102882926e-06,9.308669220337368e-10,0.007755945016463827,0.0008087518121220516,8.060191386421863e-05,7.519488396591912e-08,3.0456687454265204e-09,9.942481092444987e-09,6.310384599507553e-11,7.648837438177342e-12,1.0870864335504168e-07,1.3249520463246234e-05,2.5020902299215808e-09,4.583417325016929e-06,1.6983660613364848e-09,1.470313937404026e-09,2.059403693703271e-10,2.733295888822678e-06,1.3169971723378465e-13,9.084432725992101e-14,3.872779709346585e-11,1.3983909770717446e-09,2.6315844479460745e-16,1.3549613463867328e-13,9.747506917373256e-13
6.411983116427918e-08,0.16628943999999996,0.8585084662769803,0.0,0.0,0.4436367004926594,0.11027935620391865,0.022377791268241395,6.94134090732845e-10,1.3245149095714486e-06,0.0002436358988315193,6.718354791590026e-05,5.355220833486938e-07,2.304762502354267e-16,0.0005498367606141069,1.3598896802357965e-14,0.00028929490450953894,2.0680426499156344e-11,1.2447772387210306e-08,3.465150900318216e-12,4.437245343134114e-14,3.646951601138742e-06,9.508589083338656e-10,0.00775911600447767,0.0008125457229719148,8.082624030648322e-05,7.575899845865757e-08,3.060789396895797e-09,9.9915968195534e-09,6.408817596470348e-11,7.689943794429386e-12,1.0905729110274816e-07,1.325490052542461e-05,2.522370010885432e-09,4.632660661637188e-06,1.7069484452583113e-09,1.50190736533915e-09,2.0848804205479538e-10,2.7535948152123424e-06,1.331388517556645e-13,9.243579175210832e-14,3.9707335199458375e-11,1.4199597711192251e-09,2.688058491920079e-16,1.381621296676409e-13,9.872911144296568e-13
6.44637160112414e-08,0.16628943999999996,0.8585084662769803,0.0,0.0,0.44362953273170463,0.11027263768724226,0.022375446894385517,7.073360477540837e-10,1.345471541695605e-06,0.0002461533871919649,6.800968768558695e-05,5.436115655356915e-07,2.3561996261953425e-16,0.0005526073354367871,1.3952731678245279e-14,0.0002899774087330014,2.100513612109389e-11,1.26914109832379e-08,3.5165749591798067e-12,4.520700095036424e-14,3.678451852849949e-06,9.711638436015189e-10,0.007762215508123068,0.0008163346877699828,8.104981128598857e-05,7.632390683295912e-08,3.075891759879538e-09,1.0040664022924175e-08,6.508192173266039e-11,7.731005394666174e-12,1.0940424084162521e-07,1.3260169487130868e-05,2.5426988417124758e-09,4.682097022235364e-06,1.7155224314618496e-09,1.5339956095787874e-09,2.1104863007071857e-10,2.7738919533190377e-06,1.34585293620994e-13,9.40439784669684e-14,4.070571176498875e-11,1.441730547526616e-09,2.745415855754982e-16,1.408642684936385e-13,9.999195380653975e-13
6.480760085820362e-08,0.16628943999999996,0.8585084662769803,0.0,0.0,0.4436224405835857,0.11026598769145202,0.02237310277067458,7.207062054277268e-10,1.366631641950132e-06,0.0002486802972625858,6.88399947951262e-05,5.517750206624513e-07,2.408440137398776e-16,0.0005553751909104983,1.4313641596157574e-14,0.00029065463369882844,2.133299002112728e-11,1.2938333965972505e-08,3.5683594403822022e-12,4.6051411833808914e-14,3.7100151070467726e-06,9.917847371530063e-10,0.007765244997515885,0.0008201187163623269,8.127263470016197e-05,7.688960375504338e-08,3.0909757903792777e-09,1.0089682552697729e-08,6.608511630689349e-11,7.772022960469854e-12,1.0974953314306424e-07,1.3265332015554362e-05,2.563076944659512e-09,4.7317256367073566e-06,1.7240879915908999e-09,1.566583431183503e-09,2.136221062884279e-10,2.7941867519238565e-06,1.3603905929818894e-13,9.566894379136069e-14,4.17231703092127e-11,1.4637038288162859e-09,2.8036650241145667e-16,1.4360280299208806e-13,1.012636191392336e-12
6.515148570516583e-08,0.16628943999999996,0.8585084662769803,0.0,0.0,0.4436154225873175,0.11025940478904135,0.02237075889683971,7.342457331746931e-10,1.3879959390710429e-06,0.0002512165923400314,6.967446070598563e-05,5.600126305375722e-07,2.4614912319721837e-16,0.0005581403182913951,1.4681723365768283e-14,0.00029132662134506883,2.1663997254760688e-11,1.3188564060888927e-08,3.6205035664952216e-12,4.6905729005035663e-14,3.7416406175487657e-06,1.0127246066672077e-09,0.007768205912541904,0.0008238978183676262,8.149471829992963e-05,7.745608390540803e-08,3.106041444958836e-09,1.013865226063821e-08,6.70977925722162e-11,7.81299718679374e-12,1.1009320714861604e-07,1.3270392570106757e-05,2.5835045313114247e-09,4.781545740457253e-06,1.7326450975893226e-09,1.5996756044623586e-09,2.1620844418363092e-10,2.814478666172468e-06,1.3750016485140027e-13,9.731074391780421e-14,4.275995578947618e-11,1.4858801312520667e-09,2.8628145050896356e-16,1.4637798462052088e-13,1.0254412999751503e-12
6.549537055212805e-08,0.16628943999999996,0.8585084662769803,0.0,0.0,0.44360847731208114,0.11025288758203192,0.022368415272622986,7.479558033497534e-10,1.409565159207372e-06,0.00025376223597598543,7.051307706847462e-05,5.683245747293702e-07,2.5153601256958805e-16,0.0005609027089326308,1.5057074429564595e-14,0.0002919934132748525,2.1998166774374016e-11,1.3442123955400066e-08,3.673006563425203e-12,4.7769995223988385e-14,3.773327642936199e-06,1.033986478085443e-09,0.007771099663478871,0.0008276720031854065,8.171606969393944e-05,7.802334197938619e-08,3.121088680741976e-09,1.018757300013073e-08,6.811998329065204e-11,7.853928742296513e-12,1.1043530060956656e-07,1.3275355410090947e-05,2.6039818027544578e-09,4.831556574319012e-06,1.741193721700569e-09,1.633276916814419e-09,2.1880761781395423e-10,2.8347671575177016e-06,1.3896862593652605e-13,9.89694348415329e-14,4.381631459434539e-11,1.5082599648525225e-09,2.922872829914044e-16,1.4919006440861877e-13,1.0383350861489768e-12
6.583925539909026e-08,0.16628943999999996,0.8585084662769803,0.0,0.0,0.4436016033565938,0.11024643470136453,0.02236607189777711,7.618375911983691e-10,1.431340025927692e-06,0.0002563171919739079,7.135583571434478e-05,5.767110305709167e-07,2.570054054133094e-16,0.0005636623542839906,1.5439792859777725e-14,0.0002926550507591561,2.2335507429402605e-11,1.3699036297970824e-08,3.725867660314232e-12,4.864425308949932e-14,3.805075446521685e-06,1.0555733855115407e-09,0.007773927631605741,0.0008314412800040867,8.193669635260715e-05,7.859137268771753e-08,3.1361174554101555e-09,1.023644462617867e-08,6.915172110165372e-11,7.894818269987298e-12,1.1077584992904566e-07,1.3280224602190763e-05,2.624508949801083e-09,4.881757384480707e-06,1.7497338364672841e-09,1.6673921685705934e-09,2.2141960179602324e-10,2.8550516936625928e-06,1.4044445780546483e-13,1.0064507235696756e-13,4.489249453657222e-11,1.5308438334044413e-09,2.9838485526811646e-16,1.52039292948368e-13,1.0513177689955845e-12
6.618314024605248e-08,0.16628943999999996,0.8585084662769803,0.0,0.0,0.443594799348494,0.11024004480630263,0.022363728772065165,7.758922748133585e-10,1.4533212602267962e-06,0.00025888142438586556,7.220272864956944e-05,5.851721731651485e-07,2.6255802726391496e-16,0.0005664192458915203,1.5829977355265403e-14,0.000293311574739546,2.2676027966522625e-11,1.3959323697242397e-08,3.779086089437387e-12,4.95285450414913e-14,3.8368832963220335e-06,1.0774883711121267e-09,0.007776691169799373,0.000835205657808832,8.215660561199828e-05,7.916017075756797e-08,3.1511277272001554e-09,1.0285266995400267e-08,7.0193038522657e-11,7.935666388005483e-12,1.1111489020307763e-07,1.3285004027782359e-05,2.6450861532079363e-09,4.932147422411128e-06,1.7582654147307094e-09,1.702026172835815e-09,2.2404437128310888e-10,2.8753317485039065e-06,1.4192767531436004e-13,1.0233771205428343e-13,4.598874484599642e-11,1.5536322344765385e-09,3.0457502500609323e-16,1.5492592038432322e-13,1.064389564368898e-12
6.65270250930147e-08,0.16628943999999996,0.8585084662769803,0.0,0.0,0.4435880639437383,0.11023371658384827,0.02236138589526032,7.901210350914404e-10,1.475509580532533e-06,0.00026145489750944686,7.305374804730556e-05,5.937081753900503e-07,2.6819460563692564e-16,0.0005691733753971475,1.622772723834714e-14,0.00029396302583089813,2.30197370298421e-11,1.4223008721166872e-08,3.832661086098563e-12,5.0422913363080294e-14,3.8687504650303495e-06,1.0997344850171265e-09,0.007779391603118939,0.0008389651453892133,8.237580467755722e-05,7.972973093296239e-08,3.1661194549016122e-09,1.0334039966025086e-08,7.124396794948176e-11,7.976473689872464e-12,1.1145245525836671e-07,1.3289697390067037e-05,2.6657135838618094e-09,4.982725944788671e-06,1.7667884296300398e-09,1.737183755331554e-09,2.2668190194335148e-10,2.895606802076131e-06,1.4341829291830562e-13,1.0404740931640537e-13,4.710531616238553e-11,1.5766256594333811e-09,3.10858652101781e-16,1.5785019640399884e-13,1.0775506848595169e-12
6.687090993997691e-08,0.16628943999999996,0.8585084662769803,0.0,0.0,0.4435813958260112,0.11022744874816988,0.022359043267145582,8.045250556897034e-10,1.4979057027127533e-06,0.00026403757588475693,7.390888624103845e-05,6.023192079039054e-07,2.7391587002848367e-16,0.0005719247345382987,1.6633142451593027e-14,0.0002946094443240964,2.3366643161097353e-11,1.4490113896152036e-08,3.886591888525382e-12,5.132740018258054e-14,3.900676229988342e-06,1.1223147852204971e-09,0.007782030229378293,0.0008427197513466675,8.259430062768514e-05,8.03000479751175e-08,3.1810925978546908e-09,1.0382763397890723e-08,7.230454165643364e-11,8.017240745136427e-12,1.1178857769320248e-07,1.329430822101749e-05,2.686391403025876e-09,5.033492213432395e-06,1.7753028546019306e-09,1.7728697542386943e-09,2.29332169938537e-10,2.9158763404959433e-06,1.4491632467662905e-13,1.0577421931531974e-13,4.8242460528214215e-11,1.5998245934495218e-09,3.1723659865292024e-16,1.608123702283726e-13,1.0908013397720357e-12
6.721479478693913e-08,0.16628943999999996,0.8585084662769803,0.0,0.0,0.4435747937061469,0.1102212400400419,0.02235670088751352,8.191055229821198e-10,1.5205103400823982e-06,0.0002666294242914894,7.47681357179117e-05,6.110054391506159e-07,2.7972255191591454e-16,0.0005746733151475096,1.7046323554566575e-14,0.0002952508701887073,2.37167547998548e-11,1.4760661706216402e-08,3.940877737763695e-12,5.224204747541542e-14,3.932659873158867e-06,1.145232337481177e-09,0.007784608319706563,0.0008464694841017635,8.2812100417177e-05,8.087111666346748e-08,3.1960471159476347e-09,1.0431437152438719e-08,7.337479179694957e-11,8.05796810038046e-12,1.1212328891773324e-07,1.3298839888140089e-05,2.707119762583087e-09,5.084445495235089e-06,1.7838086633797726e-09,1.809089020040768e-09,2.3199515190345364e-10,2.9361398559071164e-06,1.4642178426797959e-13,1.0751819700842107e-13,4.9400431381383895e-11,1.6232295155238423e-09,3.2370972893044196e-16,1.6381269060249182e-13,1.104141735188903e-12
6.755867963390134e-08,0.16628943999999996,0.8585084662769803,0.0,0.0,0.4435682563215633,0.11021508922629608,0.02235435875616604,8.338636260161371e-10,1.5433242034107302e-06,0.0002692304077460712,7.563148911224209e-05,6.197670353650919e-07,2.856153847581669e-16,0.0005774191091520308,1.7467371720522245e-14,0.00029588734307563316,2.4070080283718124e-11,1.503467459215433e-08,3.9955178775720784e-12,5.316689706593627e-14,3.9647006810986935e-06,1.1684902152242815e-09,0.007787127119097192,0.0008502143519012662,8.302921088053053e-05,8.144293179602258e-08,3.2109829696141904e-09,1.048006109271025e-08,7.44547504041144e-11,8.098656279335752e-12,1.1245661918934567e-07,1.3303295601056634e-05,2.7278988052241697e-09,5.135585062098343e-06,1.7923058299928852e-09,1.8458464153675578e-09,2.3467082492584324e-10,2.956396846425914e-06,1.4793468498221778e-13,1.0927939713558165e-13,5.057948354788403e-11,1.6468408984941007e-09,3.30278909350471e-16,1.668514057862092e-13,1.1175720739460714e-12
6.790256448086356e-08,0.16628943999999996,0.8585084662769803,0.0,0.0,0.44356178243570815,0.11020899509928402,0.022352016872914094,8.488005564693687e-10,1.5663480009286338e-06,0.00027184049149887884,7.649893919922027e-05,6.286041605787067e-07,2.9159510399608983e-16,0.0005801621085734299,1.7896388733058407e-14,0.00029651890231974194,2.4426627848540537e-11,1.5312174950711237e-08,4.050511554316761e-12,5.410199062915227e-14,3.996797944931458e-06,1.1920914994425305e-09,0.0077895878469456765,0.0008539543628250075,8.324563873512495e-05,8.201548818942593e-08,3.2259001198311914e-09,1.0528635083342289e-08,7.554444939056314e-11,8.139305783431582e-12,1.1278859765179582e-07,1.3307678417896701e-05,2.7487286647053335e-09,5.1869101908694185e-06,1.8007943287659342e-09,1.8831468148390725e-09,2.3735916652690644e-10,2.9766468160869145e-06,1.4945503972441187e-13,1.1105787421543182e-13,5.17798732343964e-11,1.6706592090516824e-09,3.369450084463773e-16,1.6992876354503038e-13,1.131092555596876e-12
6.824644932782577e-08,0.16628943999999996,0.8585084662769803,0.0,0.0,0.4435553708375161,0.11020295647635055,0.022349675237577474,8.639175086065067e-10,1.5895824383360375e-06,0.000274459641031519,7.737047888879666e-05,6.375169766248184e-07,2.976624470526875e-16,0.0005829023055271855,1.8333476982726134e-14,0.00029714558694247484,2.4786405628642207e-11,1.5593185133768822e-08,4.105858016867358e-12,5.504736969237384e-14,4.028950960320879e-06,1.2160392785979158e-09,0.007791991697576237,0.0008576895247925557,8.346139058427778e-05,8.258878068001323e-08,3.2407985281160677e-09,1.0577158990562985e-08,7.664392054921287e-11,8.179917093146253e-12,1.1311925237466714e-07,1.331199125150436e-05,2.769609466114071e-09,5.238420163279924e-06,1.8092741343181184e-09,1.920995104909917e-09,2.4006015464238605e-10,2.996889274789304e-06,1.5098286103977913e-13,1.1285368254152075e-13,5.300185802084344e-11,1.6946849077565503e-09,3.4370889684087395e-16,1.7304501114105714e-13,1.1447033765189676e-12
6.859033417478799e-08,0.16628943999999996,0.8585084662769803,0.0,0.0,0.44354902034087773,0.1101969721993185,0.02234733384998457,8.792156792364824e-10,1.613028218809478e-06,0.0002770878220541761,7.824610121975204e-05,6.465056431443564e-07,3.0381815333327576e-16,0.0005856396922222801,1.877873946359469e-14,0.000297767435654432,2.514942165703256e-11,1.58777274475402e-08,4.161556516493724e-12,5.60030756367724e-14,4.061159027444122e-06,1.2403366485236247e-09,0.0077943398407576345,0.0008614198455696913,8.367647292019454e-05,8.316280412416688e-08,3.2556781565241574e-09,1.0625632682186547e-08,7.775319555400237e-11,8.220490667939256e-12,1.1344861038584936e-07,1.331623687546693e-05,2.7905413260498694e-09,5.290114265886144e-06,1.8177452215621826e-09,1.9593961837140426e-09,2.4277376760425103e-10,3.0171237382436065e-06,1.5251816110150341e-13,1.1466687617957497e-13,5.424569685288188e-11,1.7189184490523908e-09,3.505714472182404e-16,1.7620039532406013e-13,1.1584047299059225e-12
6.89342190217502e-08,0.16628943999999996,0.8585084662769803,0.0,0.0,0.44354272978411935,0.11019104113398343,0.022344992709972124,8.946962676698559e-10,1.636686043009693e-06,0.0002797250005030196,7.912579935395228e-05,6.555703175914717e-07,3.100629642254376e-16,0.0005883742609607853,1.9232279769774154e-14,0.00029838448685793516,2.5515683865637627e-11,1.6165824151775004e-08,4.217606306764268e-12,5.696914969885904e-14,4.093421450965418e-06,1.264986712326213e-09,0.007796633422208374,0.0008651453327746848,8.389089212680598e-05,8.373755339804148e-08,3.2705389676462017e-09,1.067405602760888e-08,7.887230595948575e-11,8.261026946545405e-12,1.1377669770831725e-07,1.3320417929955479e-05,2.8115243528834114e-09,5.341991790010988e-06,1.8262075657037639e-09,1.998354960909902e-09,2.4549998412292573e-10,3.0373497279188624e-06,1.5406095170944062e-13,1.1649750896387893e-13,5.5511650034342975e-11,1.7433602812819534e-09,3.5753353429659863e-16,1.7939516232266635e-13,1.1721968056981338e-12
6.927810386871242e-08,0.16628943999999996,0.8585084662769803,0.0,0.0,0.44353649802949346,0.1101851621696194,0.02234265181738501,9.103604756765744e-10,1.6605566090893157e-06,0.0002823711425376707,8.000956657078477e-05,6.647111552392508e-07,3.163976230990127e-16,0.0005911060041374447,1.9694202091895934e-14,0.00029899677864956886,2.5885200085532083e-11,1.645749745897424e-08,4.274006643446021e-12,5.794563297188484e-14,4.125737540009854e-06,1.289992580288029e-09,0.007798873564091507,0.0008688659938843843,8.41046544824981e-05,8.431302339867185e-08,3.2853809246058348e-09,1.0722428897802589e-08,8.000128320160934e-11,8.301526348841017e-12,1.1410353939894721e-07,1.3324536927380834e-05,2.832558647044292e-09,5.394052031687448e-06,1.8346611422405124e-09,2.0378763575260086e-09,2.482387832700798e-10,3.0575667709902502e-06,1.5561124432942603e-13,1.1834563449324952e-13,5.679997921962032e-11,1.7680108467025775e-09,3.645960348002216e-16,1.8262955783563253e-13,1.186079790737245e-12
6.962198871567464e-08,0.16628943999999996,0.8585084662769803,0.0,0.0,0.4435303239626806,0.11017933421849448,0.022340311172076036,9.262095074441117e-10,1.6846406127007146e-06,0.0002850262145387252,8.089739626177636e-05,6.73928309185492e-07,3.2282287530604043e-16,0.0005938349142392535,2.016461121355167e-14,0.0002996043488226988,2.6257978047175995e-11,1.675276953361496e-08,4.330756784406672e-12,5.893256640716563e-14,4.1581066081373696e-06,1.3153573697699038e-09,0.0078010613654992365,0.0008725818362401081,8.431776616275326e-05,8.488920904441738e-08,3.3002039910568027e-09,1.0770751165311115e-08,8.114015859885375e-11,8.341989275591301e-12,1.1442915957773928e-07,1.3328596257878165e-05,2.853644301186852e-09,5.446294291603526e-06,1.8431059269609344e-09,2.0779653058069135e-09,2.509901444620168e-10,3.077774400287141e-06,1.5716905007662051e-13,1.2021130612857325e-13,5.811094740600668e-11,1.7928705815019107e-09,3.7175982743198725e-16,1.8590382702324776e-13,1.2000538687857539e-12
6.996587356263685e-08,0.16628943999999996,0.8585084662769803,0.0,0.0,0.4435242064923009,0.11017355621539637,0.022337970773905688,9.422445695359444e-10,1.7089387470038346e-06,0.0002876901831053306,8.178928192539e-05,6.832219303585404e-07,3.293394681804189e-16,0.0005965609838450309,2.0643612507691274e-14,0.000300207234869969,2.6634025380656252e-11,1.705166249138468e-08,4.387855989518828e-12,5.99299908153334e-14,4.190527973316967e-06,1.3410842051141134e-09,0.007803197902927566,0.0008762928670533492,8.45302332426941e-05,8.546610527428776e-08,3.315008131180356e-09,1.0819022704243739e-08,8.22889633513883e-11,8.382416108220917e-12,1.1475358146159535e-07,1.3332598194607701e-05,2.8747814004401266e-09,5.498717875048536e-06,1.8515418959436587e-09,2.1186267490595866e-09,2.5375404744359224e-10,3.0979721542415876e-06,1.5873437970224395e-13,1.2209457698943304e-13,5.944481892598087e-11,1.8179399158138078e-09,3.790257928458951e-16,1.892182144988565e-13,1.2141192203995422e-12
7.030975840959907e-08,0.16628943999999996,0.8585084662769803,0.0,0.0,0.44351814454943617,0.11016782711716795,0.02233563062274196,9.584668708504953e-10,1.733451702674096e-06,0.0002903630150528161,8.268521716199783e-05,6.925921675231877e-07,3.359481510376651e-16,0.0005992842056249916,2.11313119329806e-14,0.000300805473985776,2.7013349615932455e-11,1.7354198398425377e-08,4.445303520566712e-12,6.093794686751748e-14,4.223000957901072e-06,1.3671762175475964e-09,0.0078052842307411475,0.0008799990934112916,8.474206169953096e-05,8.6043707049087e-08,3.329793309682741e-09,1.0867243390270439e-08,8.344772854177772e-11,8.422807211432161e-12,1.1507682740287771e-07,1.3336544898874037e-05,2.8959700227195725e-09,5.5513220918607535e-06,1.859969025556533e-09,2.159865641500241e-09,2.565304722726622e-10,3.1181595768372497e-06,1.6030724365346382e-13,1.2399549994986059e-13,6.080185943944566e-11,1.8432192737344089e-09,3.8639481361959323e-16,1.925729643204566e-13,1.228276023131733e-12
7.065364325656128e-08,0.16628943999999996,0.8585084662769803,0.0,0.0,0.4435121370871622,0.11016214590225218,0.02233329071846011,9.748776225805775e-10,1.7581801679104775e-06,0.0002930446774103707,8.35851956690287e-05,7.020391672866256e-07,3.426496751747258e-16,0.0006020045723403125,2.162781603011949e-14,0.00030139910306872277,2.7395958183087326e-11,1.76603992705872e-08,4.503098641155465e-12,6.195647509645757e-14,4.255524888600133e-06,1.3936365450854492e-09,0.007807321381628584,0.0008837005222821433,8.495325741493693e-05,8.66220093520793e-08,3.3445594917923357e-09,1.0915413100615313e-08,8.46164851368096e-11,8.46316293284815e-12,1.153989189151947e-07,1.3340438425083633e-05,2.9172102388725552e-09,5.604106256376308e-06,1.8683872924552893e-09,2.2016869481015878e-09,2.5931939930512114e-10,3.1383362175587348e-06,1.6188765205381834e-13,1.2591412763620946e-13,6.218233592591842e-11,1.868709073338401e-09,3.9386777422707087e-16,1.9596831998242352e-13,1.2425244516027735e-12
7.09975281035235e-08,0.16628943999999996,0.8585084662769803,0.0,0.0,0.4435061830800903,0.11015651157024654,0.022330951060942496,9.914780381732437e-10,1.7831248284435526e-06,0.00029573513741877144,8.448921123628749e-05,7.115630741044617e-07,3.494447938693613e-16,0.0006047220768426955,2.2133231918120676e-14,0.0003019881587240499,2.7781858412581336e-11,1.7970287072691597e-08,4.561240616623185e-12,6.298561589755137e-14,4.288099096457356e-06,1.4204683324347145e-09,0.007809310367048346,0.0008873971605202864,8.516382617733844e-05,8.720100718783621e-08,3.3593066432569393e-09,1.0963531714050838e-08,8.579526398607252e-11,8.503483601830789e-12,1.1571987670338174e-07,1.3344280725525884e-05,2.9385021129067998e-09,5.657069687379307e-06,1.876796673582723e-09,2.244095644440511e-09,2.621208091804496e-10,3.1585016313413746e-06,1.6347561466727126e-13,1.2785051242419885e-13,6.35865166766748e-11,1.894409726695446e-09,4.0144556101143353e-16,1.9940452440736457e-13,1.2568646772830003e-12
7.134141295048572e-08,0.16628943999999996,0.8585084662769803,0.0,0.0,0.44350028152391874,0.1101509231414665,0.022328611650078354,1.0082693332901762e-09,1.8082863675435513e-06,0.000298434362528156,8.539725774144296e-05,7.211640302867912e-07,3.5633426237969244e-16,0.0006074367120739287,2.264766729055034e-14,0.0003025726772660455,2.8171057535511728e-11,1.8283883717804048e-08,4.619728713955885e-12,6.402540952983946e-14,4.320722916823679e-06,1.447674730898428e-09,0.007811252177665515,0.0008910890148712498,8.537377368411747e-05,8.778069558336476e-08,3.374034730341281e-09,1.1011599110892754e-08,8.698409582235012e-11,8.543769533146533e-12,1.1603972070238444e-07,1.3348073654976607e-05,2.9598457023306642e-09,5.710211708053109e-06,1.885197146167817e-09,2.2870967165462033e-09,2.649346828077514e-10,3.1786553785214126e-06,1.6507114098653473e-13,1.2980470643437686e-13,6.501467128684744e-11,1.920321639886792e-09,4.09129062157653e-16,2.028818199380363e-13,1.2712968687418104e-12
7.168529779744793e-08,0.16628943999999996,0.8585084662769803,0.0,0.0,0.44349443143499434,0.11014537965651817,0.022326272485763604,1.0252527257686725e-09,1.833665466028636e-06,0.0003011423203958412,8.630932914568128e-05,7.308421760043234e-07,3.633188379439833e-16,0.0006101484710654418,2.3171230411730687e-14,0.00030315269472043477,2.8563562683875595e-11,1.8601211066516104e-08,4.678562201705488e-12,6.507589611692929e-14,4.353395689332871e-06,1.4752588982799565e-09,0.007813147783779525,0.0008947760919765035,8.558310554375505e-05,8.836106958917127e-08,3.3887437198240856e-09,1.1059615172993029e-08,8.81830112645511e-11,8.584021026746301e-12,1.163584700996652e-07,1.3351818975151899e-05,2.9812410582756077e-09,5.7635316459327115e-06,1.893588687724217e-09,2.330695160748766e-09,2.677610013523648e-10,3.1987970247866153e-06,1.6667424021585928e-13,1.3177676153034025e-13,6.646707064748022e-11,1.9464452130220403e-09,4.1691916766550655e-16,2.064004483293817e-13,1.285821191805111e-12
7.202918264441015e-08,0.16628943999999996,0.8585084662769803,0.0,0.0,0.4434886318498816,0.11013988017587963,0.022323933567900696,1.0424294355830785e-09,1.859262802273116e-06,0.00030385897888418357,8.722541948952294e-05,7.40597649294567e-07,3.7039927977976433e-16,0.0006128573469378602,2.370403011290541e-14,0.00030372824682674683,2.8959380890837147e-11,1.892229092623691e-08,4.737740349910857e-12,6.613711564786141e-14,4.38611675787685e-06,1.5032239987876423e-09,0.007814998135743118,0.0008984583983780852,8.579182727790354e-05,8.894212427755144e-08,3.4034335789952513e-09,1.1107579783732978e-08,8.939204081560934e-11,8.624238364971104e-12,1.1667614336035522e-07,1.3355518358995798e-05,3.002688225688531e-09,5.817028832858202e-06,1.901971276049308e-09,2.374895983528222e-09,2.705997462229643e-10,3.218926141127288e-06,1.6828492119597926e-13,1.3376672931640706e-13,6.794398693753946e-11,1.9727808402560855e-09,4.2481676932262665e-16,2.099606507407111e-13,1.3004378092105856e-12
7.237306749137236e-08,0.16628943999999996,0.8585084662769803,0.0,0.0,0.4434828818249425,0.11013442377949088,0.022321594896398376,1.0598006848068077e-09,1.8850790522156063e-06,0.00030658430605848145,8.8145522888798e-05,7.504305860680658e-07,3.7757634908315266e-16,0.0006155633329005566,2.424617578836849e-14,0.00030429936904066213,2.935851909099891e-11,1.9247145050493967e-08,4.797262430022104e-12,6.720910797791961e-14,4.418885470581159e-06,1.5315732029397175e-09,0.007816804164372648,0.0009021359405230553,8.599994432337366e-05,8.952385474358988e-08,3.4181042756533856e-09,1.1155492828018453e-08,9.061121486211272e-11,8.664421817589339e-12,1.1699275826721189e-07,1.3359173394793964e-05,3.0241872437072893e-09,5.87070260492922e-06,1.910344889223418e-09,2.4197042013640265e-09,2.734508990591003e-10,3.2390423037877123e-06,1.6990319252973014e-13,1.3577466113269706e-13,6.944569361588306e-11,1.9993289098062258e-09,4.3282276067748227e-16,2.1356266772793543e-13,1.3151468808867879e-12
7.271695233833458e-08,0.16628943999999996,0.8585084662769803,0.0,0.0,0.4434771804359241,0.11012900956635227,0.022319256471171573,1.07736769757503e-09,1.911114889367474e-06,0.00030931827018491686,8.90696335307774e-05,7.603411201146918e-07,3.848508090287368e-16,0.0006182664222511985,2.4797777391557016e-14,0.0003048660965363377,2.976098412067682e-11,1.9575795138243126e-08,4.857127714828112e-12,6.829191282938775e-14,4.451701179780608e-06,1.560309687469515e-09,0.007818566781349966,0.0009058087247677855,8.620746203407605e-05,9.01062561068525e-08,3.4327557781028495e-09,1.1203354192272697e-08,9.184056367891575e-11,8.704571642234615e-12,1.1730833194003948e-07,1.3362785590151796e-05,3.045738145761157e-09,5.924552302460419e-06,1.9187095056081114e-09,2.4651248405850536e-09,2.763144417192908e-10,3.2591450942179777e-06,1.715290625790439e-13,1.3780060805364526e-13,7.097246541318865e-11,2.02608980396941e-09,4.4093803701256534e-16,2.1720673923590592e-13,1.3299485642536794e-12
7.302644870060058e-08,0.16628943999999996,0.8585084662769803,0.0,0.0,0.4434720900209267,0.11012417211157839,0.02231715209896748,1.0933464002770727e-09,1.934735444575934e-06,0.0003117861964250663,8.990475455146954e-05,7.693270552985939e-07,3.9148172433608597e-16,0.0006206967205947839,2.5302394976616425e-14,0.00030537242264475274,3.0126052657855383e-11,1.9874843655675655e-08,4.911299311151351e-12,6.927571462536843e-14,4.4812749681410695e-06,1.5865062787731132e-09,0.007820116758064374,0.0009091101677670806,8.639371990217957e-05,9.063098693490179e-08,3.445925693467685e-09,1.1246385141019558e-08,9.295570197226618e-11,8.740677930855886e-12,1.1759147162010283e-07,1.3366001121456063e-05,3.065178341590195e-09,5.9731669046390805e-06,1.9262299504410095e-09,2.5065311982480013e-09,2.7890220858647046e-10,3.2772258305742075e-06,1.7299884911949662e-13,1.3963940519490322e-13,7.23682187908597e-11,2.050356884971772e-09,4.4833596569950815e-16,2.205225580243958e-13,1.3433493899227403e-12
7.333594506286659e-08,0.16628943999999996,0.8585084662769803,0.0,0.0,0.4434670376204595,0.11011936747976644,0.022315047926128723,1.1094855598634833e-09,1.958534896596457e-06,0.0003142610701980428,9.074311264090621e-05,7.783760454893454e-07,3.981927049759771e-16,0.0006231246625623135,2.5814842310749004e-14,0.0003058752425463906,3.0493826230762525e-11,2.017700017520551e-08,4.965747786873132e-12,7.026833540319055e-14,4.510885836175947e-06,1.6130214696944693e-09,0.007821632933087644,0.0009124077664601746,8.657950037019927e-05,9.115625372861895e-08,3.4590800138579065e-09,1.1289374057491949e-08,9.407912816747519e-11,8.776757344025618e-12,1.1787379284865893e-07,1.3369184104060734e-05,3.084660602877313e-09,6.021923000412233e-06,1.9337430751941423e-09,2.5484413741781447e-09,2.814999837446603e-10,3.295295102689394e-06,1.7447480278918008e-13,1.4149287257790243e-13,7.378470052397066e-11,2.0747969291800705e-09,4.558237968310559e-16,2.2387280887257958e-13,1.3568254668581376e-12
7.364544142513259e-08,0.16628943999999996,0.8585084662769803,0.0,0.0,0.44346202259943257,0.1101145950521426,0.022312943952605344,1.125786072867159e-09,1.9825137314090987e-06,0.00031674286877930903,9.158470369561172e-05,7.874881838391369e-07,4.049843114095905e-16,0.0006255502434494158,2.633520069592727e-14,0.00030637458130743474,3.0864309619987686e-11,2.048228039930258e-08,5.020472614370728e-12,7.126980384675922e-14,4.54053332038686e-06,1.6398575886095156e-09,0.007823115932828223,0.0009157015253084981,8.676480717621618e-05,9.16820529783768e-08,3.4722187172070076e-09,1.1332320862017269e-08,9.521086409871075e-11,8.812810041816762e-12,1.1815530683050969e-07,1.3372335484218805e-05,3.104184942985702e-09,6.070820117455123e-06,1.9412488646731523e-09,2.590859052438465e-09,2.8410775437918047e-10,3.3133526160673205e-06,1.759569291060917e-13,1.4336104687351917e-13,7.522211350118328e-11,2.0994102030581384e-09,4.634021865646034e-16,2.2725766540097034e-13,1.3703769041752425e-12
7.392398815117199e-08,0.16628943999999996,0.8585084662769803,0.0,0.0,0.44345754052449304,0.11011032689975823,0.02231105054681058,1.1405952337449868e-09,2.0042484554237163e-06,0.00031898238953397587,9.234489646936828e-05,7.957431759118176e-07,4.1116615651916396e-16,0.0006277312436816463,2.681035467495933e-14,0.00030682103039007667,3.1200065463002106e-11,2.075971631629719e-08,5.06996080438551e-12,7.21787138383942e-14,4.5672469821033774e-06,1.6642864165682655e-09,0.007824422776103289,0.0009186626288519719,8.69311813699055e-05,9.215572466450743e-08,3.4840301796748034e-09,1.1370936915313788e-08,9.623654924704792e-11,8.84523475305794e-12,1.1840798817768168e-07,1.3375145452929345e-05,3.1217928349090765e-09,6.114947707746636e-06,1.947997791133132e-09,2.629471927152834e-09,2.8646328358527575e-10,3.329594083643923e-06,1.772961248045207e-13,1.450550083129259e-13,7.653384973796051e-11,2.121710478053514e-09,4.703007081071693e-16,2.3033376729260085e-13,1.3826377195867053e-12
7.420253487721138e-08,0.16628943999999996,0.8585084662769803,0.0,0.0,0.4434530877754063,0.11010608390596678,0.022309157302392354,1.1555364734444495e-09,2.0261292239395245e-06,0.0003212274846911086,9.310770171309354e-05,8.040494583054379e-07,4.1741417394685664e-16,0.0006299103243245247,2.7292042519398877e-14,0.00030726469792932416,3.153802347316773e-11,2.1039706516709567e-08,5.1196720288980415e-12,7.309483439394558e-14,4.593989595584495e-06,1.6889787880639677e-09,0.007825703685842534,0.0009216206288783245,8.709717754016316e-05,9.262982227244523e-08,3.4958289590985165e-09,1.140951873748423e-08,9.726899871901043e-11,8.87763805286701e-12,1.1866003208306065e-07,1.3377931183748025e-05,3.1394348241865155e-09,6.1591888042447145e-06,1.9547407530395943e-09,2.6685015619854878e-09,2.888268896605095e-10,3.345825580713026e-06,1.7864032844906e-13,1.4676093838595578e-13,7.786285433119931e-11,2.1441514706553446e-09,4.77273594310497e-16,2.3343816605403695e-13,1.3949597408288823e-12
7.448108160325077e-08,0.16628943999999996,0.8585084662769803,0.0,0.0,0.4434486639131696,0.11010186564327674,0.022307264219321547,1.1706104481235432e-09,2.04815638798028e-06,0.00032347813794603647,9.387311651099149e-05,8.124070960777404e-07,4.2372877496093833e-16,0.0006320874820660296,2.7780324235324937e-14,0.00030770560182896554,3.187818700335677e-11,2.1322262369064294e-08,5.169605904699081e-12,7.401818624658474e-14,4.6207608285272395e-06,1.7139364083626447e-09,0.00782695909500402,0.000924575528540574,8.7262798310201e-05,9.310434327619521e-08,3.5076150400634143e-09,1.1448066272472353e-08,9.830822827869113e-11,8.910020043356056e-12,1.1891144596992397e-07,1.3380693278906695e-05,3.1571109141119316e-09,6.203543068105371e-06,1.961477739691909e-09,2.707950655107202e-09,2.911985634944208e-10,3.3620468993866715e-06,1.7998954375591448e-13,1.484788634470691e-13,7.920927686883214e-11,2.166733367157061e-09,4.843213257094598e-16,2.365709873753445e-13,1.4073430439797887e-12
7.475962832929016e-08,0.16628943999999996,0.8585084662769803,0.0,0.0,0.44344426850608687,0.1100976716913889,0.022305371297571295,1.1858178147319474e-09,2.0703302975478317e-06,0.00032573433307532513,9.464113796895315e-05,8.208161533912117e-07,4.301103716790424e-16,0.0006342627136308931,2.8275260058536618e-14,0.000308143759877728,3.2220559364917635e-11,2.1607395216608364e-08,5.219762048991663e-12,7.49487900738155e-14,4.6475603503760095e-06,1.7391609851509046e-09,0.007828189429322653,0.0009275273309628297,8.74280462722443e-05,9.357928515962395e-08,3.5193884073646616e-09,1.148657946485482e-08,9.935425364241514e-11,8.942380819254317e-12,1.1916223703667546e-07,1.338343231525875e-05,3.174821106009318e-09,6.248010162186579e-06,1.9682087405070923e-09,2.747821908525236e-09,2.9357829604288413e-10,3.3782578338907747e-06,1.81343774270048e-13,1.5020880973054455e-13,8.057326746392885e-11,2.1894563513520553e-09,4.914443835133018e-16,2.397323566637966e-13,1.4197877039723932e-12
7.503817505532955e-08,0.16628943999999996,0.8585084662769803,0.0,0.0,0.44343990112964493,0.11009350163707458,0.022303478537116832,1.2011592309998232e-09,2.0926513016250385e-06,0.0003279960539361423,9.541176321354436e-05,8.292766935153949e-07,4.3655937706793674e-16,0.0006364360157804397,2.877691045311064e-14,0.00030857918975003916,3.256514382777945e-11,2.1895116377092073e-08,5.270140079373758e-12,7.58866664976304e-14,4.6743878323144826e-06,1.7646542285036376e-09,0.007829395107431728,0.0009304760392414335,8.759292398806604e-05,9.405464541591402e-08,3.5311490460064992e-09,1.1525058259839325e-08,1.0040709047542992e-10,8.974720470905465e-12,1.194124122752096e-07,1.338614884531658e-05,3.1925653994455053e-09,6.2925897510347464e-06,1.9749337450197646e-09,2.7881180280321818e-09,2.959660783249612e-10,3.3944581805492744e-06,1.8270302344730068e-13,1.5195080334784458e-13,8.195497675179449e-11,2.2123206045400667e-09,4.986432495964112e-16,2.4292239904144414e-13,1.432293794443729e-12
7.531672178136895e-08,0.16628943999999996,0.8585084662769803,0.0,0.0,0.4434355613663928,0.1100893550740581,0.022301585937935495,1.2166353554260507e-09,2.1151197481787717e-06,0.00033026328446563884,9.618498939106018e-05,8.37788778829225e-07,4.4307620494338467e-16,0.000638607385312421,2.9285336109942656e-14,0.0003090119090067814,3.2911943620558324e-11,2.2185437142554497e-08,5.3207396138227725e-12,7.683183608464773e-14,4.701242947257585e-06,1.7904178508518455e-09,0.007830576540980787,0.0009334216564460263,8.775743398950985e-05,9.453042155033371e-08,3.542896941201366e-09,1.1563502603264808e-08,1.0146675439880215e-10,9.007039088389017e-12,1.1966197847350346e-07,1.3388843398238362e-05,3.2103437922031716e-09,6.337281500871544e-06,1.981652742881368e-09,2.8288417231550825e-09,2.9836190141999085e-10,3.4106477377684743e-06,1.8406729474292652e-13,1.5370487028760514e-13,8.335455588705036e-11,2.2353263055336224e-09,5.059184064892468e-16,2.4614123934271597e-13,1.444861388326762e-12
7.559526850740834e-08,0.16628943999999996,0.8585084662769803,0.0,0.0,0.44343124880582335,0.11008523160290117,0.022299693500006684,1.2322468472672546e-09,2.1377359841629937e-06,0.00033253600868033865,9.696081366661485e-05,8.463524708233808e-07,4.496612699699965e-16,0.0006407768190608519,2.9800597945279473e-14,0.0003094419350960379,3.326096193066429e-11,2.2478368779111515e-08,5.371560270681038e-12,7.778431934623861e-14,4.728125369843533e-06,1.8164535669506006e-09,0.00783173413475141,0.0009363641856205795,8.792157877900598e-05,9.500661107839955e-08,3.554632078368654e-09,1.1601912441595942e-08,1.0253326098709122e-10,9.039336755476085e-12,1.1991094221648293e-07,1.3391516480780627e-05,3.2281562802813768e-09,6.38208507958094e-06,1.9883657238596096e-09,2.8699957071046908e-09,3.007657564648181e-10,3.426826306021497e-06,1.8543659146241583e-13,1.554710364160699e-13,8.477215654070563e-11,2.2584736306645253e-09,5.132703373693315e-16,2.4938900211210537e-13,1.457490557583705e-12
7.587381523344773e-08,0.16628943999999996,0.8585084662769803,0.0,0.0,0.44342696304425533,0.11008113083088664,0.022297801223311778,1.2479943665272648e-09,2.160500355521539e-06,0.00033481421067552695,9.773923322322608e-05,8.549678301026316e-07,4.563149876603073e-16,0.0006429443138958462,3.0322757099252604e-14,0.0003098692853538414,3.3612201904408474e-11,2.277392252674358e-08,5.422601668640966e-12,7.874413673865522e-14,4.75503477642583e-06,1.8427630938470027e-09,0.007832868286773254,0.0009393036297844369,8.808536083007839e-05,9.548321152259932e-08,3.5663544431335675e-09,1.164028772191696e-08,1.0360662575990781e-10,9.07161354541028e-12,1.2015930989928365e-07,1.3394168578244135e-05,3.246002858071749e-09,6.427000156696217e-06,1.9950726778384023e-09,2.911582696724694e-09,3.0317763465097434e-10,3.4429936878327265e-06,1.8681091667247547e-13,1.5724932747542555e-13,8.620793089723042e-11,2.2817627537903267e-09,5.206995260521554e-16,2.526658116018561e-13,1.4701813726344978e-12
7.615236195948712e-08,0.16628943999999996,0.8585084662769803,0.0,0.0,0.44342270368471803,0.11007705237190692,0.02229590910783409,1.2638785739457676e-09,2.183413207191176e-06,0.00033709787462465614,9.852024526096932e-05,8.636349163882098e-07,4.630377743749754e-16,0.000645109866723451,3.0851874934394123e-14,0.0003102939770049107,3.3965666647111955e-11,2.307210959908849e-08,5.47386342673207e-12,7.971130866313998e-14,4.781970845065398e-06,1.8693481508482764e-09,0.007833979388436172,0.0009422399919332718,8.824878258781641e-05,9.596022041840573e-08,3.578064021326673e-09,1.167862839193718e-08,1.0468686419289859e-10,9.10386953671667e-12,1.2040708774156882e-07,1.3396800155348423e-05,3.2638835184560397e-09,6.472026403387358e-06,2.0017735948172988e-09,2.9536054124412843e-09,3.055975272220209e-10,3.4591496877624673e-06,1.881902735755609e-13,1.5903976908155883e-13,8.766203165161087e-11,2.3051938463008954e-09,5.282064569820531e-16,2.55971791769591e-13,1.4829339031948939e-12
7.643090868552652e-08,0.16628943999999996,0.8585084662769803,0.0,0.0,0.4434184703368378,0.11007299584635195,0.02229401715355886,1.2799001309868433e-09,2.206474883104805e-06,0.00033938698477875123,9.930384699613404e-05,8.723537885201884e-07,4.698300473228509e-16,0.0006472734744854829,3.138801303415219e-14,0.0003107160271633869,3.432135922321479e-11,2.3372941183234414e-08,5.525345164307947e-12,8.068585546603353e-14,4.808933255522668e-06,1.896210459489892e-09,0.007835067824602035,0.000945173275040044,8.84118464693771e-05,9.643763531676492e-08,3.589760798982756e-09,1.1716934399990136e-08,1.0577399172933232e-10,9.13610480969665e-12,1.206542817723042e-07,1.339941165713415e-05,3.281798252557885e-09,6.517163492448472e-06,2.0084684649101734e-09,2.996066578212744e-09,3.0802542547100544e-10,3.475294112391615e-06,1.8957466539308515e-13,1.6084238672711285e-13,8.913461200640383e-11,2.328767077124967e-09,5.3579161522335855e-16,2.5930706627602205e-13,1.4957482187128982e-12
7.668160073896198e-08,0.16628943999999996,0.8585084662769803,0.0,0.0,0.4434146822462973,0.11006936341783355,0.02229231453252853,1.2944375135280858e-09,2.227357919609572e-06,0.0003414518274682086,0.00010001130046078905,8.802450982607825e-07,4.76002849211389e-16,0.0006492190559413495,3.187659072573904e-14,0.0003110936278861527,3.464338983916734e-11,2.364595989112939e-08,5.571866496233686e-12,8.156926988175807e-14,4.833221683873721e-06,1.9206250120395405e-09,0.00783602835106476,0.0009478105996947434,8.85582999542864e-05,9.686765383305422e-08,3.6002769430348896e-09,1.1751380129038813e-08,1.0675830940214343e-10,9.165098887464891e-12,1.2087626208838614e-07,1.3401745196945285e-05,3.297950637868612e-09,6.557881373693239e-06,2.0144886698281803e-09,3.0346587563620996e-09,3.10217371591438e-10,3.4898140394312683e-06,1.9082492508694396e-13,1.6247517408990652e-13,9.047586141266409e-11,2.3501046507662445e-09,5.426855433899702e-16,2.62333961956072e-13,1.50733398458441e-12
7.690722358705388e-08,0.16628943999999996,0.8585084662769803,0.0,0.0,0.4434112904855224,0.11006610894226079,0.022290782285226234,1.3076171372509713e-09,2.2462561642673814e-06,0.0003433139374035735,0.00010064979849689675,8.873832158988911e-07,4.816070354773749e-16,0.0006509687283014371,3.232125269081001e-14,0.00031143166113284956,3.49347641731244e-11,2.389352262352434e-08,5.613887549367345e-12,8.236947657688538e-14,4.855099100797117e-06,1.942792353496242e-09,0.007836877614536594,0.0009501820633038226,8.868986332352986e-05,9.72549485115349e-08,3.6097325899570125e-09,1.178235721424544e-08,1.0764898624303365e-10,9.191179288889378e-12,1.2107564756029965e-07,1.3403832021571713e-05,3.312511368453211e-09,6.594603809907273e-06,2.019902653892078e-09,3.069698899385987e-09,3.12195656241604e-10,3.5028737104898414e-06,1.9195364937926037e-13,1.6395314801336304e-13,9.169598326181815e-11,2.369407119186606e-09,5.489448843773667e-16,2.650786154592341e-13,1.5178040498680877e-12
7.713284643514579e-08,0.16628943999999996,0.8585084662769803,0.0,0.0,0.44340791511797345,0.11006286820300998,0.022289250143668574,1.3208880544916492e-09,2.265252660757566e-06,0.0003451795928433066,0.00010128999073321269,8.945554119728576e-07,4.872575562494412e-16,0.0006527171191829078,3.277063086557286e-14,0.0003117679913667946,3.522760550374336e-11,2.4142840223005423e-08,5.656052255247685e-12,8.317455792656106e-14,4.876993236724925e-06,1.965144667843511e-09,0.007837712670612947,0.000952551511969455,8.88211960987048e-05,9.764250523659985e-08,3.6191798142795307e-09,1.1813311467871322e-08,1.0854421030253828e-10,9.217246208706567e-12,1.2127466017068176e-07,1.3405906405596004e-05,3.3270944344881244e-09,6.631398393282091e-06,2.0253126533919214e-09,3.1050315641003884e-09,3.1417917808606936e-10,3.5159254496379043e-06,1.9308568210578064e-13,1.6543915554787428e-13,9.292850362510065e-11,2.388803136877797e-09,5.5525641475049e-16,2.6784270786579307e-13,1.5283147712627836e-12
7.73584692832377e-08,0.16628943999999996,0.8585084662769803,0.0,0.0,0.4434045559483825,0.1100596410103526,0.022287718107851143,1.3342506181274681e-09,2.284347589944423e-06,0.0003470487855642563,0.00010193187571815753,9.01761716070474e-07,4.929546348767276e-16,0.0006544642270285015,3.3224758395768e-14,0.000312102627473893,3.5521915381544216e-11,2.4393918582959332e-08,5.69836041215992e-12,8.398452463856753e-14,4.898903924699452e-06,1.9876828741173313e-09,0.007838533711755663,0.0009549189472318155,8.895229951271579e-05,9.803032272313991e-08,3.6286186089680856e-09,1.1844242863630511e-08,1.0944398968904926e-10,9.24329967762489e-12,1.2147330281299416e-07,1.3407968551208056e-05,3.3416998286271834e-09,6.668264952993797e-06,2.030718663292992e-09,3.1406582046933277e-09,3.1616793258236335e-10,3.5289691579001002e-06,1.942210247075463e-13,1.669332099974123e-13,9.41735048826702e-11,2.4082927889166035e-09,5.616203934439464e-16,2.706263043140572e-13,1.538866183537768e-12
7.756152984652041e-08,0.16628943999999996,0.8585084662769803,0.0,0.0,0.44340154638573526,0.11005674796457637,0.02228633936602029,1.3463555749564245e-09,2.301617335309024e-06,0.00034873407661813573,0.00010251101830942026,9.082765762709684e-07,4.981219974992598e-16,0.0006560355258189324,3.363756134106446e-14,0.00031240235879879366,3.578805114690363e-11,2.4621399418485535e-08,5.73656023739265e-12,8.471768049523031e-14,4.918637558463367e-06,2.0081269576678762e-09,0.00783926082298646,0.0009570479187745527,8.907009749153527e-05,9.837958035407034e-08,3.6371063111060802e-09,1.1872061554823298e-08,1.1025769262829404e-10,9.266736324099544e-12,1.216517672063092e-07,1.3409814179913518e-05,3.354863767342708e-09,6.701506255861024e-06,2.0355806569749374e-09,3.17297473363671e-09,3.1796228180558574e-10,3.540701547803032e-06,1.952456641711727e-13,1.6828475006585283e-13,9.53047454377261e-11,2.425913602591402e-09,5.6739303179250505e-16,2.7314827080354566e-13,1.5483972735807388e-12
7.776459040980313e-08,0.16628943999999996,0.8585084662769803,0.0,0.0,0.44339854964872844,0.11005386560527569,0.022284960709833834,1.358535309090227e-09,2.3189670885628074e-06,0.0003504222202858791,0.00010309152980523132,9.148191086756196e-07,5.033274165273224e-16,0.0006576057829870852,3.4054262479679293e-14,0.00031270073145400675,3.6055378783193445e-11,2.485031551365752e-08,5.774875947786719e-12,8.545480992258413e-14,4.93838434402525e-06,2.028723030060267e-09,0.007839976872564271,0.0009591752618131276,8.91877115605966e-05,9.87290472351007e-08,3.645587174605057e-09,1.1899861691269988e-08,1.110750978202775e-10,9.29016212107933e-12,1.2182993623293378e-07,1.34116501913834e-05,3.3680457792469286e-09,6.7348055981598695e-06,2.0404394114410153e-09,3.2055316241837612e-09,3.197608625228935e-10,3.552427282227195e-06,1.9627298680889947e-13,1.6964282848839413e-13,9.644622277149e-11,2.443610388700699e-09,5.732085523324883e-16,2.7568613552116067e-13,1.5579613757865617e-12
7.796765097308585e-08,0.16628943999999996,0.8585084662769803,0.0,0.0,0.4433955656004079,0.11005099379945611,0.022283582139290055,1.3707900783774272e-09,2.3363969806719917e-06,0.00035211321063952365,0.00010367340915846494,9.213893340772416e-07,5.085710555392846e-16,0.000659174997428923,3.447488616530488e-14,0.0003129977518218333,3.632389938470762e-11,2.5080671140077917e-08,5.813307396536502e-12,8.619592067786476e-14,4.958144161156529e-06,2.049471763116323e-09,0.007840681995449492,0.0009613009774539612,8.930514259578608e-05,9.907872243871257e-08,3.6540611945147078e-09,1.1927643254348564e-08,1.1189621113480531e-10,9.31357708836902e-12,1.2200781187050277e-07,1.3413476719000984e-05,3.381245857852936e-09,6.76816285675606e-06,2.045294923121491e-09,3.2383299393617413e-09,3.2156367145655043e-10,3.5641462907563863e-06,1.9730299360813967e-13,1.7100745484899e-13,9.759799737904496e-11,2.461383207095836e-09,5.790671443397309e-16,2.782399456769358e-13,1.5675585147486216e-12
7.817071153636857e-08,0.16628943999999996,0.8585084662769803,0.0,0.0,0.44339259410547993,0.11004813241575977,0.02228220365438766,1.3831201408523774e-09,2.3539071423249658e-06,0.0003538070417719399,0.00010425665532521748,9.279872730244376e-07,5.138530783523891e-16,0.000660743168050191,3.4899456811111716e-14,0.0003132934262547105,3.659361403440988e-11,2.5312470561474857e-08,5.85185443691058e-12,8.694102050294097e-14,4.977916890093859e-06,2.0703738292269286e-09,0.007841376324957705,0.0009634250667986247,8.942239146593672e-05,9.942860504092213e-08,3.662528365940425e-09,1.1955406225606956e-08,1.1272103843011379e-10,9.33698124570226e-12,1.221853960559541e-07,1.3415293892017025e-05,3.394463996317435e-09,6.8015779089513376e-06,2.050147188478173e-09,3.2713707431000513e-09,3.233707053386224e-10,3.5758585035165786e-06,1.9833568555113852e-13,1.7237863869534396e-13,9.8760129893113e-11,2.4792321169459386e-09,5.849689972481221e-16,2.8080974839290257e-13,1.5771887146855054e-12
7.837377209965129e-08,0.16628943999999996,0.8585084662769803,0.0,0.0,0.4433896350302909,0.1100452813244451,0.022280825255125817,1.3955257547330914e-09,2.3714977039329173e-06,0.0003555037077967212,0.00010484126726468103,9.346129458221071e-07,5.19173649022719e-16,0.0006623102937663837,3.5327998889429923e-14,0.00031358776107535496,3.686452380395749e-11,2.5545718033663232e-08,5.89051692225042e-12,8.769011712432437e-14,4.997702411537557e-06,2.0914299013456145e-09,0.00784205999277978,0.0009655475309439894,8.953945903291049e-05,9.977869412083322e-08,3.670988684043121e-09,1.1983150586762565e-08,1.1354958555237116e-10,9.36037461213291e-12,1.2236269068755584e-07,1.3417101835682648e-05,3.4077001874616192e-09,6.835050632481146e-06,2.05499620400426e-09,3.3046551002201112e-09,3.2518196091059263e-10,3.5875638511729345e-06,1.9937106360202916e-13,1.7375638953875173e-13,9.993268108343648e-11,2.4971571767393172e-09,5.90914300647786e-16,2.833955907026637e-13,1.5868519996273618e-12
7.8576832662934e-08,0.16628943999999996,0.8585084662769803,0.0,0.0,0.4433866882428071,0.11004244039736727,0.022279446941504112,1.4080071784193143e-09,2.38916879563045e-06,0.00035720320284807444,0.0001054272439390223,9.412663725319563e-07,5.245329318451333e-16,0.0006638763735027075,3.576053693142942e-14,0.00031388076257690483,3.713662975372518e-11,2.5780417804506534e-08,5.929294705969197e-12,8.844321825317832e-14,5.017500606650063e-06,2.1126406529821884e-09,0.007842733129001692,0.000967668370982367,8.965634615167821e-05,1.0012898875949764e-07,3.67944214403892e-09,1.2010876319699785e-08,1.1438185833200857e-10,9.383757204911378e-12,1.2253969762849373e-07,1.3418900671375439e-05,3.420954423824625e-09,6.8685809055123315e-06,2.059841966224366e-09,3.3381840764252456e-09,3.269974349229934e-10,3.599262264926836e-06,2.0040912868550688e-13,1.7514071685361618e-13,1.0111571185615808e-10,2.515158444284889e-09,5.969032442832645e-16,2.859975195509858e-13,1.596548393447033e-12
7.877989322621672e-08,0.16628943999999996,0.8585084662769803,0.0,0.0,0.44338375361259447,0.11003960950795841,0.022278068713522586,1.4205646704908209e-09,2.4069205472761906e-06,0.00035890552108071164,0.00010601458431326552,9.479475729730093e-07,5.299310913531969e-16,0.0006654414061940478,3.6197095526798913e-14,0.00031417243702306096,3.740993293282902e-11,2.601657411387891e-08,5.968187641550729e-12,8.920033158532579e-14,5.037311357054379e-06,2.1340067581963647e-09,0.00784339586212406,0.0009697875880016469,8.977305367040147e-05,1.0047948804156248e-07,3.687888741199006e-09,1.203858340647104e-08,1.1521786258790202e-10,9.407129041406013e-12,1.2271641870413746e-07,1.3420690516727904e-05,3.434226697616488e-09,6.90216860664086e-06,2.064684471694362e-09,3.3719587382905934e-09,3.288171241350409e-10,3.610953676512933e-06,2.014498817249513e-13,1.7653163007782077e-13,1.0230928325319978e-10,2.533235976713587e-09,6.029360180517416e-16,2.8861558179336775e-13,1.6062779196786753e-12
7.898295378949944e-08,0.16628943999999996,0.8585084662769803,0.0,0.0,0.4433808310107995,0.1100367885312086,0.022276690571181666,1.4331984897054595e-09,2.424753088453414e-06,0.0003606106566697427,0.00010660328735517859,9.54656566722122e-07,5.353682923191307e-16,0.0006670053907849353,3.66376993234239e-14,0.00031446279064822755,3.768443437915061e-11,2.625419119362765e-08,6.0071955825485485e-12,8.996146480125645e-14,5.05713454483255e-06,2.1555288915913997e-09,0.007844048319081443,0.0009719051830854312,8.988958243051094e-05,1.0083019105507453e-07,3.6963284708494837e-09,1.2066271829296986e-08,1.1605760412800651e-10,9.430490138687355e-12,1.2289285570342692e-07,1.3422471485748475e-05,3.4475170007269933e-09,6.935813614889574e-06,2.069523717001163e-09,3.405980153253064e-09,3.306410253142872e-10,3.6226380181962036e-06,2.0249332363273437e-13,1.7792913861269519e-13,1.035134564516411e-10,2.5513898304797876e-09,6.090128120012386e-16,2.9124982419562163e-13,1.616040601600012e-12
7.918601435278216e-08,0.16628943999999996,0.8585084662769803,0.0,0.0,0.44337792031012935,0.11003397734364653,0.02227531251448219,1.4459088949971942e-09,2.442666548470653e-06,0.00036231860381056777,0.00010719335203516206,9.61393373114495e-07,5.40844699753747e-16,0.0006685683262295089,3.708237302706376e-14,0.0003147518296576527,3.796013511936114e-11,2.649327326753593e-08,6.0463183825850656e-12,9.072662556613297e-14,5.076970052524119e-06,2.177207728307757e-09,0.007844690625261488,0.0009740211573131658,9.000593326678176e-05,1.0118109688966923e-07,3.704761328371033e-09,1.2093941570563374e-08,1.1690108874384127e-10,9.453840511691456e-12,1.2306901038389705e-07,1.3424243688935866e-05,3.460825324801935e-09,6.9695158097059545e-06,2.0743596987627965e-09,3.4402493896012915e-09,3.324691352362874e-10,3.6343152227690335e-06,2.0353945527518486e-13,1.7933325182234113e-13,1.0472829276309624e-10,2.569620061362735e-09,6.151338163288029e-16,2.9390029343348205e-13,1.6258364623617504e-12
7.938907491606488e-08,0.16628943999999996,0.8585084662769803,0.0,0.0,0.44337502138483303,0.11003117582332078,0.022273934543425435,1.4586961454744313e-09,2.460661056362309e-06,0.00036402935671877304,0.00010778477732614185,9.681580112441917e-07,5.463604789063967e-16,0.0006701302114914833,3.753114140102786e-14,0.0003150395602275666,3.823703616894575e-11,2.6733824551285928e-08,6.0855558953508154e-12,9.149582152979687e-14,5.096817763124592e-06,2.1990439440167866e-09,0.007845322904523768,0.0009761355117602664,9.012210700741243e-05,1.0153220463857078e-07,3.7131873091987506e-09,1.2121592612821844e-08,1.1774832221508646e-10,9.477180175606776e-12,1.232448844680545e-07,1.3426007233398657e-05,3.474151661186184e-09,7.0032750709598975e-06,2.079192413628257e-09,3.4747675164656095e-09,3.343014506842625e-10,3.645985223548298e-06,2.045882775202525e-13,1.8074397903407676e-13,1.0595385363309081e-10,2.58792672446797e-09,6.212992213787492e-16,2.9656703609218744e-13,1.6356655248443936e-12
7.95921354793476e-08,0.16628943999999996,0.8585084662769803,0.0,0.0,0.44337213411068216,0.11002838384978122,0.022272556658013018,1.4715605004182322e-09,2.478736740889281e-06,0.0003657429096300244,0.0001083775622034652,9.749504999646533e-07,5.519157952649343e-16,0.0006716910455441128,3.798402926585064e-14,0.00031532598850532125,3.851513853222786e-11,2.6975849252422238e-08,6.124907974603797e-12,9.226906032677327e-14,5.116677560083936e-06,2.221038214914401e-09,0.00784594527921844,0.0009782482474982408,9.023810447410025e-05,1.0188351339882869e-07,3.721606408822044e-09,1.2149224938791109e-08,1.185993103119566e-10,9.500509145809872e-12,1.234204796437579e-07,1.3427762222967305e-05,3.4874960009143044e-09,7.037091278941524e-06,2.0840218582772425e-09,3.5095356038080737e-09,3.36137968448781e-10,3.657647954372469e-06,2.0563979123387708e-13,1.8216132953857979e-13,1.0719020064043728e-10,2.6063098742287672e-09,6.275092176408712e-16,2.9925009866606344e-13,1.6455278116232761e-12
7.979519604263031e-08,0.16628943999999996,0.8585084662769803,0.0,0.0,0.4433692583649524,0.11002560130406062,0.02227117885824698,1.4845022192803828e-09,2.496893730539584e-06,0.0003674592567999644,0.0001089717056448,9.817708578892198e-07,5.575108145556476e-16,0.0006732508273701576,3.8441061498965595e-14,0.0003156111206095271,3.879444320239368e-11,2.7219351570315714e-08,6.164374474168919e-12,9.304634957627503e-14,5.1365493273050434e-06,2.2431912177147837e-09,0.007846557870204647,0.0009803593655948125,9.035392648211194e-05,1.0223502226862855e-07,3.730018622784273e-09,1.2176838531353074e-08,1.194540587874419e-10,9.523827435092864e-12,1.235957975711576e-07,1.3429508758296245e-05,3.500858334815617e-09,7.070964314359007e-06,2.0888480294202444e-09,3.5445547224124947e-09,3.379786853274594e-10,3.669303349598734e-06,2.0669399722699035e-13,1.8358531258897654e-13,1.0843739549660972e-10,2.624769564407576e-09,6.337639957486332e-16,3.0194952755815113e-13,1.6554233451340847e-12
7.999825660591303e-08,0.16628943999999996,0.8585084662769803,0.0,0.0,0.44336639402640493,0.11002282806865644,0.022269801144129724,1.4975215616817202e-09,2.5151321535289373e-06,0.0003691783925041088,0.0001095672066300375,9.886191033916497e-07,5.631457027431952e-16,0.0006748095559618487,3.8902263034378426e-14,0.0003158949626301912,3.907495116151681e-11,2.7464335696127577e-08,6.203955247937544e-12,9.382769688220626e-14,5.15643294914223e-06,2.2655036296441166e-09,0.007847160796868691,0.0009824688671140342,9.046957384035925e-05,1.0258673034962118e-07,3.738423946682562e-09,1.2204433373553235e-08,1.2031257338193677e-10,9.547135056545318e-12,1.2377083987819924e-07,1.3431246936974155e-05,3.5142386534495194e-09,7.104894058336402e-06,2.093670923798444e-09,3.57982594387448e-09,3.3982359812465663e-10,3.6809513441001317e-06,2.0775089631366227e-13,1.8501593740133196e-13,1.0969550004511773e-10,2.643305848097462e-09,6.400637464774299e-16,3.046653690798016e-13,1.665352147617923e-12
8.020131716919575e-08,0.16628943999999996,0.8585084662769803,0.0,0.0,0.44336354097526826,0.11002006402751291,0.022268423515664038,1.51061878741048e-09,2.533452137801407e-06,0.0003709003110377441,0.00011016406414119802,9.954952546066405e-07,5.688206260305851e-16,0.0006763672303208533,3.936765886233916e-14,0.0003161775206288523,3.935666338058278e-11,2.7710805812773872e-08,6.24365014986712e-12,9.461310983316501e-14,5.1763283103997245e-06,2.287976128434304e-09,0.007847754177141984,0.0009845767531163996,9.058504735147196e-05,1.0293863674791422e-07,3.746822376167735e-09,1.2232009448603026e-08,1.2117485982834689e-10,9.570432024131824e-12,1.239456081592848e-07,1.3432976853628023e-05,3.527636947066694e-09,7.138880392411525e-06,2.098490538183381e-09,3.615350340591523e-09,3.416727036511829e-10,3.6925918732626946e-06,2.0881048931868277e-13,1.8645321315506847e-13,1.1096457626087965e-10,2.661918777723554e-09,6.464086607428186e-16,3.073976694502619e-13,1.6753142409946895e-12
8.040437773247847e-08,0.16628943999999996,0.8585084662769803,0.0,0.0,0.4433606990932203,0.1100173090660034,0.022267045972853068,1.5237941564204523e-09,2.551853811030018e-06,0.00037262500671582653,0.00011076227716233931,1.002399329430354e-06,5.745357508591026e-16,0.0006779238494582394,3.983727402901326e-14,0.00031645880063871823,3.963958081951396e-11,2.7958766094890286e-08,6.283459033980908e-12,9.540259600244561e-14,5.196235296330177e-06,2.3106093923167184e-09,0.00784833812751882,0.0009866830246589573,9.070034781186363e-05,1.0329074057024295e-07,3.7552139069439545e-09,1.2259566739875399e-08,1.2204092384166746e-10,9.593718348690554e-12,1.2412010398474807e-07,1.3434698600013433e-05,3.5410532057501515e-09,7.172923198533814e-06,2.1033068693770463e-09,3.6511289857531185e-09,3.4352599872403034e-10,3.7042248729826133e-06,2.0987277700089323e-13,1.8789714899176446e-13,1.1224468624959483e-10,2.680608405044499e-09,6.527989295987102e-16,3.101464747963194e-13,1.6853096470042542e-12
8.060743829576118e-08,0.16628943999999996,0.8585084662769803,0.0,0.0,0.4433578682633701,0.11001456307091284,0.022265668515700304,1.537047928829292e-09,2.5703373006173362e-06,0.0003743524738728812,0.00011136184467946826,1.0093313455209398e-06,5.802912439082412e-16,0.0006794794123944425,4.031113363615202e-14,0.00031673880866479875,3.9923704427194347e-11,2.820822070879726e-08,6.323381754367794e-12,9.619616294804007e-14,5.2161537926331514e-06,2.333404100015974e-09,0.007848912763073876,0.0009887876827954145,9.08154760118045e-05,1.0364304092649079e-07,3.7635985347684865e-09,1.228710523090426e-08,1.2291077112282906e-10,9.616994041251855e-12,1.242943288957571e-07,1.3436412265116402e-05,3.5544874193493797e-09,7.2070223590622375e-06,2.1081199142118632e-09,3.687162953330867e-09,3.453834801660969e-10,3.71585027966341e-06,2.109377601213788e-13,1.8934775401562097e-13,1.1353589224711536e-10,2.6993747811539175e-09,6.592347442356447e-16,3.1291183115191435e-13,1.6953383872553625e-12
8.08104988590439e-08,0.16628943999999996,0.8585084662769803,0.0,0.0,0.44335504837024103,0.11001182593042039,0.0222642911442096,1.5503803649169472e-09,2.5889027336961187e-06,0.0003760827068629021,0.00011196276568045556,1.0162913202990613e-06,5.860872720957019e-16,0.0006810339181592294,4.078926284076182e-14,0.0003170175506840419,4.0209035141494467e-11,2.845917381246547e-08,6.363418165182172e-12,9.699381821263919e-14,5.236083685453649e-06,2.3563609307437062e-09,0.00784947819747953,0.0009908907285762407,9.093043273549253e-05,1.0399553693188439e-07,3.771976255451677e-09,1.2314624905388386e-08,1.2378440736782484e-10,9.64025911465602e-12,1.2446828440026764e-07,1.343811793525119e-05,3.5679395773975225e-09,7.241177756763215e-06,2.1129296695502636e-09,3.723453318068637e-09,3.4724514480591825e-10,3.727468030213132e-06,2.1200543946928713e-13,1.9080503729428485e-13,1.1483825661881692e-10,2.718217956481861e-09,6.657162959790503e-16,3.1569378445772453e-13,1.7054004830505756e-12
8.101355942232662e-08,0.16628943999999996,0.8585084662769803,0.0,0.0,0.44335223929975265,0.11000909753408249,0.02226291385838514,1.563791725123937e-09,2.607550237129927e-06,0.0003778157000592532,0.00011256503915495271,1.0232792709484226e-06,5.919240025773193e-16,0.0006825873657916643,4.127168685477256e-14,0.0003172950326454659,4.0495573889296473e-11,2.8711629555481583e-08,6.403568120643922e-12,9.779556932363303e-14,5.2560248613806105e-06,2.3794805641923488e-09,0.00785003454302296,0.0009929921630487688,9.104521876111418e-05,1.0434822770174937e-07,3.7803470648566175e-09,1.2342125747186643e-08,1.2466183825436892e-10,9.663513577995467e-12,1.246419719856996e-07,1.3439815694138634e-05,3.5814096692949434e-09,7.2753892748085324e-06,2.117736132284773e-09,3.760001155472748e-09,3.4911098947742794e-10,3.73907806204155e-06,2.1307581575489964e-13,1.9226900785731104e-13,1.1615184185896908e-10,2.737137980796278e-09,6.722437762874324e-16,3.1849238056082415e-13,1.7154959554620784e-12
8.121661998560934e-08,0.16628943999999996,0.8585084662769803,0.0,0.0,0.4433494409392041,0.11000637777281591,0.022261536658231457,1.577282270049664e-09,2.62627993751369e-06,0.00037955144785457043,0.00011316866409431202,1.0302952144162984e-06,5.978016027469741e-16,0.0006841397543400738,4.175843094470531e-14,0.0003175712604702929,4.078332158651922e-11,2.8965592079014408e-08,6.443831475038477e-12,9.860142379311057e-14,5.2759772074454495e-06,2.4027636805289617e-09,0.007850581910623041,0.000995091987257296,9.115983486091437e-05,1.047011123539428e-07,3.788710958898833e-09,1.2369607740315891e-08,1.2554306944361892e-10,9.6867574402193e-12,1.2481539311380385e-07,1.3441505622999511e-05,3.5948976842535543e-09,7.309656796773307e-06,2.122539299338092e-09,3.7968075418021594e-09,3.5098101101970903e-10,3.7506803130573827e-06,2.141488896861617e-13,1.9373967469649422e-13,1.1747671059010467e-10,2.7561349032044857e-09,6.788173767506594e-16,3.213076652143187e-13,1.7256248254738933e-12
8.141968054889205e-08,0.16628943999999996,0.8585084662769803,0.0,0.0,0.44334665317725713,0.11000366653888113,0.02226015954375341,1.5908522604508838e-09,2.6450919611743616e-06,0.0003812899446606638,0.00011377363949150971,1.0373391674140611e-06,6.0372024023661965e-16,0.0006856910828620122,4.224952043133888e-14,0.0003178462400520813,4.107227913814346e-11,2.922106551578136e-08,6.484208082716954e-12,9.941138911785938e-14,5.295940611120568e-06,2.426210960389053e-09,0.007851120409847026,0.0009971902022431688,9.127428180126647e-05,1.0505419001286255e-07,3.797067933546307e-09,1.2397070868956783e-08,1.2642810659494503e-10,9.709990713329637e-12,1.2498854921254472e-07,1.3443187800648107e-05,3.608403611151076e-09,7.343980206633945e-06,2.1273391676626015e-09,3.833873554058694e-09,3.5285520627674754e-10,3.762274721665521e-06,2.152246620222562e-13,1.9521704676725832e-13,1.188129255623887e-10,2.7752087721546343e-09,6.854372890882576e-16,3.2413968407692664e-13,1.735787113798928e-12
8.162274111217477e-08,0.16628943999999996,0.8585084662769803,0.0,0.0,0.443343875903919,0.1100009637258658,0.02225878251495616,1.6045019572400995e-09,2.6639864341715512e-06,0.0003830311849084209,0.00011437996434107063,1.044411146417716e-06,6.096800829162125e-16,0.0006872413504242265,4.274498068937571e-14,0.00031811997725685645,4.136244743823714e-11,2.9478053990015167e-08,6.52469779809636e-12,1.0022547277936436e-13,5.315914960317901e-06,2.449823084870404e-09,0.007851650148927018,0.000999286809044886,9.138856034272799e-05,1.0540745980253301e-07,3.80541798481918e-09,1.2424515117448994e-08,1.2731695534975258e-10,9.733213404915809e-12,1.2516144169263788e-07,1.344486230355861e-05,3.6219274387617874e-09,7.378359388766132e-06,2.132135734240382e-09,3.871200269977288e-09,3.54733572097218e-10,3.7738612267642767e-06,2.1630313342887152e-13,1.9670113298676112e-13,1.2016054965298664e-10,2.7943596354371906e-09,6.921037051475912e-16,3.2698848271264953e-13,1.7459828408721056e-12
8.180549561912922e-08,0.16628943999999996,0.8585084662769803,0.0,0.0,0.44334138523583766,0.10999853830714505,0.022257543262300266,1.6168550490804829e-09,2.6810620580250085e-06,0.0003846006421864511,0.00011492680965761168,1.0507999031842118e-06,6.150793107014859e-16,0.0006886356833457026,4.319465294653938e-14,0.0003183652833349946,4.16246348284361e-11,2.971064237567486e-08,6.561235128751098e-12,1.0096167542375999e-13,5.333901140729232e-06,2.4712155023497876e-09,0.007852119512566709,0.0010011723810250711,9.149126767295897e-05,1.0572556616234859e-07,3.812927108231835e-09,1.2449198785746022e-08,1.2812018279600126e-10,9.754104786004965e-12,1.2531682067915543e-07,1.3446362855664643e-05,3.634114179335802e-09,7.409348242733946e-06,2.1364498186967654e-09,3.905018107266106e-09,3.564276645664087e-10,3.7842822737475433e-06,2.1727606594604956e-13,1.9804255852069607e-13,1.2138321820050288e-10,2.8116612815156965e-09,6.981433989465951e-16,3.2956678577286793e-13,1.7551876022127794e-12
8.198825012608367e-08,0.16628943999999996,0.8585084662769803,0.0,0.0,0.4433389028971895,0.10999611954849889,0.022256304079054486,1.6292731049803948e-09,2.698204659255225e-06,0.0003861723131234188,0.0001154747464863721,1.0572113858513565e-06,6.205121735703315e-16,0.0006900291554738228,4.364790469888837e-14,0.00031860959205485254,4.1887804276726064e-11,2.994446426995779e-08,6.5978638527384345e-12,1.0170122540097629e-13,5.351896015481013e-06,2.4927424931899794e-09,0.00785258194414318,0.0010030566519682624,9.15938397578762e-05,1.0604382680762049e-07,3.8204306177009525e-09,1.2473867137369809e-08,1.2892650629266614e-10,9.774987609581255e-12,1.2547198824888606e-07,1.344785730398175e-05,3.6463154017667904e-09,7.4403820951760565e-06,2.1407612241597528e-09,3.939048774753999e-09,3.581251303518557e-10,3.7946968259396396e-06,2.1825118577013174e-13,1.9938943615518878e-13,1.2261522518177854e-10,2.829025365097989e-09,7.042210562920832e-16,3.32158750361132e-13,1.7644194801475187e-12
8.217100463303812e-08,0.16628943999999996,0.8585084662769803,0.0,0.0,0.4433364288105208,0.10999370737504598,0.02225506496522324,1.641756315462384e-09,2.715414329206555e-06,0.00038774619369869707,0.00011602377409729708,1.063645605943266e-06,6.259787943942207e-16,0.0006914217661472073,4.4104754555278994e-14,0.00031885290763607936,4.215195641231083e-11,3.0179522661671224e-08,6.6345838640665904e-12,1.0244412813321492e-13,5.369899503768411e-06,2.514404554847294e-09,0.007853037519848024,0.0010049396226259465,9.16962771401041e-05,1.0636224110719616e-07,3.827928510432775e-09,1.2498520161235353e-08,1.297359299326732e-10,9.795861881286355e-12,1.2562694537803525e-07,1.344934569972808e-05,3.658531097423433e-09,7.471460862623965e-06,2.1450699484905405e-09,3.973293059594217e-09,3.598259671651101e-10,3.8051048398117113e-06,2.192284933739464e-13,2.0074177231326946e-13,1.2385661669560992e-10,2.8464519196627726e-09,7.103368172995874e-16,3.3476440949534564e-13,1.7736784891246897e-12
8.235375913999257e-08,0.16628943999999996,0.8585084662769803,0.0,0.0,0.44333396289921995,0.10999130171273602,0.022253825920811137,1.65430487114722e-09,2.732691159049433e-06,0.0003893222799039394,0.00011657389176117624,1.0701025748309607e-06,6.314792962006321e-16,0.0006928135147104212,4.456522115910862e-14,0.00031909523428058363,4.241709185729775e-11,3.041582053397479e-08,6.671395056787974e-12,1.0319038903263211e-13,5.387911525071325e-06,2.536202185066082e-09,0.00785348631503677,0.0010068212937479548,9.179858035860445e-05,1.0668080842738042e-07,3.835420783666997e-09,1.2523157846353578e-08,1.3054845778314223e-10,9.816727603658742e-12,1.2578169303758278e-07,1.3450828092772166e-05,3.6707612577277147e-09,7.502584461866207e-06,2.1493759895700113e-09,4.007751749396837e-09,3.6153017272028423e-10,3.8155062721518536e-06,2.2020798918127706e-13,2.0209957339161152e-13,1.2510743892253947e-10,2.8639409782609456e-09,7.164908221641882e-16,3.3738379613042693e-13,1.7829646435792445e-12
8.253651364694702e-08,0.16628943999999996,0.8585084662769803,0.0,0.0,0.443331505087509,0.10998890248834045,0.022252586945822973,1.666918962752988e-09,2.75003523978074e-06,0.00039090056774302427,0.00011712509874960637,1.0765823037326859e-06,6.370138021730834e-16,0.0006942044005139529,4.502932318811619e-14,0.0003193365761726097,4.2683211226713004e-11,3.065336086436163e-08,6.7082973249995e-12,1.0394001350133681e-13,5.40593199915355e-06,2.5581358818751435e-09,0.007853928404238058,0.001008701666082503,9.190074994872455e-05,1.0699952814238728e-07,3.842907434676902e-09,1.2547780181840975e-08,1.3136409391698973e-10,9.837584785283586e-12,1.2593623217024176e-07,1.3452304531698376e-05,3.683005873796543e-09,7.5337528099472005e-06,2.1536793452981596e-09,4.042425632223059e-09,3.63237744733917e-10,3.825901080063513e-06,2.2118967372871213e-13,2.0346284576376163e-13,1.2636773812448122e-10,2.881492573516477e-09,7.226832111596104e-16,3.4001694315802575e-13,1.7922779579005363e-12
8.270099270320603e-08,0.16628943999999996,0.8585084662769803,0.0,0.0,0.44332929992015185,0.10998674863093288,0.02225147192769522,1.67832783611698e-09,2.7657024870178854e-06,0.00039232290590214964,0.00011762211581028114,1.0824335287052507e-06,6.420240330471478e-16,0.0006954554595455405,4.54501387674171e-14,0.00031955294535616723,4.292356041719774e-11,3.086821191968825e-08,6.741587148441184e-12,1.0461755583165684e-13,5.4221575868667345e-06,2.577992957785163e-09,0.007854320611838694,0.0010103928913374562,9.19925887671375e-05,1.0728650566574667e-07,3.849640611357522e-09,1.2569927150936599e-08,1.321008273825951e-10,9.856348949429796e-12,1.2607513987238043e-07,1.3453628275096609e-05,3.6940383805431868e-09,7.56184251511975e-06,2.157550067757551e-09,4.073816768493487e-09,3.64777435982761e-10,3.835250708096538e-06,2.2207506154325392e-13,2.0469447410263063e-13,1.275101485206123e-10,2.897342504708873e-09,7.282892956860647e-16,3.423985677522645e-13,1.8006831741287205e-12
8.284902385383913e-08,0.16628943999999996,0.8585084662769803,0.0,0.0,0.44332732078227716,0.1099848145245009,0.022250468459466356,1.6886414562172004e-09,2.779849701662316e-06,0.0003936045298340305,0.00011807018463467728,1.0877154078758603e-06,6.465569502375653e-16,0.0006965808143394608,4.583141475426463e-14,0.0003197470010175462,4.314055688898337e-11,3.1062442179398963e-08,6.771610926800526e-12,1.052296803464346e-13,5.436766366390721e-06,2.5959592045184538e-09,0.007854669049464733,0.0010119140955577896,9.207515184608519e-05,1.075448901658379e-07,3.855696573229083e-09,1.2589848778832157e-08,1.3276604539908718e-10,9.873230786161675e-12,1.262000135963492e-07,1.3454815581240645e-05,3.7039776363824332e-09,7.587154133619074e-06,2.1610318555462246e-09,4.102218844476687e-09,3.6616548659452074e-10,3.843660730601819e-06,2.2287342692610515e-13,2.0580673695983048e-13,1.2854494121760307e-10,2.9116507940096418e-09,7.333615364961217e-16,3.445516021268081e-13,1.8082666964947998e-12
8.299705500447223e-08,0.16628943999999996,0.8585084662769803,0.0,0.0,0.443325346826493,0.10998288451443083,0.022249465036795698,1.6989984138529171e-09,2.7940412008426138e-06,0.00039488759119246045,0.00011851896687225292,1.0930122393386615e-06,6.511123970969449e-16,0.000697705601941227,4.621510926476825e-14,0.00031994041796499503,4.335819998397724e-11,3.125749289125621e-08,6.80169427163784e-12,1.058440212711786e-13,5.451380550047416e-06,2.614015610966773e-09,0.007855013217141004,0.00101343444896897,9.215762819160795e-05,1.0780337354015529e-07,3.861748841620626e-09,1.2609760316819545e-08,1.3343330996755106e-10,9.890107027210786e-12,1.2632475214960906e-07,1.345599906320604e-05,3.7139263606603244e-09,7.6124949651672846e-06,2.1645118778044787e-09,4.130763511250437e-09,3.675557418870492e-10,3.852066331574323e-06,2.2367322913663438e-13,2.069226007828942e-13,1.2958603427795366e-10,2.9260001702221718e-09,7.384592107978953e-16,3.467137229688118e-13,1.8158680634276135e-12
8.314508615510533e-08,0.16628943999999996,0.8585084662769803,0.0,0.0,0.44332337801408833,0.10998095856334525,0.02224846165968613,1.709398810562796e-09,2.808277032586426e-06,0.00039617208787698285,0.00011896846213730046,1.098324028763385e-06,6.556904393896885e-16,0.0006988298220169538,4.660123229013578e-14,0.00032013319838858806,4.3576490015492475e-11,3.145336562665468e-08,6.831837126759085e-12,1.0646058145747886e-13,5.466000095737662e-06,2.6321624423337183e-09,0.007855353152926141,0.0010149539519657281,9.224001808140619e-05,1.0806195546120636e-07,3.867797415147135e-09,1.2629661759315429e-08,1.3410262324777358e-10,9.90697767640311e-12,1.264493560043833e-07,1.3457178744495366e-05,3.723884548380774e-09,7.637864966164994e-06,2.1679901334525663e-09,4.15945118846449e-09,3.689482006510225e-10,3.8604674888159735e-06,2.244744684259742e-13,2.08042068912247e-13,1.306334524418151e-10,2.940390649867888e-09,7.435823932851029e-16,3.4888494763581886e-13,1.8234872823006593e-12
8.329311730573843e-08,0.16628943999999996,0.8585084662769803,0.0,0.0,0.4433214143066928,0.10997903663420308,0.022247458328140644,1.71984274792586e-09,2.8225572448473855e-06,0.000397458017792299,0.00011941867004439277,1.103650781754615e-06,6.602911429472827e-16,0.0006999534742352662,4.6989793835967396e-14,0.00032032534447094086,4.379542729382361e-11,3.165006195451432e-08,6.862039435990176e-12,1.0707936375259577e-13,5.480624961482871e-06,2.6503999639383745e-09,0.007855688894540165,0.0010164726049421942,9.232232179167779e-05,1.0832063559452926e-07,3.873842292437792e-09,1.2649553100776328e-08,1.3477398737670076e-10,9.923842730170435e-12,1.2657382564503783e-07,1.3458354648109918e-05,3.7338521947571e-09,7.66326409312078e-06,2.1714666214189882e-09,4.1882822959517994e-09,3.7034286167797166e-10,3.8688641802613965e-06,2.2527714490671363e-13,2.0916514467547662e-13,1.3168722048363525e-10,2.9548222492861624e-09,7.487311586832399e-16,3.5106529345778704e-13,1.8311243603365233e-12
8.340626691558041e-08,0.16628943999999996,0.8585084662769803,0.0,0.0,0.443319916739119,0.10997757027090523,0.022246691448845238,1.7278551354733628e-09,2.8335024738802553e-06,0.00039844190083502943,0.00011976327284093118,1.1077324508563632e-06,6.638230744706459e-16,0.0007008119698735594,4.72884466409058e-14,0.0003204717875355471,4.396321159473893e-11,3.1800965778017444e-08,6.885165034537964e-12,1.0755383851075802e-13,5.491807236533069e-06,2.664401377992731e-09,0.00785594271825817,0.0010176328349307366,9.238517380377113e-05,1.085184272712163e-07,3.878460282815964e-09,1.2664750501720356e-08,1.3528853784595845e-10,9.936729993318768e-12,1.2666887548182842e-07,1.3459250932635725e-05,3.741477474877208e-09,7.682697871836869e-06,2.174122729340697e-09,4.21041671954082e-09,3.714103739275037e-10,3.875279279851468e-06,2.2589165084478367e-13,2.1002601752403603e-13,1.3249697950651454e-10,2.9658809746868753e-09,7.526839842720593e-16,3.527380314579011e-13,1.836973911210996e-12
8.35194165254224e-08,0.16628943999999996,0.8585084662769803,0.0,0.0,0.4433184221150757,0.10997610621971847,0.022245924596173892,1.7358930664828823e-09,2.844473681628547e-06,0.00039942661909241853,0.00012010829160277191,1.1118228681314888e-06,6.673683138291536e-16,0.0007016701334021854,4.7588534489453016e-14,0.0003206178622247641,4.413137436625705e-11,3.1952352400519635e-08,6.90832531136535e-12,1.0802961446846075e-13,5.502992576729701e-06,2.6784560516208305e-09,0.0078561941299377,0.0010187925686990288,9.244797574798663e-05,1.0871627599159873e-07,3.883076112269141e-09,1.2679941995463548e-08,1.3580428873374374e-10,9.949613991629034e-12,1.2676384737959018e-07,1.3460145033117289e-05,3.749108276051716e-09,7.702148622758457e-06,2.1767778033987207e-09,4.23263537552411e-09,3.7247917160804864e-10,3.8816917477328074e-06,2.2650699674197639e-13,2.1088900155495357e-13,1.3331047404183497e-10,2.9769637409674536e-09,7.566518337905562e-16,3.544161163325477e-13,1.842833903852482e-12
8.363256613526438e-08,0.16628943999999996,0.8585084662769803,0.0,0.0,0.4433169304178244,0.10997464446449223,0.022245157770128022,1.7439565863645494e-09,2.855470889420213e-06,0.00040041217163480245,0.0001204537261580999,1.1159220360061343e-06,6.7092689050119e-16,0.00070252796467611,4.789006186677579e-14,0.00032076356950454514,4.429991574339332e-11,3.210422251973201e-08,6.931520241410042e-12,1.0850669289211589e-13,5.514180963467811e-06,2.692564103442892e-09,0.007856443146029957,0.0010199518064223888,9.25107277459316e-05,1.089141816088693e-07,3.887689780201836e-09,1.2695127579581427e-08,1.3632124099167087e-10,9.962494725756751e-12,1.2685874154418296e-07,1.3461036959284946e-05,3.756744596054743e-09,7.721616326589895e-06,2.179431843124149e-09,4.254938451603262e-09,3.7354925418085726e-10,3.888101574207134e-06,2.2712318269447673e-13,2.1175409824191228e-13,1.341277151936403e-10,2.988070555210237e-09,7.606347406466212e-16,3.560995557881658e-13,1.848704341437801e-12
8.374571574510636e-08,0.16628943999999996,0.8585084662769803,0.0,0.0,0.44331544163073894,0.1099731849891873,0.022244390970709065,1.7520457405418755e-09,2.8664941185580944e-06,0.0004013985575342561,0.00012079957633518317,1.1200299568843385e-06,6.744988339880334e-16,0.000703385463551148,4.8193033262868715e-14,0.0003209089103383291,4.446883586013917e-11,3.2256576832513545e-08,6.954749799616784e-12,1.0898507504665621e-13,5.525372378183243e-06,2.7067256521170713e-09,0.00785668978287415,0.0010211105482759433,9.257342991871804e-05,1.0911214397701717e-07,3.892301286023293e-09,1.2710307251663289e-08,1.368393955714072e-10,9.975372196514639e-12,1.2695355817876485e-07,1.3461926720719413e-05,3.7643864326272465e-09,7.741100964071931e-06,2.182084848050898e-09,4.27732613554005e-09,3.7462062110743154e-10,3.894508749620815e-06,2.277402088000525e-13,2.1262130905512754e-13,1.3494871407752347e-10,2.9992014244358006e-09,7.646327382586072e-16,3.5778835752169234e-13,1.8545852271336645e-12
8.385886535494835e-08,0.16628943999999996,0.8585084662769803,0.0,0.0,0.4433139557373056,0.10997172777787487,0.022243624197918494,1.7601605744516533e-09,2.877543390319939e-06,0.00040238577586458737,0.00012114584196237031,1.1241466331480686e-06,6.780841738138521e-16,0.00070424262988396,4.849745317253579e-14,0.000321053885687046,4.4638134849463575e-11,3.240941603486947e-08,6.978013960937401e-12,1.09464762195535e-13,5.53656680235257e-06,2.7209408163391387e-09,0.007856934056698257,0.0010222687944346327,9.263608238696506e-05,1.0931016295028758e-07,3.896910629147581e-09,1.2725481009314113e-08,1.373587534244539e-10,9.988246404688524e-12,1.2704829748476998e-07,1.3462814326853808e-05,3.772033783496239e-09,7.76060251598162e-06,2.184736817715567e-09,4.299798615155913e-09,3.7569327184951403e-10,3.9009132643647265e-06,2.2835807515467076e-13,2.134906354611934e-13,1.357734818205924e-10,3.010356355603029e-09,7.686458600552321e-16,3.594825292205326e-13,1.8604765641252485e-12
8.397201496479033e-08,0.16628943999999996,0.8585084662769803,0.0,0.0,0.44331247272112206,0.1099702728147359,0.022242857451757782,1.7683011335439214e-09,2.8886187259584434e-06,0.00040337382570133337,0.000121492522868088,1.1282720671572462e-06,6.816829395257104e-16,0.0007050994635320512,4.880332609537199e-14,0.0003211984965091244,4.4807812843314385e-11,3.2562740821949696e-08,7.001312700330852e-12,1.099457556007258e-13,5.547764217493012e-06,2.7352097148421634e-09,0.007857175983619782,0.0010234265450732095,9.269868527080168e-05,1.0950823838317946e-07,3.9015178089935445e-09,1.2740648850153322e-08,1.3787931550057103e-10,1.0001117351036254e-11,1.2714295966193264e-07,1.3463699786976541e-05,3.7796866463778e-09,7.780120963132196e-06,2.1873877516575007e-09,4.322356078331462e-09,3.767672058690825e-10,3.907315108874117e-06,2.289767818537735e-13,2.1436207892303234e-13,1.366020295614359e-10,3.0215353556092028e-09,7.726741394754911e-16,3.6118207856255054e-13,1.866378355573251e-12
8.408516457463231e-08,0.16628943999999996,0.8585084662769803,0.0,0.0,0.44331099256589607,0.10996882008406043,0.022242090732228454,1.7764674632818933e-09,2.899720146701288e-06,0.00040436270612175527,0.00012183961888083845,1.1324062612497795e-06,6.852951606935712e-16,0.0007059559643537703,4.911065653574466e-14,0.0003213427437604971,4.497786997261974e-11,3.2716551888047275e-08,7.0246459927632946e-12,1.1042805652272214e-13,5.558964605162369e-06,2.749532466396188e-09,0.007857415579646495,0.0010245838003662467,9.276123868986979e-05,1.0970637013046538e-07,3.906122824984785e-09,1.27558107718148e-08,1.3840108274847557e-10,1.0013985036284468e-11,1.2723754490831253e-07,1.3464583110234187e-05,3.787345018975075e-09,7.799656286372994e-06,2.1900376494187924e-09,4.344998713005964e-09,3.7784242262834193e-10,3.913714273628463e-06,2.2959632899156444e-13,2.152356408999252e-13,1.374343684500892e-10,3.032738431290079e-09,7.767176099685627e-16,3.6288701321605177e-13,1.8722906046034163e-12
8.431146379431628e-08,0.16628943999999996,0.8585084662769803,0.0,0.0,0.4433080407736966,0.1099659212578002,0.022240557373070097,1.7928776166131204e-09,2.922001328285821e-06,0.0004063429550312642,0.00012253505554180955,1.140700938926647e-06,6.925600877916059e-16,0.0007076679669556872,4.972970801031991e-14,0.0003216301513624232,4.5319122156216796e-11,3.302563563017305e-08,7.071416136646055e-12,1.113965859517032e-13,5.581374224521451e-06,2.778340003920366e-09,0.007857887842502444,0.0010268968256131042,9.288619760984893e-05,1.1010280198862275e-07,3.91532636312127e-09,1.2786116848213475e-08,1.3944823654878552e-10,1.0039710626258505e-11,1.2742648539273996e-07,1.3466343382048267e-05,3.80267828407005e-09,7.838777484702541e-06,2.195334334581404e-09,4.390540248899149e-09,3.799967022158439e-10,3.92650452601029e-06,2.3083794495551515e-13,2.1698912621773913e-13,1.391104643279925e-10,3.0552168367118314e-09,7.848502580202492e-16,3.6631306908282245e-13,1.8841464878750426e-12
8.453776301400025e-08,0.16628943999999996,0.8585084662769803,0.0,0.0,0.44330510023255215,0.10996303117556562,0.022239024120455968,1.8093913984113683e-09,2.9443871043958612e-06,0.0004083265152455091,0.0001232321505747212,1.1490306844427596e-06,6.998791921254941e-16,0.0007093786365732807,5.035464372594496e-14,0.0003219161160906361,4.566189242734004e-11,3.3336672798395016e-08,7.118324192460901e-12,1.1237036053681296e-13,5.6037955137008644e-06,2.807364379799394e-09,0.007858350971162099,0.0010292078715682766,9.301096009440095e-05,1.1049945736820962e-07,3.92452123904074e-09,1.2816399219873064e-08,1.4050022239194505e-10,1.0065423179892018e-11,1.2761512048998805e-07,1.3468095212738456e-05,3.818033560171603e-09,7.877965958483256e-06,2.2006268695945078e-09,4.436424727503574e-09,3.8215610631392467e-10,3.9392839462254485e-06,2.3208292378146353e-13,2.1875110301585912e-13,1.408018588822094e-10,3.0777916253269656e-09,7.930440720040122e-16,3.6976075797544495e-13,1.8960442386818098e-12
8.476406223368422e-08,0.16628943999999996,0.8585084662769803,0.0,0.0,0.4433021708160279,0.1099601497155247,0.02223749097439897,1.8260091728485406e-09,2.9668776439554945e-06,0.00041031337944417317,0.0001239309026100688,1.1573955157118567e-06,7.072527110789629e-16,0.0007110879721034865,5.098549988747508e-14,0.00032220064550344526,4.600618179685036e-11,3.364966891605314e-08,7.165369960201844e-12,1.1334939030868474e-13,5.626228326616067e-06,2.836606545492205e-09,0.007858805089813225,0.0010315169396221328,9.313552708340865e-05,1.1089633511689061e-07,3.933707448302428e-09,1.2846657868388311e-08,1.4155704782578263e-10,1.0091122702050593e-11,1.2780345172677483e-07,1.3469838670653891e-05,3.833410828489811e-09,7.917221555799515e-06,2.2059152508925592e-09,4.482653654393584e-09,3.8432063062766536e-10,3.95205245968811e-06,2.3333126618929596e-13,2.2052158283708483e-13,1.4250864172159364e-10,3.1004628496150185e-09,8.012993198707838e-16,3.7323014089448584e-13,1.9079838815417045e-12
8.499036145336819e-08,0.16628943999999996,0.8585084662769803,0.0,0.0,0.44329925239938556,0.10995727675751911,0.022235957934912353,1.8427313043002081e-09,2.9894731154915844e-06,0.0004123035403340815,0.00012463131027933534,1.1657954502982718e-06,7.146808824018772e-16,0.0007127959724565453,5.1622312774341825e-14,0.00032248374711986384,4.6351991259429656e-11,3.396462949263068e-08,7.212553239983659e-12,1.1433368527423937e-13,5.6486725178245535e-06,2.8660674530187876e-09,0.007859250320958504,0.0010338240311624307,9.325989950922684e-05,1.1129343408653212e-07,3.942884986540731e-09,1.2876892775584607e-08,1.4261872037964765e-10,1.0116809197202253e-11,1.279914806053492e-07,1.3471573822133495e-05,3.848810070061451e-09,7.95654412530402e-06,2.211199474953175e-09,4.529228536033695e-09,3.864902708651105e-10,3.964809992506994e-06,2.345829728842108e-13,2.2230057716579129e-13,1.4423090263484656e-10,3.123230561079017e-09,8.096162697258422e-16,3.7672127868594646e-13,1.9199654406792393e-12
8.544295989273612e-08,0.16628943999999996,0.8585084662769803,0.0,0.0,0.4432934480751394,0.10995155587521185,0.022232892175704948,1.8764900967538306e-09,3.034979526620687e-06,0.00041629372314976455,0.00012603708705009994,1.1827006979390487e-06,7.297021349859665e-16,0.0007162079633383622,5.291395421110928e-14,0.00032304569684434427,4.70481743619018e-11,3.460046599090943e-08,7.307331536745587e-12,1.163181106954491e-13,5.693594456547259e-06,2.925649304397884e-09,0.00786011460245315,0.0010384322902408797,9.350806436358614e-05,1.1208829111707527e-07,3.961214032858521e-09,1.2937291294469641e-08,1.4475663687225787e-10,1.0168143122470406e-11,1.2836663717875837e-07,1.3475019461559159e-05,3.8796743962880546e-09,8.035389578312132e-06,2.2217554374872415e-09,4.62342219377716e-09,3.9084488195692093e-10,3.990291824095136e-06,2.3709648188475657e-13,2.2588415499101909e-13,1.4772221873039912e-10,3.1690556466802137e-09,8.264363485765615e-16,3.837690614941844e-13,1.9440544034376464e-12
8.589555833210406e-08,0.16628943999999996,0.8585084662769803,0.0,0.0,0.44328768629497006,0.10994586759998744,0.022229826842946325,1.910670694763707e-09,3.0809076780927477e-06,0.0004202970058844647,0.00012744946995613867,1.1997465609276663e-06,7.449448591978528e-16,0.0007196146007645276,5.422985974052374e-14,0.0003236020246381059,4.775044937036733e-11,3.524422609016505e-08,7.402657486160785e-12,1.183237163811231e-13,5.738560179079431e-06,2.986117560933899e-09,0.007860944762827343,0.0010430326598568958,9.375546196899707e-05,1.1288401935823658e-07,3.97950834455926e-09,1.2997594635707094e-08,1.4691403173505399e-10,1.021942498413576e-11,1.2874060176575445e-07,1.3478432624484755e-05,3.910626383947274e-09,8.1145011179812e-06,2.232294729873674e-09,4.7190177696458214e-09,3.952199053054658e-10,4.015728863586487e-06,2.396234561444491e-13,2.2950192719805096e-13,1.5127652903361709e-10,3.215267274724766e-09,8.435064563770411e-16,3.909045900571163e-13,1.9683113156944577e-12
8.6348156771472e-08,0.16628943999999996,0.8585084662769803,0.0,0.0,0.4432819661197326,0.10994021102853561,0.022226761936754016,1.945276020436667e-09,3.127258903927333e-06,0.0004243133311551183,0.0001288684480783395,1.2169331672969641e-06,7.604109702130385e-16,0.0007230158764899454,5.557032222178125e-14,0.0003241527892595679,4.845882366450185e-11,3.589595336262605e-08,7.498529493714903e-12,1.2035058153179222e-13,5.783568544752807e-06,3.0474798579561836e-09,0.00786174172373444,0.0010476251510275307,9.400209952191528e-05,1.1368060977470186e-07,3.997767889388194e-09,1.305780266210147e-08,1.4909096453948677e-10,1.0270654805337716e-11,1.2911338557451573e-07,1.3481813777044682e-05,3.9416658757986714e-09,8.193877553686407e-06,2.242817325467923e-09,4.81602734577347e-09,3.9961530666209173e-10,4.041120544415272e-06,2.421639008118156e-13,2.3315398355884405e-13,1.5489455821636667e-10,3.2618658223518205e-09,8.608287432358121e-16,3.981283455257513e-13,1.9927363623366817e-12
8.680075521083993e-08,0.16628943999999996,0.8585084662769803,0.0,0.0,0.44327628663528384,0.1099345852822052,0.022223697457250283,1.9803089989263037e-09,3.174034531886401e-06,0.0004283426419991803,0.00013029401050759326,1.2342606395805748e-06,7.761023890610533e-16,0.0007264117824767377,5.6935635649741e-14,0.00032469804885799025,4.91733043695189e-11,3.655569115436949e-08,7.594945967040864e-12,1.223987849674373e-13,5.828618422945655e-06,3.109743838806704e-09,0.007862506381988064,0.0010522097747360896,9.42479841063083e-05,1.1447805339696001e-07,4.015992636259386e-09,1.3117915240049704e-08,1.51287494564795e-10,1.0321832604394104e-11,1.2948499948585267e-07,1.3485163360193559e-05,3.972792712461741e-09,8.273517703610855e-06,2.253323198297877e-09,4.914463017009966e-09,4.040310518080813e-10,4.0664663107179366e-06,2.4471782083260556e-13,2.368404129112944e-13,1.5857703372236581e-10,3.3088516513305054e-09,8.784053614589508e-16,4.054408065292919e-13,2.0173297243060335e-12
8.725335365020787e-08,0.16628943999999996,0.8585084662769803,0.0,0.0,0.443270646951808,0.10992898950633656,0.022220633404561818,2.0157725583656634e-09,3.2212358835065672e-06,0.00043238488187018225,0.00013172614634319435,1.2517290948435687e-06,7.920210426242293e-16,0.000729802310892364,5.832609513559948e-14,0.0003252378609798501,4.989389835765001e-11,3.722348258391119e-08,7.691905315998464e-12,1.24468405127077e-13,5.873708693008579e-06,3.1729171545225068e-09,0.007863239610231353,0.0010567865419344256,9.449312269615158e-05,1.152763413208146e-07,4.034182555244484e-09,1.3177932239508186e-08,1.5350368079955045e-10,1.0372958395251426e-11,1.298554540719379e-07,1.3488481791695795e-05,4.004006732600561e-09,8.353420394653414e-06,2.263812323057827e-09,5.014336890418536e-09,4.0846710654985064e-10,4.0917656171993065e-06,2.4728522095938873e-13,2.4056130315992484e-13,1.62324685731896e-10,3.356225108145285e-09,8.962384654605329e-16,4.128424491596808e-13,2.042091578741467e-12
8.77059520895758e-08,0.16628943999999996,0.8585084662769803,0.0,0.0,0.4432650462031575,0.10992342286961111,0.02221756977881951,2.0516696298012633e-09,3.2688642741312676e-06,0.00043643999463335533,0.0001331648446913842,1.2693386447131838e-06,8.081688636366292e-16,0.0007331874541077419,5.974199688750247e-14,0.00032577228257514844,5.0620612249630255e-11,3.7899370540830675e-08,7.78940595275709e-12,1.2655952006834616e-13,5.918838244190883e-06,3.237007463520113e-09,0.007863942257588612,0.0010613554635450697,9.473752215785357e-05,1.1607546470688358e-07,4.052337617561517e-09,1.3237853533959737e-08,1.5573958194322845e-10,1.0424032187902095e-11,1.3022475961380676e-07,1.349176946797067e-05,4.035307773095211e-09,8.43358446233792e-06,2.274284675102424e-09,5.11566108477611e-09,4.129234367145869e-10,4.117017929000204e-06,2.4986610576046205e-13,2.4431674127679626e-13,1.6613824712649679e-10,3.403986524081602e-09,9.143302116736488e-16,4.20333746956538e-13,2.067022099096032e-12
8.815855052894374e-08,0.16628943999999996,0.8585084662769803,0.0,0.0,0.4432594835462131,0.1099178845634182,0.022214506580158194,2.088003147128487e-09,3.316921012942788e-06,0.0004405079245613172,0.00013461009466402753,1.2870893954096568e-06,8.245477906830854e-16,0.0007365672046953743,6.118363819109844e-14,0.00032630137000364847,5.1353452416189196e-11,3.858339768443007e-08,7.88744629188105e-12,1.2867220746706842e-13,5.964005975567444e-06,3.3020224312818297e-09,0.007864615150299981,0.0010659165504632165,9.498118925261171e-05,1.1687541478010431e-07,4.070457795563735e-09,1.3297679000380698e-08,1.5799525640776354e-10,1.0475053988779865e-11,1.305929261178421e-07,1.3495026765802064e-05,4.066695669204231e-09,8.514008750723685e-06,2.2847402304406434e-09,5.218447730076686e-09,4.174000081462903e-10,4.142222721566486e-06,2.5246047962843407e-13,2.4810681330258024e-13,1.700184534536482e-10,3.4521362153117758e-09,9.32682758461962e-16,4.279151708924728e-13,2.0921214551745457e-12
8.861114896831167e-08,0.16628943999999996,0.8585084662769803,0.0,0.0,0.4432539581602602,0.10991237380123899,0.02221144380871643,2.1247760470282537e-09,3.365407402994118e-06,0.000444588616329821,0.0001360618853774176,1.3049814477771364e-06,8.411597681983316e-16,0.0007399415554274827,6.265131739003391e-14,0.00032682517904104505,5.209242497954736e-11,3.927560644242767e-08,7.986024750417249e-12,1.3080654461682396e-13,6.009210795966135e-06,3.3679697300440314e-09,0.007865259092338876,0.0010704698135585577,9.522413063869974e-05,1.1767618282922825e-07,4.088543062728481e-09,1.3357408519208042e-08,1.6027076231909587e-10,1.0526023801126673e-11,1.3095996333113538e-07,1.3498254043916077e-05,4.09817025471516e-09,8.594692112317354e-06,2.295178965729749e-09,5.322708967037826e-09,4.2189678670221343e-10,4.167379480519562e-06,2.5506834678825e-13,2.519316043478315e-13,1.7396604289144316e-10,3.5006744829811794e-09,9.512982660318332e-16,4.3558718935878556e-13,2.1173898132093886e-12
8.906374740767961e-08,0.16628943999999996,0.8585084662769803,0.0,0.0,0.4432484692463838,0.10990688981804747,0.022208381464636284,2.1619912689049646e-09,3.4143247412406483e-06,0.00044868201501356943,0.00013752020595120444,1.3230148973146901e-06,8.580067464662423e-16,0.000743310499274145,6.414533386639341e-14,0.00032734376488506345,5.2837535814917505e-11,3.997603900968644e-08,8.085139747984977e-12,1.329626084285147e-13,6.054451623895792e-06,3.434857038487455e-09,0.007865874866012508,0.0010750152636769758,9.546635287368715e-05,1.1847776020630923e-07,4.106593393646115e-09,1.3417041974306632e-08,1.6256615751870828e-10,1.0576941625332173e-11,1.3132588075581688e-07,1.3501451644433295e-05,4.1297313620847464e-09,8.675633407986044e-06,2.305600858269269e-09,5.428456946610325e-09,4.2641373824967946e-10,4.192487701528378e-06,2.5768971130465795e-13,2.557911985944381e-13,1.779817562132545e-10,3.5496016132946597e-09,9.701788963450318e-16,4.4335026815155727e-13,2.142827335939587e-12
8.951634584704755e-08,0.16628943999999996,0.8585084662769803,0.0,0.0,0.4432430160268785,0.10990143186972755,0.02220531954806307,2.19965175482565e-09,3.46367431857171e-06,0.00045278806608208796,0.00013898504550743484,1.3411898342073896e-06,8.750906816191906e-16,0.0007466740294014409,6.566598802108777e-14,0.00032785718216149056,5.3588790552010476e-11,4.068473734697663e-08,8.184789706867619e-12,1.3514047542992918e-13,6.099727387474706e-06,3.502692041429491e-09,0.007866463232546033,0.0010795529116421096,9.5707862416595e-05,1.1928013832618878e-07,4.12460876400897e-09,1.347657925293652e-08,1.6488149956515543e-10,1.0627807459251439e-11,1.3169068766243605e-07,1.3504619894206533e-05,4.161378822569558e-09,8.756831506871785e-06,2.316005885994987e-09,5.535703829491038e-09,4.3095082866323986e-10,4.217546890182831e-06,2.6032457708930935e-13,2.59685679297238e-13,1.82066336752402e-10,3.59891787760321e-09,9.893268130320096e-16,4.5120487045811976e-13,2.1684341826702934e-12
8.996894428641548e-08,0.16628943999999996,0.8585084662769803,0.0,0.0,0.4432375977446759,0.10989599923250609,0.022202258059145174,2.237760449460211e-09,3.5134574198419564e-06,0.00045690671539565773,0.00014045639316969362,1.359506343357472e-06,8.924135356375203e-16,0.0007500321391696024,6.721358125419498e-14,0.00032836548493014037,5.43461945765455e-11,4.140174317977188e-08,8.284973052105723e-12,1.3734022176530964e-13,6.145037024359649e-06,3.571482429518441e-09,0.007867024932651066,0.001084082768256804,9.594866562999104e-05,1.2008330866597884e-07,4.142589150600363e-09,1.3536020245720355e-08,1.6721684573558434e-10,1.0678621298499105e-11,1.3205439310246554e-07,1.3507759106054364e-05,4.193112466347632e-09,8.838285286307142e-06,2.3263940274729324e-09,5.644461785638843e-09,4.355080238221455e-10,4.242556561868605e-06,2.629729479073672e-13,2.6361512878579206e-13,1.8622053036682313e-10,3.6486235324908563e-09,1.0087441813057452e-15,4.591514568438997e-13,2.1942105093340846e-12
9.042154272578342e-08,0.16628943999999996,0.8585084662769803,0.0,0.0,0.4432322136627867,0.10989059120240101,0.022199196998033847,2.2763203000227143e-09,3.5636753239025897e-06,0.00046103790920130465,0.00014193423806233897,1.3779645044155766e-06,9.099772763491197e-16,0.0007533848221311713,6.878841594525638e-14,0.0003288687266907523,5.510975303176435e-11,4.212709799707814e-08,8.385688211591174e-12,1.3956192319492299e-13,6.190379481675392e-06,3.6412358989297772e-09,0.007867560687078955,0.0010886048443044453,9.618876878202602e-05,1.2088726276454233e-07,4.160534531283636e-09,1.3595364846610925e-08,1.695722530272453e-10,1.0729383136723489e-11,1.3241700591998208e-07,1.3510869579897631e-05,4.224932122631696e-09,8.91999363173204e-06,2.3367652618933874e-09,5.754742993793722e-09,4.4008528960810213e-10,4.267516241643393e-06,2.656348273837434e-13,2.6757962846630313e-13,1.9044508540375265e-10,3.6987188198617607e-09,1.0284331678761593e-15,4.671904852396269e-13,2.220156468552814e-12
9.087414116515135e-08,0.16628943999999996,0.8585084662769803,0.0,0.0,0.4432268630637582,0.10988520709468413,0.02219613636488299,2.3153342562137227e-09,3.614329303632419e-06,0.00046518159412884584,0.00014341856930982644,1.3965643918120465e-06,9.277838774290916e-16,0.0007567320720291648,7.039079543353157e-14,0.000329366960388826,5.5879470819949215e-11,4.2860843050295766e-08,8.486933616162119e-12,1.418056550946367e-13,6.235753715944758e-06,3.711960151064368e-09,0.007868071197159104,0.0010931191505501982,9.642817804841324e-05,1.2169199222197216e-07,4.178444884991261e-09,1.3654612952858727e-08,1.7194777815899542e-10,1.078009296586061e-11,1.327785347625684e-07,1.3513951603804805e-05,4.25683761977439e-09,9.001955436611759e-06,2.3471195690649153e-09,5.8665596409990035e-09,4.446825919033005e-10,4.292425464114503e-06,2.6831021900893865e-13,2.715792588236769e-13,1.9474075266441392e-10,3.749203967027523e-09,1.0483959408650988e-15,4.753224109289143e-13,2.246272209693491e-12
9.132673960451929e-08,0.16628943999999996,0.8585084662769803,0.0,0.0,0.44322154524914636,0.10987984624335927,0.022193076159848984,2.354805270163591e-09,3.665420625968751e-06,0.0004693377171869904,0.0001449093760361141,1.4153060747882961e-06,9.458353183995255e-16,0.0007600738827952463,7.202102399821378e-14,0.0003298602384213916,5.665535260394416e-11,4.360301935211386e-08,8.588707699698476e-12,1.4407149245550194e-13,6.281158693019166e-06,3.783662892248723e-09,0.007868557145322714,0.00109762569774214,9.666689951435273e-05,1.224974886990689e-07,4.196320191713988e-09,1.3713764464979789e-08,1.7434347757279197e-10,1.0830750776369575e-11,1.3313898809148315e-07,1.3517005454952448e-05,4.2888287853658924e-09,9.084169602356058e-06,2.357456929408388e-09,5.979923922126776e-09,4.492998965886905e-10,4.317283773317842e-06,2.709991261445135e-13,2.7561409942371494e-13,1.9910828536872748e-10,3.800079186794677e-09,1.0686346697218894e-15,4.835476865361939e-13,2.272557878921718e-12
9.177933804388722e-08,0.16628943999999996,0.8585084662769803,0.0,0.0,0.4432162595390028,0.10987450800065358,0.02219001638309049,2.394736296376706e-09,3.7169505519381123e-06,0.0004735062257594942,0.00014640664736414376,1.4341896174282392e-06,9.64133584629359e-16,0.0007634102485479045,7.367940683861041e-14,0.0003303486126427155,5.743740280867955e-11,4.435366767543701e-08,8.691008899217864e-12,1.4635950988334403e-13,6.3265933880096865e-06,3.856351833437237e-09,0.0078690191956124,0.0011021244966123104,9.690493917640232e-05,1.2330374391681785e-07,4.214160432490036e-09,1.3772819286723442e-08,1.7675940743517705e-10,1.0881356557450343e-11,1.3349837419114807e-07,1.352003140050738e-05,4.32090544632451e-09,9.166635038239379e-06,2.3677773239510397e-09,6.094848039406462e-09,4.539371695424912e-10,4.342090722598258e-06,2.737015520282115e-13,2.7968422891543367e-13,2.0354843912003918e-10,3.851344677552358e-09,1.0891515251394736e-15,4.918667620150163e-13,2.299013619253556e-12
9.223193648325516e-08,0.16628943999999996,0.8585084662769803,0.0,0.0,0.4432110052713756,0.10986919173652332,0.02218695703476828,2.4351302916765887e-09,3.768920336686801e-06,0.00047768706760136724,0.00014791037241539056,1.453215078689774e-06,9.826806673343373e-16,0.0007667411635906415,7.53662500542905e-14,0.00033083213436994457,5.822562562269949e-11,4.511282855234366e-08,8.79383565497154e-12,1.4866978159836364e-13,6.372056785218592e-06,3.930034689916415e-09,0.007869457994178037,0.001106615557877672,9.71423029442978e-05,1.241107496558653e-07,4.23196558939434e-09,1.3831777325040404e-08,1.791956236387536e-10,1.0931910297245195e-11,1.338567011780013e-07,1.3523029698436787e-05,4.353067428980637e-09,9.2493506613222e-06,2.3780807343205454e-09,6.211344201956539e-09,4.5859437663890646e-10,4.366845874491216e-06,2.764174997787564e-13,2.837897250335008e-13,2.0806197186987353e-10,3.903000623360135e-09,1.1099486789711085e-15,5.002800846367013e-13,2.3256395706044732e-12
9.26845349226231e-08,0.16628943999999996,0.8585084662769803,0.0,0.0,0.4432057818018226,0.10986389683817266,0.02218389811504505,2.4759902151518464e-09,3.821331229511277e-06,0.0004818801908351325,0.00014942054030947678,1.472382512436318e-06,1.0014785635770593e-15,0.0007700666224101663,7.7081860625203e-14,0.00033131085438868857,5.902002499969177e-11,4.588054227307593e-08,8.897186410540208e-12,1.5100238143474754e-13,6.417547878071387e-06,4.004719181011119e-09,0.007869874169759289,0.0011110988922410005,9.737899664272373e-05,1.2491849775599693e-07,4.249735645527854e-09,1.3890638490050864e-08,1.8165218180365208e-10,1.0982411983024921e-11,1.342139770087587e-07,1.3526000598251646e-05,4.385314559154551e-09,9.332315396373357e-06,2.388367142739099e-09,6.329424625319441e-09,4.6327148374703715e-10,4.391548800605817e-06,2.791469724003376e-13,2.8793066460078283e-13,2.1264964388271472e-10,3.955047194036002e-09,1.1310283041476412e-15,5.087880989793375e-13,2.3524358698358683e-12
9.313713336199103e-08,0.16628943999999996,0.8585084662769803,0.0,0.0,0.44320058850293975,0.10985862270958555,0.02218083962408528,2.517319028102924e-09,3.874184473888365e-06,0.00048608554394713406,0.00015093714016384385,1.4916919674683932e-06,1.0205292762671046e-15,0.0007733866196745976,7.882654639176827e-14,0.0003317848229585419,5.98206046600202e-11,4.66568488850604e-08,9.001059612929527e-12,1.5335738284029135e-13,6.463065669049356e-06,4.080413029792798e-09,0.007870268334155071,0.0011155745103916955,9.76150260130366e-05,1.257269801156151e-07,4.267470585006904e-09,1.394940269501276e-08,1.8412913727898825e-10,1.1032861601360554e-11,1.3457020948812128e-07,1.3528944341688258e-05,4.417646662228412e-09,9.415528175793465e-06,2.3986365320175274e-09,6.449101530999626e-09,4.679684567299699e-10,4.416199081509102e-06,2.818899727868103e-13,2.921071235309962e-13,2.173122177008206e-10,4.007484545244499e-09,1.1523925745953567e-15,5.173912469171274e-13,2.379402650799702e-12
9.358973180135897e-08,0.16628943999999996,0.8585084662769803,0.0,0.0,0.4431954247639008,0.10985336877107031,0.022177781562055063,2.5591196939896205e-09,3.927481307505298e-06,0.0004903030757838954,0.00015246016109347888,1.5111434875552554e-06,1.0398348141612435e-15,0.0007767011502316753,8.06006160349458e-14,0.0003322540898185439,6.062736809225908e-11,4.744178819195979e-08,9.10545371266507e-12,1.5573485887603511e-13,6.508609169622553e-06,4.157123962789741e-09,0.007870641082680381,0.0011200424230065282,9.785039671494154e-05,1.2653618869121865e-07,4.285170392952588e-09,1.400806985629019e-08,1.8662654514431168e-10,1.1083259138281695e-11,1.3492540627596451e-07,1.353186116333253e-05,4.450063563212835e-09,9.49898793953931e-06,2.408888885549419e-09,6.570387146004811e-09,4.726852614440322e-10,4.440796306611682e-06,2.846465037256161e-13,2.963191768314578e-13,2.2205045810907161e-10,4.060312818584987e-09,1.1740436651544035e-15,5.260899676100768e-13,2.406540044380962e-12
9.40423302407269e-08,0.16628943999999996,0.8585084662769803,0.0,0.0,0.44319028999001,0.10984813445881653,0.022174723929121936,2.6013951783793387e-09,3.981222962289571e-06,0.000494532735548526,0.00015398959221069036,1.5307371114665623e-06,1.059397191863727e-15,0.0007800102091069794,8.24043790562812e-14,0.0003327187041925813,6.144031855472933e-11,4.823539975275481e-08,9.21036716388663e-12,1.5813488221591188e-13,6.5541774001833e-06,4.234859709699312e-09,0.007870992994610769,0.001124502640750326,9.80851143281251e-05,1.273461154968839e-07,4.3028350554802445e-09,1.4066639893321988e-08,1.8914446021104562e-10,1.1133604579422213e-11,1.3527957489404653e-07,1.3534751291191568e-05,4.482565086808395e-09,9.582693635049242e-06,2.419124187305273e-09,6.693293702390379e-09,4.774218637381955e-10,4.465340074054639e-06,2.8741656790144884e-13,3.005668986059269e-13,2.2686513209986006e-10,4.113532141680014e-09,1.1959837514977827e-15,5.348846974940171e-13,2.433848178538135e-12
9.449492868009484e-08,0.16628943999999996,0.8585084662769803,0.0,0.0,0.4431851836022671,0.10984291922446389,0.022171666725454738,2.644148448896027e-09,4.035410664438645e-06,0.0004987744727971738,0.0001555254226249297,1.550472873004083e-06,1.079218429826647e-15,0.0007833137915021586,8.423814575793512e-14,0.0003331787147947307,6.22594590770365e-11,4.9037722880856266e-08,9.315798424441679e-12,1.6055752514641103e-13,6.599769389980148e-06,4.313628003102214e-09,0.007871324633614825,0.0011289551742765997,9.831918435384422e-05,1.2815675260374693e-07,4.320464559688966e-09,1.4125112728590458e-08,1.916829370239173e-10,1.1183897910154258e-11,1.3563272273226748e-07,1.3537614947216705e-05,4.515151057462435e-09,9.666644217169519e-06,2.42934242182668e-09,6.8178334368069615e-09,4.821782294536178e-10,4.489829990597704e-06,2.9020016789967773e-13,3.0485036205753563e-13,2.3175700883802178e-10,4.167142628263812e-09,1.218215010050921e-15,5.437758702709674e-13,2.461327178341899e-12
9.494752711946278e-08,0.16628943999999996,0.8585084662769803,0.0,0.0,0.44318010503694405,0.10983772253468273,0.02216860995122349,2.6873824751697894e-09,4.090045634449448e-06,0.0005030282374355251,0.00015706764144265392,1.5703508010334357e-06,1.0993005543503652e-15,0.0007866118927931664,8.610222722269689e-14,0.0003336341698345447,6.308479246160975e-11,4.984879664324658e-08,9.421745955977832e-12,1.6300285956625585e-13,6.645384177052311e-06,4.393436578178738e-09,0.007871636548175017,0.001133400034228115,9.855261221647444e-05,1.2896809213948918e-07,4.338058893651182e-09,1.4183488287590199e-08,1.942420298623791e-10,1.123413911571129e-11,1.3598485705451273e-07,1.3540452347781808e-05,4.547821299421459e-09,9.750838648081614e-06,2.4395435742205146e-09,6.9440185900511896e-09,4.869543244233103e-10,4.51426567150869e-06,2.9299730620954446e-13,3.0916963949179823e-13,2.3672685962581497e-10,4.2211443782708784e-09,1.2407396179118108e-15,5.52763916899821e-13,2.4889771660120713e-12
9.540012555883071e-08,0.16628943999999996,0.8585084662769803,0.0,0.0,0.44317505374517263,0.10983254387076587,0.022165553606599216,2.731100228787129e-09,4.1451290871477095e-06,0.0005072939797153491,0.00015861623776722633,1.5903709195158586e-06,1.1196455975840164e-15,0.0007899045085285083,8.799693529398586e-14,0.0003340851170222786,6.391632128524234e-11,5.0668659859650875e-08,9.52820822403421e-12,1.6547095698609742e-13,6.691020808164554e-06,4.474293172427033e-09,0.007871929271997162,0.0011378372312374158,9.878540326501717e-05,1.2978012628782462e-07,4.355618046402279e-09,1.4241766498797186e-08,1.9682179274202123e-10,1.1284328181300963e-11,1.3633598500410666e-07,1.3543263704120307e-05,4.5805756367794305e-09,9.835275897230416e-06,2.4497276301531616e-09,7.0718614066196204e-09,4.917501144719182e-10,4.538646740454166e-06,2.9580798522714595e-13,3.13524802319699e-13,2.4177545786794875e-10,4.2755374779246575e-09,1.2635597527717226e-15,5.618492655873606e-13,2.5167982609528763e-12
9.585272399819865e-08,0.16628943999999996,0.8585084662769803,0.0,0.0,0.4431700291925445,0.10982738272823157,0.022162497691753845,2.7753046832417997e-09,4.200662231717128e-06,0.0005115716502310873,0.0001601712006988525,1.6105332475400037e-06,1.140255597526065e-15,0.0007931916344274943,8.992258255584297e-14,0.0003345316035740629,6.475404790063265e-11,5.149735110173691e-08,9.635183698131562e-12,1.6796188852822372e-13,6.73667833874256e-06,4.556205525383358e-09,0.00787220332440884,0.0011422667759273023,9.901756277456856e-05,1.3059284728799026e-07,4.373142007930307e-09,1.4299947293637969e-08,1.9942227941597473e-10,1.1334465092208468e-11,1.3668611360890583e-07,1.3546049222724308e-05,4.613413893522287e-09,9.919954941253374e-06,2.4598945758447674e-09,7.201374134265836e-09,4.965655654156085e-10,4.562972829391379e-06,2.9863220725822176e-13,3.1791592106085055e-13,2.4690357903666625e-10,4.330321999826289e-09,1.2866775928364948e-15,5.710323417795959e-13,2.5447905797867145e-12
9.630532243756658e-08,0.16628943999999996,0.8585084662769803,0.0,0.0,0.443165030858721,0.10982223861643726,0.02215944220686007,2.8199988138862406e-09,4.256646271728344e-06,0.0005158611999164858,0.000161732519334547,1.6308377993537584e-06,1.1611325980249287e-15,0.0007964732663785061,9.187948231291541e-14,0.00033497367621701844,6.559797443792607e-11,5.233490869234378e-08,9.742670851861031e-12,1.704757249262863e-13,6.782355832808744e-06,4.639181378344369e-09,0.00787245921074709,0.0011466886789112639,9.924909594775029e-05,1.3140624743423912e-07,4.390630769165722e-09,1.435803060645903e-08,2.0204354337630547e-10,1.1384549833891063e-11,1.3703524978605612e-07,1.3548809105708795e-05,4.6463358935688745e-09,1.0004874763910497e-05,2.470044398063515e-09,7.332569023560707e-09,5.014006430620502e-10,4.587243578461368e-06,3.0146997452075214e-13,3.2234306534671933e-13,2.5211200063688284e-10,4.3854980030434316e-09,1.310095316748391e-15,5.803135681534186e-13,2.5729542363864686e-12
9.675792087693452e-08,0.16628943999999996,0.8585084662769803,0.0,0.0,0.4431600582370532,0.10981711105820356,0.022156387152091197,2.865185597883564e-09,4.313082405167752e-06,0.0005201625800412694,0.00016330018276812996,1.651284584396079e-06,1.1822786487796521e-15,0.0007997494004372683,9.386794857043684e-14,0.00033541138119431735,6.644810280625713e-11,5.318137070473881e-08,9.8506681629715e-12,1.7301253652504268e-13,6.82805236291851e-06,4.723228474091383e-09,0.0078726974227356,0.0011511029507938737,9.948000791610435e-05,1.32220319075337e-07,4.408084321971202e-09,1.4416016374496343e-08,2.0468563785539913e-10,1.1434582392064383e-11,1.3738340034643828e-07,1.3551543551143844e-05,4.679341460808624e-09,1.0090034356015218e-05,2.4801770841199247e-09,7.465458327455838e-09,5.062553132104818e-10,4.611458635883305e-06,3.0432128914738274e-13,3.26806303923915e-13,2.574015021713857e-10,4.4410655331991305e-09,1.3338151035085326e-15,5.896933646085708e-13,2.601289341906404e-12
9.721051931630246e-08,0.16628943999999996,0.8585084662769803,0.0,0.0,0.44315511083421455,0.1098119995894485,0.022153332527621073,2.9108680141600802e-09,4.369971824466123e-06,0.0005244757422078602,0.0001648741800902485,1.6718736073288473e-06,1.2036958053406366e-15,0.0008030200328251326,9.58882960142059e-14,0.0003358447642701886,6.730443469529221e-11,5.403677496190254e-08,9.959174113455401e-12,1.755723932801175e-13,6.873767010096987e-06,4.808354556616652e-09,0.007872918438851774,0.0011555096021711485,9.971030374145215e-05,1.3303505461406213e-07,4.425502659131519e-09,1.4473904537845064e-08,2.073486158273377e-10,1.1484562752781124e-11,1.377305719988234e-07,1.3554252753357387e-05,4.7124304191361635e-09,1.0175432715366145e-05,2.490292621861194e-09,7.600054300850174e-09,5.111295416518576e-10,4.635617657850016e-06,3.071861531876912e-13,3.3130570465753613e-13,2.627728651060968e-10,4.497024622560754e-09,1.3578391323998992e-15,5.991721482599273e-13,2.6297960048118543e-12
9.766311775567039e-08,0.16628943999999996,0.8585084662769803,0.0,0.0,0.44315018816984003,0.1098069037588319,0.022150278333623936,2.9570490433583306e-09,4.4273157165270525e-06,0.0005288006383481342,0.00016645450038842337,1.692604868068734e-06,1.2253861291104174e-15,0.000806285159927371,9.794083999056586e-14,0.0003362738707348714,6.816697157677169e-11,5.490115903584144e-08,1.0068187189632909e-11,1.781553647577802e-13,6.919498863776173e-06,4.894567370851649e-09,0.00787312272468385,0.001159908643630869,9.993998841721976e-05,1.3385044650670858e-07,4.442885774343472e-09,1.4531695039429453e-08,2.1003253000926545e-10,1.1534490902502653e-11,1.3807677135376023e-07,1.3556936903211051e-05,4.745602592483098e-09,1.0261068846679595e-05,2.500390999665554e-09,7.736369200159759e-09,5.160232941690632e-10,4.6597203084246905e-06,3.100645686102952e-13,3.358413345345737e-13,2.682268728354015e-10,4.553375290128948e-09,1.3821695829109054e-15,6.087503334300821e-13,2.65847433090762e-12
9.811571619503833e-08,0.16628943999999996,0.8585084662769803,0.0,0.0,0.4431452897761783,0.10980182312740908,0.022147224570274317,3.0037316677906135e-09,4.48511526275523e-06,0.0005331372207202208,0.00016804113274711572,1.7134783618190749e-06,1.247351687344486e-15,0.0008095447782914777,1.0002589648638752e-13,0.00033669874540951387,6.903571470605245e-11,5.577456024692769e-08,1.0177705882234459e-11,1.807615201347413e-13,6.965247021732552e-06,4.981874662397329e-09,0.007873310733278403,0.0011643000857528756,0.00010016906686973007,1.3466648726259378e-07,4.460233662205893e-09,1.4589387824972952e-08,2.1273743286274777e-10,1.15843668281641e-11,1.3842200492721272e-07,1.3559596188351227e-05,4.778857804847181e-09,1.0346941761523002e-05,2.5104722064366577e-09,7.874415282890699e-09,5.209365365371958e-10,4.683766259438745e-06,3.129565373048283e-13,3.4041325966736334e-13,2.737643106475477e-10,4.610117541726625e-09,1.406808634659542e-15,6.184283316422391e-13,2.687324423365309e-12
9.856831463440626e-08,0.16628943999999996,0.8585084662769803,0.0,0.0,0.443140415197751,0.10979675726829388,0.02214417123774693,3.050918871392981e-09,4.543371639084539e-06,0.0005374854419053387,0.0001696340662478142,1.734494079101748e-06,1.2695945531521528e-15,0.0008127988846254823,1.0214378210905816e-13,0.0003371194326510199,6.991066512364962e-11,5.665701566326622e-08,1.0287728686481537e-11,1.8339092819796662e-13,7.011010590025129e-06,5.070284177256417e-09,0.007873482905478513,0.001168683939109329,0.00010039754395946267,1.35483169443569e-07,4.477546318209693e-09,1.4646982842968403e-08,2.154633765951191e-10,1.1634190517233263e-11,1.3876627914396582e-07,1.3562230793437507e-05,4.812195880319044e-09,1.0433050478249085e-05,2.520536231598007e-09,8.014204807215229e-09,5.258692345239014e-10,4.707755190390851e-06,3.1586206108377774e-13,3.450215452970872e-13,2.793859656901161e-10,4.667251370087985e-09,1.4317584673180894e-15,6.282065516134019e-13,2.7163463827495686e-12
9.90209130737742e-08,0.16628943999999996,0.8585084662769803,0.0,0.0,0.44313556399102255,0.10979170576633132,0.022141118336216577,3.09861363967969e-09,4.602086016005964e-06,0.0005418452548046739,0.0001712332899691389,1.7556520057890612e-06,1.2921168054974525e-15,0.0008160474757962715,1.0429481406647903e-13,0.0003375359763568453,7.079182365677777e-11,5.754856210008838e-08,1.0398254102165662e-11,1.8604365734450987e-13,7.0567886829339124e-06,5.159803661567661e-09,0.00787363967025271,0.0011730602142649483,0.00010062542448228303,1.3630048566353486e-07,4.4948237387279965e-09,1.4704480044648536e-08,2.182104131608238e-10,1.1683961957764035e-11,1.391096003408169e-07,1.3564840900350402e-05,4.8456166431066956e-09,1.0519394021930808e-05,2.5305830650874016e-09,8.155750031550988e-09,5.308213538897639e-10,4.731686788347107e-06,3.1878114168420233e-13,3.496662557973189e-13,2.850926269355679e-10,4.724776754947522e-09,1.4570212605384012e-15,6.380853992478608e-13,2.7455403070433296e-12
9.947351151314214e-08,0.16628943999999996,0.8585084662769803,0.0,0.0,0.44313073572407835,0.10978666821777837,0.02213806586585802,3.146818959698089e-09,4.661259558595331e-06,0.000546216612636293,0.00017283879298696163,1.7769521231356307e-06,1.314920529200078e-15,0.0008192905488279232,1.0647931014707384e-13,0.0003379484199697399,7.167919092089138e-11,5.84492361191718e-08,1.0509280633725528e-11,1.8871977558136403e-13,7.102580422898823e-06,5.250440861342098e-09,0.00787378144501516,0.0011774289217772228,0.00010085271317064133,1.3711842858796e-07,4.512065921006328e-09,1.4761879383956577e-08,2.2097859426274642e-10,1.1733681138444492e-11,1.3945197476956833e-07,1.3567426688380072e-05,4.8791199175579396e-09,1.0605971424297159e-05,2.5406126973514248e-09,8.29906321414342e-09,5.357928603887407e-10,4.755560747842338e-06,3.2171378076934174e-13,3.5434745467761194e-13,2.908850851468692e-10,4.782693663129049e-09,1.4825991938777537e-15,6.480652776309712e-13,2.7749062916721623e-12
9.992610995251007e-08,0.16628943999999996,0.8585084662769803,0.0,0.0,0.443125929976312,0.10978164422999398,0.022135013826845934,3.195537819983929e-09,4.7208934265408674e-06,0.0005505994689320974,0.0001744505643745397,1.7983944078102626e-06,1.3380078149363522e-15,0.0008225281009000478,1.0869758869981051e-13,0.0003383568064824434,7.257276732122444e-11,5.935907402828652e-08,1.0620806790322271e-11,1.9141935052533086e-13,7.148384940459014e-06,5.342203522201309e-09,0.00787390863593713,0.0011817900721965977,0.0001010794146947425,1.379369909334048e-07,4.529272863152857e-09,1.4819180817517043e-08,2.2376797135353347e-10,1.1783348048640298e-11,1.397934085998357e-07,1.35699883343978e-05,4.912705528180877e-09,1.0692781723669615e-05,2.550625119339956e-09,8.444156612651327e-09,5.407837197686375e-10,4.779376770782492e-06,3.246599799301116e-13,3.590652045871249e-13,2.967641328431978e-10,4.841002048634712e-09,1.5084944467252626e-15,6.581465870232195e-13,2.8044444295276852e-12
9.999999999999998e-08,0.16628943999999996,0.8585084662769803,0.0,0.0,0.44312514751250653,0.10978082528814546,0.022134515599842194,3.2035405027935776e-09,4.730672886571173e-06,0.0005513160913589531,0.00017471429245744346,1.8019085172818762e-06,1.3418040544889009e-15,0.0008230561308268664,1.0906296875194203e-13,0.0003384230962822971,7.271923989320152e-11,5.950848443704991e-08,1.0639061601600242e-11,1.9186230807470416e-13,7.15586402141342e-06,5.3572918549373526e-09,0.007873928043201585,0.0011825013454411185,0.0001011163699598214,1.3807068562043336e-07,4.532078677588216e-09,1.4828526401475298e-08,2.2422537400244286e-10,1.1791451575554213e-11,1.3984906130492266e-07,1.3570404261660687e-05,4.918196434114364e-09,1.070697619730799e-05,2.5522580865909323e-09,8.46801406461086e-09,5.416003498391998e-10,4.783259391532944e-06,3.251422564694229e-13,3.59838887156114e-13,2.9773220740333255e-10,4.850558493406927e-09,1.5127523188987117e-15,6.598020941048733e-13,2.809283102380052e-12
1.0037870839187801e-07,0.16628943999999996,0.8585084662769803,0.0,0.0,0.44312114633812033,0.10977663342113725,0.02213196221935477,3.244773210517073e-09,4.780988774170588e-06,0.0005549937775348083,0.00017606859320266254,1.8199788319278246e-06,1.3613807592402243e-15,0.0008257601293461432,1.1094996861423896e-13,0.0003387611784423267,7.347255305432854e-11,6.027811188066661e-08,1.0732831085912837e-11,1.941424494029098e-13,7.194201374192651e-06,5.435099389117649e-09,0.007874021638250095,0.0011861436760666451,0.00010130553366368752,1.3875616546704911e-07,4.546444564128725e-09,1.4876384304606793e-08,2.2657859563690752e-10,1.1832962678433533e-11,1.401339079216844e-07,1.357252601301155e-05,4.946373299662646e-09,1.0779823964899423e-05,2.5606203225007233e-09,8.591042483735579e-09,5.457938977716211e-10,4.803134566348187e-06,3.276197406865104e-13,3.638195673182836e-13,3.0273056426573264e-10,4.899701852733983e-09,1.534709198228867e-15,6.683297248545752e-13,2.834154810990237e-12
1.0083130683124594e-07,0.16628943999999996,0.8585084662769803,0.0,0.0,0.44311638441060763,0.10977163541987364,0.022128911043558692,3.2945281226776086e-09,4.841546750479499e-06,0.0005593994925949952,0.0001776928685398097,1.8417053630811078e-06,1.3850414645042939e-15,0.0008289866316519574,1.132367693005467e-13,0.00033916157795598747,7.437854810960996e-11,6.120638547450741e-08,1.084535203932137e-11,1.9688913905020504e-13,7.24002887065708e-06,5.529136206156473e-09,0.007874120836540658,0.0011904897439242086,0.00010153107462658768,1.3957594500622357e-07,4.563581023738421e-09,1.4933489807126187e-08,2.294105180689706e-10,1.188252501865756e-11,1.4047347874810845e-07,1.3575039896707177e-05,4.980123056886527e-09,1.086709719930556e-05,2.570598298773883e-09,8.739733082650955e-09,5.508233601347651e-10,4.826833850899305e-06,3.305930644889291e-13,3.686106038104773e-13,3.0878517534353187e-10,4.958793004052629e-09,1.5612456272228805e-15,6.786150857191264e-13,2.864037523950741e-12
1.0128390527061388e-07,0.16628943999999996,0.8585084662769803,0.0,0.0,0.4431116438052975,0.10976664986508945,0.02212586029963148,3.3448055492023294e-09,4.902568499156627e-06,0.0005638165685681345,0.00017932337945231845,1.863573964372678e-06,1.408992038980854e-15,0.0008322076054538629,1.1555831066963522e-13,0.00033955804669379494,7.529075227086492e-11,6.214393035248764e-08,1.0958368174308668e-11,1.996594859128519e-13,7.285866584329427e-06,5.62432171622034e-09,0.0078742066050375,0.001194828286299534,0.00010175604207365228,1.4039632241794656e-07,4.5806822426202265e-09,1.4990497289570512e-08,2.322637893594998e-10,1.1932035060928031e-11,1.408121270173625e-07,1.3577530155976413e-05,5.013954624947557e-09,1.0954600484613458e-05,2.5805590405866347e-09,8.89024066284112e-09,5.558720725906242e-10,4.850474347880703e-06,3.3357995271938065e-13,3.7343837415378463e-13,3.149287636594988e-10,5.018275418661657e-09,1.5881059121560985e-15,6.890030613699884e-13,2.89409265383187e-12
1.0173650370998182e-07,0.16628943999999996,0.8585084662769803,0.0,0.0,0.4431069241438515,0.10976167640561371,0.022122809987746468,3.395608484141596e-09,4.964055158611881e-06,0.0005682449602117039,0.00018096011500456043,1.8855845944467104e-06,1.433234596782956e-15,0.0008354230485372406,1.1791491311321892e-13,0.0003399506258943872,7.62091651178135e-11,6.309078180131643e-08,1.1071878019639646e-11,2.0245355604596166e-13,7.331713677547606e-06,5.720663660795199e-09,0.007874279307890605,0.0011991593137163814,0.00010198044043725028,1.4121729061846506e-07,4.5977482222367374e-09,1.5047406719001515e-08,2.351384599732344e-10,1.198149279767043e-11,1.4114985859515746e-07,1.3579996959432874e-05,5.047867829166737e-09,1.1042332884894397e-05,2.5905025408478686e-09,9.042577475536743e-09,5.60940000867829e-10,4.874055787728967e-06,3.3658040669265234e-13,3.7830293759272884e-13,3.2116212841643973e-10,5.078149000166189e-09,1.6152922310204816e-15,6.994940407144917e-13,2.9243202836085635e-12
1.0218910214934975e-07,0.16628943999999996,0.8585084662769803,0.0,0.0,0.44310222505779756,0.10975671469994792,0.02211976010807643,3.4469399228165373e-09,5.026007862002721e-06,0.0005726846225823138,0.000182603064259126,1.9077372075208053e-06,1.4577712578854903e-15,0.0008386329588348777,1.2030689748394942e-13,0.00034033935636912133,7.713378602763133e-11,6.404697485130471e-08,1.1185880109148817e-11,2.052714151140856e-13,7.377569320451749e-06,5.818169779698542e-09,0.00787433929944296,0.0012034828366921213,0.00010220427409294723,1.4203884257279952e-07,4.6147789648654424e-09,1.510421806501927e-08,2.38034580131153e-10,1.2030898222144445e-11,1.4148667927673075e-07,1.3582440473917167e-05,5.081862495104003e-09,1.1130293470505626e-05,2.6004287929428547e-09,9.196755769356731e-09,5.660271106917101e-10,4.897577907780249e-06,3.395944276573814e-13,3.832043525300613e-13,3.274860704032181e-10,5.138413639794331e-09,1.6428067612803904e-15,7.100884098096369e-13,2.9547204938278764e-12
1.0264170058871769e-07,0.16628943999999996,0.8585084662769803,0.0,0.0,0.4430975461882632,0.10975176441600268,0.022116710660793546,3.498802861776613e-09,5.088427737260676e-06,0.0005771355110328697,0.00018425221627701527,1.930031753417786e-06,1.4826041481262774e-15,0.0008418373344253699,1.2273458507556644e-13,0.0003407242785064755,7.806461417647954e-11,6.501254427596094e-08,1.1300372981803739e-11,2.0811312839119764e-13,7.42343269092603e-06,5.9168478108295284e-09,0.007874386924494901,0.0012077988657378204,0.00010242754736051776,1.4286097129429463e-07,4.631774473589362e-09,1.516093129973404e-08,2.409521998117432e-10,1.208025132846534e-11,1.418225947887988e-07,1.3584860864592013e-05,5.115938448569992e-09,1.1218481318031155e-05,2.6103377907279522e-09,9.352787789912568e-09,5.711333677849348e-10,4.921040452179143e-06,3.426220167970746e-13,3.8814267653056654e-13,3.3390139196100317e-10,5.199069216485944e-09,1.670651679802383e-15,7.207865518578196e-13,2.9852933626283435e-12
1.0309429902808562e-07,0.16628943999999996,0.8585084662769803,0.0,0.0,0.4430928871857183,0.10974682523084191,0.022113661646069312,3.5512002987575007e-09,5.151315907117663e-06,0.0005815975812097677,0.00018590756011783495,1.9524681775974674e-06,1.507735399207171e-15,0.0008450361735315419,1.2519829760307897e-13,0.00034110543227640545,7.900164854103235e-11,6.598752459161042e-08,1.1415355181766492e-11,2.1097876076069551e-13,7.469302974540898e-06,6.016705489921092e-09,0.007874422518561356,0.0012121074113583068,0.00010265026450493457,1.4368366984417304e-07,4.648734752287778e-09,1.5217546397738586e-08,2.4389136875226244e-10,1.2129552111622658e-11,1.4215761079140264e-07,1.3587258295028382e-05,5.150095515636759e-09,1.1306895510223216e-05,2.6202295285253735e-09,9.51068577941582e-09,5.762587378681613e-10,4.944443171788587e-06,3.4566317523105176e-13,3.9311796632489323e-13,3.4040889694961973e-10,5.260115596981369e-09,1.6988291627855779e-15,7.315888472028199e-13,3.0160389657586735e-12
1.0354689746745356e-07,0.16628943999999996,0.8585084662769803,0.0,0.0,0.44308824770972355,0.10974189683043375,0.022110613064074455,3.60413523263932e-09,5.214673489132155e-06,0.0005860707890501247,0.00018756908484000048,1.9750464211884037e-06,1.5331671486951704e-15,0.0008482294745188719,1.2769835718297737e-13,0.0003414828572346548,7.994488790000229e-11,6.697195005703837e-08,1.1530825258453123e-11,2.1386837671542118e-13,7.5151793644957165e-06,6.117750550293986e-09,0.007874446408122125,0.0012164084840522306,0.00010287242973733456,1.4450693133109472e-07,4.665659805626995e-09,1.527406333608043e-08,2.46852136449989e-10,1.2178800567496456e-11,1.4249173287965214e-07,1.358963292728339e-05,5.184333522647495e-09,1.1395535135944399e-05,2.630104001117961e-09,9.670461976288664e-09,5.814031866607098e-10,4.967785824100805e-06,3.487179040153504e-13,3.9813027781340423e-13,3.470093907139996e-10,5.3215526359100736e-09,1.7273413856925691e-15,7.424956733260491e-13,3.046957376596076e-12
1.039994959068215e-07,0.16628943999999996,0.8585084662769803,0.0,0.0,0.44308362742868457,0.10973697890940819,0.02210756491497889,3.6576106634051595e-09,5.278501595715159e-06,0.0005905550907790397,0.00018923677950094233,1.9977664210196044e-06,1.5589015400235312e-15,0.0008514172358939324,1.3023508631347984e-13,0.0003418565925270194,8.089433083566317e-11,6.796585467315616e-08,1.1646781766591099e-11,2.1678204035769914e-13,7.561061061561796e-06,6.219990722612808e-09,0.007874458910865426,0.001220702094312108,0.0001030940472159627,1.453307489107209e-07,4.6825496390512e-09,1.5330482094234507e-08,2.498345521634659e-10,1.2227996692871167e-11,1.428249665853781e-07,1.3591984921970761e-05,5.21865229622534e-09,1.148439929011043e-05,2.639961203744021e-09,9.832128614777608e-09,5.8656667988124e-10,4.991068173149261e-06,3.517862041435625e-13,4.0317966607004706e-13,3.537036800507365e-10,5.3833801758792195e-09,1.7561905231808981e-15,7.53507404843056e-13,3.0780486661640117e-12
1.0445209434618943e-07,0.16628943999999996,0.8585084662769803,0.0,0.0,0.44307902601961646,0.10973207117082126,0.022104517198951654,3.711629592099933e-09,5.342801334156031e-06,0.0005950504429068853,0.00019091063315731602,2.020628109652216e-06,1.5849407224928844e-15,0.0008545994563028373,1.3280880785481383e-13,0.00034222667689356854,8.184997573537023e-11,6.896927218269036e-08,1.1763223266274752e-11,2.1971981539939388e-13,7.606947274025828e-06,6.323433734643971e-09,0.007874460335924868,0.001224988252624358,0.00010331512104709441,1.4615511578528196e-07,4.6994042587733764e-09,1.538680265407587e-08,2.5283866491373574e-10,1.2277140485447509e-11,1.4315731737869758e-07,1.3594314438324505e-05,5.253051663281373e-09,1.1573487073633594e-05,2.64980113209218e-09,9.995697924570229e-09,5.917491832484418e-10,5.014289989421608e-06,3.5486807654763254e-13,4.082661853462415e-13,3.6049257317474777e-10,5.445598047562142e-09,1.7853787490350887e-15,7.646244135002881e-13,3.1093129031495607e-12
1.0490469278555737e-07,0.16628943999999996,0.8585084662769803,0.0,0.0,0.4430744431679098,0.10972717332592584,0.022101469916160816,3.766195020789523e-09,5.407573806648118e-06,0.0005995568022266329,0.00019259063486521484,2.0436314154111802e-06,1.6112868512723512e-15,0.0008577761345297046,1.3541984500953652e-13,0.00034259314867281926,8.281182079307744e-11,6.998223606989493e-08,1.1880148323018747e-11,2.2268176516198525e-13,7.652837217633701e-06,6.428087311015623e-09,0.007874450984110026,0.001229266969469327,0.00010353565528593691,1.469800252031505e-07,4.716223671766294e-09,1.5443024999852778e-08,2.558645234855666e-10,1.2326231943852317e-11,1.4348879066949982e-07,1.3596621634256516e-05,5.287531451021827e-09,1.16627975933668e-05,2.6596237822962842e-09,1.0161182130415047e-08,5.969506624817303e-10,5.03745104977364e-06,3.579635220986101e-13,4.133898890747842e-13,3.6737687968604467e-10,5.508206069786732e-09,1.8149082360992272e-15,7.758470681721012e-13,3.14075015392038e-12
1.053572912249253e-07,0.16628943999999996,0.8585084662769803,0.0,0.0,0.44306987856710695,0.10972228509394828,0.02209842306677348,3.8213099525202286e-09,5.472820110314227e-06,0.0006040741258112063,0.0001942767736803857,2.066776262416839e-06,1.6379420874006538e-15,0.0008609472694951249,1.3806852130289403e-13,0.00034295604580586914,8.377986401085218e-11,7.100477956028506e-08,1.1997555507809548e-11,2.2566795257666247e-13,7.698730115534715e-06,6.533959172979511e-09,0.007874431148130811,0.001233538255321306,0.0001037556539375103,1.47805470458419e-07,4.733007885753541e-09,1.549914911815972e-08,2.5891217642867e-10,1.2375271067646804e-11,1.438193918088577e-07,1.3598906666408575e-05,5.322091486954627e-09,1.1752329962048234e-05,2.6694291509303227e-09,1.0328593451744438e-08,6.0217108330195e-10,5.060551137344219e-06,3.6107254160735735e-13,4.185508298737675e-13,3.7435741053661345e-10,5.571204049623717e-09,1.8447811562100986e-15,7.871757348580164e-13,3.172360482541245e-12
1.0580988966429324e-07,0.16628943999999996,0.8585084662769803,0.0,0.0,0.4430653319186825,0.10971740620187145,0.02209537665095566,3.876977391278494e-09,5.538541337231935e-06,0.0006086023710108667,0.0001959690386584462,2.0900625706165117e-06,1.6649085977872196e-15,0.000864112860254646,1.4075516056322335e-13,0.0003433154058404846,8.47541032003863e-11,7.203693562039359e-08,1.2115443397154944e-11,2.286784401844357e-13,7.74462519822618e-06,6.641057038174792e-09,0.007874401112815756,0.0012378021206485414,0.00010397512095750885,1.486314448904818e-07,4.749756909200666e-09,1.555517499791095e-08,2.6198167205891097e-10,1.2424257857333004e-11,1.4414912609037054e-07,1.3601169690199355e-05,5.356731598895274e-09,1.1842083298246696e-05,2.6792172350034146e-09,1.0497944102300655e-08,6.07410411432081e-10,5.083590041471181e-06,3.6419513582522606e-13,4.237490595505123e-13,3.814349779974094e-10,5.6345917824748315e-09,1.8749996801308783e-15,7.986107766802225e-13,3.204143950790288e-12
1.0626248810366117e-07,0.16628943999999996,0.8585084662769803,0.0,0.0,0.44306080293182987,0.10971253638422346,0.02209233066887228,3.933200341950934e-09,5.604738574458708e-06,0.0006131414954506275,0.00019766741885510373,2.113490255816034e-06,1.6921885552132814e-15,0.0008672729059972647,1.4348008690239814e-13,0.0003436712659351467,8.573453598450484e-11,7.307873695754912e-08,1.223381057313159e-11,2.317132901362667e-13,7.790521703498412e-06,6.749388620393771e-09,0.00787436115532447,0.0012420585759132332,0.0001041940602531429,1.4945794188362131e-07,4.7664707513063504e-09,1.561110263031397e-08,2.650730584595078e-10,1.2473192314358944e-11,1.444779987514427e-07,1.3603410859866879e-05,5.391451614972144e-09,1.193205672630743e-05,2.688988031954802e-09,1.0669246289764899e-08,6.126686125979476e-10,5.106567557608191e-06,3.6733130544469167e-13,4.289846291055133e-13,3.886103956254653e-10,5.698369052160873e-09,1.9055659774853677e-15,8.10152553881319e-13,3.236100618174842e-12
1.0671508654302911e-07,0.16628943999999996,0.8585084662769803,0.0,0.0,0.4430562913232535,0.10970767538287203,0.022089285120687092,3.9899818102846315e-09,5.671412904056875e-06,0.000617691457027696,0.00019937190332637545,2.1370592297112367e-06,1.7197841383329608e-15,0.0008704274060439307,1.462436246963196e-13,0.0003440236628630548,8.672115979867062e-11,7.413021601967548e-08,1.2352655623430663e-11,2.3477256419321557e-13,7.836418876380072e-06,6.858961629349577e-09,0.007874311545354295,0.0012463076315715309,0.00010441247568396241,1.502849548666003e-07,4.783149421993667e-09,1.566693200884334e-08,2.681863834822259e-10,1.2522074441122334e-11,1.4480601497450379e-07,1.360563032850689e-05,5.426251363631271e-09,1.2022249376298685e-05,2.6987415396488936e-09,1.0842512215389422e-08,6.179456525289307e-10,5.129483487242567e-06,3.704810510999656e-13,4.342575887363952e-13,3.9588447823111777e-10,5.762535631009635e-09,1.9364822166927782e-15,8.21801423822294e-13,3.268230541947041e-12
1.0716768498239705e-07,0.16628943999999996,0.8585084662769803,0.0,0.0,0.44305179681696794,0.10970282294682471,0.02208624000656263,4.04732480284769e-09,5.738565403118422e-06,0.0006222522139089487,0.000201082481128809,2.160769399919402e-06,1.7476975316743396e-15,0.0008735763598460639,1.4904609856545586e-13,0.00034437263301608764,8.771397189248585e-11,7.519140499511233e-08,1.247197714140156e-11,2.378563237266076e-13,7.882315969083919e-06,6.969783770445755e-09,0.007874252545341449,0.0012505492980735213,0.00010463037106266197,1.5111247731225652e-07,4.799792931901402e-09,1.5722663129214697e-08,2.713216947485624e-10,1.2570904240973169e-11,1.4513317988817193e-07,1.3607828248107484e-05,5.461130673640632e-09,1.2112660383958738e-05,2.708477756370357e-09,1.1017754073632706e-08,6.232414969586794e-10,5.152337637814026e-06,3.7364437336756806e-13,4.3956798784187956e-13,4.0325804184535177e-10,5.827091279943705e-09,1.967750564903068e-15,8.335577409807392e-13,3.300533777119076e-12
1.0762028342176498e-07,0.16628943999999996,0.8585084662769803,0.0,0.0,0.44304731914410034,0.1096979788320342,0.02208319532666019,4.1052323269900835e-09,5.806197143789619e-06,0.000626823724528429,0.00020279914131970332,2.1846206700106426e-06,1.7759309256405185e-15,0.0008767197669840789,1.518878333554308e-13,0.0003447182124087242,8.871296933118993e-11,7.626233581245714e-08,1.2591773726093729e-11,2.4096462971821495e-13,7.92821224095295e-06,7.08186274454778e-09,0.00787418441065671,0.0012547835858632104,0.00010484775015586842,1.5194050273710373e-07,4.816401292375457e-09,1.5778295989358903e-08,2.7447903965092097e-10,1.261968171821501e-11,1.4545949856836778e-07,1.3610004769580459e-05,5.49608937409397e-09,1.2203288890643568e-05,2.7181966808192257e-09,1.1194984051797668e-08,6.285561116258218e-10,5.17512982263437e-06,3.7682127276688365e-13,4.4491587502576016e-13,4.107319036872664e-10,5.892035748568141e-09,1.999373187932813e-15,8.454218569492968e-13,3.3330103764782186e-12
1.0807288186113292e-07,0.16628943999999996,0.8585084662769803,0.0,0.0,0.4430428580427002,0.10969314280120927,0.022080151081139743,4.163707390804751e-09,5.874309193295494e-06,0.0006314059475848784,0.00020452187295733016,2.2086129395392563e-06,1.8044865165106533e-15,0.0008798576271659234,1.54769154117664e-13,0.0003450604366819232,8.971814899715376e-11,7.73430401404272e-08,1.2712043982296612e-11,2.440975427604582e-13,7.974106958406848e-06,7.195206247756493e-09,0.007874107389795817,0.0012590105053784976,0.00010506461668491121,1.527690247009358e-07,4.832974515460293e-09,1.5833830589396465e-08,2.776584653537823e-10,1.2668406878105529e-11,1.4578497603937896e-07,1.3612160042789582e-05,5.531127294414244e-09,1.2294134043275075e-05,2.7278983121060624e-09,1.1374214329672893e-08,6.338894622746752e-10,5.1978598608081e-06,3.8001174976068294e-13,4.503012981008866e-13,4.1830688213166267e-10,5.957368775257978e-09,2.0313522502016358e-15,8.573941204343301e-13,3.365660390601546e-12
1.0852548030050085e-07,0.16628943999999996,0.8585084662769803,0.0,0.0,0.44303841325755244,0.10968831462363036,0.022077107270159935,4.222753003088946e-09,5.942902613964122e-06,0.0006359988420392903,0.00020625066510115446,2.232746104075018e-06,1.8333665064409762e-15,0.0008829899402256266,1.576903860900639e-13,0.0003453993411069612,9.072950759137034e-11,7.843354938774248e-08,1.2832786520577756e-11,2.4725512305662287e-13,8.019999394888888e-06,7.309821971183434e-09,0.00787402172456477,0.0012632300670511508,0.00010528097432657592,1.535980368064367e-07,4.849512613890464e-09,1.588926693161212e-08,2.8086001879486173e-10,1.2717079726855852e-11,1.4610961727488119e-07,1.361429421657622e-05,5.5662442643566874e-09,1.2385194994289872e-05,2.7375826497471425e-09,1.1555457079176893e-08,6.392415146559533e-10,5.220527577153921e-06,3.8321580475563346e-13,4.557243040931546e-13,4.2598379667675695e-10,6.023090087245625e-09,2.063689914669159e-15,8.694748772548222e-13,3.3984838678705106e-12
1.0897807873986879e-07,0.16628943999999996,0.8585084662769803,0.0,0.0,0.4430339845399974,0.1096834940749707,0.02207406389387803,4.2823721733058645e-09,6.01197846325077e-06,0.0006406023671124958,0.00020798550681205515,2.257020055234407e-06,1.862573103465788e-15,0.0008861167061218592,1.6065185467777637e-13,0.00034573496058923255,9.174704163494111e-11,7.953389470302822e-08,1.2953999957319078e-11,2.5043743042109477e-13,8.065888830813131e-06,7.425717600728077e-09,0.007873927650260097,0.0012674422813067686,0.0001054968267138418,1.5442753269879324e-07,4.8660156010822214e-09,1.5944605020429675e-08,2.840837466862633e-10,1.2765700271629296e-11,1.4643342719891712e-07,1.3616407438782448e-05,5.601440114011525e-09,1.2476470901588602e-05,2.7472496936596977e-09,1.1738724464005358e-08,6.446122345274719e-10,5.2431328021271685e-06,3.864334381027747e-13,4.611849392455042e-13,4.3376346791201995e-10,6.089199400708075e-09,2.096388342772511e-15,8.816644703414978e-13,3.4314808544851727e-12
1.0943067717923673e-07,0.16628943999999996,0.8585084662769803,0.0,0.0,0.4430295716477542,0.10967868093712183,0.022071020952449855,4.342567911546485e-09,6.081537793761864e-06,0.0006452164822827717,0.00020972638715254457,2.2814346807117917e-06,1.8921085214984328e-15,0.0008892379249365039,1.636538854339898e-13,0.00034606732967200885,9.277074747055833e-11,8.064410697473765e-08,1.3075682914751355e-11,2.536445242796113e-13,8.111774553512038e-06,7.542900816856971e-09,0.007873825395844287,0.0012716471585647472,0.00010571217743660323,1.5525750606531387e-07,4.882483491125165e-09,1.5999844862386946e-08,2.8732969551562186e-10,1.2814268520539175e-11,1.467564106868373e-07,1.3618499856272073e-05,5.636714673806398e-09,1.2567960928485853e-05,2.756899444157177e-09,1.1924028639281436e-08,6.50001587654848e-10,5.265675371743107e-06,3.8966465009798994e-13,4.666832490219213e-13,4.416467174861432e-10,6.155696420853964e-09,2.129449694364365e-15,8.939632397361586e-13,3.464651394478333e-12
1.0988327561860466e-07,0.16628943999999996,0.8585084662769803,0.0,0.0,0.4430251743447496,0.10967387499802414,0.022067978446029805,4.403343228491692e-09,6.151581653278813e-06,0.0006498411472834778,0.00021147329518698735,2.305989864310548e-06,1.92197498033224e-15,0.0008923535968732386,1.6669680404079853e-13,0.00034639648254015893,9.38006212639838e-11,8.176421683109404e-08,1.3197834020986943e-11,2.56876463669529e-13,8.157655857184424e-06,7.661379294384762e-09,0.00787371518411646,0.001275844709238234,0.00010592703004237582,1.5608795063505019e-07,4.898916298773989e-09,1.6054986466110997e-08,2.905979115472412e-10,1.2862784482646e-11,1.470785725662039e-07,1.3620571614949581e-05,5.6720677745084925e-09,1.2659664243660542e-05,2.766531901944556e-09,1.2111381751208981e-08,6.554095398121992e-10,5.288155127501136e-06,3.929094409824488e-13,4.722192781114456e-13,4.496343680751368e-10,6.2225808420104785e-09,2.162876127651515e-15,9.063715225912405e-13,3.4979955297294178e-12
1.103358740579726e-07,0.16628943999999996,0.8585084662769803,0.0,0.0,0.44302079240095105,0.1096690760515018,0.02206493637477075,4.464701135374631e-09,6.222111084781635e-06,0.0006544763221007202,0.00021322621998181798,2.330685485974118e-06,1.952174705641442e-15,0.0008954637222561276,1.6978093629012657e-13,0.00034672245302383133,9.483665900552282e-11,8.289425464005201e-08,1.332045191005072e-11,2.601333072401087e-13,8.203532042843761e-06,7.781160702257097e-09,0.007873597231878467,0.001280034943734086,0.00010614138803698767,1.5691886017842429e-07,4.915314039440267e-09,1.6110029842293602e-08,2.9388844082321933e-10,1.2911248167954032e-11,1.4739991761766132e-07,1.362262285977738e-05,5.707499247226426e-09,1.2751580021106906e-05,2.7761470681136785e-09,1.2300795936728798e-08,6.608360567828332e-10,5.310571916309832e-06,3.9616781094303865e-13,4.777930704321803e-13,4.5772724335055684e-10,6.289852347710064e-09,2.1966697991339813e-15,9.188896531695783e-13,3.53151329997816e-12
1.1078847249734053e-07,0.16628943999999996,0.8585084662769803,0.0,0.0,0.44301642559220483,0.10966428389710237,0.022061894738824056,4.526644643943287e-09,6.2931271264724744e-06,0.0006591219669710377,0.00021498515060575728,2.355521421817007e-06,1.9827099289820628e-15,0.0008985683015282274,1.72906608064713e-13,0.00034704527460209734,9.587885651149421e-11,8.403425050927814e-08,1.3443535221909351e-11,2.634151132528159e-13,8.249402418266877e-06,7.90225270333542e-09,0.007873471750096502,0.0012842178724528184,0.00010635525488525598,1.5775022850685922e-07,4.931676729184331e-09,1.6164975003666754e-08,2.97201329164572e-10,1.2959659587407314e-11,1.477204505757752e-07,1.362465373479146e-05,5.743008923411886e-09,1.2843707440085945e-05,2.7857449441386386e-09,1.2492283323177842e-08,6.662811043599366e-10,5.3329255904128905e-06,3.9943976011278313e-13,4.834046691353079e-13,4.659261679478664e-10,6.357510610776985e-09,2.2308328635446572e-15,9.315179628443837e-13,3.5652047428381734e-12
1.1124107093670847e-07,0.16628943999999996,0.8585084662769803,0.0,0.0,0.4430120737000782,0.10965949833994046,0.02205885353833953,4.589176766423335e-09,6.364630811798924e-06,0.0006637780423791163,0.00021675007613002753,2.3804975441557074e-06,2.0135828877927673e-15,0.0009016673352502017,1.7607414531916096e-13,0.00034736498040655733,9.692720942569542e-11,8.518423428614989e-08,1.3567082602498816e-11,2.667219395816377e-13,8.29526629794295e-06,8.024662954183616e-09,0.007873338944058322,0.0012883935057885548,0.00010656863401164927,1.5858204947241413e-07,4.948004384707205e-09,1.6219821964978554e-08,3.0053662217234247e-10,1.3008018752885061e-11,1.4804017612984115e-07,1.3626664383115607e-05,5.778596634861073e-09,1.2936045685077442e-05,2.795325531871208e-09,1.2685856027951401e-08,6.717446483472555e-10,5.355216007315894e-06,4.0272528857124226e-13,4.890541166091063e-13,4.742319674349315e-10,6.425555293413677e-09,2.2653674737894796e-15,9.442567800994283e-13,3.599069893810298e-12
1.116936693760764e-07,0.16628943999999996,0.8585084662769803,0.0,0.0,0.44300773651170555,0.10965471919054615,0.022055812773465397,4.652300515481191e-09,6.4366231694771845e-06,0.000668444509055528,0.0002185209856285658,2.4056137215395706e-06,2.0447958253956835e-15,0.0009047608240989476,1.7928387406105151e-13,0.00034768160322490955,9.798171322086358e-11,8.634423555777326e-08,1.3691092703750337e-11,2.700538437134153e-13,8.341123003022934e-06,8.148399104856544e-09,0.007873199013526283,0.001292561854128971,0.00010678152880093616,1.5941431696742363e-07,4.964297023342606e-09,1.62745707429692e-08,3.0389436522870776e-10,1.3056325677196768e-11,1.4835909892466656e-07,1.362865494697438e-05,5.8142622137159475e-09,1.3028593945732445e-05,2.8048888335362854e-09,1.2881526158168205e-08,6.772266545597721e-10,5.377443029713938e-06,4.0602439634490454e-13,4.947414544829671e-13,4.826454682806525e-10,6.493986047286937e-09,2.3002757808881295e-15,9.571064305294303e-13,3.633108786295828e-12
1.1214626781544434e-07,0.16628943999999996,0.8585084662769803,0.0,0.0,0.4430034138196392,0.10964994626471673,0.022052772444348258,4.716018904187322e-09,6.5091052235150994e-06,0.0006731213279744916,0.00022029786817823592,2.4308698187815936e-06,2.076350990997186e-15,0.0009078487688662339,1.8253612033212406e-13,0.0003479951755044813,9.904236320013202e-11,8.751428365101876e-08,1.3815564183614614e-11,2.7341088274819297e-13,8.38697186126924e-06,8.2734687986904e-09,0.007873052152886216,0.001296722927855238,0.00010699394259882022,1.602470249241413e-07,4.9805546630490144e-09,1.632922135634723e-08,3.072746034980751e-10,1.3104580374076778e-11,1.4867722356132523e-07,1.363062556770493e-05,5.850005492465277e-09,1.3121351416826286e-05,2.8144348517273964e-09,1.30793058103385e-08,6.827270888243714e-10,5.399606525420093e-06,4.093370834075657e-13,5.004667236314157e-13,4.911674978237319e-10,6.562802513613886e-09,2.3355599339152567e-15,9.700672368406419e-13,3.6673214516095975e-12
1.1259886625481228e-07,0.16628943999999996,0.8585084662769803,0.0,0.0,0.44299910542170395,0.10964517938337326,0.02204973255113309,4.780334945979767e-09,6.582077993235011e-06,0.0006778084603516622,0.00022208071285903863,2.456265696989149e-06,2.1082506396886447e-15,0.0009109311704573483,1.858312101895249e-13,0.0003483057293557242,1.0010915449848156e-10,8.8694407632575e-08,1.3940495706084483e-11,2.7679311339958073e-13,8.432812207005853e-06,8.399879672094972e-09,0.007872898551292291,0.001300876737341964,0.00010720587871256207,1.610801673143871e-07,4.99677732240182e-09,1.6383773825765902e-08,3.106773819281711e-10,1.3152782858178503e-11,1.489945545978883e-07,1.363257638576784e-05,5.885826303945576e-09,1.3214317298212087e-05,2.823963589402227e-09,1.3279207070035042e-08,6.882459169805071e-10,5.421706367294682e-06,4.126633496806963e-13,5.062299641781322e-13,4.997988842415831e-10,6.632004323247774e-09,2.37122207994224e-15,9.83139518851637e-13,3.701707918992885e-12
1.1305146469418021e-07,0.16628943999999996,0.8585084662769803,0.0,0.0,0.4429948111208556,0.10964041837242051,0.0220466930939632,4.8452516546279e-09,6.655542493296453e-06,0.0006825058676419408,0.00022386950875431983,2.481801213594634e-06,2.140497032447125e-15,0.0009140080298897585,1.891694696871256e-13,0.00034861329655567374,1.011820820841874e-10,8.988463630902039e-08,1.4065885941216004e-11,2.802005919951348e-13,8.478643381068749e-06,8.527639354347681e-09,0.007872738392807952,0.001305023292957129,0.00010741734041158841,1.6191373814919867e-07,5.012965020585515e-09,1.6438228173799823e-08,3.1410274525112423e-10,1.3200933145068318e-11,1.4931109655013166e-07,1.3634507540757023e-05,5.921724481341842e-09,1.3307490794774745e-05,2.8334750498781903e-09,1.3481242011566989e-08,6.937831048808548e-10,5.44374243317538e-06,4.1600319503380543e-13,5.120312154999715e-13,5.085404565193779e-10,6.701591096763546e-09,2.4072643639794475e-15,9.9632359349429e-13,3.73626821562629e-12
1.1350406313354815e-07,0.16628943999999996,0.8585084662769803,0.0,0.0,0.4429905307250432,0.109635663062611,0.02204365407298021,4.910772044196402e-09,6.729499733718714e-06,0.00068721351153731,0.00022566424495097702,2.5074762223860442e-06,2.173092436136064e-15,0.0009170793482917829,1.9255122485691174e-13,0.000348917908551372,1.0226114076026126e-10,9.108499822691196e-08,1.4191733565148015e-11,2.836333744767509e-13,8.524464730756636e-06,8.656755467389517e-09,0.007872571856543121,0.001309162605062024,0.00010762833092808887,1.6274773147848753e-07,5.0291177773859775e-09,1.6492584424921814e-08,3.1755073798453803e-10,1.3249031251219231e-11,1.4962685389222183e-07,1.363641917140887e-05,5.957699858188205e-09,1.3400871116385408e-05,2.8429692368280466e-09,1.3685422697656742e-08,6.993386183919625e-10,5.465714605808134e-06,4.193566192847813e-13,5.178705162309843e-13,5.173930444192361e-10,6.7715624445432215e-09,2.4436889289190443e-15,1.0096197748149512e-12,3.771002366642298e-12
1.1395666157291609e-07,0.16628943999999996,0.8585084662769803,0.0,0.0,0.4429862640470756,0.10963091328941232,0.022040615488324023,4.976899129009477e-09,6.803950719903227e-06,0.0006919313539646906,0.0002274649105396639,2.533290573537481e-06,2.206039123505884e-15,0.000920145126901271,1.959768016904453e-13,0.00034921959646325596,1.033463251658882e-10,9.229552167289163e-08,1.4318037260120117e-11,2.8709151640107314e-13,8.570275609782098e-06,8.787235625622767e-09,0.007872399116787618,0.001313294684011184,0.00010783885345760051,1.6358214139069784e-07,5.045235613182807e-09,1.6546842605479865e-08,3.2102140443255937e-10,1.3297077194004115e-11,1.4994183105738034e-07,1.3638311415610644e-05,5.993752268368445e-09,1.3494457477856444e-05,2.8524461542755428e-09,1.3891761179119645e-08,7.049124233948934e-10,5.487622772778862e-06,4.2272362220024825e-13,5.237479042664359e-13,5.263574784495569e-10,6.841917966861053e-09,2.480497915478299e-15,1.0230283739758105e-12,3.805910395138002e-12
1.1440926001228402e-07,0.16628943999999996,0.8585084662769803,0.0,0.0,0.4429820109044903,0.10962616889287857,0.022037577340132834,5.043635923615271e-09,6.878896452655818e-06,0.000696659357083824,0.00022927149461499249,2.55924411363957e-06,2.2393393731945817e-15,0.0009232053670642974,1.9944652612039987e-13,0.0003495183910885104,1.0443762977785862e-10,9.351623467380921e-08,1.444479571448922e-11,2.9057507293991895e-13,8.61607537822301e-06,8.919087435710585e-09,0.007872220343141055,0.001317419540152319,0.00010804891115958052,1.6441696201247023e-07,5.061318548941728e-09,1.6601002743674362e-08,3.2451478868693555e-10,1.3345070991688826e-11,1.5025603243853035e-07,1.3640184410408256e-05,6.029881546116374e-09,1.3588249098896859e-05,2.8619058065910934e-09,1.4100269494546605e-08,7.105044857858582e-10,5.509466826445955e-06,4.2610420349588617e-13,5.296634167668244e-13,5.354345898344961e-10,6.912657253968468e-09,2.5176934621434134e-15,1.0365496992564425e-12,3.840992322187418e-12
1.1486185845165196e-07,0.16628943999999996,0.8585084662769803,0.0,0.0,0.4429777711194272,0.10962142971752492,0.022034539628543064,5.110985442750522e-09,6.9543379282087996e-06,0.0007013974832851748,0.0002310839862757339,2.585336685729811e-06,2.272995469728257e-15,0.0009262600702338654,2.0296072400217203e-13,0.00034981432290438703,1.0553504891199528e-10,9.474716499686236e-08,1.457200762274464e-11,2.9408409888071547e-13,8.661863402474333e-06,9.052318496378373e-09,0.007872035700639159,0.0013215371838262496,0.00010825850715796751,1.6525218750830928e-07,5.077366606207065e-09,1.665506486953554e-08,3.2803093462806846e-10,1.3393012663425205e-11,1.5056946238892313e-07,1.36420382920135e-05,6.066087526016178e-09,1.3682245204068193e-05,2.871348198487511e-09,1.4310959669989547e-08,7.161147714768437e-10,5.531246663873564e-06,4.294983628367698e-13,5.356170901618965e-13,5.446252104835872e-10,6.983779886178787e-09,2.5552777051138665e-15,1.050184056055546e-12,3.876248166853901e-12
1.153144568910199e-07,0.16628943999999996,0.8585084662769803,0.0,0.0,0.44297354451850524,0.10961669561220562,0.02203150235368939,5.178950701305414e-09,7.030276138242905e-06,0.0007061456951878572,0.00023290237462501623,2.6115681293228377e-06,2.3070097035216006e-15,0.0009293092379686206,2.0651972109556885e-13,0.00035010742207148806,1.0663857672457506e-10,9.59883401497527e-08,1.4699671685521718e-11,2.976186486269534e-13,8.707639055200229e-06,9.186936398216954e-09,0.00787184534987676,0.0013256476253668292,0.00010846764454173123,1.6608781208025397e-07,5.09337980709428e-09,1.670902901490105e-08,3.315698859260578e-10,1.3440902229243533e-11,1.508821252227481e-07,1.3643873195810742e-05,6.1023700430025974e-09,1.3776445022740873e-05,2.8807733350157618e-09,1.452384371864976e-08,7.217432463962336e-10,5.552962186765653e-06,4.3290609983768695e-13,5.416089601546617e-13,5.539301729615095e-10,7.055285433951724e-09,2.593252778247269e-15,1.063931746892854e-12,3.911677946202412e-12
1.1576705533038783e-07,0.16628943999999996,0.8585084662769803,0.0,0.0,0.44296933093270163,0.10961196642999549,0.022028465515704705,5.247534714288667e-09,7.106712069909101e-06,0.0007109039556375835,0.00023472664877052094,2.637938280440601e-06,2.3413843708783353e-15,0.0009323528719315779,2.1012384304657373e-13,0.00035039771843701736,1.0774820721374526e-10,9.723978738085844e-08,1.4827786609614088e-11,3.011787761986529e-13,8.753401715286496e-06,9.322948723487585e-09,0.007871649447127394,0.0013297508751008802,0.00010867632636541194,1.6692382996755328e-07,5.109358174282585e-09,1.6762895213393827e-08,3.351316860417387e-10,1.3488739710045354e-11,1.5119402521572644e-07,1.3645689256363256e-05,6.138728932361107e-09,1.3870847789051026e-05,2.8901812215607638e-09,1.4738933640569104e-08,7.27389876489419e-10,5.574613301400821e-06,4.363274140634512e-13,5.476390617254037e-13,5.633503104580032e-10,7.127173457977646e-09,2.631620813004731e-15,1.07779307141123e-12,3.947281675311589e-12
1.1621965376975577e-07,0.16628943999999996,0.8585084662769803,0.0,0.0,0.44296513019723643,0.10960724202807448,0.02202542911472009,5.3167404967928195e-09,7.183646705850203e-06,0.0007156722277046336,0.00023655679782467665,2.664446971642467e-06,2.3761217739916063e-15,0.0009353909738888567,2.1377341536919153e-13,0.00035068524153799755,1.0886393422093496e-10,9.850153367942284e-08,1.495635110798455e-11,3.047645352328441e-13,8.799150767793354e-06,9.460363045928729e-09,0.007871448144459742,0.0013338469433481141,0.00010888455564964839,1.6776023544634387e-07,5.125301731007598e-09,1.6816663500400022e-08,3.387163782277125e-10,1.3536525127595647e-11,1.5150516660568782e-07,1.3647486607419067e-05,6.175164029727934e-09,1.396545274185773e-05,2.899571863837221e-09,1.4956241422324016e-08,7.330546277194044e-10,5.596199918567883e-06,4.397623050292205e-13,5.537074291356876e-13,5.728864567579353e-10,7.1994435092615935e-09,2.6703839383967328e-15,1.0917683263789373e-12,3.983059367285885e-12
1.166722522091237e-07,0.16628943999999996,0.8585084662769803,0.0,0.0,0.44296094215145726,0.10960252226761537,0.022022393150864836,5.386571063959739e-09,7.26108102422241e-06,0.0007204504746818457,0.00023839281090485095,2.6910940320552307e-06,2.411224220944318e-15,0.0009384235457084286,2.1746876342737418e-13,0.00035097002060445383,1.0998575143226085e-10,9.977360577575835e-08,1.5085363899774608e-11,3.083759789840607e-13,8.84488560390854e-06,9.599186930564614e-09,0.007871241589850883,0.001337935840421063,0.00010909233538169575,1.685970228293335e-07,5.141210501054088e-09,1.687033391304723e-08,3.4232400552936774e-10,1.358425850451514e-11,1.5181555359313377e-07,1.3649265381916555e-05,6.211675171090096e-09,1.406025912470071e-05,2.908945267885494e-09,1.5175779036722374e-08,7.387374660674044e-10,5.617721953502199e-06,4.4321077220079125e-13,5.598140959323647e-13,5.825394462115121e-10,7.272095129207079e-09,2.7095442809295024e-15,1.1058578056920794e-12,4.01901103326745e-12
1.1712485064849164e-07,0.16628943999999996,0.8585084662769803,0.0,0.0,0.44295676663872985,0.10959780701367443,0.022019357624266385,5.457029430946337e-09,7.339015998716624e-06,0.0007252386600826307,0.00024023467713353994,2.717879287403041e-06,2.4466940257094194e-15,0.0009414505893588756,2.212102124170282e-13,0.000351252084562566,1.1111365237992764e-10,1.0105603014146646e-07,1.521482371031272e-11,3.1201316032484816e-13,8.890605620900737e-06,9.739427933515604e-09,0.007871029927296515,0.0013420175766250013,0.0001092996685159334,1.694341864654856e-07,5.157084508748779e-09,1.6923906490182926e-08,3.459546107858989e-10,1.3631939864272584e-11,1.521251903417854e-07,1.3651025711989699e-05,6.2482621927853125e-09,1.4155266185758515e-05,2.918301440067513e-09,1.539755844250319e-08,7.444383575334333e-10,5.639179325822743e-06,4.466728149949152e-13,5.659590949515738e-13,5.923101137046447e-10,7.345127849699631e-09,2.749103964551906e-15,1.1200618003772156e-12,4.055136682448118e-12
1.1757744908785957e-07,0.16628943999999996,0.8585084662769803,0.0,0.0,0.44295260350632965,0.10959309613508542,0.022016322535050356,5.528118612890489e-09,7.417452598579674e-06,0.0007300367476390052,0.0002420823856385555,2.7448025600372368e-06,2.482533508150143e-15,0.0009444721069081583,2.2499808734810543e-13,0.0003515314620377863,1.122476304436228e-10,1.0234883298967262e-07,1.5344729271121204e-11,3.156761317462839e-13,8.93631022207331e-06,9.881093601810297e-09,0.007870813296918211,0.001346092162257872,0.00010950655797436266,1.7027172073971024e-07,5.172923778953207e-09,1.697738127235298e-08,3.4960823663131167e-10,1.3679569231176626e-11,1.5243408097911863e-07,1.365276772897306e-05,6.284924931501891e-09,1.4250473177807035e-05,2.9276403870627146e-09,1.5621591584039045e-08,7.501572681368861e-10,5.660571959469903e-06,4.501484327795789e-13,5.721424583227358e-13,6.021992946294657e-10,7.418541193190089e-09,2.78906511060281e-15,1.134380598594139e-12,4.091436322081061e-12
1.1803004752722751e-07,0.16628943999999996,0.8585084662769803,0.0,0.0,0.4429484526053376,0.10958838950435604,0.02201328788334052,5.5998416248771646e-09,7.496391788635368e-06,0.0007348447012996448,0.00024393592555321027,2.7718636689661017e-06,2.5187449940201782e-15,0.0009474881005223961,2.2883271302677803e-13,0.00035180818135792787,1.1338767885190613e-10,1.0365204027527625e-07,1.5475079319921974e-11,3.193649453585112e-13,8.98199881671839e-06,1.0024191473199427e-08,0.007870591835067756,0.0013501596076102083,0.00010971300664709468,1.7110962007255547e-07,5.1887283370566595e-09,1.70307583017805e-08,3.532849254954282e-10,1.3727146630368009e-11,1.5274222959688547e-07,1.365449156340659e-05,6.321663224278574e-09,1.4345879358178534e-05,2.9369621158640333e-09,1.5847890391041405e-08,7.558941639171128e-10,5.681899782644019e-06,4.5363762487431057e-13,5.78364217472547e-13,6.122078248549985e-10,7.492334672777648e-09,2.829429837758992e-15,1.1488144856388279e-12,4.127909957492611e-12
1.1848264596659545e-07,0.16628943999999996,0.8585084662769803,0.0,0.0,0.44294431379053817,0.1095836869975673,0.02201025366925879,5.672201481904784e-09,7.5758345293054254e-06,0.0007396624852279611,0.0002457952860165008,2.7990624298845116e-06,2.5553308149637963e-15,0.0009504985724646572,2.327144140376982e-13,0.0003520822705562192,1.1453379068359339e-10,1.0496567769521568e-07,1.5605872600640955e-11,3.230796528912859e-13,9.027670820071248e-06,1.016872907597149e-08,0.007870365674428698,0.0013542199229650584,0.00010991901739282943,1.7194787891990532e-07,5.204498208969168e-09,1.7084037622344757e-08,3.569847196048783e-10,1.3774672087811242e-11,1.5304964025162363e-07,1.3656197345040175e-05,6.358476908504303e-09,1.4441483988721077e-05,2.9462666337739186e-09,1.607646677826864e-08,7.616490109339868e-10,5.703162727744611e-06,4.571403905504634e-13,5.846244031289656e-13,6.223365406979808e-10,7.566507792292658e-09,2.870200261983495e-15,1.1633637439465496e-12,4.164557592093863e-12
1.1893524440596338e-07,0.16628943999999996,0.8585084662769803,0.0,0.0,0.4429401869203198,0.10957898849427578,0.022007219892925197,5.745201198851735e-09,7.655781776630234e-06,0.0007444900638001945,0.00024766045617328743,2.8263986552035107e-06,2.5922933085159136e-15,0.0009535035250937589,2.3664351472634606e-13,0.0003523537573743284,1.1568595886913437e-10,1.062897706887475e-07,1.5737107863411384e-11,3.2682030569453564e-13,9.073325653265006e-06,1.0314713928770129e-08,0.007870134944115148,0.0013582731185979064,0.00011012459303932482,1.7278649177267878e-07,5.2202334211145574e-09,1.7137219279560392e-08,3.607076609840906e-10,1.3822145630286758e-11,1.5335631696515386e-07,1.3657885202838047e-05,6.395365821917989e-09,1.4537286335758347e-05,2.9555539484003847e-09,1.6307332645236835e-08,7.674217752684595e-10,5.7243607313103535e-06,4.606567290314999e-13,5.909230453251921e-13,6.32586278893842e-10,7.641060046379148e-09,2.9113784964745115e-15,1.1780286530951338e-12,4.201379227392186e-12
1.1938784284533133e-07,0.16628943999999996,0.8585084662769803,0.0,0.0,0.4429360718565791,0.1095742938774184,0.02200418655445792,5.8188437904431445e-09,7.736234482289498e-06,0.0007493274016035319,0.00024953142517447353,2.8538721540797756e-06,2.6296348181021084e-15,0.0009565029608630802,2.406203391814637e-13,0.0003526226692653565,1.1684417619198545e-10,1.0762434443774044e-07,1.58687838645759e-11,3.305869547389317e-13,9.118962743285641e-06,1.046215354041328e-08,0.007869899769767912,0.0013623192047765948,0.00011032973638385715,1.7362545315653343e-07,5.235934000423593e-09,1.7190303320556728e-08,3.6445379145627033e-10,1.3869567285382459e-11,1.5366226372506594e-07,1.3659555264983037e-05,6.4323298026082e-09,1.4633285670049922e-05,2.9648240676531127e-09,1.6540499875933382e-08,7.732124230231157e-10,5.745493733959715e-06,4.641866394932802e-13,5.97260173403647e-13,6.429578765678357e-10,7.715990920577118e-09,2.952966651614746e-15,1.1928094898084001e-12,4.238374863002778e-12
1.1984044128469927e-07,0.16628943999999996,0.8585084662769803,0.0,0.0,0.4429319684646263,0.10956960303321983,0.02200115365397324,5.893132271217812e-09,7.817193593622724e-06,0.0007541744634342389,0.00025140818217718095,2.8814827324449967e-06,2.667357693038559e-15,0.0009594968823193818,2.4464521121757847e-13,0.0003528890333967997,1.1800843528997591e-10,1.0896942386698315e-07,1.6000899366687497e-11,3.343796506164733e-13,9.164581522927318e-06,1.0611055409714005e-08,0.007869660273648056,0.001366358191761246,0.0001105344501936729,1.7446475763157255e-07,5.251599974327142e-09,1.7243289794057333e-08,3.6822315264437593e-10,1.3916937081485693e-11,1.5396748448519392e-07,1.3661207658880682e-05,6.469368689012846e-09,1.4729481266751917e-05,2.9740769997395696e-09,1.677598033853327e-08,7.790209203227143e-10,5.76656168033232e-06,4.677301210643356e-13,6.036358160199389e-13,6.534521712063298e-10,7.791299891404511e-09,2.9949668349212713e-15,1.207706527959738e-12,4.275544496660005e-12
1.202930397240672e-07,0.16628943999999996,0.8585084662769803,0.0,0.0,0.4429278766130941,0.1095649158511024,0.021998121191585545,5.968069655495369e-09,7.898660053649591e-06,0.0007590312142958159,0.00025329071634492385,2.9092301930351584e-06,2.705464288531941e-15,0.0009624852921016418,2.4871845435761684e-13,0.00035315287665348117,1.1917872865666905e-10,1.1032503364450622e-07,1.6133453138509325e-11,3.3819844354108315e-13,9.210181430748024e-06,1.0761427025303096e-08,0.007869416574727906,0.001370390089804182,0.00011073873720643157,1.7530439979205438e-07,5.26723137074944e-09,1.7296178750359765e-08,3.720157859720856e-10,1.3964255047774973e-11,1.5427198316608051e-07,1.3662842511163252e-05,6.506482319918829e-09,1.4825872405378074e-05,2.9833127531611796e-09,1.7013785885118133e-08,7.848472333147253e-10,5.787564519030977e-06,4.712871728261516e-13,6.100500011468306e-13,6.640700006282521e-10,7.866986426438988e-09,3.0373811509958654e-15,1.2227200385758458e-12,4.312888124228808e-12
1.2074563816343514e-07,0.16628943999999996,0.8585084662769803,0.0,0.0,0.44292379617384886,0.10956023222359837,0.021995089167407344,6.043658957343626e-09,7.980634801090137e-06,0.0007638976193971702,0.00025517901684778057,2.9371143354197237e-06,2.743956965679253e-15,0.0009654681929398951,2.5284039181560803e-13,0.00035341422564045394,1.2035504864271695e-10,1.1169119818191766e-07,1.6266443955013467e-11,3.420433833492162e-13,9.255761911025514e-06,1.091327586545337e-08,0.00786916878877963,0.0013744149091498479,0.00011094260013064044,1.76144374266106e-07,5.282828218101396e-09,1.734897024131545e-08,3.7583173266475685e-10,1.4011521214211647e-11,1.5457576365543193e-07,1.366445994769366e-05,6.543670534461648e-09,1.4922458369761184e-05,2.9925313367095185e-09,1.725392835139802e-08,7.906913281698575e-10,5.8085022025644e-06,4.748577938134364e-13,6.165027560781943e-13,6.748122029566948e-10,7.943049984399362e-09,3.0802117014758476e-15,1.2378502898406156e-12,4.3504057397159145e-12
1.2119823660280307e-07,0.16628943999999996,0.8585084662769803,0.0,0.0,0.4429197270219045,0.10955555204626478,0.021992057581549235,6.119903190546124e-09,8.063118770384868e-06,0.0007687736441508109,0.0002570730728625627,2.9651349560307193e-06,2.7828380914675834e-15,0.0009684455876540889,2.5701134647948085e-13,0.00035367310668587236,1.2153738745720963e-10,1.1306794163475176e-07,1.6399870597378606e-11,3.459145195004786e-13,9.301322413713569e-06,1.1066609397905663e-08,0.007868917028461419,0.0013784326600347282,0.00011114604164608103,1.769846757154396e-07,5.2983905452739715e-09,1.7401664320309825e-08,3.79671033750382e-10,1.4058735611531773e-11,1.5487882980856225e-07,1.3666060093569294e-05,6.5809331721249925e-09,1.5019238448014985e-05,3.0017327594625556e-09,1.7496419556435833e-08,7.965531710825798e-10,5.829374687290598e-06,4.784419830143966e-13,6.229941074329635e-13,6.85679616590677e-10,8.019490015226813e-09,3.1234605849853772e-15,1.2530975470991672e-12,4.388097335281059e-12
1.21650835042171e-07,0.16628943999999996,0.8585084662769803,0.0,0.0,0.4429156690353376,0.10955087521760047,0.021989026434119922,6.19680536856988e-09,8.146112891714688e-06,0.0007736592541710568,0.0002589728735729828,2.993291848191724e-06,2.8221100387738175e-15,0.0009714174791529463,2.6123164089395207e-13,0.000353929545843836,1.2272573716901798e-10,1.1445528790283158e-07,1.6533731852986682e-11,3.4981190107825985e-13,9.34686239439852e-06,1.1221435079696565e-08,0.007868661403401356,0.001382443352687271,0.00011134906440422765,1.7782529883507235e-07,5.313918381631616e-09,1.7454261042242608e-08,3.835337300605355e-10,1.4105898271237692e-11,1.5518118544882897e-07,1.3667643073125774e-05,6.618270072740323e-09,1.511621193249639e-05,3.0109170307809234e-09,1.7741271302374503e-08,8.024327282716364e-10,5.850181933360922e-06,4.820397393710074e-13,6.295240811590777e-13,6.966730801770661e-10,8.096305960165778e-09,3.167129897087259e-15,1.2684620728620285e-12,4.425962901248158e-12
1.2210343348153895e-07,0.16628943999999996,0.8585084662769803,0.0,0.0,0.4429116220952056,0.10954620163896528,0.02198599572522618,6.274368504533327e-09,8.229618091020696e-06,0.0007785544152722694,0.00026087840816981834,3.021584802146754e-06,2.8617751863642748e-15,0.0009743838704328402,2.6550159724350976e-13,0.00035418356889720305,1.2392008970813117e-10,1.1585326063064422e-07,1.6668026515418473e-11,3.5373557679037446e-13,9.392381314256133e-06,1.1377760356987788e-08,0.007868402020278985,0.0013864469973278069,0.00011155167102865794,1.786662383530493e-07,5.329411757005768e-09,1.7506760463508283e-08,3.874198622313128e-10,1.415300922558995e-11,1.5548283436805945e-07,1.3669209009940681e-05,6.655681076486403e-09,1.5213378119768127e-05,3.0200841603042222e-09,1.7988495374166797e-08,8.083299659805486e-10,5.870923904664781e-06,4.856510617792757e-13,6.36092702537417e-13,7.077934325826587e-10,8.173497251844598e-09,3.2112217302351944e-15,1.2839441268094588e-12,4.464002426116318e-12
1.2255603192090688e-07,0.16628943999999996,0.8585084662769803,0.0,0.0,0.4429075860854679,0.10954153121450169,0.021982965454972896,6.352595611174462e-09,8.313635290023873e-06,0.0007834590934670987,0.00026278966585107554,3.050013605089048e-06,2.901835918894286e-15,0.0009773447645766767,2.698215373354908e-13,0.00035443520136037564,1.2512043686698746e-10,1.17261883207729e-07,1.680275338444828e-11,3.5768559496971643e-13,9.437878640008742e-06,1.1535592664897281e-08,0.007868138982904744,0.001390443604168468,0.00011175386411545608,1.7950748903016877e-07,5.344870701688416e-09,1.7559162641976727e-08,3.913294707042675e-10,1.4200068507598873e-11,1.557837803269684e-07,1.3670758026837214e-05,6.693166023888833e-09,1.5310736310561727e-05,3.0292341579473656e-09,1.8238103539307837e-08,8.142448504781187e-10,5.8916005687749945e-06,4.892759490895099e-13,6.426999961857318e-13,7.190415128664248e-10,8.251063314355848e-09,3.2557381737265417e-15,1.2995439657959139e-12,4.502215896570886e-12
1.2300863036027482e-07,0.16628943999999996,0.8585084662769803,0.0,0.0,0.442903560892907,0.10953686385105837,0.02197993562346305,6.431489700819169e-09,8.398165406244609e-06,0.0007883732549647511,0.00026470663582214897,3.078578041189747e-06,2.942294626907706e-15,0.000980300164752791,2.741917825832549e-13,0.0003546844684820571,1.2632677030179964e-10,1.1868117876907819e-07,1.6937911266037603e-11,3.6166200357492324e-13,9.4833538438827e-06,1.1694939427331965e-08,0.007867872392297203,0.001394433183413108,0.00011195564623360835,1.8034904565971222e-07,5.360295246425723e-09,1.761146763697409e-08,3.952625957273365e-10,1.4247076151016425e-11,1.5608402705556703e-07,1.3672290245887783e-05,6.730724755819561e-09,1.5408285809740945e-05,3.0383670338969524e-09,1.8490107547570242e-08,8.201773480589169e-10,5.912211896893794e-06,4.929144001065807e-13,6.493459860625654e-13,7.304181602519082e-10,8.329003563336411e-09,3.300681313655523e-15,1.3152618438546459e-12,4.5406032974943865e-12
1.2346122879964275e-07,0.16628943999999996,0.8585084662769803,0.0,0.0,0.4428995464070547,0.1095321994581159,0.021976906230797694,6.511053785349744e-09,8.483209353022116e-06,0.0007932968661692727,0.00026662930729598087,3.1072778916264785e-06,2.9831537068363594e-15,0.0009832500742138516,2.786126539894539e-13,0.00035493139524798013,1.2753908153387347e-10,1.2011117019555038e-07,1.7073498972327845e-11,3.6566485019105176e-13,9.528806403566143e-06,1.1855808056822173e-08,0.00786760234675824,0.0013984157452572245,0.00011215701992539146,1.8119090306717547e-07,5.375685422411704e-09,1.7663675509263787e-08,3.992192773557635e-10,1.4294032190327969e-11,1.56383578253564e-07,1.3673805788417642e-05,6.7683571134963826e-09,1.55060259262655e-05,3.04748279860769e-09,1.8744519130741913e-08,8.2612742504377e-10,5.9327578637994775e-06,4.965664135901827e-13,6.560306954711658e-13,7.419242140997931e-10,8.407317406047229e-09,3.346053232866918e-15,1.3310980122024475e-12,4.579164611977394e-12
1.2436642567837863e-07,0.16628943999999996,0.8585084662769803,0.0,0.0,0.44289154912690964,0.10952287923438854,0.021970848762395124,6.672203984192786e-09,8.654842370813539e-06,0.0008031723042791823,0.0002704917116423531,3.1650829454214233e-06,3.0660825976025277e-15,0.0009891334344166755,2.87607557134788e-13,0.0003554183263567345,1.2998160280834954e-10,1.2300333089922618e-07,1.7345959138423086e-11,3.7375004593255136e-13,9.619641528172121e-06,1.218214050923003e-08,0.007867052270941893,0.0014063598574836065,0.00011255855206767412,1.8287549967730185e-07,5.406362795107716e-09,1.7767800135848097e-08,4.072034696916622e-10,1.438778959819044e-11,1.5698060870740259e-07,1.3676787325501677e-05,6.843842072685521e-09,1.570207526745548e-05,3.065663037450772e-09,1.9260611857493018e-08,8.380801826430669e-10,5.973653630650785e-06,5.039111227713487e-13,6.695163628436139e-13,7.653278991481523e-10,8.565063460299584e-09,3.4380917239955492e-15,1.3631262105798615e-12,4.656808905089424e-12
1.2518110286924092e-07,0.16628943999999996,0.8585084662769803,0.0,0.0,0.44288438713722106,0.10951450033543045,0.02196539854265563,6.81956075068048e-09,8.811078465020286e-06,0.0008120921834705629,0.0002739872666377559,3.2175683553540344e-06,3.14211203277535e-15,0.0009944097146730277,2.9587932273117087e-13,0.00035584880570550603,1.3220022824790142e-10,1.2564307974410863e-07,1.7592631498008225e-11,3.8111760984619283e-13,9.701310567702508e-06,1.2481118625543785e-08,0.007866546319926036,0.0014134856610848437,0.00011291855914813454,1.8439261402652392e-07,5.433855211292693e-09,1.7861180778458958e-08,4.144702043054137e-10,1.447199513990641e-11,1.5751559390998412e-07,1.3679414877139063e-05,6.912028750166545e-09,1.587916473593381e-05,3.08196684221864e-09,1.9733446533708914e-08,8.488974487290987e-10,6.010236103810924e-06,5.105677313113491e-13,6.817861047768009e-13,7.868422081066478e-10,8.708306484637386e-09,3.5224136181152288e-15,1.3923586046249515e-12,4.7272833473210834e-12
1.2599578006010322e-07,0.16628943999999996,0.8585084662769803,0.0,0.0,0.44287725823732405,0.10950612976599468,0.02195994974625655,6.96913511783049e-09,8.968993385402787e-06,0.0008210421659555201,0.0002775011271030085,3.270488970788621e-06,3.2194762113013794e-15,0.0009996682593389414,3.0432008879455256e-13,0.0003562720791431296,1.3443808386208672e-10,1.2831782746604015e-07,1.7840678297544457e-11,3.88571555956937e-13,9.78289836228932e-06,1.278514233366144e-08,0.007866030587080932,0.0014205888864783265,0.00011327728128345121,1.8591062386698424e-07,5.46123677766722e-09,1.795424775221252e-08,4.218138765485447e-10,1.4556034053290252e-11,1.58048381787057e-07,1.3681990249924604e-05,6.980451521434729e-09,1.6056861241007547e-05,3.0982153810459506e-09,2.0214263356228116e-08,8.597711495554494e-10,6.046606572329299e-06,5.172682609161559e-13,6.94181630866424e-13,8.08788851142621e-10,8.852750359927768e-09,3.608156996197273e-15,1.4219780379314878e-12,4.798320925746745e-12
1.268104572509655e-07,0.16628943999999996,0.8585084662769803,0.0,0.0,0.4428701618731161,0.10949776708425596,0.021954502373718175,7.120944630822307e-09,9.128592309880498e-06,0.0008300220626277702,0.00028103323042098056,3.3238434110403644e-06,3.2981893219727816e-15,0.0010049090902926347,3.1293171039291414e-13,0.0003566882832274129,1.366951154967347e-10,1.3102769837595472e-07,1.809009283161788e-11,3.9611214836555416e-13,9.864402057835547e-06,1.3094254430880138e-08,0.00786550555666594,0.0014276695928114964,0.00011363473238306629,1.8742950015159014e-07,5.488507691538016e-09,1.8047001461014106e-08,4.292347131748691e-10,1.4639906564906392e-11,1.585789928697168e-07,1.3684514124876459e-05,7.049109472906146e-09,1.6235160895989487e-05,3.1144087241383047e-09,2.0703130060932862e-08,8.707010897157704e-10,6.082765011610795e-06,5.240127027526877e-13,7.067030538353002e-13,8.311727248098449e-10,8.998391336861406e-09,3.695333881964095e-15,1.4519858744296188e-12,4.8699214783696535e-12
1.276251344418278e-07,0.16628943999999996,0.8585084662769803,0.0,0.0,0.442863097513993,0.10948941187075188,0.021949056425540868,7.2750068277337475e-09,9.289880373983606e-06,0.0008390316862954907,0.00028458351406566984,3.3776302662426457e-06,3.3782656153233564e-15,0.0010101322302137122,3.217160369826445e-13,0.00035709755196383094,1.3897126768455738e-10,1.3377281415406055e-07,1.8340868458809933e-11,4.037396473085439e-13,9.945818854309099e-06,1.340849758243149e-08,0.007864971689754715,0.0014347278391377298,0.0001139909261046604,1.8894921415104838e-07,5.515668154429977e-09,1.8139442322404476e-08,4.3673293898670444e-10,1.47236129083717e-11,1.5910744740036768e-07,1.3686987175450075e-05,7.1180016945828845e-09,1.6414059854423974e-05,3.1305469442413592e-09,2.1200114174893544e-08,8.816870741155366e-10,6.118711430556765e-06,5.308010475339648e-13,7.193504798364309e-13,8.53998724969731e-10,9.145225584461842e-09,3.783956261493142e-15,1.4823834489064256e-12,4.942084825229825e-12
1.284398116326901e-07,0.16628943999999996,0.8585084662769803,0.0,0.0,0.4428560646517331,0.10948106372728554,0.021943611902205073,7.431339238978013e-09,9.452862671198013e-06,0.0008480708516517559,0.0002881519156048422,3.431848097868732e-06,3.4597194036063603e-15,0.001015337702564141,3.3067491210948215e-13,0.00035750001685256515,1.4126648366900986e-10,1.3655329385958282e-07,1.8592998601420175e-11,4.1145430917256763e-13,1.002714600499272e-05,1.3727914318628236e-08,0.00786442942534776,0.001441763684414861,0.00011434587586039176,1.9046973744922573e-07,5.542718371976905e-09,1.823157076723107e-08,4.443087768512434e-10,1.480715332420346e-11,1.59633765339107e-07,1.3689410067604427e-05,7.18712728004187e-09,1.6593554309461743e-05,3.1466301165788364e-09,2.1705283011849672e-08,8.927289079800763e-10,6.1544458706586745e-06,5.37633285523578e-13,7.32124008525473e-13,8.772717463007016e-10,9.293249191541452e-09,3.8740360824197425e-15,1.5131720671167639e-12,5.0148107686000904e-12
1.292544888235524e-07,0.16628943999999996,0.8585084662769803,0.0,0.0,0.44284906279943437,0.10947272227588224,0.02193816880417144,7.589959386747045e-09,9.617544253306095e-06,0.0008571393752455173,0.00029173837270260407,3.486495439249602e-06,3.542565060769844e-15,0.0010205255315695546,3.3981017311306243e-13,0.0003578958069346717,1.4358070542793493e-10,1.39369253940866e-07,1.8846476745166504e-11,4.192563865091906e-13,1.0108380815743435e-05,1.4052547032065428e-08,0.007863879181430947,0.0014487771875037188,0.0001146995948229378,1.9199104193873642e-07,5.5696585538141736e-09,1.8323387239324652e-08,4.519624477167157e-10,1.4890528059675767e-11,1.60157966369927e-07,1.3691783459868365e-05,7.2564853264233464e-09,1.6773640493246182e-05,3.162658318791495e-09,2.2218703667777373e-08,9.038263968623213e-10,6.189968405111313e-06,5.445094065404617e-13,7.450237331327562e-13,9.009966818132918e-10,9.442458168146572e-09,3.965585253155178e-15,1.5443530058979301e-12,5.0880990931800025e-12
1.300691660144147e-07,0.16628943999999996,0.8585084662769803,0.0,0.0,0.44284209149050224,0.10946438715779602,0.02193272713188093,7.750884784460973e-09,9.783930130723405e-06,0.0008662370754531133,0.0002953428231219078,3.541570796087911e-06,3.626817022429545e-15,0.0010256957422008811,3.491236508350383e-13,0.00035828504883741465,1.459138736969986e-10,1.4222080824581564e-07,1.9101296438862295e-11,4.2714612804991487e-13,1.0189520644261165e-05,1.4382437974874384e-08,0.007863321355983523,0.0014557684071666746,0.00011505209593134503,1.9351309981654895e-07,5.596488913473104e-09,1.841489219518197e-08,4.596941706283518e-10,1.497373736867356e-11,1.606800699066986e-07,1.3694108003407014e-05,7.326074934419152e-09,1.695431467631056e-05,3.1786316308772385e-09,2.2740443016540435e-08,9.1497934665035e-10,6.225279137944814e-06,5.514293999636563e-13,7.580497405350076e-13,9.251784223708708e-10,9.59284844699183e-09,4.058615642119313e-15,1.5759275132879872e-12,5.161949566287928e-12
1.30883843205277e-07,0.16628943999999996,0.8585084662769803,0.0,0.0,0.4428351502776876,0.1094560580325658,0.021927286885754915,7.914132936223761e-09,9.952025272831195e-06,0.0008753637724503042,0.0002989652047269917,3.597072646968005e-06,3.712489785839255e-15,0.001030848360156291,3.5861716933088347e-13,0.00035866786681875465,1.4826592799290023e-10,1.4510806803267873e-07,1.935745129407126e-11,4.3512377872150337e-13,1.0270562899366663e-05,1.4717629256030343e-08,0.007862756327936666,0.0014627374020662076,0.00011540339189669425,1.9503588357956511e-07,5.6232096682774795e-09,1.85060861036543e-08,4.675041627441438e-10,1.5056781511542912e-11,1.612000950989503e-07,1.3696384342088351e-05,7.395895208260958e-09,1.7135573166986225e-05,3.19455013513248e-09,2.3270567705626218e-08,9.261875635747763e-10,6.260378203175536e-06,5.583932547365484e-13,7.712021113267957e-13,9.498218562161212e-10,9.744415884883373e-09,4.153139076988905e-15,1.6078968086479847e-12,5.236361938051614e-12
1.3169852039613928e-07,0.16628943999999996,0.8585084662769803,0.0,0.0,0.44282823873217114,0.10944773457711715,0.0219218480661953,8.07972133628489e-09,1.0121834608304932e-05,0.0008845192881848152,0.00030260545548575616,3.6529994438619884e-06,3.799597909858674e-15,0.0010359834118434596,3.6829254558536256e-13,0.0003590443828110294,1.5063680663635931e-10,1.4803114198114486e-07,1.9614934984741597e-11,4.4318957966157686e-13,1.035150504028849e-05,1.5058162838712275e-08,0.007862184458085909,0.0014696842307634842,0.00011575349520759192,1.9655936602046078e-07,5.649821039241949e-09,1.8596969445640912e-08,4.753926393504211e-10,1.5139660754952503e-11,1.617180608375027e-07,1.3698613112549969e-05,7.465945255708283e-09,1.7317412310821553e-05,3.210413916094386e-09,2.380914415196417e-08,9.374508542158775e-10,6.295265763975173e-06,5.654009593714603e-13,7.844809198914688e-13,9.749318685032058e-10,9.897156264131127e-09,4.249167343960537e-15,1.6402620827875806e-12,5.3113359415967735e-12
1.3251319758700158e-07,0.16628943999999996,0.8585084662769803,0.0,0.0,0.4428213564426904,0.10943941648490757,0.021916410673584696,8.247667468506976e-09,1.0293363025438858e-05,0.0008937034463493748,0.00030626351347207636,3.7093496126318093e-06,3.8881560149187335e-15,0.0010411009243621399,3.7815158923169723e-13,0.00035941471646383586,1.5302644677488785e-10,1.509901362037574e-07,1.987374124682136e-11,4.513437682344768e-13,1.0432344575958904e-05,1.5404080537714206e-08,0.007861606089959958,0.0014766089517169558,0.00011610241813549547,1.9808352022356365e-07,5.676323250972006e-09,1.868754271378846e-08,4.833598138772459e-10,1.522237537175413e-11,1.622339857599162e-07,1.3700794944266034e-05,7.536224188036297e-09,1.7499828490011306e-05,3.22622306048416e-09,2.435623853782617e-08,9.487690255104998e-10,6.329942011857646e-06,5.724525019543901e-13,7.978862344717567e-13,1.0005133408356241e-09,1.005106529394989e-08,4.346712187027527e-15,1.6730244980939285e-12,5.386871293233727e-12
1.3332787477786387e-07,0.16628943999999996,0.8585084662769803,0.0,0.0,0.44281450301470954,0.10943110346511278,0.021910974708286526,8.417988805839337e-09,1.0466615372466655e-05,0.0009029160723552389,0.00030993931686805416,3.7661215535273445e-06,3.978178782984379e-15,0.001046200925487041,3.881961022744508e-13,0.0003597789851861364,1.5543478440534507e-10,1.5398515425762307e-07,2.0133863877855765e-11,4.595865780473807e-13,1.0513079064318578e-05,1.5755424016907635e-08,0.007861021550648035,0.001483511623280973,0.00011645017273987851,1.9960831956063916e-07,5.702716531565991e-09,1.877780641219605e-08,4.914058979135845e-10,1.5304925640836234e-11,1.6274788825575505e-07,1.3702930459614503e-05,7.606731120023763e-09,1.7682818122836087e-05,3.2419776571516134e-09,2.491191680680728e-08,9.60141884758859e-10,6.364407165883391e-06,5.795478701490606e-13,8.114181172401203e-13,1.0265711508097561e-09,1.0206138611849242e-08,4.445785307271872e-15,1.7061851886640746e-12,5.462967692642725e-12
1.3414255196872617e-07,0.16628943999999996,0.8585084662769803,0.0,0.0,0.44280767806962873,0.10942279524185286,0.021905540170645204,8.590702809797369e-09,1.0641596457878234e-05,0.0009121569933061918,0.0003136328039662104,3.8233136416804446e-06,4.069680957514792e-15,0.0010512834436510097,3.9842787881616967e-13,0.00036013730418759646,1.5786175439626592e-10,1.5701629715641085e-07,2.0395296736567394e-11,4.679182389666647e-13,1.0593706111629984e-05,1.611223478675451e-08,0.007860431151587584,0.0014903923037044215,0.00011679677087323964,2.0113373768698004e-07,5.72900111251905e-09,1.8867761056124814e-08,4.995311012223189e-10,1.5387311846991827e-11,1.6325978647173746e-07,1.3705020273944441e-05,7.677465169940772e-09,1.786637766311198e-05,3.2576777970205426e-09,2.5476244659886835e-08,9.715692396310869e-10,6.398661471880798e-06,5.866870512013577e-13,8.250766243685363e-13,1.0531101715641061e-09,1.036237178501212e-08,4.546398362170554e-15,1.739745260440427e-12,5.539624823057468e-12
1.3495722915958846e-07,0.16628943999999996,0.8585084662769803,0.0,0.0,0.442800881244031,0.10941449155345558,0.021900107060986277,8.76582692994778e-09,1.0818311050732752e-05,0.0009214260379730164,0.0003173439131716156,3.880924227594888e-06,4.162677343421054e-15,0.0010563485079285067,4.0884870478781153e-13,0.0003604897865191684,1.6030729050996978e-10,1.6008366338263172e-07,2.06580337424201e-11,4.763389771345017e-13,1.0674223371799447e-05,1.6474554201870223e-08,0.007859835189314053,0.0014972510511293776,0.0001171422241859611,2.0265974853755917e-07,5.755177228628414e-09,1.8957407171713162e-08,5.077356317551253e-10,1.5469534280787424e-11,1.6376969831671783e-07,1.3707064995643468e-05,7.748425459536261e-09,1.8050503599649857e-05,3.273323573035023e-09,2.6049287551568863e-08,9.83050898173534e-10,6.432705201684447e-06,5.938700319441087e-13,8.388618060978876e-13,1.0801352713342613e-09,1.0519760311662015e-08,4.648562964915044e-15,1.7737057913490702e-12,5.616842351446514e-12
1.3577190635045076e-07,0.16628943999999996,0.8585084662769803,0.0,0.0,0.44279411218896536,0.1094061921517559,0.02189467537961667,8.943378603399566e-09,1.0996763880967845e-05,0.0009307230367684248,0.00032107258300396595,3.938951637632251e-06,4.257182807021215e-15,0.001061396148019384,4.1946035768298304e-13,0.0003608365431129356,1.627713254244524e-10,1.6318734890018809e-07,2.0922068875167905e-11,4.848490149856906e-13,1.0754628545707719e-05,1.6842423458636463e-08,0.00785923394617461,0.0015040879235897824,0.00011748654413102318,2.0418632632298803e-07,5.7812451179007106e-09,1.90467452956978e-08,5.160196956670619e-10,1.5551593238418448e-11,1.642776414664851e-07,1.3709065226205336e-05,7.81961111402571e-09,1.823519245572454e-05,3.288915080107046e-09,2.663111068610105e-08,9.945866688150212e-10,6.466538652389839e-06,6.010967988009279e-13,8.527737068071596e-13,1.107651313013569e-09,1.0678299622418668e-08,4.752290683745625e-15,1.8080678314413487e-12,5.694619928693391e-12
1.3658658354131305e-07,0.16628943999999996,0.8585084662769803,0.0,0.0,0.44278737056926515,0.10939789680142922,0.021889245126824778,9.123375254300689e-09,1.117695963970515e-05,0.0009400478217224376,0.0003248187520995988,3.997394174493635e-06,4.353212275992781e-15,0.00106642639423295,4.302646062960072e-13,0.00036117768282122937,1.6525379075505336e-10,1.663274471671839e-07,2.1187396174389822e-11,4.934485712647009e-13,1.0834919380548949e-05,1.7215883592862983e-08,0.00785862769100764,0.0015109029790101361,0.00011782974196857986,2.057134455258247e-07,5.807205021461256e-09,1.9135775975138857e-08,5.243834973310227e-10,1.5633489021583016e-11,1.6478363336848183e-07,1.371102156029757e-05,7.891021262078783e-09,1.8420440788553308e-05,3.304452415064945e-09,2.7221779013771296e-08,1.0061763603728424e-09,6.5001621456242805e-06,6.083673377904528e-13,8.668123650820134e-13,1.1356631537195092e-09,1.0837985081642286e-08,4.857593041299867e-15,1.8428324030382387e-12,5.772957189775349e-12
1.3740126073217535e-07,0.16628943999999996,0.8585084662769803,0.0,0.0,0.44278065606289757,0.10938960527935732,0.0218838163028807,9.305834293340401e-09,1.1358902979552222e-05,0.0009494002264582046,0.0003285823592134548,4.056250117697267e-06,4.450780739322624e-15,0.0010714392774723205,4.412632104638366e-13,0.00036151331245503536,1.6775461707590017e-10,1.6950404914898563e-07,2.145400973901138e-11,5.021378610429315e-13,1.0915093669177991e-05,1.7594975477497796e-08,0.007858016679789692,0.0015176962752042186,0.00011817182877040103,2.0724108089700767e-07,5.833057183464451e-09,1.92244997671503e-08,5.328272393521597e-10,1.571522193736147e-11,1.652876912463792e-07,1.3712934585829133e-05,7.962655035806555e-09,1.8606245188783777e-05,3.319935676602555e-09,2.7821357227281257e-08,1.0178197820585036e-09,6.533576026833545e-06,6.156816345312145e-13,8.809778137828912e-13,1.1641756443657753e-09,1.0998811988766116e-08,4.964481513973437e-15,1.878000500877126e-12,5.8518537539396336e-12
1.3821593792303765e-07,0.16628943999999996,0.8585084662769803,0.0,0.0,0.4427739683603458,0.10938131737402461,0.021878388908036436,9.490773117257177e-09,1.1542598514900805e-05,0.0009587800861682578,0.0003323633432209843,4.115517724051916e-06,4.5499032472542926e-15,0.0010764348292190543,4.5245792081183414e-13,0.0003618435368216998,1.7027373394113606e-10,1.7271724333152447e-07,2.172190372681379e-11,5.109170957361694e-13,1.0995149249465897e-05,1.797973982038548e-08,0.007857401156251406,0.0015244678698738306,0.00011851281542418562,2.0876920745196592e-07,5.858801851006132e-09,1.931291723863624e-08,5.413511225818953e-10,1.579679229807279e-11,1.6578983210446225e-07,1.3714804884018174e-05,8.03451157074914e-09,1.8792602279990826e-05,3.335364965229787e-09,2.842990975819563e-08,1.0295167434834537e-09,6.56678066458406e-06,6.23039674245297e-13,8.952700801130058e-13,1.1931936292400451e-09,1.1160775579617404e-08,5.0729675312953425e-15,1.913573092261591e-12,5.931309224878502e-12
1.3903061511389994e-07,0.16628943999999996,0.8585084662769803,0.0,0.0,0.4427673071640201,0.10937303288494422,0.021872962942526067,9.678209108352175e-09,1.1728050822221559e-05,0.0009681872375911881,0.000336161643120001,4.175195228126142e-06,4.6505949112327305e-15,0.0010814130815180669,4.638504785034365e-13,0.00036216845876195004,1.7281106990592597e-10,1.759671157348315e-07,2.1991072353931657e-11,5.197864831222431e-13,1.1075084003663551e-05,1.837021716207303e-08,0.00785678135246388,0.0015312178206075531,0.00011885271263774998,2.1029780046711306e-07,5.884439274037993e-09,1.940102896603099e-08,5.499553461318038e-10,1.5878200421153027e-11,1.6629007273196454e-07,1.3716633029459676e-05,8.106590005863294e-09,1.8979508718182592e-05,3.350740383223979e-09,2.9047500773466643e-08,1.0412670546645947e-09,6.59977644988028e-06,6.304414417623214e-13,9.096891856856644e-13,1.2227219455874394e-09,1.1323871027726665e-08,5.183062475317288e-15,1.949551117213765e-12,6.011323190903438e-12
1.3984529230476224e-07,0.16628943999999996,0.8585084662769803,0.0,0.0,0.4427606721876963,0.10936475162211162,0.021867538406565974,9.868159634008201e-09,1.1915264440355305e-05,0.0009776215189887397,0.0003399771980324818,4.235280842713334e-06,4.752870903846399e-15,0.0010863740669628192,4.754426149937176e-13,0.00036248817918623925,1.7536655254723978e-10,1.7925374992679702e-07,2.226150989434003e-11,5.287462273588607e-13,1.1154895857773315e-05,1.8766447873662427e-08,0.007856157489396885,0.0015379461848795367,0.00011919153094309575,2.1182683547657614e-07,5.90996970528291e-09,1.948883553504384e-08,5.586401073876591e-10,1.595944662904841e-11,1.6678842970728606e-07,1.3718419590193035e-05,8.17888948350942e-09,1.9166961191315105e-05,3.366062034581785e-09,2.9674194172033146e-08,1.0530705260294798e-09,6.632563795496971e-06,6.378869215244637e-13,9.242351465910148e-13,1.2527654231996623e-09,1.1488093445625195e-08,5.294777680014425e-15,1.9859354886286396e-12,6.091895225116495e-12
1.4065996949562453e-07,0.16628943999999996,0.8585084662769803,0.0,0.0,0.4427540631559832,0.10935647340548496,0.02186211530035506,1.0060642046214134e-08,1.2104243870800822e-05,0.0009870827701233115,0.00034380994720631576,4.29577275929254e-06,4.856746458766837e-15,0.001091317818680779,4.87236051786862e-13,0.0003628027971104303,1.7794010848441666e-10,1.825772270371444e-07,2.2533210679331588e-11,5.377965290016288e-13,1.1234582780928595e-05,1.916847215470986e-08,0.007855529777450335,0.001544653020048311,0.00011952928070036246,2.1335628826843367e-07,5.935393400152049e-09,1.9576337540410168e-08,5.674056020228906e-10,1.6040531249071498e-11,1.6728491940200388e-07,1.3720165127769628e-05,8.251409149439133e-09,1.9354956418815644e-05,3.3813300249725318e-09,3.031005358149303e-08,1.0649269684215557e-09,6.665143135326092e-06,6.453760975899468e-13,9.389079734627853e-13,1.283328884009808e-09,1.1653437886130826e-08,5.4081244307001164e-15,2.022727092431136e-12,6.1730248855800975e-12
1.4147464668648683e-07,0.16628943999999996,0.8585084662769803,0.0,0.0,0.44274747980381335,0.10934819806449084,0.021856693624074934,1.0255673681094692e-08,1.2294993577999148e-05,0.0009965708322358575,0.00034765983001700315,4.356669148485056e-06,4.962236870685601e-15,0.0010962443703191479,4.99232500197562e-13,0.0003631124096908295,1.8053166339951172e-10,1.8593762577161133e-07,2.280616909698473e-11,5.46937585022239e-13,1.1314142784781266e-05,1.9576330031171016e-08,0.007854898416960241,0.0015513383833556155,0.00011986597210166798,2.1488613488135482e-07,5.960710616664259e-09,1.9663535585645727e-08,5.762520240118283e-10,1.6121454613281404e-11,1.6777955798486087e-07,1.3721870197320172e-05,8.324148152782947e-09,1.9543491151114522e-05,3.3965444616924247e-09,3.095514235484826e-08,1.076836193105224e-09,6.697514923737991e-06,6.529089536366958e-13,9.537076715443387e-13,1.3144171416928245e-09,1.1819899343621831e-08,5.523113963454948e-15,2.059926787735608e-12,6.254711715487075e-12
1.4228932387734912e-07,0.16628943999999996,0.8585084662769803,0.0,0.0,0.44274092187595965,0.10933992543755383,0.021851273377890126,1.0453271858445619e-08,1.2487517989614657e-05,0.0010060855480241843,0.0003515267859693043,4.417968160506786e-06,5.069357495248648e-15,0.0011011537560308524,5.114336611163469e-13,0.00036341711225858166,1.8314114205742133e-10,1.8933502242632925e-07,2.3080379591623247e-11,5.561695888268181e-13,1.1393573922896801e-05,1.9990061353391382e-08,0.00785426359868039,0.001558002331925258,0.0001202016151748407,2.164163516016457e-07,5.985921615366099e-09,1.9750430282805127e-08,5.851795656434927e-10,1.620221705839502e-11,1.682723614256729e-07,1.3723535347621936e-05,8.397105646037077e-09,1.9732562169185186e-05,3.4117054536190014e-09,3.1609523567322286e-08,1.0887980117705297e-09,6.729679634956638e-06,6.604854729675633e-13,9.68634240753987e-13,1.346035001271614e-09,1.1987472755299033e-08,5.639757464566146e-15,2.097535407006812e-12,6.336955243327291e-12
1.4310400106821142e-07,0.16628943999999996,0.8585084662769803,0.0,0.0,0.4427343891265747,0.10933165537164916,0.021845854561948326,1.0653453881274097e-08,1.2681821496812745e-05,0.0010156267616216262,0.00035541075469884,4.479667925616361e-06,5.178123748988159e-15,0.0011060460104607942,5.238412247788505e-13,0.00036371699835343994,1.857684683257898e-10,1.9276949090239259e-07,2.3355836663268355e-11,5.654927302744339e-13,1.1472874290157059e-05,2.0409705794141812e-08,0.007853625504240956,0.0015646449227619986,0.00012053621978704788,2.1794691495960158e-07,6.011026659253452e-09,1.983702225224704e-08,5.941884175345343e-10,1.6282818925641914e-11,1.6876334549900068e-07,1.3725161121165832e-05,8.470280785050953e-09,1.992216628409241e-05,3.426813111167125e-09,3.2273260013248135e-08,1.1008122365379302e-09,6.761637762448582e-06,6.681056385136952e-13,9.836876757504468e-13,1.3781872587287623e-09,1.215615300243599e-08,5.758066069980364e-15,2.135553756223391e-12,6.4197549830520245e-12
1.439186782590737e-07,0.16628943999999996,0.8585084662769803,0.0,0.0,0.44272788131875185,0.10932338772187702,0.021840437176380623,1.0856237035344436e-08,1.287790845453419e-05,0.0010251943185761055,0.0003593116759736449,4.5417665545589815e-06,5.28855110925177e-15,0.001110921168732358,5.364568705390279e-13,0.0003640121597569191,1.8841356519470033e-10,1.962411027206108e-07,2.3632534867083785e-11,5.749071956957484e-13,1.1552042022170647e-05,2.0835302846698473e-08,0.007852984306585117,0.0015712662127504507,0.00012086979564832325,2.1947780172623456e-07,6.036026013695688e-09,1.992331212240227e-08,6.032787686417145e-10,1.6363260560641442e-11,1.6925252578782162e-07,1.3726748054223226e-05,8.543672729015114e-09,2.0112300336548583e-05,3.4418675462459672e-09,3.2946414203026785e-08,1.1128786799629645e-09,6.793389818325419e-06,6.757694328377612e-13,9.988679659976139e-13,1.410878700623872e-09,1.2325934911617344e-08,5.878050864771183e-15,2.17398261504372e-12,6.503110434240181e-12
1.44733355449936e-07,0.16628943999999996,0.8585084662769803,0.0,0.0,0.4427213982241076,0.10931512235105773,0.02183502122130167,1.1061638588728965e-08,1.3075783181766396e-05,0.0010347880658295586,0.0003632294896956747,4.604262139006012e-06,5.400655114129276e-15,0.0011157792664341693,5.492822666463218e-13,0.00036430268652484614,1.910763547961477e-10,1.9974992703643478e-07,2.391046881281458e-11,5.844131679118116e-13,1.1631075294690714e-05,2.1266891822966458e-08,0.007852340170384687,0.0015778662586540156,0.00012120235231499644,2.2100898891066984e-07,6.060919946360255e-09,2.000930052954509e-08,6.124508062755836e-10,1.644354231333792e-11,1.6973991768716927e-07,1.372829667691244e-05,8.61728064044777e-09,2.0302961196477737e-05,3.456868872215885e-09,3.362904836015539e-08,1.1249971550404506e-09,6.824936332759436e-06,6.834768381394441e-13,1.0141750958283915e-12,1.4441141037164887e-09,1.2496813255965236e-08,5.999722882615914e-15,2.2128227369727485e-12,6.587021082260543e-12
1.455480326407983e-07,0.16628943999999996,0.8585084662769803,0.0,0.0,0.4427149396223839,0.10930685912934657,0.021829606696809972,1.126967579136406e-08,1.3275449961811476e-05,0.0010444078516977297,0.0003671641359022663,4.667152751990306e-06,5.51445136237679e-15,0.0011206203396070978,5.623190700267863e-13,0.00036458866701931625,1.937567584232941e-10,2.0329603065504994e-07,2.4189633164220113e-11,5.94010826252991e-13,1.1709972323040138e-05,2.1704511851646945e-08,0.007851693252435881,0.001584445117113832,0.00012153389919302907,2.225404537566079e-07,6.085708727138464e-09,2.009498811757197e-08,6.217047161129987e-10,1.6523664537854726e-11,1.702255364074975e-07,1.3729807513265186e-05,8.691103685182273e-09,2.0494145762587368e-05,3.4718172038468726e-09,3.432122441832407e-08,1.1371674752088e-09,6.856277853412217e-06,6.912278362587419e-13,1.0296090445088073e-12,1.4778982345945948e-09,1.2668782756353795e-08,6.123093105284916e-15,2.2520748495310404e-12,6.671486398430335e-12
1.463627098316606e-07,0.16628943999999996,0.8585084662769803,0.0,0.0,0.4427085053010701,0.10929859793386737,0.02182419360298806,1.148036587461127e-08,1.3476913042550995e-05,0.001054053525850315,0.00037111555476755496,4.73043644833726e-06,5.62995551333837e-15,0.0011254444247315138,5.755689260681669e-13,0.00036487018794006856,1.9645469654951045e-10,2.0687947804662866e-07,2.4470022638502127e-11,6.037003465780258e-13,1.1788731361544015e-05,2.2148201876447436e-08,0.007851043702036035,0.0015910028446477608,0.00012186444554126043,2.2407217373906585e-07,6.110392628074255e-09,2.0180375537782922e-08,6.310406822086165e-10,1.6603627592359585e-11,1.7070939697805685e-07,1.3731281081292527e-05,8.765141032355346e-09,2.0685850961947743e-05,3.486712657278272e-09,3.5023004018580247e-08,1.1493894543543426e-09,6.887414944875934e-06,6.990224086786538e-13,1.0451697863015399e-12,1.5122358493086504e-09,1.2841838082611717e-08,6.248172462146441e-15,2.2917396544262526e-12,6.7565058401779745e-12
1.471773870225229e-07,0.16628943999999996,0.8585084662769803,0.0,0.0,0.4427020950550412,0.10929033864836418,0.021818781939902773,1.1693726050823516e-08,1.3680176636707847e-05,0.001063724939291465,0.00037508368660384747,4.7941112650915914e-06,5.747183286865129e-15,0.0011302515587147735,5.890334684089376e-13,0.0003651473343552875,1.991700888472039e-10,2.1050033136173497e-07,2.4751632005728213e-11,6.134819012932035e-13,1.1867350702969315e-05,2.2598000654334032e-08,0.00785039166134233,0.0015975394976493842,0.00012219400047456332,2.2560412656216335e-07,6.1349719232932135e-09,2.0265463448664927e-08,6.404588870086202e-10,1.668343183903165e-11,1.711915142503078e-07,1.373271789305049e-05,8.839391854393397e-09,2.087807374957868e-05,3.5015553499779306e-09,3.57344485065607e-08,1.161662906815062e-09,6.91834818812706e-06,7.068605365309902e-13,1.0608572905281887e-12,1.5471316930111607e-09,1.3015973854712904e-08,6.374971829679635e-15,2.331817827725095e-12,6.842078851201545e-12
1.479920642133852e-07,0.16628943999999996,0.8585084662769803,0.0,0.0,0.44269570868621616,0.10928208116286958,0.02181337170760545,1.1909773512916276e-08,1.3885244922105063e-05,0.001073421944340622,0.0003790684718629517,4.858175221939843e-06,5.866150463231868e-15,0.0011350417788789516,6.027143187312988e-13,0.00036542018973184523,2.0190285420643016e-10,2.14158650446874e-07,2.5034456088251402e-11,6.233556593716505e-13,1.1945828677971683e-05,2.30539467538257e-08,0.007849737265713272,0.0016040551323870341,0.00012252257296691669,2.2713629015571155e-07,6.1594468889322474e-09,2.0350252515683596e-08,6.4995951136303e-10,1.676307764391764e-11,1.7167190290100535e-07,1.3734118454705549e-05,8.91385532699988e-09,2.1070811108043594e-05,3.516345400702938e-09,3.645561892978967e-08,1.1739876473844614e-09,6.9490781799922794e-06,7.147422005996967e-13,1.076671521632013e-12,1.5825904996017495e-09,1.3191184643955178e-08,6.503502030998823e-15,2.3723100200271114e-12,6.9282048616208616e-12
1.4880674140424748e-07,0.16628943999999996,0.8585084662769803,0.0,0.0,0.4426893460032295,0.10927382537338956,0.021807962906132163,1.2128525433943752e-08,1.4092122041921411e-05,0.0010831443946137014,0.0003830698511374645,4.922626321628631e-06,5.986872883051192e-15,0.001139815122948799,6.166130865581274e-13,0.00036568883596499045,2.0465291075329353e-10,2.1785449286017921e-07,2.5318489760126353e-11,6.333217863727283e-13,1.2024163654549233e-05,2.3516078553330316e-08,0.007849080644033824,0.0016105498050028486,0.00012285017185439603,2.2866864267186642e-07,6.183817803072709e-09,2.0434743411077283e-08,6.595427345358302e-10,1.684256537677179e-11,1.72150577435294e-07,1.3735483266599613e-05,8.988530629143993e-09,2.1264060047050657e-05,3.531082929461994e-09,3.7186576035042254e-08,1.1863634913155899e-09,6.979605532626331e-06,7.226673813228556e-13,1.0926124392402492e-12,1.6186169913777032e-09,1.3367464974127045e-08,6.633773835394564e-15,2.413216856641123e-12,7.014883288137054e-12
1.4962141859510978e-07,0.16628943999999996,0.8585084662769803,0.0,0.0,0.44268300682112166,0.10926557118160356,0.021802555535503955,1.2349998966679929e-08,1.430081210494416e-05,0.0010928921450046006,0.00038708776516201983,4.987462550378593e-06,6.109366447185181e-15,0.0011445716290399352,6.307313690538807e-13,0.00036595335340749774,2.0742017586813753e-10,2.2158791388723103e-07,2.5603727946522642e-11,6.433804444615344e-13,1.2102354037503343e-05,2.3984434239521132e-08,0.007848421919024936,0.0016170235715118448,0.0001231768058380824,2.3020116248334878e-07,6.208084945673772e-09,2.0518936813651944e-08,6.692087342189091e-10,1.6921895411064084e-11,1.7262755218993368e-07,1.3736812823314497e-05,9.063416943046807e-09,2.1457817603061065e-05,3.5457680574767665e-09,3.7927380265773086e-08,1.198790254324356e-09,7.009930873001545e-06,7.306360587988679e-13,1.1086799982247691e-12,1.6552158786899724e-09,1.3544809322662567e-08,6.7657979578818e-15,2.4545389377616306e-12,7.102113534188289e-12
1.5043609578597207e-07,0.16628943999999996,0.8585084662769803,0.0,0.0,0.44267669096104123,0.10925731849457929,0.021797149595727084,1.257421124320454e-08,1.451131918581916e-05,0.0011026650516670297,0.0003911221548144946,5.052681878294098e-06,6.2336471166546274e-15,0.0011493113356472657,6.450707508294486e-13,0.00036621382089828365,2.1020456620352287e-10,2.2535896655699932e-07,2.5890165623135692e-11,6.535317924284964e-13,1.2180398267906256e-05,2.4459051805753733e-08,0.007847761207538245,0.0016234764878010216,0.00012350248348689562,2.3173382818020566e-07,6.23224859850569e-09,2.0602833408584863e-08,6.78957686544564e-10,1.700106812384636e-11,1.7310284133613345e-07,1.3738107613736283e-05,9.13851345416831e-09,2.1652080838904075e-05,3.5604009071446668e-09,3.867809175960883e-08,1.2112677525929258e-09,7.040054842408867e-06,7.386482127899082e-13,1.1248741487633747e-12,1.692391859604597e-09,1.372321212178428e-08,6.899585058757461e-15,2.4962768386465484e-12,7.18989499009427e-12
1.5125077297683437e-07,0.16628943999999996,0.8585084662769803,0.0,0.0,0.4426703982499638,0.10924906722450144,0.021791745086793227,1.2801179374493802e-08,1.4723647325297531e-05,0.0011124629719966677,0.00039517296111717657,5.118282259768675e-06,6.359730912545811e-15,0.0011540342816336168,6.596328037509475e-13,0.00036647031579050207,2.130059977019963e-10,2.291677016579041e-07,2.6177797815595795e-11,6.637759857090559e-13,1.2258294822575487e-05,2.493996905052345e-08,0.007847098620836657,0.0016299086096284864,0.0001238272132403545,2.332666185662429e-07,6.25630904508702e-09,2.0686433887231463e-08,6.887897660937025e-10,1.708008389554619e-11,1.7357645888236972e-07,1.373936812111918e-05,9.21381935119685e-09,2.1846846843398903e-05,3.5749816020038542e-09,3.943877034590363e-08,1.223795802773517e-09,7.069978095970092e-06,7.467038227230817e-13,1.1411948364009804e-12,1.730149619569529e-09,1.390266775963425e-08,7.035145743176595e-15,2.5384311097979713e-12,7.2782270332128e-12
1.5206545016769666e-07,0.16628943999999996,0.8585084662769803,0.0,0.0,0.44266412852042286,0.1092408172884137,0.021786342008679717,1.3030920450015996e-08,1.4937800530479777e-05,0.001122285764613623,0.00039924012523789393,5.184261633886201e-06,6.487633915914865e-15,0.0011587405062185973,6.744190867524492e-13,0.0003667229139791259,2.1582438561365317e-10,2.3301416775398743e-07,2.6466619598875687e-11,6.741131764034369e-13,1.2336042213554917e-05,2.5427223575961637e-08,0.00784643426486146,0.0016363199926226043,0.0001241510034112615,2.3479951265772213e-07,6.280266570622357e-09,2.0769738946930692e-08,6.987051459100771e-10,1.7158943110026356e-11,1.7404841867746254e-07,1.3740594823148677e-05,9.289333826035029e-09,2.204211273098321e-05,3.589510266696718e-09,4.020947554335738e-08,1.236374221991319e-09,7.099701302161133e-06,7.548028676970312e-13,1.157642002108617e-12,1.7684938310868238e-09,1.4083170581393226e-08,7.172490560734763e-15,2.581002277142438e-12,7.367109028094376e-12
1.5288012735855896e-07,0.16628943999999996,0.8585084662769803,0.0,0.0,0.4426578816102541,0.10923256860797344,0.02178094036134979,1.326345153733173e-08,1.5153782775057435e-05,0.001132133289345207,0.00040332358849110543,5.2506179248178175e-06,6.617372267689814e-15,0.001163430048967668,6.894311456526389e-13,0.0003669716899280261,2.1865964451349157e-10,2.3689841120119049e-07,2.6756626096697098e-11,6.845435132964919e-13,1.241363898760253e-05,2.592085278637102e-08,0.007845768240486663,0.0016427106922811694,0.00012447386218831927,2.3633248968038276e-07,6.304121461938824e-09,2.0852749290820028e-08,7.087039975137181e-10,1.7237646154477173e-11,1.745187344131899e-07,1.3741788192004663e-05,9.365056073786262e-09,2.2237875641348077e-05,3.6039870269344363e-09,4.09902665576959e-08,1.2490028278474096e-09,7.12922514234606e-06,7.629453264856463e-13,1.1742155823431863e-12,1.8074291533901703e-09,1.4264714890387922e-08,7.311630005057268e-15,2.6239908422118333e-12,7.456540326617697e-12
1.5369480454942126e-07,0.16628943999999996,0.8585084662769803,0.0,0.0,0.4426516573623522,0.10922432110921824,0.021775540144752793,1.3498789681698925e-08,1.5371597999551277e-05,0.0011420054072090056,0.0004074232923389556,5.3173490422146235e-06,6.748962168570163e-15,0.0011681029497814263,7.046705129753888e-13,0.0003672167166965556,2.215116883185611e-10,2.4082047616372955e-07,2.704781248093665e-11,6.950671418776216e-13,1.2491083725684649e-05,2.6420893886799977e-08,0.007845100643761127,0.0016490807639706073,0.00012479579763868164,2.378655290654836e-07,6.327874007427168e-09,2.093546562765489e-08,7.187864909064123e-10,1.7316193419134317e-11,1.7498741962682282e-07,1.3742948694423988e-05,9.440985292745176e-09,2.2434132739079455e-05,3.618412009464588e-09,4.1781202279411374e-08,1.2616814384223583e-09,7.158550310321719e-06,7.711311775381953e-13,1.1909155091076182e-12,1.8469602321277327e-09,1.4447294949186462e-08,7.45257451340915e-15,2.6673972823278834e-12,7.546520268142847e-12
1.5450948174028355e-07,0.16628943999999996,0.8585084662769803,0.0,0.0,0.4426454556244378,0.10921607472234417,0.02177014135882444,1.3736951905682438e-08,1.559125011154704e-05,0.0011519019803962456,0.0004115391783922926,5.3844528815961294e-06,6.8824198789241566e-15,0.0011727592488850979,7.201387077742432e-13,0.00036745806596564867,2.2438043030490736e-10,2.447804046305655e-07,2.7340173971031676e-11,7.056842043607594e-13,1.2568375042476657e-05,2.692738388165459e-08,0.007844431566139088,0.0016554302629251932,0.00012511681771043505,2.3939861044900573e-07,6.35152449698381e-09,2.1017888671623767e-08,7.289527945861243e-10,1.7394585297397766e-11,1.7545448770408811e-07,1.3744076791762212e-05,9.517120684383418e-09,2.2630881213305836e-05,3.6327853420367364e-09,4.258234128156361e-08,1.2744098722788187e-09,7.18767751187271e-06,7.793603989864267e-13,1.2077417100081905e-12,1.8870916990502685e-09,1.4630904980682016e-08,7.595334466311182e-15,2.7112220507857846e-12,7.637048179667491e-12
1.5532415893114585e-07,0.16628943999999996,0.8585084662769803,0.0,0.0,0.44263927624883775,0.10920782938149473,0.021764744003486994,1.39779552087683e-08,1.5812742985929075e-05,0.001161822872255452,0.0004156711884116504,5.451927324734473e-06,7.017761718683796e-15,0.0011773989868182342,7.358372354607975e-13,0.0003676958080634429,2.272657831243139e-10,2.487782364319596e-07,2.7633705833386117e-11,7.163948397044212e-13,1.2645511585870102e-05,2.744035957334786e-08,0.007843761094699657,0.001661759244246295,0.00012543693023501742,2.4093171366908593e-07,6.375073221950346e-09,2.1100019142173613e-08,7.392030755625798e-10,1.7472822185780597e-11,1.759199518816004e-07,1.3745172940055286e-05,9.593461453335261e-09,2.2828118277352047e-05,3.647107153368455e-09,4.339374181764086e-08,1.2871879484639125e-09,7.2166074643365165e-06,7.876329686486514e-13,1.2246941083126119e-12,1.927828171704491e-09,1.4815539169164616e-08,7.73992018715887e-15,2.7554655770375006e-12,7.728123375951302e-12
1.5613883612200814e-07,0.16628943999999996,0.8585084662769803,0.0,0.0,0.4426331190922743,0.10919958502456005,0.02175934807864952,1.4221816566982483e-08,1.6036080465110405e-05,0.0011717679472763912,0.0004198192643081977,5.519770240034451e-06,7.155004067237451e-15,0.0011820222044246103,7.517675876369649e-13,0.00036793001199043326,2.3016765882084174e-10,2.528140092561119e-07,2.7928403380776972e-11,7.271991836318099e-13,1.2722492036486072e-05,2.7959857560986795e-08,0.007843089312355792,0.0016680677629016458,0.00012575614292957977,2.4246481876145543e-07,6.39852047505808e-09,2.118185776384186e-08,7.49537499358988e-10,1.7550904483508922e-11,1.7638382524909693e-07,1.3746237590080839e-05,9.670006807389379e-09,2.3025841168399187e-05,3.6613775731155354e-09,4.421546181947889e-08,1.3000154865126946e-09,7.245340896178567e-06,7.959488640286491e-13,1.2417726230092925e-12,1.9691742531316465e-09,1.5001191661381253e-08,7.88634194186509e-15,2.800128266879398e-12,7.819745159664806e-12
1.5695351331287044e-07,0.16628943999999996,0.8585084662769803,0.0,0.0,0.44262698401566525,0.10919134159298637,0.021753953584208143,1.4468552932514256e-08,1.626126635926034e-05,0.0011817370710742912,0.0004239833481446512,5.587979482909324e-06,7.294163363320206e-15,0.0011866289428423206,7.679312419311119e-13,0.00036816074544416644,2.330859688471689e-10,2.568877586658746e-07,2.8224261971761678e-11,7.380973686509721e-13,1.279931510719486e-05,2.848591423909587e-08,0.007842416298053238,0.0016743558737246315,0.00012607446339928246,2.4399790595914314e-07,6.421866550374584e-09,2.12634052660806e-08,7.599562300261262e-10,1.762883259270245e-11,1.768461207523182e-07,1.3747271187418307e-05,9.746755957474659e-09,2.322404714715046e-05,3.6755967318397176e-09,4.504755889523822e-08,1.3128923064504943e-09,7.273878546577062e-06,8.043080623233736e-13,1.2589771688629907e-12,2.0111345315712767e-09,1.5187856567584202e-08,8.03460993850925e-15,2.845210502638865e-12,7.911912821551172e-12
1.5776819050373273e-07,0.16628943999999996,0.8585084662769803,0.0,0.0,0.44262087088393215,0.1091830990315943,0.02174856052004619,1.4718181233343968e-08,1.6488304446530488e-05,0.0011917301103743347,0.0004281633821361569,5.6565528961524325e-06,7.435256104902075e-15,0.0011912192434940694,7.843296618380551e-13,0.00036838807484348366,2.3602062408073037e-10,2.6099951811553674e-07,2.852127701008665e-11,7.490895240750039e-13,1.2875979542641711e-05,2.9018565796376076e-08,0.00784174212695998,0.001680623631413605,0.00012639189913953445,2.455309556905603e-07,6.445111743245863e-09,2.134466238309131e-08,7.704594301620289e-10,1.7706606918431273e-11,1.7730685119530645e-07,1.3748274172509152e-05,9.823708117644393e-09,2.3422733497502767e-05,3.689764760975824e-09,4.589009032743926e-08,1.3258182287947067e-09,7.302221165017324e-06,8.12710540427514e-13,1.276307656471026e-12,2.053713580170114e-09,1.5375527962567685e-08,8.184734326984214e-15,2.8907126433592376e-12,8.004625640537223e-12
1.5858286769459503e-07,0.16628943999999996,0.8585084662769803,0.0,0.0,0.4426147795658202,0.10917485728840665,0.021743168886034496,1.497071837287524e-08,1.6717198473277102e-05,0.0012017469329964267,0.0004323593086511378,5.725488310304656e-06,7.578298849073828e-15,0.0011957931480776533,8.009642965628966e-13,0.0003686120653523208,2.389715348396614e-10,2.6514931896767297e-07,2.8819443944097447e-11,7.601757760422961e-13,1.2952484118778706e-05,2.9557848214500576e-08,0.007841066870646585,0.0016868710905312261,0.00012670845753818177,2.470639485740792e-07,6.468256350243945e-09,2.1425629853669494e-08,7.810472609087251e-10,1.7784227868142787e-11,1.7776602924230881e-07,1.3749246980716747e-05,9.90086250506972e-09,2.3621897526224172e-05,3.7038817928045027e-09,4.6743113071053197e-08,1.338793074558147e-09,7.330369510895517e-06,8.211562749309044e-13,1.2937639923218386e-12,2.0969159566961025e-09,1.5564199886692876e-08,8.336725198670069e-15,2.9366350249899723e-12,8.097882883875334e-12
1.5939754488545732e-07,0.16628943999999996,0.8585084662769803,0.0,0.0,0.4426087099337239,0.10916661631448418,0.021737778682031566,1.5226181229571646e-08,1.694795215428071e-05,0.0012117874078402186,0.00043657107021211137,5.794783544017698e-06,7.723308211930671e-15,0.001200350698556631,8.178365808686885e-13,0.0003688327809030718,2.419386108985437e-10,2.693371905100535e-07,2.911875826615068e-11,7.713562475368203e-13,1.3028827642402625e-05,3.0103797266945465e-08,0.00784039059725792,0.0016930983055038157,0.000127024145877636,2.485968654181711e-07,6.4913006691180414e-09,2.150630842103761e-08,7.917198819646935e-10,1.7861695851891677e-11,1.7822366742060192e-07,1.375019004238487e-05,9.978218340025847e-09,2.3821536562636798e-05,3.7179479604222567e-09,4.7606683751648864e-08,1.351816665251253e-09,7.358324353131522e-06,8.296452421270788e-13,1.3113460788490233e-12,2.1407462032574874e-09,1.5753866346901262e-08,8.490592586116469e-15,2.9829779605760037e-12,8.19168380731699e-12
1.6021222207631962e-07,0.16628943999999996,0.8585084662769803,0.0,0.0,0.44260266186352354,0.10915837606376977,0.02173238990788381,1.5484586656597673e-08,1.7180569172964953e-05,0.001221851404870399,0.0004407986094964734,5.864436404413222e-06,7.870300868453853e-15,0.0012048919371511792,8.349479349279084e-13,0.0003690502842195261,2.449217615039577e-10,2.735631599726083e-07,2.941921551202809e-11,7.82631058408445e-13,1.3105008950698729e-05,3.0656448517854593e-08,0.007839713371676639,0.0016993053306207373,0.00012733897133694843,2.501296872204951e-07,6.51424499873928e-09,2.158669883268757e-08,8.024774516116374e-10,1.793901128258767e-11,1.7867977812271858e-07,1.3751103782896317e-05,1.0055774845873991e-08,2.4021647958305435e-05,3.731963397709283e-09,4.8480858663595605e-08,1.3648888228832062e-09,7.386086469790794e-06,8.381774180183332e-13,1.3290538144854042e-12,2.1852088460269483e-09,1.594452131771647e-08,8.646346462715522e-15,3.0297417404435527e-12,8.286027655207768e-12
1.610268992671819e-07,0.16628943999999996,0.8585084662769803,0.0,0.0,0.4425966352344272,0.1091501364929403,0.021727002563425784,1.5745951481463998e-08,1.741505318161155e-05,0.001231938795102233,0.0004450418693372541,5.934444687437856e-06,8.019293552389981e-15,0.0012094169063291286,8.522997641777234e-13,0.0003692646368393853,2.4792089538984047e-10,2.778272525444413e-07,2.972081126035297e-11,7.940003253932842e-13,1.3181026910790448e-05,3.121583732093969e-08,0.00783903525567886,0.001705492220033805,0.00012765294099384205,2.516623951613267e-07,6.537089639050696e-09,2.1666801840238414e-08,8.133201267049835e-10,1.8016174575181416e-11,1.791343736079788e-07,1.3751988622731411e-05,1.0133531249056912e-08,2.422222908673136e-05,3.745928239304629e-09,4.93656937683197e-08,1.3780093699651812e-09,7.413656647715008e-06,8.467527783112785e-13,1.3468870937210732e-12,2.2303083949707305e-09,1.6136158742234544e-08,8.80399674240494e-15,3.0769266323921997e-12,8.380913660617235e-12
1.618415764580442e-07,0.16628943999999996,0.8585084662769803,0.0,0.0,0.4425906299288226,0.10914189756126537,0.021721616648480352,1.6010292505677097e-08,1.7651407801572114e-05,0.0012420494505873546,0.000449300792723842,6.004806178214099e-06,8.170303056128205e-15,0.0012139256487971796,8.698934591790331e-13,0.0003694758991363675,2.509359207926527e-10,2.821294913908896e-07,3.002354113200929e-11,8.054641621340688e-13,1.3256880419294804e-05,3.178199881841445e-08,0.00783835630808236,0.001711659027756704,0.00012796606182668632,2.5319497060395856e-07,6.559834891023247e-09,2.1746618199277613e-08,8.242480626821022e-10,1.809318614690406e-11,1.7958746600526984e-07,1.3752844977524777e-05,1.0211486779086147e-08,2.442327734305165e-05,3.759842620578815e-09,5.026124469261438e-08,1.391178129512559e-09,7.441035682161328e-06,8.553712984266984e-13,1.3648458071559582e-12,2.276049343582756e-09,1.6328772533102705e-08,8.963553279383942e-15,3.1245328818868556e-12,8.476341045533293e-12
1.626562536489065e-07,0.16628943999999996,0.8585084662769803,0.0,0.0,0.4425846458321335,0.10913365923047381,0.021716232162858968,1.6277626504393054e-08,1.7889636623480225e-05,0.0012521832443998019,0.0004535753228026804,6.075518651387101e-06,8.32334623057551e-15,0.001218418207492295,8.877303954792648e-13,0.00036968413034190747,2.5396674546635474e-10,2.8646989767062393e-07,3.032740078956377e-11,8.170226792005378e-13,1.3332568401883597e-05,3.235496793996119e-08,0.007837676584887692,0.001717805807664432,0.00012827834071642006,2.5472739509529653e-07,6.582481056603075e-09,2.182614866920977e-08,8.352614136004929e-10,1.81700464178332e-11,1.8003906731528535e-07,1.3753673258122235e-05,1.0289640668520624e-08,2.4624790143743576e-05,3.77370667760191e-09,5.1167566727004116e-08,1.4043949250452892e-09,7.468224376450106e-06,8.640329535050674e-13,1.3829298415513997e-12,2.3224361686236515e-09,1.6522356573486772e-08,9.125025867810292e-15,3.1725607122437545e-12,8.572309020938789e-12
1.634709308397688e-07,0.16628943999999996,0.8585084662769803,0.0,0.0,0.44257868283268575,0.10912542146462603,0.021710849106361823,1.654797022607549e-08,1.812974320745941e-05,0.0012623400506222957,0.00045786540287793355,6.146579871467391e-06,8.478439985029715e-15,0.0012228946255732611,9.058119334789033e-13,0.0003698893885664589,2.5701327669719417e-10,2.9084849055278356e-07,3.063238593669087e-11,8.286759841098486e-13,1.340808981285022e-05,3.293477940173128e-08,0.007836996139412548,0.0017239326134927766,0.00012858978444844115,2.562596503578283e-07,6.605028438663107e-09,2.1905394013127525e-08,8.463603321211503e-10,1.8246755809760925e-11,1.8048918941163077e-07,1.3754473870637975e-05,1.0367992152964614e-08,2.4826764926334187e-05,3.787520547120902e-09,5.208471482416038e-08,1.4176595805909982e-09,7.495223541620867e-06,8.727377183996109e-13,1.4011390798878495e-12,2.369473329864677e-09,1.6716904718027082e-08,9.28842424153043e-15,3.221010324823689e-12,8.668816786920335e-12
1.642856080306311e-07,0.16628943999999996,0.8585084662769803,0.0,0.0,0.4425727408215768,0.109117184229993,0.021705467478778075,1.6821340392157823e-08,1.8371731083327216e-05,0.0012725197443327527,0.0004621709764121267,6.2179875931695275e-06,8.635601287050427e-15,0.0012273549464124236,9.241394183017368e-13,0.0003700917308204059,2.600754213183058e-10,2.952652872341441e-07,3.093849231760136e-11,8.404241813469973e-13,1.3483443634682073e-05,3.3521467705378856e-08,0.007836315022419677,0.0017300394988377953,0.0001289003997144408,2.5779171828995496e-07,6.627477340964205e-09,2.1984354997661565e-08,8.575449695078338e-10,1.8323314746355064e-11,1.8093784404355122e-07,1.3755247216509582e-05,1.0446540471057053e-08,2.5029199149114927e-05,3.801284366535352e-09,5.3012743597368584e-08,1.4309719206874135e-09,7.522033996096372e-06,8.814855676883578e-13,1.4194734014162654e-12,2.417165269836511e-09,1.691241079378315e-08,9.45375807383001e-15,3.2698818992266424e-12,8.7658635328962e-12
1.651002852214934e-07,0.16628943999999996,0.8585084662769803,0.0,0.0,0.44256681969255407,0.10910894749494125,0.02170008727988607,1.7097753696709526e-08,1.8615603750800904e-05,0.001282722201591028,0.0004664919870267572,6.289739561746707e-06,8.794847162328255e-15,0.0012317992135875869,9.427141796687967e-13,0.0003702912130345912,2.6315308572412513e-10,2.9972030295631134e-07,3.1245715716474304e-11,8.522673723852498e-13,1.3558628877638454e-05,3.411506713712534e-08,0.007835633282238698,0.0017361265171553242,0.00012921019311418802,2.5932358096877846e-07,6.64982806810508e-09,2.2063032392833242e-08,8.688154756826296e-10,1.8399723654229907e-11,1.813850428382982e-07,1.3755993692553105e-05,1.0525284864445322e-08,2.523209029086113e-05,3.814998273865235e-09,5.39517073190475e-08,1.4443317703818737e-09,7.548656565354631e-06,8.902764756799714e-13,1.4379326817066904e-12,2.4655164135828434e-09,1.7108868601167015e-08,9.62103697715331e-15,3.319175593477327e-12,8.863448437673672e-12
1.6591496241235568e-07,0.16628943999999996,0.8585084662769803,0.0,0.0,0.44256091934189684,0.1091007112298235,0.021694708509453542,1.7377226806106383e-08,1.8861364679698892e-05,0.0012929472994258912,0.0004708283785028792,6.361833513321356e-06,8.956194694551753e-15,0.0012362274708740764,9.615375317759669e-13,0.00037048789008046833,2.662461758846191e-10,3.0421355102293756e-07,3.155405195689281e-11,8.642056557065771e-13,1.3633644579333946e-05,3.4715611766856266e-08,0.007834950964882058,0.0017421937217605074,0.00012951917115728776,2.608552206403231e-07,6.672080925474575e-09,2.214142697193919e-08,8.801719992023892e-10,1.8475982961422127e-11,1.8183079730174317e-07,1.3756713691018923e-05,1.0604224577785772e-08,2.5435435850556404e-05,3.828662407730128e-09,5.4901659919318505e-08,1.457738955234199e-09,7.575092081608674e-06,8.99110416403157e-13,1.4565167927057805e-12,2.5145311684187554e-09,1.7306271914865387e-08,9.790270502857344e-15,3.368891544218694e-12,8.961570669521303e-12
1.6672963960321798e-07,0.16628943999999996,0.8585084662769803,0.0,0.0,0.4425550396683056,0.10909247540687475,0.02168933116723779,1.7659776358705e-08,1.9109017310137203e-05,0.00130319491582222,0.00047518009478166327,6.4342671752117265e-06,9.119661025272359e-15,0.0012406397622369651,9.806107731752439e-13,0.0003706818157898837,2.693545973593319e-10,3.0874504281695764e-07,3.186349690128374e-11,8.76239126822092e-13,1.3708489804327148e-05,3.532313544725087e-08,0.007834268114155463,0.0017482411658273505,0.0001298273402648896,2.6238661971922036e-07,6.694236219218144e-09,2.221953951141057e-08,8.91614687241093e-10,1.8552093097307097e-11,1.8227511882101947e-07,1.3757407599645054e-05,1.0683358858736945e-08,2.5639233347121773e-05,3.842276907328568e-09,5.5862654984623144e-08,1.4711933013195888e-09,7.601341383493951e-06,9.079873636225109e-13,1.47522560278749e-12,2.5642139236938324e-09,1.7504614484750573e-08,9.961468140998576e-15,3.419029866909439e-12,9.060229386447746e-12
1.6754431679408028e-07,0.16628943999999996,0.8585084662769803,0.0,0.0,0.4425491805727954,0.10908424000011355,0.0216839552529859,1.7945418964521222e-08,1.9358565052728867e-05,0.0013134649297084188,0.0004795470799649283,6.50703826625448e-06,9.285263353767865e-15,0.0012450361318234562,9.999351866596194e-13,0.0003708730429744955,2.724782553112515e-10,3.1331478781783894e-07,3.217404645036156e-11,8.883678782924853e-13,1.3783163643714744e-05,3.5937671812940664e-08,0.00783358477176302,0.0017542689023882765,0.0001301347067713424,2.639177607945894e-07,6.716294256190893e-09,2.2297370790667262e-08,9.031436856705774e-10,1.8628054494436143e-11,1.8271801866716322e-07,1.3758075801710223e-05,1.0762686957926462e-08,2.5843480319149444e-05,3.855841912405194e-09,5.683474575639183e-08,1.484694635227196e-09,7.627405315763175e-06,9.169072908445029e-13,1.4940589767980314e-12,2.614569050559979e-09,1.770389003678037e-08,1.0134639320073436e-14,3.469590656008597e-12,9.159423736242635e-12
1.6835899398494257e-07,0.16628943999999996,0.8585084662769803,0.0,0.0,0.4425433419585951,0.10907600498524798,0.02167858076643494,1.8234171204912366e-08,1.9610011288779722e-05,0.0013237572209440437,0.0004839292783156502,6.58014449712335e-06,9.453018936903455e-15,0.0012494166239554185,1.0195120391515716e-12,0.0003710616234448363,2.7561705452049466e-10,3.1792279361884126e-07,3.2485696542576327e-11,9.005919997484543e-13,1.38576652147308e-05,3.655925427969888e-08,0.007832900977407345,0.001760276984333723,0.00013044127692583287,2.654486266183113e-07,6.738255343909304e-09,2.237492159201615e-08,9.147591390326176e-10,1.870386758657208e-11,1.8315950799517035e-07,1.3758718676088554e-05,1.0842208128954002e-08,2.6048174324641214e-05,3.869357563231105e-09,5.781798512976048e-08,1.498242784062577e-09,7.653284728988469e-06,9.258701713010802e-13,1.5130167761133038e-12,2.665600901743893e-09,1.7904092273886822e-08,1.030979340679228e-14,3.5205739851681897e-12,9.259152856486885e-12
1.6917367117580487e-07,0.16628943999999996,0.8585084662769803,0.0,0.0,0.4425375237310508,0.10906777033958664,0.021673207707312157,1.852604963226362e-08,1.986335937047686e-05,0.0013340716703076512,0.0004883266342584449,6.65358357064383e-06,9.62294508899093e-15,0.001253781283122079,1.0393425815951261e-12,0.00037124760802902503,2.7877089939781514e-10,3.225690659442846e-07,3.279844315356624e-11,9.129115779111247e-13,1.3931993660351274e-05,3.718791604366215e-08,0.007832216768884875,0.0017662654644117503,0.00013074705689398043,2.6697920010313906e-07,6.760119790523216e-09,2.245219270052124e-08,9.264611904917002e-10,1.8779532808071567e-11,1.8359959784646998e-07,1.3759336597301137e-05,1.0921921628391057e-08,2.625331294075133e-05,3.882824000587832e-09,5.881242565233307e-08,1.5118375754513913e-09,7.678980479270667e-06,9.348759779720014e-13,1.5320988586895982e-12,2.7173138113241605e-09,1.810521487685401e-08,1.0486939705904545e-14,3.5719799074340093e-12,9.359415874905366e-12
1.6998834836666716e-07,0.16628943999999996,0.8585084662769803,0.0,0.0,0.4425317257975342,0.10905953604195383,0.021667836075335137,1.882107076967831e-08,2.0118612621082155e-05,0.0013444081594848434,0.0004927390923800276,6.727353182103978e-06,9.795059181646709e-15,0.0012581301539728632,1.0594280488514748e-12,0.0003714310465911363,2.819396939979342e-10,3.2725360866681984e-07,3.311228229561468e-11,9.253266966124609e-13,1.4006148148903623e-05,3.782369008057964e-08,0.00783153218217664,0.0017722343952276554,0.000131052052759371,2.6850946433281293e-07,6.7818879047728e-09,2.2529184903856287e-08,9.382499819503747e-10,1.885505059683954e-11,1.8403829915203386e-07,1.3759929935566995e-05,1.1001826715738522e-08,2.645889376353378e-05,3.8962413657333944e-09,5.981811952299347e-08,1.5254788375369884e-09,7.704493427955627e-06,9.439246835910513e-13,1.5513050791041707e-12,2.7697120945129253e-09,1.830725150518497e-08,1.0666087459959774e-14,3.6238084554289536e-12,9.460211909401226e-12
1.7080302555752946e-07,0.16628943999999996,0.8585084662769803,0.0,0.0,0.44252594806735507,0.10905130207260899,0.02166246587021206,1.9119251110671755e-08,2.0375774335123098e-05,0.0013547665710565236,0.0004971665974296493,6.801451019561289e-06,9.96937864364724e-15,0.0012624632813103816,1.0797696595981233e-12,0.00037161198804923064,2.8512334203269666e-10,3.319764238246976e-07,3.3427210017111956e-11,9.378374368156568e-13,1.4080127873681491e-05,3.8466609145091325e-08,0.007830847251534679,0.0017781838292436215,0.00013135627052508615,2.7003940254838247e-07,6.803559995938318e-09,2.260589899221655e-08,9.501256540239925e-10,1.8930421391944315e-11,1.8447562273181698e-07,1.376049905685667e-05,1.1081922653431159e-08,2.666491440769392e-05,3.909609800382854e-09,6.083511859076393e-08,1.5391663989821502e-09,7.729824441357397e-06,9.530162606198998e-13,1.5706352886124856e-12,2.8228000474421096e-09,1.8510195797957656e-08,1.0847245849095924e-14,3.676059641543414e-12,9.561540067964391e-12
1.7161770274839175e-07,0.16628943999999996,0.8585084662769803,0.0,0.0,0.4425201904516783,0.10904306841317027,0.02165709709164182,1.9420607118869232e-08,2.0634847778573152e-05,0.001365146788487347,0.0005016090943195089,6.875874764145727e-06,1.014592096078264e-14,0.0012667807100835602,1.1003686162315342e-12,0.00037179048039305416,2.8832174688405285e-10,3.367375116390348e-07,3.374322240202194e-11,9.504438766355176e-13,1.4153932052564387e-05,3.9116705770038044e-08,0.007830162009564315,0.0017841138187783905,0.00013165971611519466,2.715689981433277e-07,6.825136373817487e-09,2.2682335758202308e-08,9.620883459446005e-10,1.9005645631994946e-11,1.8491157929691791e-07,1.3761044322942153e-05,1.1162208706847978e-08,2.687137250634439e-05,3.922929446698017e-09,6.186347435370675e-08,1.5529000889739654e-09,7.754974390488104e-06,9.62150681281181e-13,1.5900893351999994e-12,2.876581946954124e-09,1.8714041374670126e-08,1.1030423990905717e-14,3.728733458139836e-12,9.663399449126416e-12
1.7243237993925405e-07,0.16628943999999996,0.8585084662769803,0.0,0.0,0.4425144528634443,0.10903483504654168,0.021651729739314243,1.9725155227707787e-08,2.089583618903927e-05,0.0013755486961143744,0.0005060665281251441,6.950622090358892e-06,1.032470367570969e-14,0.001271082485380917,1.1212261047732514e-12,0.0003719665707014122,2.9153481161686843e-10,3.4153687053107166e-07,3.4060315569353564e-11,9.631460913588102e-13,1.4227559927642307e-05,3.9774012265797794e-08,0.00782947648730252,0.0017900244160069213,0.00013196239537617503,2.7309823467929197e-07,6.84661734868775e-09,2.275849599666635e-08,9.741381957212463e-10,1.9080723759658034e-11,1.853461794533993e-07,1.3761566091445529e-05,1.1242684144257571e-08,2.7078265710765108e-05,3.936200447252262e-09,6.29032379578735e-08,1.5666797372204813e-09,7.779944150794418e-06,9.713279175658367e-13,1.6096670636174686e-12,2.931062050397034e-09,1.891878183607502e-08,1.1215630940218976e-14,3.781829877734848e-12,9.765789142011492e-12
1.7324705713011634e-07,0.16628943999999996,0.8585084662769803,0.0,0.0,0.44250873521729367,0.10902660195684438,0.02164636381291027,2.003291184014133e-08,2.1158742775949013e-05,0.0013859721791359106,0.0005105388440857989,7.025690666369369e-06,1.0505744387801734e-14,0.001275368652423972,1.1423432947794726e-12,0.0003721403051592237,2.9476243899156513e-10,3.4637449713941956e-07,3.4378485672637295e-11,9.75944153464599e-13,1.4301010764845206e-05,4.0438560719649166e-08,0.007828790714292528,0.0017959156729600975,0.00013226431407834086,2.7462709587080706e-07,6.868003231252426e-09,2.2834380504638374e-08,9.862753401320362e-10,1.9155656219010373e-11,1.8577943370107733e-07,1.3762064715891542e-05,1.1323348236821938e-08,2.72855916901675e-05,3.949422945009784e-09,6.39544601962999e-08,1.5805051739512624e-09,7.804734601900463e-06,9.805479411902639e-13,1.6293683154376126e-12,2.986244595424162e-09,1.9124410765003356e-08,1.1402875688897812e-14,3.835348853185575e-12,9.868708226082618e-12
1.739802666018924e-07,0.16628943999999996,0.8585084662769803,0.0,0.0,0.4425036063170028,0.10901919240069753,0.021641535698040656,2.0312649594152116e-08,2.1397001375047854e-05,0.0013953716666193377,0.000514576607565363,7.093525121224104e-06,1.06706262077276e-14,0.0012792128951829506,1.161571763837943e-12,0.0003722946893837982,2.976796740836012e-10,3.5076107578329206e-07,3.466575639412962e-11,9.875444165292739e-13,1.4366964563157629e-05,4.104287254215691e-08,0.007828173327464064,0.0018012013111697357,0.00013253539534140187,2.760027366783222e-07,6.887169478766254e-09,2.290244147266399e-08,9.972735189160526e-10,1.922297125123984e-11,1.8616822036572136e-07,1.376249397864877e-05,1.13961066202589e-08,2.7472553182108597e-05,3.9612818415741815e-09,6.491039903837945e-08,1.5929870762736555e-09,7.826893428706653e-06,9.88882522074265e-13,1.6472049211275387e-12,3.0365129598974985e-09,1.931023112318263e-08,1.1573145662134168e-14,3.883877161708472e-12,9.961787263107614e-12
1.7471347607366848e-07,0.16628943999999996,0.8585084662769803,0.0,0.0,0.4424984934419993,0.10901178304694124,0.021636708737658914,2.05950114117565e-08,2.16368185743522e-05,0.0014047884553720616,0.0005186263416778936,7.161616186507876e-06,1.0837364216196896e-14,0.0012830445651285615,1.1810123542501493e-12,0.0003724472345125125,3.006085546240112e-10,3.5517864219837764e-07,3.495389358914033e-11,9.99222421347661e-13,1.4432773882907052e-05,4.165309923632404e-08,0.007827555779884034,0.0018064713635114053,0.00013280586926730663,2.7737804872855323e-07,6.90625918056949e-09,2.297028033011896e-08,1.008342613916912e-09,1.9290168976470498e-11,1.8655593277471982e-07,1.3762905029840329e-05,1.1469016699114376e-08,2.765986167382445e-05,3.9731016717286735e-09,6.587569675870735e-08,1.6055058071595076e-09,7.848908377355818e-06,9.97251716678966e-13,1.6651413300399112e-12,3.087356779546115e-09,1.9496761226592982e-08,1.174507995128933e-14,3.932747624880614e-12,1.005529367018369e-11
1.7544668554544456e-07,0.16628943999999996,0.8585084662769803,0.0,0.0,0.4424933965333102,0.10900437388627512,0.021631882931514686,2.0880009186225976e-08,2.187819665568959e-05,0.0014142224634497978,0.0005226880068442546,7.229962150309344e-06,1.1005971360383699e-14,0.0012868636954782753,1.2006658840753243e-12,0.00037259797242288214,3.035490091418667e-10,3.5962719029912304e-07,3.5242894523272603e-11,1.0109782150043563e-12,1.4498438237043192e-05,4.2269263727907584e-08,0.007826938090260435,0.001811725867615194,0.00013307573990980356,2.7875302046335347e-07,6.925272563938303e-09,2.3037897662111e-08,1.0194827221902971e-09,1.9357249720431542e-11,1.8694257836987553e-07,1.3763298118864932e-05,1.1542077948050397e-08,2.7847515502512235e-05,3.984882540440802e-09,6.685038964823518e-08,1.6180612439379923e-09,7.870780096790004e-06,1.0056555038965795e-12,1.68317742026507e-12,3.138779101930665e-09,1.9683996363095163e-08,1.1918684980053357e-14,3.981960168270348e-12,1.014922675727487e-11
1.7610657407004303e-07,0.16628943999999996,0.8585084662769803,0.0,0.0,0.4424888229187121,0.1089977057996019,0.021627540692646705,2.1138770739468496e-08,2.2096773354418187e-05,0.0014227277259496137,0.0005263536739200389,7.291690038292979e-06,1.1159326631709447e-14,0.0012902902189505514,1.2185367913718417e-12,0.00037273211727733386,3.0620525475141664e-10,3.6365736699323516e-07,3.550373161818403e-11,1.0216249762236117e-12,1.4557411819505356e-05,4.282890741616795e-08,0.007826382062957412,0.0018164416585897839,0.000133318110993572,2.7999019457910295e-07,6.9423195447175174e-09,2.3098564341160328e-08,1.0295696155067925e-09,1.94175226401797e-11,1.8728965337765217e-07,1.3763636745392588e-05,1.1607961889836802e-08,2.8016697846163418e-05,3.995452097177326e-09,6.773567592449605e-08,1.629392419468706e-09,7.890342721376399e-06,1.0132484715166024e-12,1.6994950266458238e-12,3.1855563199318077e-09,1.9853106886779703e-08,1.2076363263915147e-14,4.026543864384498e-12,1.0234130772103642e-11
1.767664625946415e-07,0.16628943999999996,0.8585084662769803,0.0,0.0,0.442484262148149,0.10899103785643094,0.021623199388313905,2.1399685675455295e-08,2.2316617839350662e-05,0.0014312468111809691,0.0005300289444773072,7.353621751915061e-06,1.1314215910320886e-14,0.0012937066366285207,1.2365814141335114e-12,0.0003728648461394039,3.0887076491794196e-10,3.6771262699379416e-07,3.5765264180768486e-11,1.0323348148976754e-12,1.4616267262835005e-05,4.339339567496763e-08,0.007825825947606536,0.0018211449131931262,0.00013355999955351897,2.8122707546826773e-07,6.959305057784009e-09,2.315905248758854e-08,1.0397141770952981e-09,1.9477701307954038e-11,1.8763587557538463e-07,1.3763961200709203e-05,1.1673967475049932e-08,2.818615737847614e-05,4.005990257155245e-09,6.862862762039218e-08,1.6407531387499627e-09,7.909790333674126e-06,1.020869426350108e-12,1.7158931829185474e-12,3.232806785555193e-09,2.0022781213910557e-08,1.2235404640419258e-14,4.071404503452453e-12,1.0319379322988884e-11
1.7742635111923997e-07,0.16628943999999996,0.8585084662769803,0.0,0.0,0.4424797141805313,0.10898437005126402,0.021618859018322768,2.166276262103676e-08,2.2537731736638172e-05,0.0014397796605134482,0.0005337137898879737,7.415756036353985e-06,1.1470648711048365e-14,0.0012971129728698886,1.2548003257713032e-12,0.00037299618113133156,3.1154548720082943e-10,3.7179296354285666e-07,3.6027490261493456e-11,1.043107761651556e-12,1.4675004242218845e-05,4.396274490955336e-08,0.007825269756220034,0.0018258356586595477,0.0001338014084493619,2.8246365490859045e-07,6.976229269203902e-09,2.321936253022191e-08,1.0499164760526055e-09,1.9537785963591774e-11,1.8798125025439986e-07,1.3764271661343447e-05,1.1740094324589975e-08,2.8355892910293944e-05,4.016497097310789e-09,6.952927070524086e-08,1.6521433130723e-09,7.929123410945593e-06,1.0285183526893629e-12,1.732371796168637e-12,3.280532692439605e-09,2.0193015889913873e-08,1.2395813705687317e-14,4.1165420056283914e-12,1.0404971894796688e-11
1.7808623964383844e-07,0.16628943999999996,0.8585084662769803,0.0,0.0,0.4424751789753285,0.1089777023789707,0.02161451958247643,2.192801018917653e-08,2.276011666077443e-05,0.0014483262156588493,0.0005374081815952193,7.478091634827966e-06,1.1628634572713445e-14,0.001300509252073016,1.2731940923960638e-12,0.0003731261440339258,3.1422936906113346e-10,3.758983691618406e-07,3.6290407924323735e-11,1.0539438459566408e-12,1.4733622442145036e-05,4.453697142767944e-08,0.007824713500337348,0.0018305139221607117,0.00013404234051158398,2.836999247324951e-07,6.993092345141151e-09,2.327949489855304e-08,1.0601765808613936e-09,1.9597776845020828e-11,1.883257826638643e-07,1.376456830219037e-05,1.180634206059502e-08,2.8525903259576627e-05,4.026972694704968e-09,7.043763099408747e-08,1.6635628539554334e-09,7.948342431612806e-06,1.0361952347387027e-12,1.7489307722441046e-12,3.328736225243668e-09,2.036380745463749e-08,1.2557595028373785e-14,4.161956283130835e-12,1.0490907968713544e-11
1.7874612816843691e-07,0.16628943999999996,0.8585084662769803,0.0,0.0,0.44247065649255096,0.10897103483477119,0.021610181080574695,2.2195436978857053e-08,2.2983774214657628e-05,0.001456886418667723,0.0005411120911135703,7.540627288689117e-06,1.1788183058073387e-14,0.0013038954986749358,1.2917632727949487e-12,0.00037325475629180116,3.169223578655792e-10,3.800288356574831e-07,3.6554015246541424e-11,1.064843096137704e-12,1.4792121556285081e-05,4.5116091439450657e-08,0.007824157191043733,0.0018351797308055302,0.00013428279854183357,2.8493587684276954e-07,7.009894451857563e-09,2.333945002267135e-08,1.07049455948629e-09,1.9657674192448912e-11,1.8866947801389647e-07,1.376485129652513e-05,1.1872710306405101e-08,2.869618725132709e-05,4.037417126512393e-09,7.135373414745427e-08,1.6750116731472162e-09,7.967447875181915e-06,1.0439000566400028e-12,1.7655700157598676e-12,3.377419559586109e-09,2.053515244261339e-08,1.2720753149626048e-14,4.207647240308743e-12,1.057718702251448e-11
1.7940601669303539e-07,0.16628943999999996,0.8585084662769803,0.0,0.0,0.44246614669273104,0.10896436741422108,0.02160584351241416,2.246505157498776e-08,2.320870598964969e-05,0.0014654602119259926,0.0005448254900289713,7.6033617375156876e-06,1.194930375376422e-14,0.0013072717371494247,1.3105084184095166e-12,0.0003733820390184714,3.1962440089055147e-10,3.841843541277809e-07,3.681831031858133e-11,1.0758055393798938e-12,1.4850501287378017e-05,4.5700121057174844e-08,0.007823600838987567,0.0018398331116401114,0.0001345227853133414,2.861715032037828e-07,7.026635755677495e-09,2.339922833325213e-08,1.080870479486781e-09,1.9717478247661994e-11,1.8901234147332192e-07,1.376512081602152e-05,1.1939198686551453e-08,2.8866743717520068e-05,4.047830470003564e-09,7.227760567111376e-08,1.68648968261959e-09,7.986440222170548e-06,1.0516328023830621e-12,1.7822894301175955e-12,3.42658486198815e-09,2.0707047383314973e-08,1.2885292582973052e-14,4.253614773691651e-12,1.066380852993381e-11
1.8006590521763386e-07,0.16628943999999996,0.8585084662769803,0.0,0.0,0.4424616495369073,0.10895770011319598,0.021601506877788206,2.2736862548313407e-08,2.3434913565632275e-05,0.001474047538151627,0.0005485483499988486,7.66629371920321e-06,1.2112006270242679e-14,0.0013106379920051134,1.3294300733147624e-12,0.000373508013001363,3.2233544532595214e-10,3.883649149679209e-07,3.708329124386848e-11,1.0868312017357046e-12,1.4908761347115859e-05,4.628907629522717e-08,0.00782304445439696,0.001844474091647718,0.0001347623035713339,2.874067958330932e-07,7.043316422988645e-09,2.345883026153835e-08,1.0913044078359379e-09,1.977718925062382e-11,1.893543781700665e-07,1.3765377030767475e-05,1.2005806826788457e-08,2.9037571497031834e-05,4.058212802553468e-09,7.320927091586919e-08,1.6979967945734073e-09,8.005319954036705e-06,1.0593934558635291e-12,1.7990889175275136e-12,3.4762342898170764e-09,2.087948880141122e-08,1.3051217814349013e-14,4.299858772069204e-12,1.0750771961028904e-11
1.8072579374223233e-07,0.16628943999999996,0.8585084662769803,0.0,0.0,0.4424571649866071,0.10895103292787671,0.021597171176487108,2.3010878455322244e-08,2.366239851106492e-05,0.0014826483403913076,0.0005522806427521782,7.729421970055769e-06,1.2276300241730598e-14,0.0013139942877835936,1.348528774198063e-12,0.000373632698706837,3.2505543827900696e-10,3.9257050787620933e-07,3.7348956138645446e-11,1.0979201081319477e-12,1.4966901456028964e-05,4.6882973069915315e-08,0.007822488047096452,0.0018491026977486959,0.0001350013560334159,2.886417468150687e-07,7.059936620264263e-09,2.351825623927357e-08,1.10179641081628e-09,1.9836807441546938e-11,1.8969559319556536e-07,1.376562010927705e-05,1.2072534354088704e-08,2.9208669435569826e-05,4.06856420164867e-09,7.414875507733209e-08,1.7095329214433894e-09,8.024087553107494e-06,1.0671820010026589e-12,1.8159683790153407e-12,3.5263699912297114e-09,2.105247321702128e-08,1.3218533302145497e-14,4.3463791165762594e-12,1.0838076783067297e-11
1.813856822668308e-07,0.16628943999999996,0.8585084662769803,0.0,0.0,0.44245269300383067,0.10894436585473502,0.021592836408298052,2.3287107838157726e-08,2.3891162383041345e-05,0.0014912625620171678,0.0005560223400895423,7.792745224875574e-06,1.2442195326156565e-14,0.0013173406490575778,1.3678050503396043e-12,0.0003737561162850852,3.277843267782087e-10,3.9680112185998307e-07,3.761530313181423e-11,1.109072282376705e-12,1.5024921343373375e-05,4.748182719934561e-08,0.007821931626522602,0.0018537189568004363,0.0001352399453899726,2.898763482930689e-07,7.076496513986519e-09,2.3577506698698118e-08,1.1123465545093417e-09,1.9896333063773745e-11,1.9003599159939928e-07,1.3765850218511483e-05,1.2139380896576924e-08,2.9380036385603833e-05,4.078884744837032e-09,7.509608319572862e-08,1.721097975883052e-09,8.04274350251035e-06,1.0749984214653006e-12,1.832927714438086e-12,3.5769941051177546e-09,2.122599714596431e-08,1.3387243476936398e-14,4.393175680706379e-12,1.0925722458881516e-11
1.8204557079142927e-07,0.16628943999999996,0.8585084662769803,0.0,0.0,0.4424482335510366,0.10893769889052081,0.021588502573005205,2.3565559224529087e-08,2.412120672734568e-05,0.0014998901467236114,0.0005597734138831805,7.856262217050914e-06,1.2609701205094967e-14,0.001320677100429114,1.3872594235942521e-12,0.00037387828557490667,3.305220577770723e-10,4.0105674524150113e-07,3.788233036478253e-11,1.120287747166256e-12,1.508282074702015e-05,4.808565440331093e-08,0.00782137520173862,0.0018583228955973354,0.00013547807430455005,2.9111059246448655e-07,7.092996270667509e-09,2.363658207252193e-08,1.1229549044671929e-09,1.9955766359584983e-11,1.9037557839169404e-07,1.3766067523892034e-05,1.2206346083580142e-08,2.955167120629881e-05,4.089174509749361e-09,7.605128015571304e-08,1.732691870773739e-09,8.061288286106534e-06,1.0828427008084428e-12,1.849966822504445e-12,3.628108761054951e-09,2.1400057100004735e-08,1.355735274158371e-14,4.4402483304061795e-12,1.1013708447545641e-11
1.8270545931602775e-07,0.16628943999999996,0.8585084662769803,0.0,0.0,0.4424437865911258,0.10893103203224873,0.02158416967038976,2.3846241127621794e-08,2.4352533078510018e-05,0.0015085310385241125,0.0005635338360770396,7.919971678644323e-06,1.2778827583712231e-14,0.0013240036665277874,1.4068924083732317e-12,0.00037399922610850016,3.332685781577304e-10,4.0533736566383886e-07,3.8150035991294325e-11,1.1315665240920073e-12,1.5140599413344446e-05,4.869447030318307e-08,0.007820818781449098,0.001862914540870744,0.00013571574541421493,2.9234447159242866e-07,7.1094360569261175e-09,2.369548279385247e-08,1.1336215251105522e-09,2.0015107567641524e-11,1.9071435855144566e-07,1.3766272189308188e-05,1.2273429545694914e-08,2.9723572763447354e-05,4.0994335741500005e-09,7.70143706861728e-08,1.7443145192439367e-09,8.079722388424409e-06,1.0907148228624337e-12,1.8670856007867224e-12,3.679716079244024e-09,2.1574649587098206e-08,1.3728865471518128e-14,4.4875969242075596e-12,1.1102034206621352e-11
1.8336534784062622e-07,0.16628943999999996,0.8585084662769803,0.0,0.0,0.44243935208742874,0.10892436527718595,0.021579837700230014,2.412916204601445e-08,2.4585142959868254e-05,0.0015171851817480997,0.0005673035786868166,7.983872340478995e-06,1.2949584190706329e-14,0.0013273203720089858,1.4267045116273436e-12,0.00037411895711612886,3.3602383473476595e-10,4.0964297009675857e-07,3.841841817727611e-11,1.1429086336473993e-12,1.5198257097116634e-05,4.9308290421788547e-08,0.007820262374013764,0.0018674939192889408,0.0001359529613299481,2.935779779945594e-07,7.125816039297572e-09,2.3754209296222175e-08,1.1443464812289637e-09,2.007435693419619e-11,1.910523370114895e-07,1.3766464377147667e-05,1.2340630914580575e-08,2.989573992940397e-05,4.109662015800005e-09,7.798537936008058e-08,1.7559658346253201e-09,8.098046294595086e-06,1.0986147708873586e-12,1.8842839457301425e-12,3.731818170465548e-09,2.174977111163251e-08,1.390178601399587e-14,4.535221313142887e-12,1.119069918814205e-11
1.8395924751276482e-07,0.16628943999999996,0.8585084662769803,0.0,0.0,0.44243537165419156,0.10891836528380915,0.021575939724150298,2.4385712242883907e-08,2.47955905214619e-05,0.0015249851948572208,0.0005707042929200495,8.041545362430549e-06,1.3104667041945493e-14,0.0013302969965112454,1.4446889638227187e-12,0.0003742256965324205,3.385109910927063e-10,4.1353936410798617e-07,3.866053909684247e-11,1.1531706977040766e-12,1.5250045376427511e-05,4.986501988568725e-08,0.007819761624954086,0.0018716048936945945,0.00013616606860052772,2.946878087705086e-07,7.140507028769876e-09,2.3806914549758286e-08,1.1540488715206161e-09,2.0127603040748877e-11,1.9135583622048868e-07,1.3766626810881628e-05,1.2401212653417845e-08,3.0050916547533347e-05,4.1188414951706634e-09,7.88660773630334e-08,1.7664764572346004e-09,8.11444399383985e-06,1.1057485014921457e-12,1.8998303991967053e-12,3.779134820435661e-09,2.1907829918914752e-08,1.4058621752645533e-14,4.578318938993733e-12,1.1270787250990522e-11
1.8455314718490343e-07,0.16628943999999996,0.8585084662769803,0.0,0.0,0.4424314012549666,0.10891236537035336,0.021572042503012135,2.4644089088797998e-08,2.5007080062236215e-05,0.0015327958566345979,0.0005741125137816349,8.0993713008084e-06,1.3261085402670646e-14,0.001333265671910372,1.4628192655828343e-12,0.00037433148517123825,3.410051417778272e-10,4.174559736371129e-07,3.890320523353234e-11,1.163484090313791e-12,1.5301735300782208e-05,5.042582643750208e-08,0.007819260898444078,0.001875705972849977,0.00013637881112544138,2.957973259425449e-07,7.1551498335035544e-09,2.3859479353924167e-08,1.1637986111588578e-09,2.018077512585062e-11,1.916586935707027e-07,1.3766779384375199e-05,1.2461889332626654e-08,3.020630658772464e-05,4.127996290013842e-09,7.975322653358091e-08,1.7770101671926015e-09,8.130753181980572e-06,1.112904745696775e-12,1.9154411398479615e-12,3.826855464005962e-09,2.2066311859540706e-08,1.421660444866317e-14,4.621639713467914e-12,1.1351149234759258e-11
1.8514704685704204e-07,0.16628943999999996,0.8585084662769803,0.0,0.0,0.44242744086386004,0.10890636553530551,0.02156814603664805,2.4904298748526964e-08,2.521961266965452e-05,0.0015406171271406606,0.0005775282210202313,8.157349228145832e-06,1.3418846413751058e-14,0.0013362264162270108,1.481095770913133e-12,0.0003744363364422773,3.4350624789187497e-10,4.2139278780947857e-07,3.914641527499993e-11,1.1738488241624627e-12,1.5353326708424363e-05,5.099072118827378e-08,0.007818760199912978,0.0018797971760650969,0.00013659119075529696,2.9690652403237055e-07,7.169744574891155e-09,2.3911904025472877e-08,1.1735957465341768e-09,2.0233873372863275e-11,1.9196091258032327e-07,1.3766922212930578e-05,1.2522660686096158e-08,3.0361909241300855e-05,4.137126457133067e-09,8.064684446086193e-08,1.7875669017888427e-09,8.146974213682417e-06,1.1200834910288676e-12,1.93111608991471e-12,3.874981620162679e-09,2.222521437873936e-08,1.4375737213329602e-14,4.665183512809008e-12,1.1431784733380333e-11
1.8574094652918064e-07,0.16628943999999996,0.8585084662769803,0.0,0.0,0.442423490455228,0.10890036577729031,0.02156425032488877,2.5166347377045463e-08,2.54331894239698e-05,0.0015484489666355845,0.0005809513944316561,8.215478216373166e-06,1.3577957231345414e-14,0.0013391792474945602,1.4995188288870501e-12,0.0003745402635683904,3.4601427050127515e-10,4.253497953232214e-07,3.939016791650959e-11,1.1842649112327636e-12,1.5404819442840552e-05,5.155971518416835e-08,0.007818259534595234,0.0018838785226085208,0.0001368032093244685,2.980153975906404e-07,7.1842913743349954e-09,2.3964188881360515e-08,1.1834403232917876e-09,2.0286897958075257e-11,1.9226249674626695e-07,1.3767055410893185e-05,1.258352644856476e-08,3.05177237037309e-05,4.146232053393899e-09,8.154694863135102e-08,1.7981465984707471e-09,8.163107443852915e-06,1.1272847251233898e-12,1.9468551709358856e-12,3.923514801588551e-09,2.2384534919985045e-08,1.453602313982788e-14,4.708950208585447e-12,1.1512693337829922e-11
1.862754562341054e-07,0.16628943999999996,0.8585084662769803,0.0,0.0,0.44241994360147496,0.10889496605990939,0.0215607448293512,2.540376854017988e-08,2.5626302135493475e-05,0.001555506625981136,0.0005840386174189598,8.26792269534111e-06,1.3722316978608168e-14,0.0013418300448925272,1.5162251681028985e-12,0.00037463301861811365,3.4827737224778166e-10,4.289283577099252e-07,3.961000814460684e-11,1.1936833059406798e-12,1.5451078413025572e-05,5.207532371240407e-08,0.007817808968381194,0.001887543322935357,0.00013699371883300795,2.9901310184951084e-07,7.197342603869199e-09,2.4011125971348273e-08,1.1923410416478334e-09,2.0334557246697373e-11,1.9253338258161962e-07,1.3767167148640913e-05,1.263838613592823e-08,3.065813715485537e-05,4.154406129020478e-09,8.236260249251514e-08,1.8076879065059014e-09,8.177552574196652e-06,1.133785053797813e-12,1.9610751104163413e-12,3.96754391660842e-09,2.252827870167973e-08,1.468126896910091e-14,4.748530701386508e-12,1.1585744249207074e-11
1.8680996593903017e-07,0.16628943999999996,0.8585084662769803,0.0,0.0,0.4424164047945932,0.1088895664030977,0.021557239944779122,2.564268871866446e-08,2.5820262252602335e-05,0.0015625727854863484,0.0005871318570166797,8.320488104130314e-06,1.3867781116297072e-14,0.0013444744604997566,1.5330507412205195e-12,0.00037472504505314564,3.505460163640683e-10,4.3252325837153176e-07,3.9830285887389774e-11,1.2031433136506595e-12,1.5497257228482222e-05,5.2594269485182296e-08,0.007817358436712437,0.0018912001689204423,0.00013718393867002127,3.0001053494168065e-07,7.210355187270762e-09,2.4057950298794244e-08,1.2012802568909806e-09,2.0382157143361964e-11,1.9280375952646084e-07,1.3767271259490007e-05,1.2693321888040093e-08,3.07987209420732e-05,4.162560389857729e-09,8.318353689438396e-08,1.817247717903062e-09,8.191927131943453e-06,1.1403035793772895e-12,1.9753468736833363e-12,4.011905036052453e-09,2.2672357143229725e-08,1.4827453579380813e-14,4.7882915323464354e-12,1.1659015744158512e-11
1.8734447564395493e-07,0.16628943999999996,0.8585084662769803,0.0,0.0,0.4424128740163794,0.10888416680611618,0.021553735671045546,2.588311237892963e-08,2.6015070547942716e-05,0.001569647416589077,0.0005902310985939896,8.373173765116124e-06,1.4014354892874496e-14,0.001347112507485384,1.5499957924387736e-12,0.0003748163521348567,3.528201744021173e-10,4.3613448819502357e-07,4.0051000209168647e-11,1.2126449416529887e-12,1.5543355785763782e-05,5.311656042020509e-08,0.007816907943026238,0.0018948490745244048,0.00013737387013981013,3.0100769297332467e-07,7.223329213019018e-09,2.4104662095080733e-08,1.2102580014633891e-09,2.0429697776641813e-11,1.9307363008388274e-07,1.3767367824846682e-05,1.2748333513127565e-08,3.093947448735123e-05,4.1706948774349175e-09,8.400976437103422e-08,1.8268259873776084e-09,8.20623137618995e-06,1.1468402928562656e-12,1.989670402115867e-12,4.056599249463337e-09,2.2816768377814507e-08,1.4974579187674358e-14,4.828232598235871e-12,1.1732507520570007e-11
1.878789853488797e-07,0.16628943999999996,0.8585084662769803,0.0,0.0,0.44240935124877706,0.10887876726830231,0.021550232008022367,2.6125043980858086e-08,2.621072778950753e-05,0.001576730490853991,0.0005933363275510279,8.425979000397148e-06,1.4162043566743812e-14,0.0013497441990246064,1.567060562703203e-12,0.0003749069490083135,3.5509981789578267e-10,4.397620377956087e-07,4.0272150179028723e-11,1.2221881967865738e-12,1.5589373984713006e-05,5.364220439251036e-08,0.007816457490648115,0.001898490053680658,0.00013756351453651102,3.0200457207448934e-07,7.23626476957136e-09,2.4151261591675764e-08,1.2192743076995355e-09,2.0477179276540657e-11,1.9334299674091626e-07,1.3767456925512818e-05,1.280342081989796e-08,3.1080397215287044e-05,4.178809633291463e-09,8.484129738902612e-08,1.8364226697421923e-09,8.220465566108376e-06,1.1533951851259565e-12,2.004045636652737e-12,4.101627642181982e-09,2.2961510537793877e-08,1.5122647998914716e-14,4.86835379282915e-12,1.1806219275370643e-11
1.8841349505380446e-07,0.16628943999999996,0.8585084662769803,0.0,0.0,0.4424058364738735,0.1088733677890668,0.021546728955580408,2.6368487977757787e-08,2.6407234740654154e-05,0.001583821979971597,0.0005964475293189026,8.47890313182269e-06,1.4310852406227974e-14,0.0013523695482981592,1.5842452897025525e-12,0.0003749968447037173,3.573849183619231e-10,4.434058975187237e-07,4.049373487078244e-11,1.2317730854412992e-12,1.5635311728427304e-05,5.417120923445144e-08,0.007816007082795309,0.0019021231202953975,0.0001377528731442062,3.030011683985771e-07,7.249161945355642e-09,2.4197749020125402e-08,1.22832920774506e-09,2.052460177312043e-11,1.9361186196976556e-07,1.3767538641689723e-05,1.2858583617554616e-08,3.122148855308833e-05,4.1869046989768635e-09,8.567814834737515e-08,1.8460377199062473e-09,8.234629960927776e-06,1.159968247040081e-12,2.0184725177984604e-12,4.146991295332697e-09,2.310658175478435e-08,1.5271662206013794e-14,4.908655006927491e-12,1.1880150703936302e-11
1.8894800475872923e-07,0.16628943999999996,0.8585084662769803,0.0,0.0,0.4424023296738958,0.10886796836789096,0.021543226513589416,2.6613448816334358e-08,2.6604592160122272e-05,0.0015909218557572775,0.000599564689359692,8.531945481019885e-06,1.4460786689548003e-14,0.001354988568491799,1.6015502078655087e-12,0.0003750860481378228,3.596754473015432e-10,4.470660574420317e-07,4.0715753362918935e-11,1.2413996135603823e-12,1.568116892322432e-05,5.4703582735681305e-08,0.007815556722580127,0.0019057482882476025,0.00013794194723703362,3.0399747812218353e-07,7.262020828777028e-09,2.4244124612043394e-08,1.2374227335268163e-09,2.0571965396570865e-11,1.9388022822792592e-07,1.3767613052982969e-05,1.2913821715796691e-08,3.136274793055264e-05,4.194980116054454e-09,8.652032957752347e-08,1.8556710928782165e-09,8.248724819915535e-06,1.1665594694193577e-12,2.032950985628134e-12,4.19269128580864e-09,2.3251980159734905e-08,1.5421623989859275e-14,4.949136128387436e-12,1.19543015002657e-11
1.89482514463654e-07,0.16628943999999996,0.8585084662769803,0.0,0.0,0.44239883083120796,0.10886256900432383,0.02153972468191809,2.6859930936663758e-08,2.6802800802051717e-05,0.001598030090150335,0.000602687793166445,8.585105369420671e-06,1.4611851704801154e-14,0.001357601272795792,1.6189755483576092e-12,0.0003751745681153468,3.6197137620096266e-10,4.5074250737741614e-07,4.093820473855297e-11,1.251067786642724e-12,1.5726945478607642e-05,5.5239332643136396e-08,0.007815106413013244,0.001909365571389035,0.00013813073807929525,3.0499349744494425e-07,7.2748415082120925e-09,2.4290388599103028e-08,1.2465549167672607e-09,2.0619270277140316e-11,1.9414809795832377e-07,1.376768023840707e-05,1.2969134924817556e-08,3.150417478004721e-05,4.20303592609774e-09,8.736785334331486e-08,1.8653227437647344e-09,8.262750402359149e-06,1.1731688430486412e-12,2.047480979792094e-12,4.2387286862574855e-09,2.339770388300214e-08,1.5572535519310278e-14,4.989797042140581e-12,1.2028671357097953e-11
1.905515338735035e-07,0.16628943999999996,0.8585084662769803,0.0,0.0,0.44239185694782196,0.10885177044853327,0.02153272284900406,2.7357476749575372e-08,2.7201774746961137e-05,0.0016122715231297444,0.0006089517742048939,8.691775048744077e-06,1.4917395132744972e-14,0.0013628077865154489,1.654188404659093e-12,0.0003753495923676151,3.6657931975784046e-10,4.5814423521497056e-07,4.13844024956095e-11,1.2705290874852504e-12,1.5818256324874574e-05,5.632099245080391e-08,0.007814205957377616,0.0019165765385105408,0.00013850747502078983,3.0698464980070865e-07,7.300368608471457e-09,2.438258268558693e-08,1.2649353814797904e-09,2.071370433106949e-11,1.9468235753541688e-07,1.3767793244778903e-05,1.3079985918432008e-08,3.1787528637325686e-05,4.2190888914187496e-09,8.907897719908115e-08,1.8846807001992545e-09,8.290594774758145e-06,1.186442007026969e-12,2.0766953036286086e-12,4.331819986353665e-09,2.3690119803395806e-08,1.587721643030368e-14,5.0716577717623785e-12,1.2178067016527701e-11
1.91620553283353e-07,0.16628943999999996,0.8585084662769803,0.0,0.0,0.4423849146852398,0.10884097211933817,0.02152572345576744,2.786116080348689e-08,2.7604162517176083e-05,0.001626546056866961,0.0006152393569980412,8.798906738352253e-06,1.5227525191527302e-14,0.0013679891950504933,1.689885642564776e-12,0.00037552198570989475,3.712085206723297e-10,4.656109942863169e-07,4.1832320897543007e-11,1.2901570231627096e-12,1.5909243605693326e-05,5.741624977811149e-08,0.007813305738059401,0.001923756131929696,0.00013888309389042735,3.089745955177573e-07,7.3257439524790115e-09,2.4474333133831432e-08,1.2834708515399466e-09,2.0807904978494538e-11,1.9521465995775937e-07,1.3767878281278619e-05,1.3191135089778662e-08,3.2071545634503595e-05,4.23506392768001e-09,9.08116166726568e-08,1.9041112320281404e-09,8.318165152155019e-06,1.1997876645753547e-12,2.1061149981931074e-12,4.426273691365818e-09,2.3983814549782092e-08,1.618572204917872e-14,5.154236217592361e-12,1.2328335197778252e-11
1.926895726932025e-07,0.16628943999999996,0.8585084662769803,0.0,0.0,0.4423780039069732,0.10883017401529811,0.021518726501121552,2.837101837761392e-08,2.80099699820159e-05,0.001640853471242353,0.0006215504266051068,8.90649500536383e-06,1.5542284539227624e-14,0.001373145604034936,1.7260689936606313e-12,0.0003756918146862179,3.7585875042082524e-10,4.7314269372067304e-07,4.2281952770897845e-11,1.3099516219093723e-12,1.5999906708361313e-05,5.852516506150232e-08,0.007812405775797059,0.0019309044614809329,0.00013925760445928403,3.109633050066577e-07,7.350968245960576e-09,2.4565641798508406e-08,1.3021615733368792e-09,2.090187326407659e-11,1.9574502425687787e-07,1.3767935959220831e-05,1.3302580938061467e-08,3.235622132102204e-05,4.250961367692896e-09,9.256586743925502e-08,1.923613983641309e-09,8.345463607788488e-06,1.2132057407587693e-12,2.1357395658713484e-12,4.522098228239432e-09,2.427877315119229e-08,1.6498069293491626e-14,5.237531356044365e-12,1.2479473395774693e-11
1.93758592103052e-07,0.16628943999999996,0.8585084662769803,0.0,0.0,0.44237112447843063,0.10881937613581474,0.02151173198396434,2.8887084642564173e-08,2.84192029388752e-05,0.0016551935480307344,0.0006278848685805841,9.014534416273588e-06,1.5861715989826425e-14,0.0013782771191283656,1.7627401371009638e-12,0.00037585914417732853,3.8052978035118194e-10,4.807392385844082e-07,4.2733291011674734e-11,1.329912905074182e-12,1.6090245067964372e-05,5.964779805298412e-08,0.0078115060899844645,0.0019380216365634884,0.0001396310163509948,3.129507490318072e-07,7.37604219394149e-09,2.4656510534452054e-08,1.3210077900184631e-09,2.09956102334167e-11,1.9627346924296656e-07,1.3767966880906833e-05,1.3414321970265857e-08,3.264155128557675e-05,4.266781544293006e-09,9.43418240909646e-08,1.9431886009990656e-09,8.372492213578771e-06,1.2266961601163096e-12,2.1655685026951786e-12,4.619301954711601e-09,2.457498063415033e-08,1.681427488812679e-14,5.3215421188435516e-12,1.2631479085309804e-11
1.948276115129015e-07,0.16628943999999996,0.8585084662769803,0.0,0.0,0.4423642762668327,0.10880857848106254,0.021504739903178874,2.9409394659523522e-08,2.8831867113766378e-05,0.0016695660708732013,0.000634242568974022,9.123019537753096e-06,1.6185862512488607e-14,0.0013833838460013265,1.7999006995623516e-12,0.00037602403744169664,3.8522138171684664e-10,4.884005299435428e-07,4.318632858385401e-11,1.3500408871946105e-12,1.618025816635134e-05,6.078420782000887e-08,0.00781060669875326,0.0019451077661416132,0.00014000333904488614,3.14936898706673e-07,7.400966500669317e-09,2.4746941196411453e-08,1.3400097415164318e-09,2.108911693292386e-11,1.9680001350864975e-07,1.3767971639767614e-05,1.3526356701117148e-08,3.2927531155524645e-05,4.282524790295049e-09,9.613958013655485e-08,1.962834731630959e-09,8.399253039619931e-06,1.240258846670558e-12,2.195601298485892e-12,4.717893158919216e-09,2.48724220249054e-08,1.7134355365281478e-14,5.406267393719811e-12,1.2784349721319653e-11
1.95896630922751e-07,0.16628943999999996,0.8585084662769803,0.0,0.0,0.44235745914113117,0.10879778105192373,0.02149775025763382,2.9937983379456206e-08,2.924796816185544e-05,0.001683970825249543,0.0006406234143297485,9.231944937435987e-06,1.6514767230841862e-14,0.0013884658903211076,1.8375522552104968e-12,0.0003761865561555724,3.899333257102898e-10,4.961264649258888e-07,4.364105851795391e-11,1.3703355760701517e-12,1.6269945531125858e-05,6.193445274544657e-08,0.007809707619050393,0.0019521629587448304,0.00014037458187903,3.1692172548911835e-07,7.425741869538425e-09,2.4836935638809817e-08,1.3591676645718722e-09,2.1182394409686832e-11,1.9732467543267e-07,1.3767950820504694e-05,1.3638683653039194e-08,3.321415659630267e-05,4.298191438448808e-09,9.795922800142919e-08,1.9825520246343727e-09,8.425748153690045e-06,1.2538937239367695e-12,2.2258374369956774e-12,4.8178800590235466e-09,2.5171082351622e-08,1.7458327064476982e-14,5.4917060250968685e-12,1.2938082739249146e-11
1.969656503326005e-07,0.16628943999999996,0.8585084662769803,0.0,0.0,0.44235067297193303,0.10878698384992805,0.021490763046183855,3.0472885642319395e-08,2.9667511667991094e-05,0.0016984075984512283,0.0006470272916865383,9.34130518468797e-06,1.6848473422250572e-14,0.0013935233577379456,1.8756963256798977e-12,0.00037634676045209334,3.9466538349584517e-10,5.039169367828203e-07,4.409747390962797e-11,1.3907969728354452e-12,1.635930673465525e-05,6.309859052765193e-08,0.007808808866711004,0.0019591873224682477,0.0001407447540532179,3.189052011768202e-07,7.45036900301699e-09,2.4926495715511233e-08,1.3784817927602414e-09,2.1275443711350243e-11,1.9784747318349373e-07,1.3767904999228866e-05,1.375130135611326e-08,3.350142331085876e-05,4.313781821396447e-09,9.980085902772603e-08,2.0023401306729465e-09,8.451979620778887e-06,1.2676007149320608e-12,2.256276396047025e-12,4.919270802851082e-09,2.5470946646527248e-08,1.778620613259553e-14,5.577856814777216e-12,1.30926755554168e-11
1.9803466974245e-07,0.16628943999999996,0.8585084662769803,0.0,0.0,0.4423439176314298,0.10877618687719635,0.02148377826767015,3.101413617629237e-08,3.0090503147226694e-05,0.0017128761795549667,0.0006534540885772217,9.451094851361308e-06,1.7187024517085253e-14,0.0013985563538716334,1.914334380066582e-12,0.0003765047089594288,3.994173262419093e-10,5.117718349506551e-07,4.4555567918289606e-11,1.4114250720330095e-12,1.6448341393096795e-05,6.42766781806256e-08,0.007807910456526724,0.001966180964972915,0.0001411138646318545,3.208872979027567e-07,7.474848602576355e-09,2.501562327959395e-08,1.3979523565160553e-09,2.1368265885993567e-11,1.9836842472283428e-07,1.3767834743596598e-05,1.3864208348037117e-08,3.378932703909503e-05,4.329296271631111e-09,1.0166456347456937e-07,2.0221987019748498e-09,8.477949502633262e-06,1.2813797421844234e-12,2.2869176476702135e-12,5.022073467550964e-09,2.5771999948014737e-08,1.8118008523943804e-14,5.664718522622674e-12,1.3248125567350832e-11
1.991036891522995e-07,0.16628943999999996,0.8585084662769803,0.0,0.0,0.4423371929933305,0.1087653901363884,0.021476795920920767,3.156176959702039e-08,3.0516948045335426e-05,0.0017273763593968394,0.0006599036930282376,9.561308512533629e-06,1.753046409798746e-14,0.00140356498429854,1.9534678349338124e-12,0.00037666045883798054,4.0418892515245626e-10,5.19691045111635e-07,4.501533376575891e-11,1.4322198616855822e-12,1.6537049165441345e-05,6.546877203426887e-08,0.007807012402309671,0.001973143993486238,0.0001414819225467726,3.2286798813077044e-07,7.499181368622692e-09,2.5104320183130932e-08,1.4175795831572553e-09,2.1460861982013442e-11,1.9888754780908942e-07,1.376774061294416e-05,1.397740317408427e-08,3.407786355732305e-05,4.344735121456826e-09,1.035504305184672e-07,2.0421273923308763e-09,8.503659857319687e-06,1.2952307277416222e-12,2.3177606582388833e-12,5.126296059268921e-09,2.6074227302704888e-08,1.845375000034246e-14,5.752289867230418e-12,1.340443015413142e-11
2.00172708562149e-07,0.16628943999999996,0.8585084662769803,0.0,0.0,0.4423304989327993,0.10875459363065441,0.021469816004751098,3.2115820406872544e-08,3.0946851739318796e-05,0.0017419079305469813,0.0006663759935591349,9.671940747231611e-06,1.787883589913019e-14,0.0014085493545390201,1.9930980543303674e-12,0.0003768140658166695,4.0897995149792354e-10,5.276744492545026e-07,4.547676473493767e-11,1.4531813233680553e-12,1.662542975257366e-05,6.667492773472875e-08,0.007806114716952426,0.001980076514802432,0.00014184893659997558,3.2484724465120847e-07,7.523368000430897e-09,2.5192588276976968e-08,1.4373636969092606e-09,2.155323304800935e-11,1.9940486000070441e-07,1.3767623158419545e-05,1.4090884387063383e-08,3.436702867773076e-05,4.36009870294962e-09,1.0545854825385349e-07,2.0621258570923948e-09,8.529112738803726e-06,1.3091535931800063e-12,2.3488048886037003e-12,5.231946512837215e-09,2.6377613767463035e-08,1.8793446131240993e-14,5.840569526604448e-12,1.3561586676729226e-11
2.012417279719985e-07,0.16628943999999996,0.8585084662769803,0.0,0.0,0.44232383532639563,0.10874379736358973,0.02146283851796428,3.2676322994213615e-08,3.138021953790872e-05,0.0017564706872847872,0.0006728708791820185,9.782986139139833e-06,1.8232183805474158e-14,0.001413509570045201,2.0332263498210335e-12,0.00037696558422834674,4.1379017664549217e-10,5.357219257346665e-07,4.593985416851649e-11,1.4743094322790148e-12,1.6713482896349143e-05,6.78952002448305e-08,0.007805217412484386,0.0019869786352830253,0.00014221491546630857,3.2682504057663793e-07,7.54740919608063e-09,2.5280429410562206e-08,1.4573049189287102e-09,2.164538013267285e-11,1.9992037865946303e-07,1.376748292311233e-05,1.4204650547277893e-08,3.4656818247860664e-05,4.375387347919829e-09,1.0738900369376814e-07,2.0821937531691223e-09,8.554310196545157e-06,1.3231482596132157e-12,2.3800497942241173e-12,5.339032691480184e-09,2.668214441137604e-08,1.9137112293856904e-14,5.9295561388224076e-12,1.3719592478337155e-11
2.02310747381848e-07,0.16628943999999996,0.8585084662769803,0.0,0.0,0.4423172020520191,0.10873300133919288,0.021455863459351566,3.324331163268947e-08,3.181705668206316e-05,0.001771064425574639,0.0006793882394009504,9.894439277294944e-06,1.859055185202001e-14,0.0014184457361891324,2.073853980529121e-12,0.00037711506704434335,4.1861937208875045e-10,5.438333493339521e-07,4.640459546770983e-11,1.4956041573118687e-12,1.68012083786866e-05,6.912964384459594e-08,0.007804320500124639,0.0019938504608574066,0.00014257986769606153,3.2880134933763586e-07,7.571305652394408e-09,2.5367845431691903e-08,1.4774034673269084e-09,2.1737304284679803e-11,2.0043412095370612e-07,1.376732044218143e-05,1.4318700222485892e-08,3.494722815009888e-05,4.390601387875564e-09,1.0934188277067303e-07,2.1023307390267837e-09,8.579254275108727e-06,1.337214647700793e-12,2.4114948252982764e-12,5.4475623865351404e-09,2.6987804317688002e-08,1.9484763673338915e-14,6.019248302697753e-12,1.3878444884699198e-11
2.033797667916975e-07,0.16628943999999996,0.8585084662769803,0.0,0.0,0.44231059898885705,0.10872220556182652,0.021448890827692742,3.3816820480526324e-08,3.225736834545555e-05,0.0017856889430421389,0.000685927964211299,1.0006294756765249e-05,1.8953984223056943e-14,0.0014233579582513067,2.1149821531908633e-12,0.0003772625659081765,4.2346730947674777e-10,5.520085913199257e-07,4.6870982091016505e-11,1.5170654611255604e-12,1.6888606020677e-05,7.037831213184644e-08,0.007803423990331578,0.002000692097023418,0.00014294380171750342,3.3077614467864723e-07,7.595058064877808e-09,2.5454838186352516e-08,1.4976595571929647e-09,2.1829006552585777e-11,2.0094610386147852e-07,1.3767136242980751e-05,1.4433031987860115e-08,3.523825430117505e-05,4.405741153987329e-09,1.1131727033740208e-07,2.1225364746846077e-09,8.60394701379002e-06,1.3513526776566832e-12,2.443139426891068e-12,5.5575433171884815e-09,2.729457858569533e-08,1.98364152629538e-14,6.1096445784371015e-12,1.4038141204435167e-11
2.0444878620154701e-07,0.16628943999999996,0.8585084662769803,0.0,0.0,0.44230402601733493,0.10871141003618129,0.02144192062175651,3.439688357984329e-08,3.270115963495789e-05,0.0018003440389508423,0.0006924899440990418,1.0118547179315886e-05,1.9322525251407414e-14,0.001428246341409521,2.1566120222214975e-12,0.00037740813116842966,4.2833376064245346e-10,5.602475195047862e-07,4.733900755300733e-11,1.5386933002148721e-12,1.697567568170786e-05,7.164125802288892e-08,0.007802527892849417,0.002007503648847981,0.00014330672583935203,3.3274940065391315e-07,7.618667127661621e-09,2.5541409518523542e-08,1.5180734006166385e-09,2.1920487984724457e-11,2.0145634417360817e-07,1.376693084518276e-05,1.4547644425948164e-08,3.552989265167277e-05,4.420806977053711e-09,1.1331525016824306e-07,2.1428106217126843e-09,8.628390446256126e-06,1.3655622692576362e-12,2.4749830390603383e-12,5.668983130226808e-09,2.7602452332601532e-08,2.019208186429633e-14,6.200743488292705e-12,1.4198678729361086e-11
2.0551780561139652e-07,0.16628943999999996,0.8585084662769803,0.0,0.0,0.4422974830190706,0.10870061476724212,0.021434952840300843,3.498353485597831e-08,3.3148435591117783e-05,0.0018150295141794732,0.0006990740700400248,1.0231191154059797e-05,1.9696219417668436e-14,0.0014331109907280899,2.198744689792802e-12,0.0003775518119108277,4.332184976306287e-10,5.685499983038188e-07,4.780866542314094e-11,1.5604876249802943e-12,1.706241725860311e-05,7.291853375328299e-08,0.0078016322167518476,0.002014285220967773,0.00014366864825317996,3.347210916234655e-07,7.642133533445962e-09,2.5627561269995436e-08,1.5386452067108958e-09,2.2011749629108885e-11,2.019648584967174e-07,1.3766704760900073e-05,1.4662536126632947e-08,3.582213918555035e-05,4.435799187468196e-09,1.1533590496014737e-07,2.163152843229204e-09,8.65258660020061e-06,1.3798433418515115e-12,2.5070250969813086e-12,5.781889399802743e-09,2.791141069533245e-08,2.0551778087521972e-14,6.292543517210033e-12,1.4360054734805875e-11
2.0658682502124602e-07,0.16628943999999996,0.8585084662769803,0.0,0.0,0.44229096987683003,0.10868981976025699,0.021427987482073356,3.557680811682713e-08,3.359920118862955e-05,0.0018297451711996164,0.0007056802334991754,1.0344221298094705e-05,2.0075111349449394e-14,0.0014379520111473894,2.241381205921805e-12,0.00037769365598952975,4.3812129272511565e-10,5.769158887934076e-07,4.827994932460624e-11,1.5824483797974806e-12,1.7148830684778046e-05,7.421019087868718e-08,0.00780073697048301,0.0020210369175899376,0.00014402957703576048,3.3669119224918996e-07,7.665457973446296e-09,2.57132952801931e-08,1.5593751816341833e-09,2.2102792533335785e-11,2.024716632561715e-07,1.3766458494805009e-05,1.4777705687093228e-08,3.6114989919671476e-05,4.450718115186997e-09,1.1737931633406527e-07,2.1835628038975546e-09,8.676537497012305e-06,1.3941958143654864e-12,2.5392650310691884e-12,5.896269627215185e-09,2.8221438832312364e-08,2.091551835160152e-14,6.3850431134703445e-12,1.4522266479923957e-11
2.0765584443109552e-07,0.16628943999999996,0.8585084662769803,0.0,0.0,0.4422844864744864,0.10867902502070823,0.021421024545811677,3.617673705219524e-08,3.4053461336799357e-05,0.0018444908140538608,0.0007123083264296741,1.0457632237126278e-05,2.0459245820606718e-14,0.0014427695074737243,2.284522568570509e-12,0.0003778337100576576,4.430419184755564e-10,5.853450487685973e-07,4.8752852933190424e-11,1.6045755030862646e-12,1.7234915929409183e-05,7.551628027578269e-08,0.007799842161895934,0.002027758842492837,0.00014438952015135342,3.3865967749095436e-07,7.68864113734126e-09,2.57986133860049e-08,1.5802635286124137e-09,2.2193617744492644e-11,2.0297677469896437e-07,1.3766192544247236e-05,1.489315171176446e-08,3.640844090334574e-05,4.4655640896979156e-09,1.194455648364043e-07,2.204040169923292e-09,8.700245151457592e-06,1.4086196053141527e-12,2.5717022671000186e-12,6.012131240703776e-09,2.853252192520166e-08,2.1283316884597445e-14,6.478240689328232e-12,1.468531120800395e-11
2.0872486384094502e-07,0.16628943999999996,0.8585084662769803,0.0,0.0,0.44227803269698146,0.10866823055428544,0.02141406403024377,3.678335523316257e-08,3.451122088000457e-05,0.0018592662483344052,0.0007189582412720866,1.0571418606077662e-05,2.0848667750475364e-14,0.0014475635843695148,2.3281697237563832e-12,0.000377972019597077,4.479801477235491e-10,5.938373328002036e-07,4.922736997617282e-11,1.6268689273792543e-12,1.7320672996618713e-05,7.683685214327325e-08,0.007798947798288626,0.0020344510990268306,0.00014474848545393347,3.4062652260279574e-07,7.711683713222308e-09,2.5883517421617125e-08,1.6013104479606866e-09,2.228422630906741e-11,2.0348020889654124e-07,1.376590739936947e-05,1.500887281229978e-08,3.670248821787865e-05,4.480337439990202e-09,1.215347299406075e-07,2.2245846090510115e-09,8.723711571375711e-06,1.423114632807543e-12,2.604336226329766e-12,6.129481595257327e-09,2.8844645180596352e-08,2.1655187723961437e-14,6.572134621644086e-12,1.4849186146773682e-11
2.0979388325079452e-07,0.16628943999999996,0.8585084662769803,0.0,0.0,0.44227160843028884,0.10865743636686095,0.021407105934088264,3.7396696111460784e-08,3.497248459814749e-05,0.0018740712811620942,0.0007256298709534533,1.0685575049685512e-05,2.1243422203097483e-14,0.0014523343463437907,2.3723235656734414e-12,0.00037810862894744934,4.529357536282483e-10,6.023925922914629e-07,4.9703494231244745e-11,1.6493285793899794e-12,1.7406101924673483e-05,7.817195600295916e-08,0.007798053886437914,0.0020411137901151055,0.00014510648068936268,3.425917031291762e-07,7.734586387545092e-09,2.5968009218353713e-08,1.6225161371047283e-09,2.2374619272860993e-11,2.0398198174756403e-07,1.3765603543221239e-05,1.5124867607531134e-08,3.699712797613098e-05,4.495038494525377e-09,1.236468900488496e-07,2.245195790561074e-09,8.746938757386856e-06,1.4376808145590285e-12,2.6371663256116763e-12,6.248327972436007e-09,2.9157793831690132e-08,2.2031144716852623e-14,6.666723252511383e-12,1.5013888508701207e-11
2.1086290266064402e-07,0.16628943999999996,0.8585084662769803,0.0,0.0,0.44226521356137966,0.10864664246446666,0.02140015025605482,3.801679301886314e-08,3.5437257207103285e-05,0.001888905721165891,0.0007323231088863425,1.0800096223082777e-05,2.1643554386448134e-14,0.0014570818977429905,2.416984936823683e-12,0.00037824358133457065,4.5790850969141645e-10,6.11010675534222e-07,5.018121952545458e-11,1.6719543800806129e-12,1.7491202785198073e-05,7.952164070088427e-08,0.00779716043263122,0.0020477470182545276,0.00014546351349750857,3.445551949012944e-07,7.757349845082565e-09,2.6052090604521108e-08,1.6438807906020691e-09,2.2464797680902335e-11,2.0448210898061673e-07,1.3765281451870795e-05,1.5241134723430704e-08,3.7292356322087255e-05,4.509667581209007e-09,1.2578212249384866e-07,2.265873385266238e-09,8.76992870261253e-06,1.4523180678931458e-12,2.6701919775119095e-12,6.368677580207027e-09,2.947195313989919e-08,2.2411201520476116e-14,6.7620048898788095e-12,1.5179415491292194e-11
2.1193192207049353e-07,0.16628943999999996,0.8585084662769803,0.0,0.0,0.4422588479781899,0.10863584885327286,0.02139319699484444,3.864367916658655e-08,3.590554335916268e-05,0.0019037693784627657,0.0007390378489678669,1.091497679236833e-05,2.2049109651658434e-14,0.00146180634274205,2.4621546281586633e-12,0.00037837691889801815,4.628981897819369e-10,6.196914277646592e-07,5.066053973417753e-11,1.6947462447292404e-12,1.757597568240186e-05,8.088595440855379e-08,0.007796267442696379,0.002054350885516535,0.0001458195914143101,3.46516974033459e-07,7.779974768879718e-09,2.6135763405258143e-08,1.6654046001629563e-09,2.2554762577365933e-11,2.049806061568564e-07,1.3764941594515195e-05,1.5357672793072418e-08,3.758816943043313e-05,4.524225027363398e-09,1.2794050354078963e-07,2.2866170655081844e-09,8.792683392407903e-06,1.4670263097533263e-12,2.7034125904234966e-12,6.490537552793602e-09,2.9787108396450633e-08,2.2795371602441293e-14,6.85797780816714e-12,1.5345764277383643e-11
2.1300094148034303e-07,0.16628943999999996,0.8585084662769803,0.0,0.0,0.4422525115695904,0.1086250555395687,0.02138624614914974,3.9277387644705876e-08,3.6377347643468924e-05,0.0019186620646379938,0.0007457739855786617,1.1030211435163748e-05,2.2460133492236142e-14,0.0014665077853357785,2.5078333792310124e-12,0.00037850868271811815,4.679045681597947e-10,6.284346912185351e-07,5.114144878010955e-11,1.7177040829966948e-12,1.7660420752319786e-05,8.226494462422193e-08,0.00779537492202962,0.0020609254935480517,0.00014617472187379221,3.484770169195188e-07,7.80246184020992e-09,2.6219029442390648e-08,1.687087754671011e-09,2.2644515005492047e-11,2.054774886726081e-07,1.3764584433588556e-05,1.547448045659371e-08,3.7884563506141304e-05,4.538711159701178e-09,1.301221083893587e-07,2.307426505153926e-09,8.815204804105749e-06,1.4818054567095117e-12,2.73682756867859e-12,6.6139149505369385e-09,3.010324492393482e-08,2.318366824113958e-14,6.954640248880827e-12,1.5512932035433683e-11
2.1406996089019253e-07,0.16628943999999996,0.8585084662769803,0.0,0.0,0.44224620422535704,0.10861426252974378,0.021379297717655302,3.991795142158014e-08,3.685267458644966e-05,0.001933583592725855,0.0007525314135818319,1.1145794841157262e-05,2.2876671543283797e-14,0.0014711863293305149,2.5540218783556653e-12,0.0003786389128422527,4.729274194995334e-10,6.372403051859708e-07,5.162394063228573e-11,1.7408277989929433e-12,1.7744538162066588e-05,8.365865817424722e-08,0.00779448287562184,0.002067470943572455,0.00014652891221003076,3.504353002293516e-07,7.824811738532879e-09,2.6301890534291063e-08,1.708930440203625e-09,2.2734056007508998e-11,2.059727717619066e-07,1.3764210424868523e-05,1.5591556361157464e-08,3.818153478406612e-05,4.553126304299759e-09,1.32327011175885e-07,2.328301379592124e-09,8.837494906771662e-06,1.496655424965708e-12,2.77043631265908e-12,6.7388167597710366e-09,3.042034807782205e-08,2.3576104526140982e-14,7.0519904212143106e-12,1.5680915919808193e-11
2.1513898030004203e-07,0.16628943999999996,0.8585084662769803,0.0,0.0,0.44223992583614463,0.10860346983027186,0.021372351699037968,4.056540334329067e-08,3.733152865224334e-05,0.0019485337771907208,0.0007593100283218631,1.126172171263519e-05,2.3298769580714686e-14,0.0014758420783360549,2.6007207627806153e-12,0.0003787676483105211,4.779665189131948e-10,6.461081060657482e-07,5.2108009305122296e-11,1.7641172913430254e-12,1.7828328109104406e-05,8.506714121451465e-08,0.0077935913080832446,0.0020739873363905415,0.00014688216965906965,3.523918009054075e-07,7.847025141454074e-09,2.6384348495742465e-08,1.7309328400521136e-09,2.2823386624558177e-11,2.0646647049898632e-07,1.3763820017580962e-05,1.5708899160914114e-08,3.84790795285462e-05,4.567470786576652e-09,1.3455528497558754e-07,2.349241365729306e-09,8.85955566097023e-06,1.5115761303674218e-12,2.804238218905561e-12,6.865249892710088e-09,3.0738403247944285e-08,2.397269335860938e-14,7.150026502652963e-12,1.5849713071063356e-11
2.1620799970989153e-07,0.16628943999999996,0.8585084662769803,0.0,0.0,0.44223367629345967,0.10859267744769498,0.021365408091967093,4.1219776133090875e-08,3.7813914243120674e-05,0.0019635124339085265,0.0007661097256235015,1.1377986765000942e-05,2.372647352046658e-14,0.0014804751357578411,2.647930618866979e-12,0.00037889492718077064,4.830216419727497e-10,6.550379274191291e-07,5.2593648857481765e-11,1.787572453252546e-12,1.791179082052333e-05,8.649043923192252e-08,0.0077927002236665,0.0020804747723815547,0.00014723450136079107,3.5434649615930804e-07,7.86910272468571e-09,2.6466405137807116e-08,1.7530951347416167e-09,2.2912507896621082e-11,2.0695859980072086e-07,1.3763413654502968e-05,1.5826507516963953e-08,3.877719403301533e-05,4.58174493126559e-09,1.3680700180492532e-07,2.3702461419859824e-09,8.881389018541803e-06,1.52656748840902e-12,2.838232680224672e-12,6.9932211873482175e-09,3.105739585994223e-08,2.4373447451735614e-14,7.248746639568628e-12,1.601932061622504e-11
2.1727701911974103e-07,0.16628943999999996,0.8585084662769803,0.0,0.0,0.4422274554896376,0.10858188538860962,0.021358466895104875,4.188110239086763e-08,3.8299835699900815e-05,0.0019785193801486124,0.0007729304017906024,1.1494584727281799e-05,2.415982941771352e-14,0.0014850856047894153,2.6956519822781567e-12,0.00037902078655301406,4.880925647320273e-10,6.640296000231946e-07,5.308085339176114e-11,1.8111931725727176e-12,1.7994926552334854e-05,8.792859704593309e-08,0.007791809626288451,0.0020869333515042138,0.0001475859143607402,3.562993634684965e-07,7.891045162009112e-09,2.654806226769954e-08,1.7754175020507607e-09,2.3001420862448676e-11,2.074491744290119e-07,1.3762991772064103e-05,1.5944380097319634e-08,3.907587461962115e-05,4.595949062393493e-09,1.3908223262404803e-07,2.39131538829269e-09,8.90299692238952e-06,1.5416294142409878e-12,2.8724190857948434e-12,7.122737407371395e-09,3.1377311376678245e-08,2.4778379331188582e-14,7.348148947809836e-12,1.618973566906447e-11
2.1834603852959054e-07,0.16628943999999996,0.8585084662769803,0.0,0.0,0.4422212633178188,0.1085710936596534,0.0213515281071066,4.254941459261405e-08,3.878929730236265e-05,0.001993554434555931,0.0007797719536049495,1.1611510342623661e-05,2.4598883466075642e-14,0.0014896735884051178,2.743885338177892e-12,0.00037914526259324533,4.931790637481496e-10,6.730829519236962e-07,5.356961705300246e-11,1.834979331864948e-12,1.8077735588777955e-05,8.938165881018491e-08,0.007790919519550513,0.0020933631732977863,0.0001479364156119063,3.5825038057294396e-07,7.91285312523854e-09,2.662932168866376e-08,1.7979001170310805e-09,2.3090126559492914e-11,2.079382089931318e-07,1.3762554800446032e-05,1.606251557686884e-08,3.9375117638851536e-05,4.610083503258181e-09,1.4138104733934445e-07,2.4124487860859266e-09,8.924381306276397e-06,1.5567618226771179e-12,2.9067968212704558e-12,7.2538052420812345e-09,3.16981352996158e-08,2.5187501335583294e-14,7.448231513286493e-12,1.6360955330370616e-11
2.1941505793944004e-07,0.16628943999999996,0.8585084662769803,0.0,0.0,0.44221509967192746,0.10856030226749322,0.021344591726620902,4.322474508991351e-08,3.9282303269651106e-05,0.0020086174171336066,0.0007866342783250442,1.1728758368773876e-05,2.5043681996827346e-14,0.001494239189353035,2.792631121437029e-12,0.0003792683905566719,4.982809161024804e-10,6.821978084874209e-07,5.405993402802574e-11,1.8589308084649816e-12,1.816021824163758e-05,9.08496680141662e-08,0.00779002990675782,0.002099764336883182,0.00014828601197646073,3.6019952547190443e-07,7.934527284186363e-09,2.6710185199854722e-08,1.820543152026206e-09,2.317862602384054e-11,2.084257179520185e-07,1.3762103163680462e-05,1.618091263733716e-08,3.9674919469168447e-05,4.62414857640688e-09,1.4370351480608786e-07,2.433646018304021e-09,8.945544094632045e-06,1.571964628201581e-12,2.941365268884431e-12,7.3864313063305176e-09,3.2019853170165605e-08,2.5600825616966005e-14,7.548992392549178e-12,1.6532976688218944e-11
2.2048407734928954e-07,0.16628943999999996,0.8585084662769803,0.0,0.0,0.4422089644466504,0.10854951121881416,0.021337657752290073,4.390712610943484e-08,3.977885776067864e-05,0.002023708149225841,0.0007935172736848673,1.1846323578552392e-05,2.5494271478103715e-14,0.0014987825101481819,2.8418897168487595e-12,0.0003793902048103746,5.033978994210903e-10,6.91373992454068e-07,5.455179854458336e-11,1.8830474745465846e-12,1.824237484957539e-05,9.233266748494706e-08,0.0077891407909371855,0.002106136940964069,0.00014863471022745318,3.621467764207203e-07,7.956068306629564e-09,2.6790654596223742e-08,1.843346776690816e-09,2.3266920290148618e-11,2.0891171561652438e-07,1.3761637279745474e-05,1.6299569967251108e-08,3.9975276516649255e-05,4.638144603615444e-09,1.460497028311743e-07,2.454906769382903e-09,8.966487202368766e-06,1.5872377449759391e-12,2.9761238075492705e-12,7.520622140470219e-09,3.2342450570999234e-08,2.60183641413157e-14,7.650429613362959e-12,1.670579681823709e-11
2.2155309675913904e-07,0.16628943999999996,0.8585084662769803,0.0,0.0,0.4422028575374185,0.10853872052030934,0.021330726182750264,4.4596589752438455e-08,4.0278964874522006e-05,0.002038826453501163,0.0008004208378926143,1.1964200760311332e-05,2.5950698514105432e-14,0.0015033036530659215,2.8916614593521596e-12,0.00037951073885541034,5.085297918947545e-10,7.006113239876345e-07,5.5045204870536e-11,1.9073291971847716e-12,1.8324205777472474e-05,9.383069938896985e-08,0.007788252174853992,0.002112481083828021,0.00014898251705046815,3.640921119276793e-07,7.97747685827759e-09,2.6870731668408032e-08,1.8663111580093685e-09,2.3355010391582406e-11,2.09396216151621e-07,1.3761157560660244e-05,1.6418486261901387e-08,4.027618521463507e-05,4.652071905868335e-09,1.4841967817595296e-07,2.476230725251816e-09,8.98721253470684e-06,1.6025810868460475e-12,3.0110718129565846e-12,7.656384210307781e-09,3.266591312733042e-08,2.6440128689061728e-14,7.752541175275708e-12,1.6879412783866906e-11
2.2262211616898854e-07,0.16628943999999996,0.8585084662769803,0.0,0.0,0.4421967788403876,0.10852793017867085,0.02132379701663176,4.5293167994293315e-08,4.0782628650814236e-05,0.002053972153936006,0.0008073448696294046,1.2082384718383224e-05,2.6413009844302333e-14,0.001507802720135607,2.9419466342638268e-12,0.00037963002534837086,5.136763722984803e-10,7.099096207273068e-07,5.554014731304943e-11,1.931775838418591e-12,1.8405711415783926e-05,9.534380523389569e-08,0.007787364061028029,0.0021187968633476764,0.0001493294390452415,3.660355107509162e-07,7.998753602741406e-09,2.6950418202623917e-08,1.889436460314604e-09,2.3442897359755105e-11,2.0987923357856114e-07,1.3760664412578234e-05,1.6537660223306273e-08,4.057764202338611e-05,4.665930803339279e-09,1.508135065591456e-07,2.4976175733289388e-09,9.007721987008556e-06,1.6179945673488898e-12,3.046208657675083e-12,7.793723907076485e-09,3.2990226508164624e-08,2.686613085561702e-14,7.855325050180909e-12,1.7053821636623374e-11
2.2369113557883804e-07,0.16628943999999996,0.8585084662769803,0.0,0.0,0.44219072825242156,0.10851714020058102,0.021316870252559232,4.599689268400463e-08,4.1289853070132055e-05,0.002069145075798601,0.0008142892680479661,1.2200870273517979e-05,2.68812523426356e-14,0.0015122798131344468,2.9927454775174026e-12,0.0003797480961224107,5.188374200105772e-10,7.192686978378597e-07,5.603662021781174e-11,1.9563872553134386e-12,1.848689217990506e-05,9.687202587050638e-08,0.00778647645174836,0.002125084376981935,0.00014967548272723925,3.679769518953651e-07,8.019899201503834e-09,2.70297159805639e-08,1.912722845305827e-09,2.3530582224669365e-11,2.103607817769968e-07,1.3760158235878792e-05,1.665709056017524e-08,4.087964342974398e-05,4.6797216153726315e-09,1.5323125265985375e-07,2.519067002516941e-09,9.028017444620857e-06,1.633478099719312e-12,3.081533711247095e-12,7.932647547415668e-09,3.3315376427517485e-08,2.729638205192679e-14,7.958779182874948e-12,1.7229020416350328e-11
2.2476015498868755e-07,0.16628943999999996,0.8585084662769803,0.0,0.0,0.44218470567107526,0.1085063505927049,0.021309945889151936,4.670779554375225e-08,4.1800642054378786e-05,0.002084345045633196,0.0008212539327712942,1.231965226330886e-05,2.7355473016718797e-14,0.0015167350335815824,3.0440581759108042e-12,0.00037986498220775794,5.240127150312741e-10,7.286883680595627e-07,5.6534617968271013e-11,1.981163300022931e-12,1.8567748509549017e-05,9.841540149465987e-08,0.007785589349087311,0.0021313437217771645,0.0001500206545291992,3.6991641460975677e-07,8.040914313891054e-09,2.710862677929736e-08,1.9361704720669736e-09,2.3618066014660868e-11,2.1084087448705837e-07,1.3759639425257282e-05,1.6776775987872712e-08,4.118218594680047e-05,4.693444660465396e-09,1.5567298012065058e-07,2.5405787031984695e-09,9.04810078272628e-06,1.6490315968966861e-12,3.117046340283596e-12,8.073161373361607e-09,3.364134864560229e-08,2.7730893505031963e-14,8.062901491608907e-12,1.7405006151472762e-11
2.2582917439853705e-07,0.16628943999999996,0.8585084662769803,0.0,0.0,0.4421787109945798,0.10849556136168323,0.021303023925023975,4.7425908168439186e-08,4.2314999467162714e-05,0.002099571891244579,0.0008282387638912903,1.2438725542607548e-05,2.7835719007037787e-14,0.0015211684827323778,3.0958848673609587e-12,0.00037998071385171784,5.292020380008931e-10,7.381684417575865e-07,5.703413498489239e-11,2.0061038198503167e-12,1.8648280868135653e-05,9.997397164929831e-08,0.007784702754913576,0.0021375749943684332,0.00015036496080263689,3.718538783836617e-07,8.061799597045308e-09,2.7187152371174783e-08,1.959779497084464e-09,2.3705349756343736e-11,2.113195253113914e-07,1.375910836981367e-05,1.6896715228382027e-08,4.1485266113573004e-05,4.707100256249902e-09,1.581387515507561e-07,2.562152367231571e-09,9.067973866201941e-06,1.6646549715314764e-12,3.152745908557791e-12,8.215271552348863e-09,3.3968128969987156e-08,2.816967625864737e-14,8.167689868634772e-12,1.7581775859246052e-11
2.2689819380838655e-07,0.16628943999999996,0.8585084662769803,0.0,0.0,0.44217274412182705,0.108484772514126,0.021296104358784523,4.815126202525078e-08,4.283292911417111e-05,0.0021148254416828967,0.000835243661967376,1.2558084983928458e-05,2.8322037586149744e-14,0.001525580261572911,3.14822564116585e-12,0.0003800953205381857,5.344051702175811e-10,7.477087269709176e-07,5.7535165724434877e-11,2.03120865730943e-12,1.8728489742191507e-05,1.015477752265073e-07,0.007783816670904549,0.002143778290980763,0.00015070840781931558,3.7378932294457715e-07,8.082555705898705e-09,2.7265294523735494e-08,1.9835500742648414e-09,2.3792434474557397e-11,2.1179674771715522e-07,1.375856545313969e-05,1.701690701026962e-08,4.1788880494686365e-05,4.7206887194771195e-09,1.6062862852929358e-07,2.583787687945043e-09,9.087638549486312e-06,1.6803481359917407e-12,3.188631777097248e-12,8.358984177221859e-09,3.429570325672231e-08,2.861274117375404e-14,8.273142180746142e-12,1.7759326546002242e-11
2.2796721321823605e-07,0.16628943999999996,0.8585084662769803,0.0,0.0,0.4421668049523554,0.1084739840566066,0.021289187189038022,4.888388845322382e-08,4.33544347435399e-05,0.0021301055272287747,0.0008422685280250877,1.2677725477842565e-05,2.881447615788121e-14,0.001529970470814666,3.2010805382736932e-12,0.0003802088310066764,5.396218936546119e-10,7.573090294607731e-07,5.803770467924687e-11,2.056477650185195e-12,1.8808375640760644e-05,1.03136850469625e-07,0.007782931098557876,0.0021499537074303994,0.0001510510017726831,3.7572272825505917e-07,8.103183293148152e-09,2.734305499961872e-08,2.007482354952208e-09,2.3879321192315675e-11,2.1227255503798274e-07,1.3758011053404522e-05,1.7137350068649263e-08,4.209302568006058e-05,4.734210366000578e-09,1.6314267160862458e-07,2.6054843601337315e-09,9.107096676453566e-06,1.6961110023695284e-12,3.2247033042746183e-12,8.504305266256536e-09,3.462405741143788e-08,2.906009892920528e-14,8.379256269813334e-12,1.79376552073928e-11
2.2903623262808555e-07,0.16628943999999996,0.8585084662769803,0.0,0.0,0.44216089338633746,0.10846319599565667,0.02128227241438441,4.962381866282581e-08,4.3879520046219024e-05,0.00214541197937872,0.0008493132635546479,1.279764193336074e-05,2.931308225652545e-14,0.0015343392108894134,3.2544495515590346e-12,0.0003803212732708862,5.448519909772625e-10,7.66969152758521e-07,5.854174637658032e-11,2.081910631593675e-12,1.8887939094826147e-05,1.0474123497539981e-07,0.007782046039202351,0.0021561013391260993,0.00015139274877927535,3.7765407450989616e-07,8.123683009231357e-09,2.7420435556477938e-08,2.0315764879454567e-09,2.3966010930757057e-11,2.1274696047590399e-07,1.3757445543439101e-05,1.725804314514664e-08,4.2397698284605025e-05,4.747665510760909e-09,1.6568094031776137e-07,2.627242080053764e-09,9.126350080295242e-06,1.7119434824872072e-12,3.260959845896931e-12,8.651240763191869e-09,3.495317739041277e-08,2.9511760022346496e-14,8.486029953313051e-12,1.8116758828628612e-11
2.3010525203793505e-07,0.16628943999999996,0.8585084662769803,0.0,0.0,0.44215500932456614,0.10845240833776137,0.021275360033419316,5.037108373554415e-08,4.4408188656333745e-05,0.0021607446308308056,0.0008563777705095206,1.2917829278306906e-05,2.98179035460391e-14,0.001538686581944287,3.308332626105614e-12,0.00038043267463679515,5.500952455592677e-10,7.766888982131004e-07,5.904728537792326e-11,2.107507430041661e-12,1.8967180656742234e-05,1.0636096569619584e-07,0.007781161494008108,0.0021622212810704414,0.00015173365488008745,3.795833421333263e-07,8.14405550230387e-09,2.7497437946898524e-08,2.0558326195153e-09,2.4052504709097127e-11,2.1321997710323192e-07,1.3756869290818963e-05,1.737898498786398e-08,4.270289494791836e-05,4.7610544677709485e-09,1.6824349316585466e-07,2.649060545417729e-09,9.145400583409007e-06,1.7278454879037366e-12,3.2974007552935327e-12,8.799796537271035e-09,3.5283049201614823e-08,2.996773476964783e-14,8.59346102485235e-12,1.829663438471715e-11
2.3117427144778456e-07,0.16628943999999996,0.8585084662769803,0.0,0.0,0.44214915266844323,0.10844162108935514,0.021268450044734294,5.112571462348509e-08,4.4940444151541636e-05,0.002176103315470625,0.0008634619513049446,1.3038282459681056e-05,3.0328987819238286e-14,0.0015430126838370383,3.3627296594957684e-12,0.0003805430617203232,5.553514414988644e-10,7.864680650379484e-07,5.955431627834995e-11,2.133267869485815e-12,1.9046100899676672e-05,1.079960789422441e-07,0.0077802774639962125,0.0021683136278611527,0.0001520737260419133,3.815105117762945e-07,8.164301418217165e-09,2.7574063918318336e-08,2.080250893421097e-09,2.4138803544582002e-11,2.1369161786441318e-07,1.3756282657945801e-05,1.7500174351344936e-08,4.3008612333994076e-05,4.774377550101423e-09,1.7083038764575413e-07,2.6709394553898e-09,9.164249997294285e-06,1.743816929920786e-12,3.3340253834026172e-12,8.94997838329208e-09,3.561365890571297e-08,3.042803330734994e-14,8.701547254687186e-12,1.8477278840695832e-11
2.3224329085763406e-07,0.16628943999999996,0.8585084662769803,0.0,0.0,0.44214332331996825,0.10843083425681779,0.02126154244691695,5.188774214898231e-08,4.547629005338564e-05,0.0021914878683575167,0.0008705657088164501,1.3158996444012373e-05,3.08463829969942e-14,0.0015473176161314693,3.417640502106238e-12,0.0003806524604645503,5.606203636344272e-10,7.963064503574277e-07,6.006283370588862e-11,2.1591917693913544e-12,1.9124700417063357e-05,1.0964661038393914e-07,0.007779393950047677,0.002174378473692445,0.00015241296815865531,3.8343556431375053e-07,8.18442140049768e-09,2.765031521295151e-08,2.1048314509275e-09,2.422490845244394e-11,2.1416189557784423e-07,1.3755686002127589e-05,1.7621609996539608e-08,4.331484713093204e-05,4.7876350698672015e-09,1.7344168023764026e-07,2.6928785105808103e-09,9.18290012245456e-06,1.7598577195888811e-12,3.3708330788564382e-12,9.101792021667861e-09,3.594499261706155e-08,3.089266559212201e-14,8.810286390235384e-12,1.8658689151863584e-11
2.3331231026748356e-07,0.16628943999999996,0.8585084662769803,0.0,0.0,0.4421375211817267,0.10842004784647116,0.021254637238551213,5.265719700421517e-08,4.6015729827643076e-05,0.0022068981257110537,0.0008776889463783587,1.3279966217702528e-05,3.1370137127428334e-14,0.001551601478093042,3.473064957410152e-12,0.0003807608961565111,5.659017975597048e-10,8.062038492527574e-07,6.057283232090628e-11,2.1852789447902848e-12,1.9202979822064982e-05,1.1131259505417936e-07,0.007778510952911927,0.0021804159123563712,0.00015275138705260404,3.8535848084198643e-07,8.204416090326828e-09,2.772619356771506e-08,2.1295744308208914e-09,2.4310820445857998e-11,2.1463082293765354e-07,1.3755079675657446e-05,1.774329069076976e-08,4.362159605065523e-05,4.800827338214055e-09,1.7607742641272618e-07,2.7148774130432792e-09,9.201352748306095e-06,1.7759677677133677e-12,3.407823188065154e-12,9.255243098495113e-09,3.6277036504657544e-08,3.136164140173208e-14,8.919676156584024e-12,1.8840862264008334e-11
2.3438132967733306e-07,0.16628943999999996,0.8585084662769803,0.0,0.0,0.44213174615688067,0.10840926186457617,0.021247734418217454,5.3434109750836275e-08,4.655876688467069e-05,0.0022223339248977794,0.0008848315677822641,1.3401186787359376e-05,3.1900298385107504e-14,0.0015558643686846574,3.529002782285034e-12,0.0003808683934435738,5.71195529638661e-10,8.161600548074505e-07,6.108430681551013e-11,2.2115292063391825e-12,1.9280939747045465e-05,1.1299406735074994e-07,0.007777628473214744,0.0021864260372442064,0.000153088988475689,3.8727924267601484e-07,8.224286126521981e-09,2.780170071415848e-08,2.15447996942564e-09,2.4396540535900392e-11,2.1509841251545097e-07,1.3754464025891163e-05,1.7865215207694213e-08,4.3928855828632135e-05,4.81395466530597e-09,1.7873768063702659e-07,2.7369358662663808e-09,9.219609653092911e-06,1.7921469848603827e-12,3.444995055299369e-12,9.41033718563239e-09,3.660977679307072e-08,3.1834970335729025e-14,9.02971425699136e-12,1.9023795113632592e-11
2.3545034908718256e-07,0.16628943999999996,0.8585084662769803,0.0,0.0,0.4421259981491581,0.10839847631733007,0.021240833984492724,5.421851081960836e-08,4.71054045797459e-05,0.002237795104418196,0.0008919934772755006,1.3522653180121168e-05,3.243691507023852e-14,0.0015601063865625954,3.5854536873266588e-12,0.00038097497634941523,5.765013470199274e-10,8.261748581522534e-07,6.159725191296545e-11,2.237942360376526e-12,1.9358580843052167e-05,1.1469106103874752e-07,0.00777674651146576,0.0021924089413478203,0.00015342577811070171,3.891978313469834e-07,8.244032145518316e-09,2.7876838378396015e-08,2.1795482006201785e-09,2.4482069731508358e-11,2.15564676762044e-07,1.3753839395323431e-05,1.798738232727439e-08,4.423662322360407e-05,4.82701736031296e-09,1.8142249637519263e-07,2.759053575170883e-09,9.237672603807816e-06,1.8083952813626835e-12,3.48234802277137e-12,9.567079780786802e-09,3.6943199763347504e-08,3.231266181613624e-14,9.140398373383174e-12,1.920748462817535e-11
2.3651936849703206e-07,0.16628943999999996,0.8585084662769803,0.0,0.0,0.44212027706284385,0.1083876912108641,0.021233935935950885,5.501043051005046e-08,4.765564621340415e-05,0.0022532815038940027,0.0008991745795595921,1.3644360443971401e-05,3.298003560786284e-14,0.0015643276300726196,3.6424173371685565e-12,0.00038108066828959944,5.818190376508736e-10,8.362480485095927e-07,6.21116623671294e-11,2.264518208979577e-12,1.9435903779307533e-05,1.1640360925304524e-07,0.007775865068065458,0.0021983647172610916,0.0001537617615724908,3.9111422859962616e-07,8.26365478135157e-09,2.795160828104179e-08,2.204779255852885e-09,2.4567409039441134e-11,2.1602962800912322e-07,1.3753206121662854e-05,1.8109790835740083e-08,4.4544895017318016e-05,4.840015731399383e-09,1.8413192609441087e-07,2.781230246104029e-09,9.255543356119259e-06,1.82471256732545e-12,3.5198814307150613e-12,9.725476307609272e-09,3.727729175388876e-08,3.2794725088156317e-14,9.251726166843645e-12,1.9391927726231818e-11
2.3758838790688157e-07,0.16628943999999996,0.8585084662769803,0.0,0.0,0.44211458280277055,0.10837690655124148,0.021227040271162803,5.580989899009295e-08,4.8209495031772476e-05,0.0022687929640555562,0.000906374779788691,1.3766303648044514e-05,3.3529708547051194e-14,0.0015685281972462374,3.699893350807019e-12,0.000381185492086772,5.871483902913013e-10,8.463794132375277e-07,6.262753296190023e-11,2.2912565500208117e-12,1.9512909242710212e-05,1.1813174450079706e-07,0.007774984143311779,0.00220429345718131,0.00015409694440913133,3.9302841638975585e-07,8.28315466564165e-09,2.8026012137147508e-08,2.230173264157789e-09,2.4652559464242712e-11,2.164932784709167e-07,1.3752564537905684e-05,1.823243952555533e-08,4.4853668014264116e-05,4.852950085712729e-09,1.8686602126836476e-07,2.8034655868343893e-09,9.273223654303865e-06,1.841098752631988e-12,3.5575946174646466e-12,9.885532115798187e-09,3.761203916130204e-08,3.3281169220886754e-14,9.363695278100695e-12,1.957712131777001e-11
2.386574073167311e-07,0.16628943999999996,0.8585084662769803,0.0,0.0,0.44210891527431,0.1083661223444556,0.021220146988696495,5.661694629574182e-08,4.8766954226899517e-05,0.0022843293267295834,0.000913593983567999,1.388847788292251e-05,3.408598256009832e-14,0.0015727081857971105,3.7578813019314216e-12,0.0003812894699854778,5.924891945267671e-10,8.565687378732112e-07,6.314485851068221e-11,2.3181571772239077e-12,1.95895979373453e-05,1.198754986639803e-07,0.007774103737406343,0.0022101952529106073,0.00015443133210306753,3.949403768817863e-07,8.302532427577106e-09,2.8100051656142753e-08,2.255730352170104e-09,2.4737522008205568e-11,2.1695564024581454e-07,1.3751914972408368e-05,1.8355327195384557e-08,4.5162939041418374e-05,4.8658207293729034e-09,1.8962483238125615e-07,2.825759306546666e-09,9.290715231184436e-06,1.857553746949353e-12,3.5954869195320493e-12,1.0047252481211256e-08,3.7947428441228495e-08,3.3772003108046104e-14,9.476303328005882e-12,1.9763062304344522e-11
2.397264267265806e-07,0.16628943999999996,0.8585084662769803,0.0,0.0,0.4421032743833652,0.10835533859642861,0.021213256087117327,5.743160233075147e-08,4.932802693708175e-05,0.002299890434827102,0.0009208320969521774,1.4010878260922733e-05,3.464890644171762e-14,0.0015768676931176141,3.816380719259689e-12,0.0003813926236666115,5.978412407815391e-10,8.668158061758587e-07,6.366363385586504e-11,2.3452198802192814e-12,1.9665970584003704e-05,1.2163490300197534e-07,0.0077732238504602535,0.0022160701958573964,0.00015476493007223065,3.9685009244629666e-07,8.321788693900382e-09,2.817372854177776e-08,2.2814506441415847e-09,2.4822297671335894e-11,2.1741672531796336e-07,1.3751257748958877e-05,1.847845265005878e-08,4.547270494798995e-05,4.878627967461936e-09,1.9240840893188633e-07,2.848111115836469e-09,9.308019808073248e-06,1.874077459733929e-12,3.6335576716830744e-12,1.0210642605985403e-08,3.8283446109145095e-08,3.426723546871052e-14,9.589547918008775e-12,1.994974757930808e-11
2.4079544613643015e-07,0.16628943999999996,0.8585084662769803,0.0,0.0,0.442097660036362,0.10834455531301003,0.02120636756498814,5.8253896866306547e-08,4.98927162471861e-05,0.002315476132331575,0.0009280890264437438,1.4133499916376816e-05,3.521852910823634e-14,0.001581006816275542,3.875391086878742e-12,0.00038149497426151057,6.032043203311965e-10,8.771204001692278e-07,6.418385386831801e-11,2.3724444445991836e-12,1.97420279197104e-05,1.2340998815418191e-07,0.007772344482499602,0.002221918377037818,0.00015509774367113258,3.9875754565762653e-07,8.340924088893875e-09,2.8247044492068705e-08,2.307334261955702e-09,2.4906887451320083e-11,2.1787654555883256e-07,1.3750593186846846e-05,1.8601814700542074e-08,4.5782962605173194e-05,4.891372104014159e-09,1.9521679943779375e-07,2.870520726705041e-09,9.325139094720477e-06,1.8906698002369e-12,3.671806207012377e-12,1.037570761866452e-08,3.8620078741142383e-08,3.4766874848060184e-14,9.703426630625911e-12,2.0137174028019672e-11
2.418644655462797e-07,0.16628943999999996,0.8585084662769803,0.0,0.0,0.4420920721402421,0.10833377249997583,0.0211994814208694,5.908385954071214e-08,5.046102518896924e-05,0.002331086264287273,0.0009353646789914573,1.4256338005901085e-05,3.5794899596790913e-14,0.0015851256520109515,3.934911844589761e-12,0.000381596542365699,6.085782253148731e-10,8.874823001836086e-07,6.470551344689827e-11,2.3998306519723458e-12,1.9817770697261486e-05,1.2520078414266962e-07,0.007771465633470603,0.002227739887077201,0.00015542977819193473,4.006627192915044e-07,8.359939234366766e-09,2.832000119924537e-08,2.3333813251426577e-09,2.499129234349234e-11,2.1833511272875262e-07,1.3749921600932596e-05,1.8725412163898162e-08,4.60937089059042e-05,4.904053442006821e-09,1.9805005143944768e-07,2.892987852553967e-09,9.342074789267584e-06,1.9073306775096746e-12,3.710231857017209e-12,1.0542452574334928e-08,3.895731297467836e-08,3.527092961813549e-14,9.817937029904286e-12,2.03253385280506e-11
2.429334849561292e-07,0.16628943999999996,0.8585084662769803,0.0,0.0,0.4420865106024555,0.10832299016302735,0.021192597653319392,5.992151985909259e-08,5.103295674139318e-05,0.0023467206767878615,0.00094265896198869,1.4379387708658436e-05,3.637806706452254e-14,0.0015892242967331437,3.9949423882581014e-12,0.00038169734805229035,6.139627487471532e-10,8.97901284897329e-07,6.52286075179731e-11,2.427378280018192e-12,1.9893199684769812e-05,1.2700732037486316e-07,0.007770587303244454,0.002233534816211535,0.0001557610388654945,4.025655963227151e-07,8.378834749642624e-09,2.8392600349701092e-08,2.359591950894236e-09,2.50755133408037e-11,2.1879243847842564e-07,1.3749243301714994e-05,1.8849243863257222e-08,4.640494076462197e-05,4.916672283351115e-09,2.009082115044957e-07,2.9155122081798434e-09,9.358828578205482e-06,1.924060000409244e-12,3.748833951669962e-12,1.071088245476836e-08,3.9295135509308406e-08,3.577940797860254e-14,9.933076661879448e-12,2.0514237949387803e-11
2.4400250436597874e-07,0.16628943999999996,0.8585084662769803,0.0,0.0,0.44208097533095375,0.10831220830779097,0.021185716260894296,6.076690719309873e-08,5.160851383093745e-05,0.002362379216965172,0.0009499717832717913,1.4502644226611916e-05,3.6968080787773474e-14,0.0015933028465177769,4.055482070167684e-12,0.00038179741088505825,6.193576845296249e-10,9.083771313777731e-07,6.575313103495567e-11,2.4550871025406042e-12,1.9968315665219105e-05,1.2882962564626045e-07,0.007769709491621882,0.0022393032542889486,0.00015609153086238895,4.0446615992279444e-07,8.397611251547668e-09,2.8464843623944904e-08,2.3859662540784763e-09,2.515955143379195e-11,2.19248534350409e-07,1.3748558595398184e-05,1.8973308627782776e-08,4.671665511703371e-05,4.92922892888361e-09,2.0379132523206311e-07,2.9380935097689116e-09,9.375402136337358e-06,1.9408576776034247e-12,3.787611819489549e-12,1.0881002168572302e-08,3.9633533107392425e-08,3.629231795752779e-14,1.0048843055028164e-11,2.0703869154634153e-11
2.4507152377582826e-07,0.16628943999999996,0.8585084662769803,0.0,0.0,0.4420754662341837,0.10830142693981733,0.021178837242148394,6.162005078062346e-08,5.2187699331908125e-05,0.002378061732978199,0.0009573030511184391,1.4626102784770057e-05,3.756499016128368e-14,0.0015973613971041107,4.116530199379731e-12,0.00038189674993118324,6.247628274620949e-10,9.189096151219167e-07,6.627907897785393e-11,2.482956889521249e-12,2.0043119436026483e-05,1.306677281431828e-07,0.007768832198337433,0.0022450452907712,0.00015642125929391553,4.0636439345775836e-07,8.416269354399821e-09,2.853673269655604e-08,2.4125043472541957e-09,2.524340761055289e-11,2.1970341178057302e-07,1.3747867783957262e-05,1.9097605292638898e-08,4.7028848919884595e-05,4.9417236783581e-09,2.066994372571043e-07,2.9607314748916795e-09,9.391797126745933e-06,1.9577236175761032e-12,3.826564787611623e-12,1.1052816551347567e-08,3.997249259477874e-08,3.6809667412161704e-14,1.0165233720715737e-11,2.0894228999206973e-11
2.461405431856778e-07,0.16628943999999996,0.8585084662769803,0.0,0.0,0.4420699832210803,0.10829064606458112,0.02117196059563416,6.248097972552515e-08,5.2770516066743265e-05,0.0023937680740022805,0.0009646526742459805,1.4749758631424204e-05,3.8168844697388157e-14,0.001601400043892377,4.178086042095657e-12,0.0003819953837736828,6.301779732534728e-10,9.294985100963815e-07,6.68064463528325e-11,2.510987407172472e-12,2.0117611808613107e-05,1.3252165544555608e-07,0.007767955423063496,0.0022507610147351757,0.00015675022921307272,4.0826028048586693e-07,8.4348096699984e-09,2.8608269236140415e-08,2.4392063406853503e-09,2.5327082856712777e-11,2.201570820995333e-07,1.3747171165202821e-05,1.9222132698957404e-08,4.734151915073155e-05,4.954156830437828e-09,2.0963259125480202e-07,2.9834258224974927e-09,9.408015200765087e-06,1.974657728632353e-12,3.865692181857633e-12,1.1226330365852878e-08,4.0312000861465784e-08,3.733146402973059e-14,1.0282246153637913e-11,2.1085314331533302e-11
2.472095625955273e-07,0.16628943999999996,0.8585084662769803,0.0,0.0,0.44206452620106135,0.10827986568748094,0.021165086319902413,6.334972299735961e-08,5.335696680631526e-05,0.0024094980902184706,0.0009720205618097667,1.4873607038377847e-05,3.8779694025214776e-14,0.0016054188819412682,4.240148822023986e-12,0.0003820933305235328,6.356029185323267e-10,9.401435887770094e-07,6.733522819178711e-11,2.5391784179897473e-12,2.01917936079829e-05,1.3439143452972222e-07,0.007767079165414103,0.0022564505148743984,0.0001570784456155186,4.101538047554137e-07,8.453232807614468e-09,2.867945490528925e-08,2.4660723423552343e-09,2.5410578155401553e-11,2.2060955653405702e-07,1.3746469032844473e-05,1.934688969380539e-08,4.765466280772119e-05,4.966528682688104e-09,2.1259082994501527e-07,3.006176272909102e-09,9.424057997955656e-06,1.9916599189034967e-12,3.904993326802768e-12,1.1401548302176387e-08,4.065204486224149e-08,3.7857715328237175e-14,1.0399877832257507e-11,2.1277121993242838e-11
2.4827858200537685e-07,0.16628943999999996,0.8585084662769803,0.0,0.0,0.4420590950840211,0.10826908581383907,0.021158214413502453,6.42263094311198e-08,5.394705427022984e-05,0.00242525163280311,0.000979406623401476,1.49976433011682e-05,3.9397587889883096e-14,0.0016094180059655543,4.302717720751108e-12,0.0003821906078314892,6.410374608571165e-10,9.508446221879606e-07,6.786541955193119e-11,2.5675296808037034e-12,2.026566567230925e-05,1.3627709177127984e-07,0.007766203424948478,0.0022621138795005376,0.00015740591344050954,4.120449502025517e-07,8.471539373981902e-09,2.875029136053975e-08,2.4931024579805223e-09,2.5493894487227414e-11,2.210608462084459e-07,1.3745761676553294e-05,1.9471875130152817e-08,4.7968276909371645e-05,4.978839531569269e-09,2.155741950967733e-07,3.0289825478171965e-09,9.439927146085241e-06,2.0087300963521445e-12,3.944467545842776e-12,1.1578474977913876e-08,4.099261161730107e-08,3.8388428657268866e-14,1.0518126219235686e-11,2.1469648819358975e-11
2.493476014152264e-07,0.16628943999999996,0.8585084662769803,0.0,0.0,0.4420536897803249,0.10825830644890164,0.02115134487498218,6.511076772698327e-08,5.454078112712205e-05,0.002441028553917569,0.0009868107690474293,1.5121862739280088e-05,4.00225761517038e-14,0.0016133975103338044,4.3657918781157826e-12,0.00038228723289961396,6.464813987261133e-10,9.616013799403322e-07,6.839701551539467e-11,2.5960409508317075e-12,2.0339228852529463e-05,1.3817865294795302e-07,0.007765328201174409,0.0022677511965449376,0.00015773263757181872,4.1393370094914587e-07,8.48972997328899e-09,2.882078025233765e-08,2.5202967910251796e-09,2.5577032830252367e-11,2.2151096214589407e-07,1.374504938202328e-05,1.9597087866840308e-08,4.828235849435834e-05,4.991089672430031e-09,2.1858272753281401e-07,3.0518443702749154e-09,9.455624261111955e-06,2.02586816877708e-12,3.984114161259664e-12,1.1757114938353585e-08,4.133368821284334e-08,3.892361119881401e-14,1.063698876185795e-11,2.166289163848632e-11
2.504166208250759e-07,0.16628943999999996,0.8585084662769803,0.0,0.0,0.44204831020080365,0.10824752759783882,0.021144477702888218,6.600312645006763e-08,5.513814999494886e-05,0.0024568287066981795,0.000994232909206897,1.5246260696352278e-05,4.0654708785379094e-14,0.0016173574890662316,4.429370392587145e-12,0.0003823832224925167,6.519345315870047e-10,9.724136302703112e-07,6.893001118883403e-11,2.6247119797290246e-12,2.0412484011946926e-05,1.400961432424876e-07,0.007764453493551391,0.0022733625535601397,0.00015805862283863574,4.1582004130065584e-07,8.507805207170741e-09,2.8890923225001798e-08,2.5476554427141845e-09,2.5659994159968534e-11,2.2195991526982377e-07,1.374433243103178e-05,1.9722526768547118e-08,4.859690462130358e-05,5.0032793995011596e-09,2.2161646713416612e-07,3.0747614646923356e-09,9.471150947171894e-06,2.043074043818177e-12,4.0239324942863376e-12,1.1937472656667442e-08,4.167526180164609e-08,3.9463269968085516e-14,1.0756462892454908e-11,2.1856847272996865e-11
2.5148564023492543e-07,0.16628943999999996,0.8585084662769803,0.0,0.0,0.4420429562567486,0.10823674926574502,0.021137612895766017,6.690341403019357e-08,5.573916344127906e-05,0.0024726519452463345,0.0010016729547704028,1.5370832540376452e-05,4.12940358792039e-14,0.001621298035832642,4.493452321646174e-12,0.0003824785929483163,6.573966598461936e-10,9.832811400768462e-07,6.946440170305394e-11,2.6535425156395473e-12,2.048543202584078e-05,1.4202958724557385e-07,0.007763579301493593,0.002278948037721425,0.0001583838740164467,4.1770395574405056e-07,8.525765674701718e-09,2.8960721916690542e-08,2.575178512047139e-09,2.574277944927599e-11,2.224077164051969e-07,1.3743611101498921e-05,1.984819070575926e-08,4.891191236856971e-05,5.015409005889497e-09,2.2467545284477319e-07,3.0977335568309544e-09,9.486508796570294e-06,2.06034762896118e-12,4.06392186517016e-12,1.2119552534108568e-08,4.201731960362081e-08,4.000741181435194e-14,1.0876546028817693e-11,2.205151253921315e-11
2.5255465964477496e-07,0.16628943999999996,0.8585084662769803,0.0,0.0,0.4420376278599063,0.10822597145763928,0.021130750452160004,6.781165876165536e-08,5.6343823983579744e-05,0.002488498124618768,0.0010091308170580133,1.5495573663888816e-05,4.194060763426822e-14,0.0016252192439504911,4.5580366821703965e-12,0.0003825733601893298,6.628675848777964e-10,9.942036749588626e-07,7.000018221264018e-11,2.682532303246094e-12,2.0558073781083e-05,1.4397900895879479e-07,0.007762705624372668,0.0022845077358283517,0.00015870839582789628,4.195854289457471e-07,8.543611972389498e-09,2.903017795936984e-08,2.602866095811719e-09,2.5825389668460748e-11,2.2285437627980495e-07,1.3742885667546108e-05,1.9974078554737828e-08,4.9227378834056005e-05,5.027478783572309e-09,2.277597226761579e-07,3.1207603737981314e-09,9.501699389776122e-06,2.0776888315424537e-12,4.104081593235424e-12,1.2303358900214967e-08,4.235984890634696e-08,4.0556043421775273e-14,1.0997235574608355e-11,2.2246884247589266e-11
2.536236790546245e-07,0.16628943999999996,0.8585084662769803,0.0,0.0,0.44203232492247346,0.10821519417846572,0.021123890370613664,6.872788880299905e-08,5.695213408950007e-05,0.002504367100817995,0.0010166064078176275,1.5620479484154583e-05,4.259447436366041e-14,0.0016291212063830462,4.623122450821715e-12,0.0003826675397324948,6.683471090323434e-10,1.0051809992519996e-06,7.053734789560273e-11,2.711681083820292e-12,2.063041017576284e-05,1.4594443179759913e-07,0.007761832461520366,0.0022900417343063024,0.00015903219294363194,4.21464445749582e-07,8.561344694168652e-09,2.9099292978783296e-08,2.6307182885969687e-09,2.5907825785174558e-11,2.2329990552553648e-07,1.3742156399553498e-05,2.0100189197487375e-08,4.954330113499917e-05,5.039489023391955e-09,2.3086931371212566e-07,3.1438416440415317e-09,9.516724295420129e-06,2.0950975587536566e-12,4.144410996944811e-12,1.248889601301915e-08,4.27028370655865e-08,4.1109171310255875e-14,1.111852891976488e-11,2.2442959202889353e-11
2.54692698464474e-07,0.16628943999999996,0.8585084662769803,0.0,0.0,0.44202704735709286,0.10820441743309399,0.021117032649669656,6.965213217680773e-08,5.756409617715196e-05,0.0025202587307829195,0.0010240996392232573,1.5745545443345457e-05,4.3255686491671655e-14,0.0016330040157376494,4.688708564437228e-12,0.00038276114669953497,6.738350356451876e-10,1.0162128760648944e-06,7.107589395302993e-11,2.7409885952720287e-12,2.0702442118818372e-05,1.4792587859429801e-07,0.007760959812231017,0.0022955501192080388,0.00015935526998313025,4.233409911748071e-07,8.578964431395323e-09,2.916806859442384e-08,2.658735182806483e-09,2.599008876441488e-11,2.2374431467962374e-07,1.374142356421661e-05,2.0226521521724646e-08,4.985967640777707e-05,5.051440015050886e-09,2.340042621135063e-07,3.166977097343549e-09,9.531585070296097e-06,2.1125737176463642e-12,4.184909393959812e-12,1.2676168059263624e-08,4.304627150577863e-08,4.1666801836283666e-14,1.1240423440901196e-11,2.2639734204364257e-11
2.5576171787432354e-07,0.16628943999999996,0.8585084662769803,0.0,0.0,0.442021795076848,0.10819364122632,0.021110177287869934,7.058441676949438e-08,5.817971261538796e-05,0.002536172872379603,0.001031610423873302,1.5870767008710077e-05,4.3924294553001536e-14,0.001636867764264077,4.754793920422868e-12,0.00038285419582687,6.793311690446252e-10,1.0272990673149978e-06,7.161581560875233e-11,2.7704545721984826e-12,2.0774170529675123e-05,1.4992337160108505e-07,0.0077600876757638595,0.0023010329762152594,0.0001596776315155065,4.252150504141152e-07,8.59647177284228e-09,2.9236506419507004e-08,2.6869168686714135e-09,2.6072179568506227e-11,2.241876141858674e-07,1.3740687424601945e-05,2.0353074420847272e-08,5.017650180771605e-05,5.063332047106903e-09,2.3716460312293138e-07,3.190166464815704e-09,9.546283259365277e-06,2.13011721513662e-12,4.22557610120011e-12,1.2865179154622101e-08,4.339013972051531e-08,4.222894119379573e-14,1.1362916501701961e-11,2.2837206045925376e-11
2.5683073728417307e-07,0.16628943999999996,0.8585084662769803,0.0,0.0,0.44201656799525957,0.10818286556286637,0.021103324283755845,7.15247703311017e-08,5.87989857240762e-05,0.0025521093843921872,0.00103913867478882,1.5996139672737806e-05,4.460034919196489e-14,0.0016407125438529977,4.821377377149767e-12,0.0003829467014752802,6.848353145597347e-10,1.0384393337639366e-06,7.215710810901693e-11,2.8000787459327436e-12,2.084559633789161e-05,1.5193693249307822e-07,0.007759216051345239,0.0023064903906401587,0.00015999928206030748,4.270866088316898e-07,8.613867304694532e-09,2.9304608060945917e-08,2.715263434263372e-09,2.6154099157082018e-11,2.2462981439584159e-07,1.3739948240201756e-05,2.0479846793902785e-08,5.049377450890148e-05,5.075165406968766e-09,2.403503710696476e-07,3.2134094788930546e-09,9.560820395763854e-06,2.14772795800941e-12,4.266410434901983e-12,1.305593334392627e-08,4.373442927299792e-08,4.279559541504006e-14,1.1486005453312353e-11,2.3035371516316356e-11
2.578997566940226e-07,0.16628943999999996,0.8585084662769803,0.0,0.0,0.44201136602627994,0.1081720904473833,0.02109647363586821,7.247322047510911e-08,5.9421917774372565e-05,0.002568068126513969,0.0010466843054117937,1.6121658953315718e-05,4.5283901161699846e-14,0.001644538446034523,4.888457754353155e-12,0.00038303867763933087,6.90347278527937e-10,1.0496334350524158e-06,7.269976672217094e-11,2.8298608445920053e-12,2.0916720482811776e-05,1.5396658237138335e-07,0.007758344938170665,0.0023119224474269975,0.00016032022608828837,4.2895565196128525e-07,8.631151610545408e-09,2.937237511932785e-08,2.7437749655071705e-09,2.6235848487067673e-11,2.2507092557007878e-07,1.3739206266987875e-05,2.0606837545557703e-08,5.081149170399148e-05,5.086940380892042e-09,2.4356159937436376e-07,3.2367058733285567e-09,9.575198000813296e-06,2.1654058529231385e-12,4.307411710675703e-12,1.3248434601397988e-08,4.4079127796475084e-08,4.336677037144494e-14,1.1609687634722682e-11,2.3234227399283207e-11
2.5896877610387213e-07,0.16628943999999996,0.8585084662769803,0.0,0.0,0.44200618908429073,0.10816131588444917,0.02108962534274745,7.342979467824674e-08,6.004851098899016e-05,0.002584048959338634,0.0010542472296033894,1.62473203938791e-05,4.597500132337734e-14,0.0016483455619768451,4.9560338335337385e-12,0.00038313013795656064,6.95866868302283e-10,1.0608811297346725e-06,7.324378673835457e-11,2.8598005931253495e-12,2.098754391322403e-05,1.560123417661781e-07,0.007757474335406767,0.0023173292311536708,0.00016064046802217303,4.3082216550432607e-07,8.648325271393145e-09,2.9439809188892228e-08,2.7724515461934566e-09,2.631742851266394e-11,2.255109578792333e-07,1.37384617574647e-05,2.073404558606684e-08,5.1129650604033895e-05,5.098657253975257e-09,2.467983205541297e-07,3.2600553831874554e-09,9.589417584033564e-06,2.1831508064139323e-12,4.34857924356195e-12,1.3442686830886798e-08,4.4424222994662445e-08,4.3942471774494174e-14,1.1733960373148077e-11,2.3433770473741063e-11
2.6003779551372166e-07,0.16628943999999996,0.8585084662769803,0.0,0.0,0.442001037084097,0.10815054187857151,0.021082779402933648,7.439452028031635e-08,6.067876754246584e-05,0.0026000517443516206,0.0010618273616422153,1.637311956355545e-05,4.667370064541186e-14,0.0016521339824849687,5.024104358361323e-12,0.00038322109571644307,7.013938922584701e-10,1.0721821753124759e-06,7.378916346920352e-11,2.8898977133611188e-12,2.105806758702695e-05,1.580742306398155e-07,0.007756604242193115,0.002322710826033281,0.0001609600122373998,4.326861353280407e-07,8.66538886563794e-09,2.9506911857510254e-08,2.801293257991178e-09,2.63988401853316e-11,2.2594992140522867e-07,1.373771496072131e-05,2.086146983124267e-08,5.14482484382863e-05,5.11031631015631e-09,2.500605662272477e-07,3.283457744841632e-09,9.603480643159023e-06,2.200962724900032e-12,4.389912348087292e-12,1.363869386611255e-08,4.476970264214442e-08,4.4522705176607524e-14,1.1858820984403094e-11,2.363399751394004e-11
2.611068149235712e-07,0.16628943999999996,0.8585084662769803,0.0,0.0,0.4419959099409247,0.10813976843418763,0.021075935814966695,7.536742448401892e-08,6.13126895614244e-05,0.002616076343921642,0.0010694246162225758,1.6499052057302187e-05,4.7380050202673676e-14,0.0016559037979995233,5.092668035080653e-12,0.0003833115638691223,7.069281598015975e-10,1.083536328268685e-06,7.433589224756012e-11,2.9201519240538715e-12,2.1128292470901452e-05,1.6015226838994709e-07,0.007755734657643962,0.0023280673159157177,0.0001612788630628516,4.3454754746361203e-07,8.682342969079467e-09,2.957368470666593e-08,2.8303001804599625e-09,2.648008445377683e-11,2.2638782614238315e-07,1.3736966122482727e-05,2.0989109202425047e-08,5.1767282454038966e-05,5.121917832209158e-09,2.53348367118213e-07,3.306912695963969e-09,9.617388664156927e-06,2.218841514685956e-12,4.431410338318671e-12,1.3836459470913147e-08,4.511555458475816e-08,4.510747597202648e-14,1.1984266773271422e-11,2.3834905289627773e-11
2.621758343334207e-07,0.16628943999999996,0.8585084662769803,0.0,0.0,0.441990807570416,0.10812899555566557,0.02106909457738632,7.634853435478921e-08,6.19502791248398e-05,0.0026321226212923424,0.0010770389084527182,1.6625113496038076e-05,4.8094101175702655e-14,0.0016596550985956595,5.1617235329192805e-12,0.0003834015550339332,7.124694813726571e-10,1.094943344100356e-06,7.488396842719294e-11,2.9505629409309376e-12,2.1198219539989337e-05,1.622464738526638e-07,0.007754865580849852,0.0023333987842892364,0.0001615970247815718,4.364063881043587e-07,8.69918815491482e-09,2.9640129311438326e-08,2.8594723910623327e-09,2.6561162263936672e-11,2.268246819985185e-07,1.3736215485160352e-05,2.1116962626450868e-08,5.2086749916440925e-05,5.1334621017407375e-09,2.566617530626839e-07,3.330419975522685e-09,9.631143121248466e-06,2.2367870819668016e-12,4.47307252791698e-12,1.4035987339497108e-08,4.5461766739960345e-08,4.569678939770488e-14,1.2110295033870621e-11,2.4036490566211192e-11
2.6324485374327024e-07,0.16628943999999996,0.8585084662769803,0.0,0.0,0.44198572988862594,0.10811822324730501,0.021062255688732188,7.733787682063685e-08,6.259153826429388e-05,0.0026481904405740854,0.0010846701538530811,1.6751299526768615e-05,4.881590484992334e-14,0.0016633879739820312,5.2312694844973415e-12,0.0003834910815077084,7.180176684547723e-10,1.1064029773514139e-06,7.543338738252502e-11,2.98113047673856e-12,2.1267849777578106e-05,1.6435686530565441e-07,0.007753997010879166,0.0023387053142820374,0.00016191450163146513,4.382626436039359e-07,8.715924993736894e-09,2.9706247240485535e-08,2.8888099651758216e-09,2.664207455896642e-11,2.272604987960494e-07,1.3735463287901572e-05,2.1245029035624017e-08,5.240664810832874e-05,5.144949399188157e-09,2.600007530124794e-07,3.3539793237756753e-09,9.6447454769322e-06,2.2547993328322562e-12,4.514898230189697e-12,1.4237281096700961e-08,4.580832709717688e-08,4.6290650534204394e-14,1.223690305001194e-11,2.4238750104914326e-11
2.6431387315311977e-07,0.16628943999999996,0.8585084662769803,0.0,0.0,0.4419806768120191,0.10810745151333824,0.021055419147544028,7.833547867199383e-08,6.323646896423264e-05,0.0026642796667358834,0.00109231826835454,1.6877605822705368e-05,4.9545512614861964e-14,0.0016671025134998491,5.3013044862391435e-12,0.00038358015527287774,7.235725335791847e-10,1.1179149816448823e-06,7.598414450837031e-11,3.0118542412876394e-12,2.1337184174791936e-05,1.6648346047138093e-07,0.007753128946779558,0.0023439869886638528,0.0001622312978059853,4.401163004745631e-07,8.732554053533208e-09,2.977204005602971e-08,2.918312976104945e-09,2.6722822279226483e-11,2.2769528627305662e-07,1.3734709766638593e-05,2.137330736768548e-08,5.2726974330058206e-05,5.15638000381612e-09,2.63365395040603e-07,3.377590482264855e-09,9.658197182009813e-06,2.272878173270813e-12,4.556886758142629e-12,1.4440344298251274e-08,4.615522371813592e-08,4.6889064306594446e-14,1.2364088095555309e-11,2.444168066293634e-11
2.653828925629693e-07,0.16628943999999996,0.8585084662769803,0.0,0.0,0.4419756482574657,0.1080966803579309,0.021048584952361667,7.934136656156875e-08,6.388507316221979e-05,0.0026803901655974532,0.001099983168296646,1.7004028083379408e-05,5.0282975963364734e-14,0.0016707988061220173,5.3718270987864215e-12,0.0003836687880053664,7.291338903309895e-10,1.1294791097146812e-06,7.653623521967773e-11,3.0427339414990662e-12,2.140622373028873e-05,1.686262765202699e-07,0.007752261387579321,0.0023492438898475372,0.0001625474174548085,4.419673453852756e-07,8.749075899685113e-09,2.98375093138435e-08,2.9479814950930687e-09,2.6803406362270928e-11,2.2812905408434143e-07,1.3733955154136459e-05,2.150179656578355e-08,5.3047725899338796e-05,5.167754193714591e-09,2.667557063462927e-07,3.4012531938104757e-09,9.671499675614125e-06,2.291023509173678e-12,4.599037424530726e-12,1.4645180431031202e-08,4.6502444737184465e-08,4.749203548535665e-14,1.2491847434759532e-11,2.464527899360546e-11
2.664519119728188e-07,0.16628943999999996,0.8585084662769803,0.0,0.0,0.4419706441422381,0.10808590978518318,0.02104175310172513,8.035556700420723e-08,6.453735274918793e-05,0.002696521803821401,0.0011076647704258676,1.713056203474899e-05,5.102834649081799e-14,0.0016744769404523374,5.442835847413141e-12,0.0003837569910822954,7.347015533546335e-10,1.141095113436988e-06,7.708965495128341e-11,3.073769281448669e-12,2.1474969449963128e-05,1.707853300739193e-07,0.007751394332288666,0.002354476099890648,0.00016286286468449387,4.438157651601966e-07,8.765491094967362e-09,2.990265656323764e-08,2.9778155913341348e-09,2.6883827742836037e-11,2.2856181180246452e-07,1.3733199680040286e-05,2.1630495578444224e-08,5.336890015107072e-05,5.179072245796656e-09,2.7017171326009503e-07,3.4249672025054543e-09,9.68465438523921e-06,2.3092352463388243e-12,4.64134954190802e-12,1.4851792913351457e-08,4.68499783615888e-08,4.809956868729316e-14,1.2620178322627529e-11,2.4849541846532206e-11
2.6752093138266835e-07,0.16628943999999996,0.8585084662769803,0.0,0.0,0.4419656643840077,0.10807513979913058,0.021034923594174717,8.137810637675867e-08,6.519330956968724e-05,0.0027126744489055317,0.001115362991893828,1.7257203429301542e-05,5.178167589437e-14,0.0016781370047247945,5.514329222441749e-12,0.00038384477558949063,7.402753383591705e-10,1.1527627438611761e-06,7.76443991576698e-11,3.10495996241175e-12,2.1543422346655374e-05,1.7296063720831956e-07,0.007750527779900935,0.002359683700497039,0.00016317764355913076,4.4566154677683295e-07,8.781800199548149e-09,2.996748334704996e-08,3.0078153319842902e-09,2.696408735282997e-11,2.2899356891876614e-07,1.3732443570921769e-05,2.1759403359541788e-08,5.3690494437184706e-05,5.1903344357966715e-09,2.736134412489616e-07,3.4487322537096948e-09,9.69766272677263e-06,2.3275132904748585e-12,4.683822422676695e-12,1.5060185095225575e-08,4.719781287181915e-08,4.871166837643924e-14,1.2749078005247027e-11,2.5054465967760015e-11
2.685899507925179e-07,0.16628943999999996,0.8585084662769803,0.0,0.0,0.44196070890084227,0.1080643704037451,0.021028096428251063,8.240901091794932e-08,6.585294542213181e-05,0.0027288479691752812,0.0011230777502555418,1.7383948046150068e-05,5.2543015972154506e-14,0.001681779086802902,5.58630567966074e-12,0.00038393215232880384,7.458550621232816e-10,1.164481751240322e-06,7.820046331273269e-11,3.1363056829072347e-12,2.161158343986592e-05,1.7515221345708909e-07,0.007749661729393737,0.0023648667730184507,0.0001634917581009733,4.4750467736439487e-07,8.798003770989416e-09,3.003199120163537e-08,3.037980782173396e-09,2.704418612132261e-11,2.2942433484437178e-07,1.37316870503249e-05,2.1888518868269526e-08,5.401250612648429e-05,5.201541038268552e-09,2.770809149213689e-07,3.4725480940444185e-09,9.710526104529587e-06,2.345857547204901e-12,4.7264553791352716e-12,1.527036025864931e-08,4.754593662181886e-08,4.9328338864979475e-14,1.2878543720126383e-11,2.5260048099914174e-11
2.696589702023674e-07,0.16628943999999996,0.8585084662769803,0.0,0.0,0.44195577761120125,0.108053601602936,0.021021271602495232,8.344830672826134e-08,6.651626205904334e-05,0.002745042233776268,0.0011308089634676495,1.7510791691124076e-05,5.3312418622516023e-14,0.0016854032741791256,5.658763640743426e-12,0.00038401913182525117,7.514405425000669e-10,1.1762518850612938e-06,7.875784290955485e-11,3.1678061387414234e-12,2.1679453755475732e-05,1.7736007381472274e-07,0.007748796179730028,0.0023700253984561,0.00016380521229106295,4.49345144202137e-07,8.814102364247614e-09,3.0096181656857105e-08,3.068312005016394e-09,2.7124124974536717e-11,2.2985411891118147e-07,1.373093033881099e-05,2.201784106911052e-08,5.433493260449071e-05,5.212692326584324e-09,2.8057415803245817e-07,3.4964144713864608e-09,9.723245911289031e-06,2.3642679220704013e-12,4.769247723525965e-12,1.548232161788414e-08,4.7894338039258224e-08,4.9949584314167456e-14,1.300857269652575e-11,2.5466284982348752e-11
2.7072798961221694e-07,0.16628943999999996,0.8585084662769803,0.0,0.0,0.4419508704339343,0.10804283340055107,0.021014449115448773,8.449601976981808e-08,6.718326118729295e-05,0.0027612571126669574,0.001138556549886651,1.763773019685514e-05,5.408993584323705e-14,0.001689009653974365,5.731701493667816e-12,0.0003841057243339738,7.570315984216082e-10,1.188072894074416e-06,7.931653346018659e-11,3.199461023051357e-12,2.1747034325472186e-05,1.7958423273985292e-07,0.007747931129859121,0.002375159657462277,0.00016411801006983843,4.5118293471771886e-07,8.830096531674726e-09,3.016005623607914e-08,3.0988090616246054e-09,2.7203904835838905e-11,2.3028293037284284e-07,1.3730173654002928e-05,2.214736893180878e-08,5.4657771273290137e-05,5.223788572932856e-09,2.84093193489196e-07,3.520331134862612e-09,9.73582352833154e-06,2.3827443205348545e-12,4.812198768081173e-12,1.5696072319744644e-08,4.8243005625773445e-08,5.0575408735249064e-14,1.313916215578362e-11,2.567317335129123e-11
2.7179700902206647e-07,0.16628943999999996,0.8585084662769803,0.0,0.0,0.44194598728827683,0.10803206580037733,0.021007628965653797,8.55521758662751e-08,6.785394446834026e-05,0.002777492476611451,0.0011463204282671441,1.776475942285718e-05,5.487561973076702e-14,0.001692598312937503,5.8051175931374645e-12,0.00038419193984702327,7.626280499033082e-10,1.1999445263227237e-06,7.987653049543307e-11,3.2312700263477905e-12,2.1814326187680356e-05,1.8182470415852292e-07,0.007747066578717645,0.0023802696303419297,0.00016443015533773405,4.5301803648559026e-07,8.84598682301968e-09,3.022361645615949e-08,3.1294720111168754e-09,2.728352662573169e-11,2.307107784057092e-07,1.3729417210628753e-05,2.2277101431340365e-08,5.498101955138342e-05,5.234830048318777e-09,2.8763804335555346e-07,3.5442978348439307e-09,9.748260325478983e-06,2.401286647987574e-12,4.85530782506916e-12,1.591161544388979e-08,4.859192795719087e-08,5.1205815990388846e-14,1.3270309311638711e-11,2.5880709939986294e-11
2.72866028431916e-07,0.16628943999999996,0.8585084662769803,0.0,0.0,0.44194112809384833,0.10802129880614239,0.021000811151653035,8.661680070271741e-08,6.852831351847022e-05,0.002793748197172372,0.0011541005177600505,1.789187525560159e-05,5.5669522479453296e-14,0.0016961693374450235,5.879010261003209e-12,0.0003842777880999797,7.682297180480123e-10,1.2118665291708002e-06,8.043782956464794e-11,3.2632328365577807e-12,2.188133038549978e-05,1.8408150146747117e-07,0.007746202525230455,0.0023853553970542597,0.00016474165195576687,4.5485043722539406e-07,8.861773785430113e-09,3.0286863827444885e-08,3.1603009106306343e-09,2.736299126184622e-11,2.3113767210978237e-07,1.372866122056452e-05,2.2407037547884662e-08,5.53046748735381e-05,5.245817022561634e-09,2.912087288577028e-07,3.568314322940051e-09,9.760557661135826e-06,2.4198948097472577e-12,4.898574206838909e-12,1.612895400311785e-08,4.894109368373683e-08,5.1840809793599425e-14,1.3402011370547302e-11,2.6088891478836135e-11
2.739350478417655e-07,0.16628943999999996,0.8585084662769803,0.0,0.0,0.44193629277064866,0.10801053242151518,0.0209939956719899,8.76899198255622e-08,6.920636990902812e-05,0.002810024146703879,0.0011618967379108552,1.801907360858725e-05,5.6471696380773935e-14,0.0016997228135006784,5.953377786685674e-12,0.00038436327857840213,7.738364250499146e-10,1.2238386493332047e-06,8.10004262355334e-11,3.2953491390668925e-12,2.194804796764647e-05,1.8635463753742656e-07,0.007745338968311462,0.00239041703721432,0.0001650525037461118,4.566801248003926e-07,8.87745796345437e-09,3.0349799853766134e-08,3.1912958153328418e-09,2.7442299658935033e-11,2.315636205096411e-07,1.3727905892876488e-05,2.2537176266796027e-08,5.562873469064282e-05,5.2567497642951716e-09,2.948052703892327e-07,3.59238035199353e-09,9.772716882332067e-06,2.4385687110656424e-12,4.941997225864177e-12,1.6348090943664965e-08,4.929049153023339e-08,5.248039371167384e-14,1.3534265531996019e-11,2.629771469554041e-11
2.7500406725161505e-07,0.16628943999999996,0.8585084662769803,0.0,0.0,0.44193148123905507,0.107999766650107,0.02098718252520856,8.877155864246756e-08,6.988811516665168e-05,0.0028263201983447666,0.001169709008657836,1.8146350422405583e-05,5.728219382257254e-14,0.0017032588267352222,6.028218427598458e-12,0.0003844484205241199,7.794479941982499e-10,1.2358606329024988e-06,8.156431609394605e-11,3.3276186167610225e-12,2.2014479987900137e-05,1.8864412471641354e-07,0.00774447590686446,0.0023954546300945932,0.00016536271449266678,4.585070872159142e-07,8.893039899043877e-09,3.0412426032434736e-08,3.2224567784308138e-09,2.752145272886599e-11,2.319886325553551e-07,1.3727151433862612e-05,2.2667516578575248e-08,5.5953196469563936e-05,5.26762854096683e-09,2.984276875163771e-07,3.616495676074146e-09,9.784739324767687e-06,2.457308257131082e-12,4.985576194786727e-12,1.6569029145507228e-08,4.9640110296280156e-08,5.3124571165120366e-14,1.366706898881011e-11,2.6507176315233978e-11
2.760730866614646e-07,0.16628943999999996,0.8585084662769803,0.0,0.0,0.44192669341982016,0.10798900149547276,0.020980371709854003,8.986174242224668e-08,7.057355077350172e-05,0.0028426362260116867,0.0011775372503302994,1.827370166480075e-05,5.810106728829503e-14,0.0017067774624062017,6.1035304095718596e-12,0.00038453322294136453,7.850642498807806e-10,1.247932225376863e-06,8.212949474370879e-11,3.3600409500678397e-12,2.208062750485653e-05,1.9094997483306681e-07,0.007743613339783879,0.0024004682546265987,0.00016567228794160611,4.603313126178164e-07,8.908520131555804e-09,3.047474385424034e-08,3.2537838511829724e-09,2.7600451380616246e-11,2.3241271712338418e-07,1.3726398047093396e-05,2.279805747884146e-08,5.6278057693004276e-05,5.278453618837418e-09,3.020759989832612e-07,3.6406600504732546e-09,9.796626312858556e-06,2.4761133530719197e-12,5.029310426458821e-12,1.679177142266612e-08,4.998993885642257e-08,5.37733454291002e-14,1.3800418927457276e-11,2.6717273060621468e-11
2.771421060713141e-07,0.16628943999999996,0.8585084662769803,0.0,0.0,0.4419219292340682,0.10797823696111167,0.020973563224472073,9.09604962947878e-08,7.126267816749011e-05,0.0028589721043924625,0.0011853813836468136,1.8401123330724995e-05,5.892836935622862e-14,0.0017102788053978031,6.179311927277102e-12,0.00038461769460275056,7.906850175870791e-10,1.2600531716873197e-06,8.269595780642846e-11,3.3926158169978565e-12,2.214649158168483e-05,1.9327219919995528e-07,0.007742751265955487,0.002405457989402472,0.00016598122780192389,4.621527892909735e-07,8.923899197756e-09,3.0536754803449216e-08,3.2852770829094513e-09,2.7679296520267052e-11,2.3283588301746434e-07,1.372564593345208e-05,2.292879796830404e-08,5.6603315859364204e-05,5.289225262980946e-09,3.057502227171606e-07,3.6648732316980964e-09,9.808379159783784e-06,2.4949839039601274e-12,5.0731992339849014e-12,1.7016320523517244e-08,5.033996616030681e-08,5.442671963436717e-14,1.3934312528347018e-11,2.692800165211292e-11
2.7821112548116364e-07,0.16628943999999996,0.8585084662769803,0.0,0.0,0.44191718860329315,0.10796747305046846,0.020966757067609535,9.206784525097956e-08,7.195549874250583e-05,0.0028753277089395087,0.0011932413297134443,1.852861144238932e-05,5.976415269874262e-14,0.0017137629402207482,6.255561144650895e-12,0.0003847018440551046,7.963101239116067e-10,1.2722232162245556e-06,8.326370092131883e-11,3.4253428931851187e-12,2.2212073285889954e-05,1.956108086169132e-07,0.007741889684257085,0.002410423912676556,0.0001662895377459675,4.639715056577805e-07,8.939177631822186e-09,3.059846035780349e-08,3.3169365210026406e-09,2.775798905099894e-11,2.3325813896947964e-07,1.3724895291174175e-05,2.3059737052734695e-08,5.692896848260455e-05,5.299943737284625e-09,3.0945037583377296e-07,3.689134977466158e-09,9.819999167534343e-06,2.5139198148145226e-12,5.11724193076253e-12,1.7242679131102242e-08,5.0690181232821585e-08,5.508469676820969e-14,1.4068746966125649e-11,2.71393588079542e-11
2.7928014489101316e-07,0.16628943999999996,0.8585084662769803,0.0,0.0,0.4419124714493557,0.10795670976693428,0.020959953237814154,9.318381414264188e-08,7.265201384863896e-05,0.0028917029158633473,0.001201117010021991,1.865616204930956e-05,6.060847008153147e-14,0.001717229951012248,6.332276195320297e-12,0.00038478567962515087,8.01939396556598e-10,1.2844421028653579e-06,8.383271974502905e-11,3.458221851927526e-12,2.227737368907974e-05,1.9796581337438035e-07,0.007741028593559138,0.0024153661023669924,0.0001665972214099602,4.657874502766761e-07,8.954355965347496e-09,3.0659861988521506e-08,3.3487622109375927e-09,2.7836529873087324e-11,2.336794936403213e-07,1.372414631588641e-05,2.3190873742939763e-08,5.7255013092111955e-05,5.310609304449025e-09,3.1317647464250337e-07,3.7134450466994996e-09,9.831487626963039e-06,2.5329209906042645e-12,5.161437830522564e-12,1.7470849863443833e-08,5.1040573174227206e-08,5.574727967539497e-14,1.4203719409966963e-11,2.7351341244358898e-11
2.803491643008627e-07,0.16628943999999996,0.8585084662769803,0.0,0.0,0.44190777769448064,0.1079459471138478,0.020953151733634708,9.430842768246202e-08,7.335222479240244e-05,0.002908097602126215,0.0012090083464482229,1.878377122834793e-05,6.146137436285986e-14,0.001720679921536006,6.409455183027728e-12,0.0003848692094250521,8.075726643347519e-10,1.2967095749986525e-06,8.44030099514773e-11,3.491252364226782e-12,2.2342393866736928e-05,2.003372232567486e-07,0.007740167992725372,0.002420284636057306,0.0001669042823945146,4.676006118406879e-07,8.969434727344184e-09,3.0720961160298846e-08,3.3807541962823613e-09,2.791491988389884e-11,2.3409995562073267e-07,1.3723399200645007e-05,2.332220705473252e-08,5.7581447232565885e-05,5.321222225988398e-09,3.169285346517599e-07,3.737803199519111e-09,9.842845817835645e-06,2.5519873362520684e-12,5.2057862473685935e-12,1.7700835273863762e-08,5.1391131160271967e-08,5.6414471059114774e-14,1.4339227023858505e-11,2.7563945675636005e-11
2.814181837107122e-07,0.16628943999999996,0.8585084662769803,0.0,0.0,0.4419031072612544,0.10793518509449601,0.020946352553621074,9.544171044393633e-08,7.40561328369522e-05,0.002924511645435773,0.0012169152612501201,1.891143508375012e-05,6.232291849281015e-14,0.0017241129351822711,6.487096182056086e-12,0.00038495244135781394,8.132097571717302e-10,1.3090253755511628e-06,8.497456723168935e-11,3.524434098827977e-12,2.2407134897995793e-05,2.0272504754571519e-07,0.007739307880613354,0.002425179590997988,0.00016721072426513665,4.694109791759911e-07,8.984414444247662e-09,3.078175933131024e-08,3.4129125187082222e-09,2.7993159977887753e-11,2.3451953343214338e-07,1.3722654135973393e-05,2.3453736008905818e-08,5.790826846380775e-05,5.33178276223114e-09,3.2070657057426024e-07,3.762209197239269e-09,9.85407500888321e-06,2.5711187566375086e-12,5.250286495815655e-12,1.793263785130372e-08,5.17418444422963e-08,5.708627348193311e-14,1.4475266966883646e-11,2.7777168814317334e-11
2.8248720312056175e-07,0.16628943999999996,0.8585084662769803,0.0,0.0,0.44189846007262273,0.10792442371211533,0.020939555696324254,9.65836868613168e-08,7.47637392023047e-05,0.0029409449242389033,0.0012248376770661114,1.9039149747178103e-05,6.319315551253168e-14,0.001727529074967937,6.565197237653846e-12,0.0003850353831225525,8.188505061084722e-10,1.3213892470126856e-06,8.554738729364201e-11,3.5577667222588024e-12,2.2471597865423474e-05,2.0512929502364195e-07,0.007738448256075027,0.0024300510441080856,0.0001675165505527197,4.712185412404896e-07,8.999295639920732e-09,3.084225795321231e-08,3.445237217999802e-09,2.8071251046593392e-11,2.349382355274877e-07,1.372191130989928e-05,2.3585459631204717e-08,5.8235474360712115e-05,5.3422911723204085e-09,3.2451059633234696e-07,3.786662802361902e-09,9.8651764578555e-06,2.590315156600245e-12,5.294937890828213e-12,1.8166260020648988e-08,5.209270234732475e-08,5.776268936673539e-14,1.461183639349943e-11,2.7991007371283163e-11
2.835562225304113e-07,0.16628943999999996,0.8585084662769803,0.0,0.0,0.4418938360518876,0.10791366296989259,0.020932761160296444,9.773438122956299e-08,7.547504506555306e-05,0.0029573973177155913,0.0012327755169133183,1.9166911377738583e-05,6.407213855349253e-14,0.0017309284235366904,6.643756366460063e-12,0.00038511804221963094,8.24494743303324e-10,1.3338009314609843e-06,8.612146586211126e-11,3.5912498988684085e-12,2.2535783854805747e-05,2.075499739769204e-07,0.007737589117957211,0.0024348990719767743,0.00016782176475402987,4.730232871224131e-07,9.01407883565809e-09,3.090245847114719e-08,3.477728332065112e-09,2.8149193978637138e-11,2.353560702920142e-07,1.372117090799118e-05,2.3717376952299344e-08,5.8563062513059536e-05,5.352747714214879e-09,3.283406250633133e-07,3.8111637785709535e-09,9.876151411575448e-06,2.6095764409431286e-12,5.339739747857443e-12,1.8401704143054792e-08,5.24436942781462e-08,5.844372099767899e-14,1.4748932453810107e-11,2.8205458055884982e-11
2.846252419402608e-07,0.16628943999999996,0.8585084662769803,0.0,0.0,0.44188923512270517,0.10790290287096585,0.02092596894409107,9.8893817704299e-08,7.619005156108095e-05,0.00297386870577291,0.0012407287041857997,1.929471616200739e-05,6.495992083673348e-14,0.001734311063159203,6.7227715569292e-12,0.0003852004259556677,8.301423020339878e-10,1.3462601705863108e-06,8.669679867852508e-11,3.624883290865893e-12,2.259969395493738e-05,2.0998709219934164e-07,0.007736730465102093,0.002439723750864946,0.00016812637033218253,4.748252060389329e-07,9.028764550191039e-09,3.0962362323746606e-08,3.510385896945492e-09,2.82269896597212e-11,2.3577304604408085e-07,1.372043311339433e-05,2.3849487007757886e-08,5.8891030525411425e-05,5.363152644689626e-09,3.3219666912473504e-07,3.835711890726772e-09,9.887001105994635e-06,2.6289025144354125e-12,5.384691382877794e-12,1.8638972516275277e-08,5.2794809713382364e-08,5.912937052114511e-14,1.488655229383665e-11,2.842051757606863e-11
2.8569426135011033e-07,0.16628943999999996,0.8585084662769803,0.0,0.0,0.4418846572090835,0.10789214341842548,0.02091917904626282,1.0006202030177556e-07,7.69087597807745e-05,0.002990358969039069,0.001248697162652796,1.9422560314049717e-05,6.585655567212412e-14,0.0017376770757333668,6.802240769755673e-12,0.0003852825414484176,8.357930166992982e-10,1.358766705715552e-06,8.727338150082057e-11,3.658666558358435e-12,2.2663329257416748e-05,2.124406569954704e-07,0.007735872296347678,0.002444525156706782,0.00016843037071710972,4.766242873347948e-07,9.043353299692417e-09,3.10219709431371e-08,3.5432099468254547e-09,2.830463897262607e-11,2.361891710359382e-07,1.3719698106866054e-05,2.3981788838019717e-08,5.9219376016986634e-05,5.373506219337162e-09,3.360787400998105e-07,3.8603069048604965e-09,9.89772676624969e-06,2.648293281815745e-12,5.429792112422887e-12,1.8878067374995012e-08,5.3146038207544986e-08,5.981963994669184e-14,1.5024693055782067e-11,2.8636182638493826e-11
2.8676328075995986e-07,0.16628943999999996,0.8585084662769803,0.0,0.0,0.44188010223537993,0.10788138461531505,0.020912391465367716,1.0123901289883691e-07,7.763117077423273e-05,0.0030068679888575712,0.0012566808164569813,1.955044007543633e-05,6.676209645762139e-14,0.0017410265427845763,6.882161938298051e-12,0.00038536439563153325,8.414467228208189e-10,1.371320277836011e-06,8.785121010330507e-11,3.692599359389081e-12,2.2726690856444855e-05,2.1491067518402375e-07,0.007735014610528217,0.0024493033651113243,0.0001687337693060193,4.78420520480967e-07,9.057845597781779e-09,3.108128575494563e-08,3.5762005140424467e-09,2.838214279720999e-11,2.3660445345450236e-07,1.3718966066810565e-05,2.4114281488368718e-08,5.9548096621539836e-05,5.383808692568591e-09,3.3998684880270657e-07,3.884948588168454e-09,9.90832960671962e-06,2.66774864779526e-12,5.475041253620718e-12,1.9118990891162825e-08,5.3497369391081935e-08,6.051453114800795e-14,1.5163351878292627e-11,2.8852449948653372e-11
2.878323001698094e-07,0.16628943999999996,0.8585084662769803,0.0,0.0,0.44187557012629897,0.10787062646463219,0.020905606199963133,1.024248192328926e-07,7.835728554897556e-05,0.003023395647281432,0.001264679590112712,1.9678351715255905e-05,6.767659667853023e-14,0.001744359545466046,6.962532969002827e-12,0.00038544599525920507,8.471032570442738e-10,1.38392062761882e-06,8.843028027652197e-11,3.726681349974156e-12,2.2789779848628577e-05,2.1739715310125254e-07,0.007734157406474616,0.002454058451364055,0.00016903656946384577,4.802138950733104e-07,9.072241955530755e-09,3.1140308178306085e-08,3.609357629096512e-09,2.8459502010407988e-11,2.370189014221162e-07,1.3718237169313238e-05,2.4246964008906648e-08,5.987718998724178e-05,5.39406031761489e-09,3.439210052839106e-07,3.9096367090065716e-09,9.918810831083952e-06,2.6872685170605663e-12,5.5204381242281815e-12,1.9361745174328062e-08,5.384879297041229e-08,6.121404586386784e-14,1.530252589671509e-11,2.9069316210990525e-11
2.889013195796589e-07,0.16628943999999996,0.8585084662769803,0.0,0.0,0.44187106080688954,0.10785986896932966,0.020898823248607864,1.0361946290189432e-07,7.908710507065043e-05,0.0030399418270674952,0.001272693408504282,1.9806291530123497e-05,6.860010990676689e-14,0.0017476761645591706,7.043351741827648e-12,0.000385527346910686,8.527624571408108e-10,1.396567495441994e-06,8.901058782711993e-11,3.760912184140348e-12,2.2852597332788048e-05,2.1990009660432654e-07,0.007733300683014818,0.0024587904904284567,0.00016933877452369293,4.820044008312595e-07,9.086542881468597e-09,3.1199039625866374e-08,3.6426813206598707e-09,2.853671748623123e-11,2.3743252299729783e-07,1.3717511588174302e-05,2.4379835454526754e-08,6.0206653776561004e-05,5.404261346528303e-09,3.4788121883558634e-07,3.9343710368847865e-09,9.929171632381734e-06,2.706852794276635e-12,5.565982042664949e-12,1.960633227197906e-08,5.4200298727950714e-08,6.1918185699087e-14,1.54422122433499e-11,2.928677812901397e-11
2.8997033898950845e-07,0.16628943999999996,0.8585084662769803,0.0,0.0,0.44186657420254316,0.10784911213231602,0.020892042609862126,1.0482296736431711e-07,7.9820630263237e-05,0.003056506411670813,0.0012807221968841806,1.9934255844185243e-05,6.953268980012412e-14,0.0017509764804739241,7.124616110663991e-12,0.00038560845699470256,8.584241620081007e-10,1.4092606214131244e-06,8.959212857772624e-11,3.7952915139614235e-12,2.2915144409768174e-05,2.2241951107472117e-07,0.007732444438974161,0.002463499556947586,0.0001696403877872683,4.837920275965244e-07,9.100748881587946e-09,3.1257481503796117e-08,3.676171615586405e-09,2.8613790095767225e-11,2.378453261754802e-07,1.3716789494942053e-05,2.451289488488748e-08,6.0536485666147324e-05,5.414412030183867e-09,3.518674979969343e-07,3.95915134246149e-09,9.939413193071235e-06,2.726501384089801e-12,5.611672328046687e-12,1.9852754169883754e-08,5.455187652212148e-08,6.262695212547796e-14,1.558240804770039e-11,2.950483240541292e-11
2.91039358399358e-07,0.16628943999999996,0.8585084662769803,0.0,0.0,0.4418621102389917,0.10783835595645666,0.020885264282287628,1.0603535593914572e-07,8.055786200924988e-05,0.003073089285239118,0.00128876588087135,2.006224100911933e-05,7.047439010153929e-14,0.0017542605732493,7.206323903759122e-12,0.0003856893317537559,8.640882116712734e-10,1.4219997453917196e-06,9.017489836682391e-11,3.829818989594608e-12,2.2977422182254146e-05,2.2495540142160746e-07,0.00773158867317573,0.002468185725245636,0.00016994141252531006,4.855767653318059e-07,9.114860459350802e-09,3.1315635211795175e-08,3.7098285389210776e-09,2.869072070718007e-11,2.3825731888973744e-07,1.371607105894549e-05,2.464614136438631e-08,6.086668334671701e-05,5.424512618281055e-09,3.5587985055955575e-07,3.983977397537954e-09,9.9495366850904e-06,2.746214191130539e-12,5.657508300217634e-12,2.0101012792432386e-08,5.490351628736211e-08,6.334034648280702e-14,1.5723110436718128e-11,2.9723475742168965e-11
2.921083778092075e-07,0.16628943999999996,0.8585084662769803,0.0,0.0,0.44185766884230454,0.10782760044457475,0.020878488264447603,1.0725665180586512e-07,8.129880114993995e-05,0.0030896903326073596,0.001296824386449452,2.019024340413347e-05,7.142526463836432e-14,0.0017575285225537778,7.288472924137333e-12,0.0003857699772683139,8.697544472836999e-10,1.434784607011194e-06,9.075889304863218e-11,3.864494259316611e-12,2.3039431754590922e-05,2.2750777208524264e-07,0.00773073338444068,0.00247284906932949,0.00017024185197800625,4.873586041195286e-07,9.128878115694607e-09,3.137350214310252e-08,3.743652113909235e-09,2.8767510185710964e-11,2.386685090115039e-07,1.3715356447326489e-05,2.4779573962133816e-08,6.119724452293947e-05,5.434563359345495e-09,3.5991828357281855e-07,4.008848975052794e-09,9.959543269917968e-06,2.7659911200163324e-12,5.703489279782538e-12,2.0351110002982185e-08,5.525520803411702e-08,6.405836997975099e-14,1.5864316535044287e-11,2.994270484066726e-11
2.9317739721905703e-07,0.16628943999999996,0.8585084662769803,0.0,0.0,0.44185324993888725,0.10781684559945182,0.020871714554906825,1.0848687800445602e-07,8.204344848549362e-05,0.0031063094392923206,0.0013048976399651312,2.031825943595869e-05,7.238536732163859e-14,0.0017607804076858397,7.371060950020367e-12,0.00038585039946089993,8.754227111276195e-10,1.447614945700508e-06,9.13441084929907e-11,3.899316969559329e-12,2.310117423260664e-05,2.300766270403621e-07,0.007729878571588539,0.002477489662890284,0.00017054170935540665,4.891375341605873e-07,9.142802349038585e-09,3.143108368450598e-08,3.777642362005857e-09,2.8844159393679634e-11,2.390789043512789e-07,1.3714645825071467e-05,2.4913191751927758e-08,6.152816691332557e-05,5.444564500730863e-09,3.639828033492249e-07,4.0337658490764336e-09,9.969434098635224e-06,2.785832075354456e-12,5.749614588137986e-12,2.0603047604203945e-08,5.560694184882129e-08,6.478102369485416e-14,1.6006023465247267e-11,3.0162516401806634e-11
2.9424641662890656e-07,0.16628943999999996,0.8585084662769803,0.0,0.0,0.44184885345547864,0.10780609142382892,0.020864943152231655,1.0972605743539457e-07,8.27918047752305e-05,0.0031229464914873046,0.0013129855681262874,2.0446285538839742e-05,7.335475214536383e-14,0.0017640163075745064,7.454085735246923e-12,0.0003859306041000768,8.810928466146106e-10,1.4604905007054631e-06,9.193054058524701e-11,3.934286764945174e-12,2.316265072343974e-05,2.3266196979957238e-07,0.007729024233437497,0.002482107579304962,0.00017084098783782685,4.909135457731139e-07,9.156633655290184e-09,3.148838121635227e-08,3.811799302884693e-09,2.8920669190485042e-11,2.394885126593249e-07,1.3713939355042516e-05,2.5046993812227404e-08,6.185944825011741e-05,5.454516288620788e-09,3.680734154697809e-07,4.058727794805575e-09,9.979210311988342e-06,2.8057369617446762e-12,5.7958835475030945e-12,2.0856827338430483e-08,5.5958707893874916e-08,6.550830857748555e-14,1.614822834805636e-11,3.038290712610689e-11
2.953154360387561e-07,0.16628943999999996,0.8585084662769803,0.0,0.0,0.44184447931914944,0.10779533792040726,0.020858174054990106,1.1097421285965662e-07,8.354387073779966e-05,0.003139601376056897,0.0013210880980003457,2.0574318174522153e-05,7.433347318578171e-14,0.001767236300779917,7.537545009691205e-12,0.00038601059680433295,8.867646982859179e-10,1.4734110111096622e-06,9.25181852261469e-11,3.9694032883221e-12,2.322386233537004e-05,2.3526380341674403e-07,0.007728170368804692,0.0024867028916378178,0.0001711396905762462,4.926866293912525e-07,9.170372527851744e-09,3.1545396112557824e-08,3.846122954447363e-09,2.8997040432607858e-11,2.398973416263526e-07,1.3713237198008092e-05,2.518097922612793e-08,6.219108627917955e-05,5.464418968030953e-09,3.7219012478936575e-07,4.083734588557696e-09,9.988873040451291e-06,2.8257056837820174e-12,5.842295480949607e-12,2.1112450888006765e-08,5.631049640760749e-08,6.624022544879581e-14,1.6290928302591847e-11,3.0603873713816404e-11
2.963844554486056e-07,0.16628943999999996,0.8585084662769803,0.0,0.0,0.441840127457299,0.10778458509184902,0.020851407261751817,1.1223136689872647e-07,8.429964705137373e-05,0.0031562739805317905,0.0013292051570125386,2.070235383223586e-05,7.532158460065378e-14,0.0017704404654939356,7.62143647968046e-12,0.0003860903830458702,8.924381118126318e-10,1.4863762158551228e-06,9.310703833172853e-11,4.004666180798272e-12,2.3284810177653267e-05,2.3788213049040437e-07,0.0077273169765064605,0.0024912756726420487,0.00017143782069269754,4.944567755639569e-07,9.184019457627242e-09,3.1602129740620065e-08,3.880613332832309e-09,2.9073273973611674e-11,2.4030539888419895e-07,1.3712539512673181e-05,2.5315147081335e-08,6.2523078759892e-05,5.474272782811213e-09,3.7633293544210063e-07,4.108786007765554e-09,9.998423404289253e-06,2.8457381460593476e-12,5.8888497124314e-12,2.1369919875641772e-08,5.6662297704233714e-08,6.69767750026741e-14,1.6434120446591128e-11,3.0825412865016454e-11
2.9745347485845514e-07,0.16628943999999996,0.8585084662769803,0.0,0.0,0.4418357977976546,0.1077738329407783,0.020844642771088107,1.1349754203460976e-07,8.505913435384179e-05,0.003172964193103683,0.0013373366729441838,2.0830389028675677e-05,7.631914062854407e-14,0.0017736288795407924,7.705757828411391e-12,0.00038616996815429595,8.98112933995723e-10,1.4993858537625635e-06,9.369709583321908e-11,4.0400750817764084e-12,2.334549536035944e-05,2.405169531671299e-07,0.007726464055358584,0.0024958259947612934,0.00017173538128065097,4.962239749537955e-07,9.19757493302926e-09,3.165858346162916e-08,3.915270452423753e-09,2.914937066414603e-11,2.407126920064922e-07,1.371184645570907e-05,2.5449496470139517e-08,6.285542346504414e-05,5.4840779756478695e-09,3.8050185084671773e-07,4.133881830971704e-09,1.0007862513622533e-05,2.8658342531700717e-12,5.9355455668133934e-12,2.1629235864761916e-08,5.701410217379998e-08,6.771795780670483e-14,1.6577801896631362e-11,3.104752127972587e-11
2.9852249426830467e-07,0.16628943999999996,0.8585084662769803,0.0,0.0,0.4418314902682681,0.10776308146978174,0.020837880581572054,1.1477276060985077e-07,8.582233324300035e-05,0.0031896719026202475,0.0013454825739309683,2.0958420307978554e-05,7.732619558810389e-14,0.0017768016203777491,7.790506716365401e-12,0.000386249357320224,9.037890127659395e-10,1.5124396635513588e-06,9.428835367693452e-11,4.075629628987791e-12,2.3405918994214654e-05,2.4316827314493735e-07,0.007725611604176531,0.0025003539301311738,0.0001720323754053908,4.979882183357787e-07,9.211039439986076e-09,3.1714758630280345e-08,3.950094325860492e-09,2.92253313519483e-11,2.411192285093115e-07,1.3711158181782558e-05,2.5584026489392404e-08,6.318811818073052e-05,5.493834788065983e-09,3.8469687371192673e-07,4.159021837823028e-09,1.0017191468490903e-05,2.8859939097106736e-12,5.982382369899851e-12,2.1890400359866005e-08,5.736590028212198e-08,6.846377430312367e-14,1.672196976834833e-11,3.1270195658002966e-11
2.995915136781542e-07,0.16628943999999996,0.8585084662769803,0.0,0.0,0.441827204797515,0.10775233068140944,0.02083112069177844,1.1605704482755378e-07,8.65892442767432e-05,0.0032063969985801502,0.0013536427884612411,2.1086444241697744e-05,7.834280387735944e-14,0.0017799587650958028,7.875680781722653e-12,0.00038632855559878434,9.094661971835645e-10,1.5255373838591648e-06,9.4880807824182e-11,4.111329458525948e-12,2.3466082190446467e-05,2.458360916766737e-07,0.0077247596217756695,0.002504859550580825,0.0001723288061043857,4.997494965961936e-07,9.224413461948866e-09,3.177065659488677e-08,3.985084964044686e-09,2.9301156881847435e-11,2.415250158518332e-07,1.371047484358481e-05,2.5718736240479634e-08,6.352116070624791e-05,5.503543460431819e-09,3.889180060417793e-07,4.184205809065282e-09,1.0026411358918373e-05,2.9062170202832526e-12,6.029359448462175e-12,2.215341480688161e-08,5.771768257071375e-08,6.921422480977333e-14,1.6866621176651684e-11,3.149343270004641e-11
3.0066053308800373e-07,0.16628943999999996,0.8585084662769803,0.0,0.0,0.44182294131409144,0.10774158057817561,0.020824363100283832,1.1735041675140878e-07,8.735986797324897e-05,0.0032231393711281545,0.0013618172453743024,2.121445742877392e-05,7.936901997300177e-14,0.0017831003904204086,7.961277640774757e-12,0.00038640756791304424,9.151443374380401e-10,1.5386787532612223e-06,9.547445425116519e-11,4.147174204880004e-12,2.352598606063271e-05,2.485204095734042e-07,0.007723908106971476,0.0025093429276344314,0.00017262467638765256,5.015078007314591e-07,9.237697479899077e-09,3.182627869739268e-08,4.020242376150515e-09,2.937684809576618e-11,2.4193006143697144e-07,1.3709796591859692e-05,2.5853624829297345e-08,6.385454885399345e-05,5.513204231955339e-09,3.9316524914103076e-07,4.20943352653766e-09,1.0035523264978345e-05,2.9265034894980977e-12,6.076476130266069e-12,2.2418280593522844e-08,5.8069439656708244e-08,6.996930952105854e-14,1.7011753235936712e-11,3.17172291062958e-11
3.0172955249785326e-07,0.16628943999999996,0.8585084662769803,0.0,0.0,0.4418186997470129,0.10773083116255938,0.02081760780566662,1.1865289830572115e-07,8.813420481116799e-05,0.003239898911050273,0.001370005873858705,2.1342456495503297e-05,8.040489842967944e-14,0.0017862265727122356,8.04729488833618e-12,0.00038648639905734523,9.208232848474582e-10,1.5518635102893402e-06,9.606928894889197e-11,4.183163500967719e-12,2.3585631716553676e-05,2.5122122720779825e-07,0.0077230570585797385,0.0025138041325127474,0.00017291998923811425,5.032631218469891e-07,9.250891972355943e-09,3.188162627338719e-08,4.0555665696328175e-09,2.9452405832725584e-11,2.423343726120064e-07,1.3709123575431704e-05,2.598869136622711e-08,6.418828044936443e-05,5.5228173406928125e-09,3.9743860362049907e-07,4.234704773167371e-09,1.0044528256859113e-05,2.94685322197607e-12,6.123731744098189e-12,2.268499904964945e-08,5.8421162232769726e-08,7.07290285089005e-14,1.7157363060292418e-11,3.194158157752883e-11
3.027985719077028e-07,0.16628943999999996,0.8585084662769803,0.0,0.0,0.4418144800256117,0.10772008243700552,0.02081085480650699,1.199645112754453e-07,8.891225522980687e-05,0.0032566755097689893,0.0013782086034505525,2.1470438095502898e-05,8.145049387929355e-14,0.001789337387967947,8.133730098154192e-12,0.0003865650537005544,9.265028918579229e-10,1.565091393450561e-06,9.66653079230849e-11,4.219296978168191e-12,2.3645020270047625e-05,2.5393854451751296e-07,0.007722206475416746,0.0025182432361346217,0.00017321474761195112,5.050154511560748e-07,9.263997415384058e-09,3.193670065211848e-08,4.091057550235585e-09,2.952783092884767e-11,2.4273795666920723e-07,1.3708455941233468e-05,2.6123934966111302e-08,6.452235333065925e-05,5.532383023549472e-09,4.0173806940241877e-07,4.260019332964223e-09,1.0053427394929684e-05,2.9672661223511115e-12,6.171125619792225e-12,2.2953571447627045e-08,5.8772841066997936e-08,7.149338172369026e-14,1.7303447763706204e-11,3.216648681495904e-11
3.038675913175523e-07,0.16628943999999996,0.8585084662769803,0.0,0.0,0.4418102820795354,0.10770933440392516,0.020804104101386993,1.2128527730622244e-07,8.969401962931214e-05,0.0032734690593385313,0.0013864253640318088,2.159839890967296e-05,8.250586103029545e-14,0.0017924329118210053,8.220580823317386e-12,0.000386643536389235,9.321830120427857e-10,1.578362141245515e-06,9.726250719409381e-11,4.255574266354239e-12,2.3704152832869582e-05,2.5667236100857327e-07,0.007721356356299455,0.002522660309118517,0.0001735089544389462,5.067647799787765e-07,9.27701428260113e-09,3.199150315650829e-08,4.126715322000469e-09,2.960312421736047e-11,2.4314082084644294e-07,1.3707793834332805e-05,2.6259354748228686e-08,6.485676534897967e-05,5.541901516282271e-09,4.0606364572579057e-07,4.28537699101524e-09,1.0062221729805889e-05,2.987742095272606e-12,6.218657088254443e-12,2.322399900268863e-08,5.9124467002824465e-08,7.226236899524131e-14,1.7450004460265085e-11,3.2391941520331444e-11
3.0493661072740184e-07,0.16628943999999996,0.8585084662769803,0.0,0.0,0.4418061058387448,0.10769858706569649,0.020797355688890566,1.2261521790442224e-07,9.047949837085215e-05,0.003290279452440215,0.001394656085828608,2.1726335646156517e-05,8.357105466698711e-14,0.0017955132195425054,8.307844596662612e-12,0.0003867218515507382,9.378635001017566e-10,1.5916754921864614e-06,9.786088279681107e-11,4.291994993924486e-12,2.376303051655336e-05,2.5942267575874945e-07,0.007720506700045666,0.0025270554217840177,0.0001738026126228254,5.085110997408327e-07,9.289943045185857e-09,3.204603510316711e-08,4.1625398872751245e-09,2.9678286528601266e-11,2.4354297232778735e-07,1.3707137397959386e-05,2.6394949836270066e-08,6.519151436813417e-05,5.551373053502709e-09,4.1041533115172657e-07,4.310777533479284e-09,1.0070912302416766e-05,3.0082810454077517e-12,6.266325481488727e-12,2.3496282873297098e-08,5.947603095890149e-08,7.30359900337412e-14,1.75970302643534e-11,3.261794239601648e-11
3.0707464954710084e-07,0.16628943999999996,0.8585084662769803,0.0,0.0,0.4417978181944175,0.10767709448314648,0.020783865736113658,1.2530270813249776e-07,9.206160013089647e-05,0.00332395034307328,0.0014111591356841308,2.198212385458216e-05,8.573114090972689e-14,0.0018016284858685695,8.483601320414342e-12,0.00038687799642335907,9.49225004266046e-10,1.6184289577188376e-06,9.906114720912051e-11,4.3652652736304326e-12,2.388002569073764e-05,2.6497279422648226e-07,0.0077188087714049475,0.0025357800459528397,0.00017438829454784058,5.119946783078488e-07,9.315538129026063e-09,3.215429255827048e-08,4.234689399324227e-09,2.9828221526191413e-11,2.443451656736642e-07,1.3705842100678778e-05,2.6666662446803025e-08,6.586201492714616e-05,5.570176194142783e-09,4.191970201983047e-07,4.361706421608949e-09,1.0087986276525157e-05,3.0495474960906275e-12,6.36207037592371e-12,2.4046423913340736e-08,6.017893698177776e-08,7.459713165990551e-14,1.789247765529644e-11,3.3071569471492545e-11
3.0899888448482996e-07,0.16628943999999996,0.8585084662769803,0.0,0.0,0.4417904328503094,0.10765775355845231,0.020771732605220247,1.2775303926044606e-07,9.349819759623087e-05,0.0033543106855796127,0.0014260589349270611,2.2212218428765262e-05,8.770937623377241e-14,0.001807080934123152,8.643169845647406e-12,0.00038701799594500537,9.594501815138427e-10,1.642650157070671e-06,1.0014536875149259e-10,4.431695331087028e-12,2.3984460802530417e-05,2.7002430699274187e-07,0.007717282206784372,0.002543557802795902,0.0001749135605292556,5.151195241395086e-07,9.338277063850528e-09,3.22508120399915e-08,4.300194383133163e-09,2.996272335268632e-11,2.4506477325510166e-07,1.3704697126494528e-05,2.691179464088988e-08,6.646659679965803e-05,5.5869407631403645e-09,4.2718980534533473e-07,4.4076869621198826e-09,1.0103008232903965e-05,3.0869017278437216e-12,6.448702385627259e-12,2.4547909920793685e-08,6.081125086326575e-08,7.601800128332581e-14,1.815995571928447e-11,3.3481668676149566e-11
3.109231194225591e-07,0.16628943999999996,0.8585084662769803,0.0,0.0,0.4417831167561861,0.10763841492063014,0.020759606880492627,1.3023342409363706e-07,9.494683338405806e-05,0.0033847239602905186,0.001441002898938119,2.2442185036595153e-05,8.972030477028382e-14,0.0018124852362580261,8.804037394733954e-12,0.0003871575163946649,9.696743423248913e-10,1.6670053263325413e-06,1.0123334059934134e-10,4.498584288948323e-12,2.4088087368451727e-05,2.7512924055862304e-07,0.00771575712351049,0.002551265488316292,0.00017543709290946755,5.182344919849838e-07,9.360737756813067e-09,3.234647510379521e-08,4.366239737872831e-09,3.009681359462906e-11,2.4578218103194886e-07,1.3703572671046227e-05,2.7157481396920563e-08,6.70722379036456e-05,5.603556792915242e-09,4.352671311875577e-07,4.453803170895497e-09,1.0117709752394687e-05,3.1244585242104183e-12,6.535767695619553e-12,2.505542585086426e-08,6.144322612188518e-08,7.745387443726895e-14,1.8428908848355135e-11,3.3893486226196546e-11
3.128473543602882e-07,0.16628943999999996,0.8585084662769803,0.0,0.0,0.4417758695146508,0.10761907858244721,0.020747488553743008,1.3274398302826078e-07,9.640750821478334e-05,0.003415189563404095,0.00145599063301991,2.2672005458734392e-05,9.176424867267573e-14,0.0018178418182693459,8.966188899941914e-12,0.0003872965796620744,9.79896679874826e-10,1.6914929431960758e-06,1.0232504014362812e-10,4.565929930842882e-12,2.419091184590704e-05,2.8028757450429866e-07,0.007714233514738331,0.0025589035020087024,0.0001759589077235213,5.213395355210636e-07,9.382922868709705e-09,3.2441289202062676e-08,4.4328254170639805e-09,3.023049699068945e-11,2.464974290331752e-07,1.3702469506550351e-05,2.7403717760634367e-08,6.76789262280108e-05,5.620025610700608e-09,4.4342896552407665e-07,4.500053838867524e-09,1.0132096564258528e-05,3.1622173301528197e-12,6.623262452942213e-12,2.55689764551208e-08,6.207481249771766e-08,7.890474523101633e-14,1.8699320249192824e-11,3.430700292445558e-11
3.147715892980173e-07,0.16628943999999996,0.8585084662769803,0.0,0.0,0.44176869073144515,0.10759974455637689,0.020735377616804964,1.352848350031202e-07,9.788022241366086e-05,0.003445706897348769,0.001471021745954952,2.2901661757710312e-05,9.384153083569984e-14,0.0018231511024232394,9.129609112821248e-12,0.0003874352066065625,9.90116399052036e-10,1.7161114868103136e-06,1.0342044492189308e-10,4.633730027374133e-12,2.429294068002766e-05,2.85499284182208e-07,0.007712711373642434,0.0025664722403494168,0.00017647902075810804,5.244346094511448e-07,9.404835035394394e-09,3.253526172224778e-08,4.499951357090283e-09,3.036377824961415e-11,2.4721055676840643e-07,1.3701388387916322e-05,2.7650498822191886e-08,6.828664988775264e-05,5.6363485319533925e-09,4.5167526946178677e-07,4.546437767796323e-09,1.0146174301426785e-05,3.200177590997052e-12,6.711182817979305e-12,2.6088565918414697e-08,6.270596050910098e-08,8.037060659351271e-14,1.8971173146229285e-11,3.472219958741344e-11
3.1669582423574644e-07,0.16628943999999996,0.8585084662769803,0.0,0.0,0.4417615800154136,0.10758041285460992,0.020723274061533722,1.378560975010382e-07,9.936497591399884e-05,0.0034762753707042932,0.0014860958499746122,2.3131136276733414e-05,9.595247488267004e-14,0.0018284135072750233,9.294282611590758e-12,0.00038757341710357254,1.0003327164217814e-09,1.7408594380729937e-06,1.0451953261695952e-10,4.701982336674394e-12,2.4394180301561672e-05,2.9076434078003075e-07,0.007711190693418806,0.0025739720968240873,0.00017699744755709148,5.275196694866454e-07,9.426476867943308e-09,3.262839998721927e-08,4.567617477345543e-09,3.04966620503419e-11,2.47921603238014e-07,1.3700330053185731e-05,2.7897819715737002e-08,6.889539712233435e-05,5.652526860418008e-09,4.600059975150386e-07,4.5929537701721594e-09,1.0159948501778127e-05,3.2383387524718033e-12,6.79952496484772e-12,2.661419786586181e-08,6.333662144936218e-08,8.185145029109093e-14,1.924445078483165e-11,3.5139057046798576e-11
3.1862005917347556e-07,0.16628943999999996,0.8585084662769803,0.0,0.0,0.4417545369784714,0.10756108348906515,0.02071117787980649,1.4045788655038233e-07,0.00010086176826032142,0.0035068943981244193,0.0015012125607282354,2.3360411638440883e-05,9.809740515278038e-14,0.001833629447689013,9.460193808454808e-12,0.00038771123008907366,1.0105448601870959e-09,1.7657352799123246e-06,1.0562228105575744e-10,4.7706846049487084e-12,2.4494637124857222e-05,2.9608271138343067e-07,0.007709671467286692,0.0025814034619553094,0.0001775142034268657,5.305946723290432e-07,9.447850952821595e-09,3.2720711255612504e-08,4.63582368037889e-09,3.0629153042136565e-11,2.486306069429999e-07,1.369929522395924e-05,2.8145675618964987e-08,6.950515629408536e-05,5.668561888191921e-09,4.6842109770494096e-07,4.639600669117139e-09,1.0173424609416648e-05,3.276700260746374e-12,6.888285081766822e-12,2.7145875369839655e-08,6.396674738334268e-08,8.334726694512887e-14,1.9519136434385303e-11,3.555755615111173e-11
3.205442941112047e-07,0.16628943999999996,0.8585084662769803,0.0,0.0,0.4417475612355707,0.1075417564713997,0.020699089063522715,1.4309031672670088e-07,0.00010237059861148853,0.0035375634002611477,0.0015163714972524535,2.3589470743570024e-05,1.0027664668851376e-13,0.0018387993348588621,9.627326956848798e-12,0.00038784866360199734,1.0207520701465614e-09,1.7907374975596438e-06,1.067286682081589e-10,4.83983456700884e-12,2.4594317545933435e-05,3.0145435903856385e-07,0.0077081536884901925,0.0025887667233300436,0.0001780293034415534,5.336595756520874e-07,9.468959852052665e-09,3.2812202722191767e-08,4.704569852037852e-09,3.0761255844713326e-11,2.4933760589458593e-07,1.3698284605811246e-05,2.839406175269425e-08,7.011591588663661e-05,5.684454895792956e-09,4.769205116582843e-07,4.686377298287857e-09,1.0186607975949442e-05,3.3152615624681865e-12,6.977459371417976e-12,2.7683600956996796e-08,6.45962911437291e-08,8.485804604963792e-14,1.979521339127621e-11,3.597767776712726e-11
3.224685290489338e-07,0.16628943999999996,0.8585084662769803,0.0,0.0,0.44174065240466814,0.10752243181301929,0.020687007604604336,1.457535011544714e-07,0.00010389146574377372,0.003568281803690546,0.001531572281940691,2.3818296769562895e-05,1.0249052522314474e-13,0.0018439235763284317,9.79566615860984e-12,0.00038798573482472844,1.0309535976486152e-09,1.8158645788129254e-06,1.0783867218582183e-10,4.909429946797304e-12,2.4693227940638412e-05,3.068792428143262e-07,0.007706637350299699,0.0025960622656268266,0.00017854276244805734,5.367143380842914e-07,9.489806103389538e-09,3.290288151821981e-08,4.773855861609299e-09,3.0892975048365445e-11,2.50042637623557e-07,1.3697298888693586e-05,2.8642973380440747e-08,7.072766450338875e-05,5.700207152227954e-09,4.855041747060563e-07,4.733282501778604e-09,1.019950386176282e-05,3.3540221047978623e-12,7.0670440512909115e-12,2.822737661527186e-08,6.522520632719301e-08,8.638377598877432e-14,2.0072664981772182e-11,3.6399402781356696e-11
3.243927639866629e-07,0.16628943999999996,0.8585084662769803,0.0,0.0,0.44173381010669305,0.10750310952508749,0.020674933494996016,1.484475515089559e-07,0.00010542436805390189,0.0035990490408400505,0.0015468145405128685,2.404687316910658e-05,1.0473936716833402e-13,0.0018490025760131263,9.965195371071198e-12,0.00038812246012178087,1.041148705542946e-09,1.8411150142914885e-06,1.0895227124110338e-10,4.9794684579017425e-12,2.479137466288991e-05,3.1235731786432526e-07,0.007705122446013224,0.0026032904706428167,0.00017905459507097058,5.397589191921378e-07,9.510392220487957e-09,3.299275471183482e-08,4.84368156195867e-09,3.1024315214117475e-11,2.5074573918947343e-07,1.3696338747328725e-05,2.8892405807999044e-08,7.134039086601152e-05,5.715819915062804e-09,4.941720159815269e-07,4.780315134025207e-09,1.0212117437296043e-05,3.3929813354441007e-12,7.157035354008522e-12,2.8777203800918593e-08,6.585344729035202e-08,8.792444405426854e-14,2.0351474564806865e-11,3.6822712101466016e-11
3.2631699892439203e-07,0.16628943999999996,0.8585084662769803,0.0,0.0,0.44172703396551494,0.10748378961853511,0.020662866726665386,1.5117257801816036e-07,0.00010696930356204807,0.0036298645499171934,0.0015620979019852978,2.427518366861226e-05,1.0702349960181602e-13,0.001854036734221666,1.0135898414078358e-11,0.00038825885507674546,1.051336668129268e-09,1.86648729768212e-06,1.1006944376602927e-10,5.049947804059762e-12,2.4888764042996022e-05,3.178885354885686e-07,0.00770360896895757,0.002610451717320638,0.00017956481571734686,5.42793279463436e-07,9.530720693081512e-09,3.3081829308436645e-08,4.9140467896672116e-09,3.115528087387126e-11,2.5144694718962234e-07,1.3695404841592523e-05,2.914235438302741e-08,7.195408381297313e-05,5.7312944304940056e-09,5.029239585178726e-07,4.8274740597096575e-09,1.0224453784311448e-05,3.4321387026987026e-12,7.2474295276431854e-12,2.933308344553354e-08,6.648096914556117e-08,8.948003646277397e-14,2.0631625534669006e-11,3.724758665766816e-11
3.2824123386212115e-07,0.16628943999999996,0.8585084662769803,0.0,0.0,0.441720323607913,0.107464472104069,0.020650807291603207,1.5392868946489553e-07,0.00010852626991479826,0.0036607277748397283,0.0015774219986407815,2.4503212266636233e-05,1.0934325025517874e-13,0.0018590264476782625,1.0307758976924947e-11,0.0003883949345275914,1.0615167711030995e-09,1.8919799259768178e-06,1.1119016829127342e-10,5.120865679654423e-12,2.4985402386052764e-05,3.2347284319484533e-07,0.007702096912489421,0.0026175463817750396,0.0001800734385813358,5.458173802908095e-07,9.55079398715824e-09,3.3170112251078215e-08,4.984951365167121e-09,3.128587653054191e-11,2.5214629776770747e-07,1.3694497816886629e-05,2.9392814494634628e-08,7.256873229809861e-05,5.7466319334211675e-09,5.117599193453241e-07,4.874758153665292e-09,1.0236517897160238e-05,3.471493655468552e-12,7.338222836023236e-12,2.989501596308366e-08,6.710772775654328e-08,9.105053837312601e-14,2.0913101323599397e-11,3.767400740408121e-11
3.3016546879985027e-07,0.16628943999999996,0.8585084662769803,0.0,0.0,0.44171367866354505,0.10744515699218066,0.02063875518182358,1.5671599318893683e-07,0.00011009526438807305,0.0036916381651670807,0.001592786465998916,2.473094323224537e-05,1.1169894750173702e-13,0.0018639721095451743,1.0480760625206447e-11,0.00038853071260038776,1.0716883114988942e-09,1.917591399702307e-06,1.1231442348516876e-10,5.192219770200403e-12,2.5081295970416818e-05,3.2911018475979045e-07,0.007700586269996302,0.002624574837319361,0.00018058047764868743,5.488311839559934e-07,9.570614545138395e-09,3.325761042086215e-08,5.05639509287528e-09,3.141610665822804e-11,2.5284382662244136e-07,1.3693618304500745e-05,2.9643781572973512e-08,7.318432538915626e-05,5.761833647520552e-09,5.20679809587817e-07,4.922166300782641e-09,1.0248314684043073e-05,3.5110456433073463e-12,7.429411559016034e-12,3.046300125693098e-08,6.773367973386494e-08,9.263593390350656e-14,2.1195885404296798e-11,3.810195532003879e-11
3.320897037375794e-07,0.16628943999999996,0.8585084662769803,0.0,0.0,0.4417070987649166,0.10742584429315427,0.020626710389364058,1.5953459508928065e-07,0.00011167628389001511,0.003722595176033118,0.0016081909427865973,2.4958361103329568e-05,1.140909203444987e-13,0.0018688741094456058,1.065488680758995e-11,0.00038866620274150845,1.0818505976309555e-09,1.9433202231414997e-06,1.1344218815276798e-10,5.264007752821021e-12,2.517645104625089e-05,3.348005002896228e-07,0.007699077034897454,0.002631537454491797,0.00018108594670113257,5.518346536142686e-07,9.590184786053758e-09,3.334433063734605e-08,5.128377761325219e-09,3.154597570237643e-11,2.535395690158995e-07,1.369276692196538e-05,2.989525108883901e-08,7.380085226647169e-05,5.7769007853199785e-09,5.296835345591128e-07,4.969697395916069e-09,1.0259848968264708e-05,3.5507941164484348e-12,7.520991992803861e-12,3.1037038726851784e-08,6.835878243026612e-08,9.42362061485166e-14,2.1479961292334937e-11,3.853141141138055e-11
3.340139386753085e-07,0.16628943999999996,0.8585084662769803,0.0,0.0,0.4417005835473513,0.10740653401707478,0.02061467290628587,1.6238459962649533e-07,0.00011326932496384118,0.0037535982680801704,0.001623635070908735,2.5185450684863863e-05,1.1651949840422487e-13,0.00187373283348693,1.0830120862498415e-11,0.0003888014177483921,1.0920029490317477e-09,1.9691649045470777e-06,1.1457344123492885e-10,5.3362272967161885e-12,2.527087383413949e-05,3.405437262805397e-07,0.007697569200644616,0.0026384346010814705,0.00018158985932064422,5.548277532788466e-07,9.609507105728125e-09,3.3430279658951295e-08,5.200899143296742e-09,3.167548807992118e-11,2.542335597816022e-07,1.3691944273395407e-05,3.014721855326683e-08,7.441830222156813e-05,5.7918345482743516e-09,5.38770993858384e-07,5.0173503437910305e-09,1.027112548948205e-05,3.5907385258338922e-12,7.612960450154422e-12,3.16171272760478e-08,6.89829939358493e-08,9.585133719615006e-14,2.1765312548492993e-11,3.896235671171187e-11
3.359381736130376e-07,0.16628943999999996,0.8585084662769803,0.0,0.0,0.44169413264896096,0.10738722617383528,0.02060264272467399,1.652661098251632e-07,0.00011487438379065943,0.0037846469073942765,0.0016391184954191815,2.5412197047122908e-05,1.1898501190758326e-13,0.001878548664284206,1.1006446024707893e-11,0.0003889363697989235,1.1021446963877667e-09,1.995123956347388e-06,1.1570816180741176e-10,5.408876063621444e-12,2.53645705237727e-05,3.4633979567875245e-07,0.007696062760722732,0.00264526664215431,0.00018209222889358092,5.578104478061877e-07,9.628583876958324e-09,3.3515464183374945e-08,5.273958995944537e-09,3.180464817946906e-11,2.5492583333255005e-07,1.3691150949824478e-05,3.039967951713911e-08,7.503666465583245e-05,5.806636126841931e-09,5.479420814652403e-07,5.0651240589119406e-09,1.0282148904944875e-05,3.6308783231430904e-12,7.705313260665532e-12,3.2203265318146543e-08,6.96062730731374e-08,9.748130814465972e-14,2.205192278100092e-11,3.939477228361366e-11
3.3786240855076675e-07,0.16628943999999996,0.8585084662769803,0.0,0.0,0.4416877457106161,0.10736792077314435,0.020590619836637267,1.6817922727641257e-07,0.00011649145619225383,0.003815740565441614,0.0016546408644918607,2.5638585523850323e-05,1.2148779167539504e-13,0.0018833219809839625,1.1183845431856379e-11,0.00038907107047949903,1.1122751814735412e-09,2.0211958953448464e-06,1.1684632908000706e-10,5.481951708258187e-12,2.5457547272695617e-05,3.5218863794016285e-07,0.007694557708650581,0.0026520339400787183,0.00018259306861471687,5.607827028814822e-07,9.647417449696435e-09,3.3599890848009835e-08,5.34755706092542e-09,3.193346036148579e-11,2.5561642366904703e-07,1.369038752953061e-05,3.065262957079558e-08,7.565592907920556e-05,5.8213067005618225e-09,5.57196685834171e-07,5.1130174654709085e-09,1.029292379072865e-05,3.671212960823824e-12,7.798046771002928e-12,3.27954507841886e-08,7.022857939200625e-08,9.912609911932314e-14,2.233977564770209e-11,3.9828639219838127e-11
3.3978664348849586e-07,0.16628943999999996,0.8585084662769803,0.0,0.0,0.44168142237591707,0.10734861782453296,0.020578604234308566,1.7112405214053573e-07,0.00011812053763383509,0.0038468787190060623,0.0016702018293921206,2.586460171038533e-05,1.2402816911097544e-13,0.0018880531592882289,1.1362302130863082e-11,0.0003892055308118356,1.1223937570834862e-09,2.047379242906987e-06,1.1798792239569265e-10,5.555451878775245e-12,2.554981020512142e-05,3.580901790896613e-07,0.007693054037981333,0.0026587368545510424,0.00018309239149116453,5.637444850038253e-07,9.666010151232889e-09,3.368356623036715e-08,5.421693064522705e-09,3.2061928958432164e-11,2.563053643862124e-07,1.3689654578353308e-05,3.090606434364348e-08,7.627608510889733e-05,5.835847438131848e-09,5.665346899883919e-07,5.161029497257113e-09,1.0303454642958849e-05,3.711741892118699e-12,7.891157345138699e-12,3.339368112959954e-08,7.084987316449855e-08,1.0078568928910121e-13,2.2628854858135367e-11,4.026393864447689e-11
3.41710878426225e-07,0.16628943999999996,0.8585084662769803,0.0,0.0,0.44167516229116577,0.1073293173373614,0.020566595909844824,1.7410068314969226e-07,0.00011976162322676008,0.0038780608501278973,0.0016858010444482938,2.609023146174899e-05,1.2660647618856763e-13,0.001892742571478787,1.1541799084256793e-11,0.00038933976127857874,1.132499786961502e-09,2.0736725251503732e-06,1.1913292122980515e-10,5.629374217181849e-12,2.5641365410805964e-05,3.640443417800315e-07,0.00769155174230306,0.002665375742620848,0.0001835902103461919,5.666957614724696e-07,9.684364286379543e-09,3.376649684849926e-08,5.4963667177699715e-09,3.2190058274958825e-11,2.5699268868149935e-07,1.3688952650002263e-05,3.115997950377483e-08,7.68971224681245e-05,5.850259497486801e-09,5.759559716130869e-07,5.209159097566708e-09,1.0313745879026309e-05,3.752464571090307e-12,7.984641364560783e-12,3.399795334114406e-08,7.147011537952629e-08,1.0246005688317763e-13,2.291914417553793e-11,4.070065171407476e-11
3.436351133639541e-07,0.16628943999999996,0.8585084662769803,0.0,0.0,0.44166896510533693,0.10731001932082536,0.02055459485542713,1.771092176106948e-07,0.00012141470773121998,0.003909286446043544,0.001701438167023475,2.6315460890692244e-05,1.2922304544187066e-13,0.0018973905864416273,1.1722319176412407e-11,0.00038947377184775963,1.1425926457289732e-09,2.100074273117484e-06,1.2028130518922542e-10,5.703716359772185e-12,2.5732218943981963e-05,3.7005104535046654e-07,0.007690050815239166,0.00267195095871598,0.0001840865378229369,5.696365003733454e-07,9.702482137653613e-09,3.3848689161431236e-08,5.571577716574228e-09,3.2317852588121085e-11,2.576784293620432e-07,1.3688282286358046e-05,3.1414370757590495e-08,7.751903098487125e-05,5.86454402587789e-09,5.854604031480144e-07,5.25740521911372e-09,1.0323801838793111e-05,3.793380452651142e-12,8.078495228474518e-12,3.46082639438604e-08,7.208926773746705e-08,1.0414917920739034e-13,2.32106274187709e-11,4.1138759618738104e-11
3.455593483016832e-07,0.16628943999999996,0.8585084662769803,0.0,0.0,0.4416628304700503,0.10729072378396247,0.020542601063260803,1.8014975140787459e-07,0.00012307978555889805,0.003940554999126386,0.0017171128574875137,2.6540276365708066e-05,1.3187820995266034e-13,0.0019019975696915818,1.1903845219694523e-11,0.0003896075719961587,1.1526717188110395e-09,2.126583022946794e-06,1.2143305401158583e-10,5.77847593754159e-12,2.582237682235076e-05,3.76110205884678e-07,0.007688551250448785,0.0026784628546674305,0.00018458138638802535,5.725666705649296e-07,9.720365965462375e-09,3.393014956959388e-08,5.647325741835219e-09,3.244531614750509e-11,2.583626188516451e-07,1.3687644017765135e-05,3.1669233849421324e-08,7.814180059067154e-05,5.878702159952347e-09,5.950478518794697e-07,5.305766823941539e-09,1.0333626785788559e-05,3.834488992587717e-12,8.172715354012677e-12,3.522460900797271e-08,7.270729264466112e-08,1.0585303266055011e-13,2.350328846417003e-11,4.1578243583218684e-11
3.4748358323941234e-07,0.16628943999999996,0.8585084662769803,0.0,0.0,0.4416567580395429,0.1072714307356579,0.020530614525575468,1.8322237900602576e-07,0.0001247568507755975,0.003971866006828596,0.0017328247791892264,2.6764664509009714e-05,1.3457230333950395e-13,0.0019065638833971235,1.2086359960507358e-11,0.000389741170731619,1.1627364023608437e-09,2.1531973160361687e-06,1.225881475644944e-10,5.853650576594537e-12,2.591184502612968e-05,3.8222173626858164e-07,0.007687053041627122,0.0026849117797339886,0.00018507476833509346,5.754862416653366e-07,9.7380180082873e-09,3.401088441525428e-08,5.723610459564466e-09,3.2572453175424514e-11,2.590452891978095e-07,1.3687038363317202e-05,3.192456456115604e-08,7.876542131941292e-05,5.892735025833058e-09,6.047181800316016e-07,5.354242883334928e-09,1.0343224908394818e-05,3.875789647581815e-12,8.26729817641322e-12,3.584698415577973e-08,7.332415320781473e-08,1.0757159275062894e-13,2.3797111247322736e-11,4.2019084867934116e-11
3.4940781817714146e-07,0.16628943999999996,0.8585084662769803,0.0,0.0,0.441650747470642,0.10725214018465039,0.02051863523462508,1.863271934534254e-07,0.00012644589710384077,0.004003218971623929,0.0017485735984288228,2.698861219447734e-05,1.3730565974656807e-13,0.0019110898864053017,1.2269846085250047e-11,0.0003898745766143628,1.1727861031823413e-09,2.1799156991997697e-06,1.2374656584476811e-10,5.929237898544507e-12,2.6000629497153292e-05,3.8838554624756697e-07,0.007685556182505742,0.002691298080626699,0.0001855666957882162,5.783951840398922e-07,9.755440482868645e-09,3.409089998295501e-08,5.800431521005123e-09,3.269926786717434e-11,2.597264720786752e-07,1.3686465831134918e-05,3.21803587118785e-08,7.938988330616082e-05,5.9066437391993755e-09,6.1447124485705e-07,5.4028323777330366e-09,1.0352600321021916e-05,3.9172818752398096e-12,8.362240149185636e-12,3.647538456851753e-08,7.39398132283154e-08,1.0930483411083364e-13,2.4092079764773305e-11,4.2461264769996415e-11
3.513320531148706e-07,0.16628943999999996,0.8585084662769803,0.0,0.0,0.4416447984227382,0.1072328521395375,0.020506663182687943,1.8946428638492744e-07,0.00012814691792544086,0.004034613400951498,0.0017643589844305544,2.7212106545574853e-05,1.4007861383251966e-13,0.001915575934266809,1.2454286226176803e-11,0.00039000779777735036,1.1828202386518144e-09,2.206736724818604e-06,1.2490828897767881e-10,6.00523552090588e-12,2.6088736138026555e-05,3.9460154248334054e-07,0.007684060666852832,0.0026976221015331007,0.00018605718070524994,5.812934687876006e-07,9.772635584390906e-09,3.41702024999555e-08,5.877788562746437e-09,3.282576439114131e-11,2.6040619880950104e-07,1.3685926918636927e-05,3.24366121574996e-08,8.001517678600279e-05,5.9204294053679925e-09,6.243068987268964e-07,5.451534296643102e-09,1.0361757065271714e-05,3.9589651341150744e-12,8.457537744296172e-12,3.71098049931946e-08,7.45542371964656e-08,1.110527305155631e-13,2.4388178075658615e-11,4.2904764624219634e-11
3.532562880525997e-07,0.16628943999999996,0.8585084662769803,0.0,0.0,0.4416389105577583,0.10721356660878087,0.020494698362066792,1.9263374802512923e-07,0.00012985990628404392,0.00406604880716047,0.001780180609315579,2.7435134933238903e-05,1.428915007595202e-13,0.0019200223792611509,1.2639662967161176e-11,0.0003901408419457263,1.192838236637599e-09,2.2336589509848887e-06,1.2607329721621368e-10,6.081641057477939e-12,2.6176170811328384e-05,4.008696286103146e-07,0.007682566488473416,0.0027038841841412723,0.0001865462348810884,5.841810677289607e-07,9.78960548666712e-09,3.4248798136667e-08,5.955681206837899e-09,3.295194688898816e-11,2.610845003492495e-07,1.3685422112803634e-05,3.26933207903952e-08,8.064129209291244e-05,5.934093119373384e-09,6.34224989219936e-07,5.5003476385545356e-09,1.0370699111090539e-05,4.000838883724525e-12,8.553187452317557e-12,3.775023974939759e-08,7.516739028563878e-08,1.1281525489622515e-13,2.4685390303275547e-11,4.334956580404771e-11
3.551805229903288e-07,0.16628943999999996,0.8585084662769803,0.0,0.0,0.4416330835401399,0.10719428360071148,0.020482740765088773,1.9583566719160745e-07,0.00013158485488764634,0.004097524707455657,0.001796038148075047,2.7657684973742047e-05,1.457446561823123e-13,0.001924429570421913,1.2825958849363952e-11,0.0003902737164553956,1.2028395354184955e-09,2.260680941640375e-06,1.2724157094034436e-10,6.1584521187210734e-12,2.6262939338863658e-05,4.071897052915603e-07,0.007681073641209537,0.0027100846676636667,0.00018703386995083213,5.870579533946368e-07,9.806352342323257e-09,3.432669300709658e-08,6.03410906090673e-09,3.307781947596361e-11,2.617614073071598e-07,1.3684951890434115e-05,3.2950480539056355e-08,8.12682196586322e-05,5.947635966049494e-09,6.442253592112344e-07,5.549271410854061e-09,1.0379430357910261e-05,4.042902584577868e-12,8.649185782560487e-12,3.839668273606598e-08,7.577923834636409e-08,1.14592379356932e-13,2.4983700636581482e-11,4.379564972251002e-11
3.5710475792805793e-07,0.16628943999999996,0.8585084662769803,0.0,0.0,0.44162731703680413,0.10717500312353417,0.020470790384105465,1.9907013129822304e-07,0.0001333217561110857,0.004129040623843999,0.0018119312785434053,2.7879744526531645e-05,1.4863841623740005e-13,0.0019287978535620978,1.3013156376804248e-11,0.00039040642827076606,1.2128235836012331e-09,2.2878012667087917e-06,1.2841309065630398e-10,6.235666312125366e-12,2.6349047500962227e-05,4.1356167027431747e-07,0.0076795821189404034,0.0027162238888607288,0.00018752009739288162,5.899240990124438e-07,9.822878282983676e-09,3.440389316929488e-08,6.113071718267811e-09,3.320338624099363e-11,2.6243694994876595e-07,1.3684516718396903e-05,3.320808736773217e-08,8.189595001157412e-05,5.96105902011148e-09,6.543078469599599e-07,5.598304629741652e-09,1.0387954635777494e-05,4.085155698199378e-12,8.745529263237306e-12,3.9049127438233974e-08,7.63897479003443e-08,1.1638407519007853e-13,2.5283093331630758e-11,4.4242997833163667e-11
3.5902899286578705e-07,0.16628943999999996,0.8585084662769803,0.0,0.0,0.4416216107171313,0.10715572518533256,0.020458847211492874,2.0233722635849157e-07,0.00013507060199850402,0.004160596083081893,0.001827859681371921,2.8101301692046597e-05,1.5157311753232043e-13,0.0019331275712995341,1.3201238021833423e-11,0.0003905389840016946,1.2227898400364592e-09,2.3150185022225374e-06,1.2958783699587255e-10,6.3132812425715855e-12,2.643450103582325e-05,4.1998541844502353e-07,0.00767809191558251,0.0027223021820643304,0.00018800492853195106,5.927794784957388e-07,9.839185419454869e-09,3.448040462579271e-08,6.192568758032329e-09,3.332865124682934e-11,2.631111582020433e-07,1.3684117053874048e-05,3.3466137276076477e-08,8.252447377573911e-05,5.974363346236471e-09,6.644722861965092e-07,5.647446320146683e-09,1.0396275706470766e-05,4.127597687138408e-12,8.84221444158802e-12,3.9707566933738206e-08,7.699888613441194e-08,1.1819031289177077e-13,2.5583552712947564e-11,4.4691591630925754e-11
3.6095322780351617e-07,0.16628943999999996,0.8585084662769803,0.0,0.0,0.44161596425293426,0.10713644979407343,0.02044691123965144,2.0563703698901912e-07,0.00013683138426578883,0.004192190616623361,0.0018438230400024279,2.832234480951324e-05,1.5454909713500802e-13,0.0019374190630823205,1.3390186230511488e-11,0.00039067138991967585,1.2327377737334712e-09,2.3423312304438e-06,1.3076579071567182e-10,6.391294512684749e-12,2.6519305638903307e-05,4.2646084188388947e-07,0.007676603025089731,0.0027283198792009697,0.00018848837454200353,5.956240664332622e-07,9.855275841908882e-09,3.455623332404713e-08,6.2725997452241345e-09,3.345361853043684e-11,2.6378406166367865e-07,1.3683753344598874e-05,3.3724626298811445e-08,8.315378166965302e-05,5.987549999145687e-09,6.747185062088913e-07,5.696695515645193e-09,1.0404397264605402e-05,4.170228014999046e-12,8.939237883976472e-12,4.0371993899889756e-08,7.760662089442869e-08,1.2001106217712556e-13,2.5885063174837008e-11,4.514141265296214e-11
3.628774627412453e-07,0.16628943999999996,0.8585084662769803,0.0,0.0,0.4416103773184343,0.10711717695761101,0.020434982461006033,2.0896964641300007e-07,0.0001386040943029888,0.004223823760569017,0.0018598210406412883,2.8542862454722377e-05,1.5756669256325125e-13,0.0019416726652143215,1.3579983427885834e-11,0.0003908036519733038,1.24266686377429e-09,2.369738039980211e-06,1.319469326964643e-10,6.469703723180334e-12,2.660346696234674e-05,4.3298782991902066e-07,0.007675115441453387,0.0027342773098147934,0.00018897044644911693,5.98457838076586e-07,9.871151620068106e-09,3.4631385156894015e-08,6.353164230885635e-09,3.357829210307273e-11,2.6445568960465686e-07,1.3683426029088202e-05,3.398355050538128e-08,8.378386450532004e-05,6.000620023686746e-09,6.850463319283498e-07,5.7460512583780786e-09,1.0412322938726012e-05,4.213046146462934e-12,9.036596176035195e-12,4.104240062010897e-08,7.821292067913181e-08,1.2184629199545588e-13,2.6187609182636867e-11,4.5592442479579113e-11
3.648016976789744e-07,0.16628943999999996,0.8585084662769803,0.0,0.0,0.4416048495902353,0.10709790668369107,0.02042306086800591,2.1233513646377644e-07,0.00014038872317670442,0.004255495055615833,0.001875853372233576,2.8762843437788782e-05,1.606262417742408e-13,0.0019458887108806714,1.3770612023172102e-11,0.00039093577580304146,1.2525765992266016e-09,2.3972375258951967e-06,1.3313124394245832e-10,6.548506473203254e-12,2.668699061445688e-05,4.395662691800357e-07,0.007673629158702271,0.002740174801090389,0.0001894511551342788,6.01280769328881e-07,9.886814803387988e-09,3.470586596298436e-08,6.434261752179745e-09,3.370267595035696e-11,2.651260709759695e-07,1.3683135536868437e-05,3.4242905999606475e-08,8.441471318719231e-05,6.013574454914315e-09,6.954555840142627e-07,5.795512598969286e-09,1.0420056292386348e-05,4.256051547291925e-12,9.13428592277303e-12,4.171877899052175e-08,7.881775463393284e-08,1.2369597054529744e-13,2.649117527391077e-11,4.6044662734953477e-11
3.6672593261670353e-07,0.16628943999999996,0.8585084662769803,0.0,0.0,0.44159938074730054,0.10707863897995487,0.020411146453124723,2.157335875884561e-07,0.00014218526163245704,0.004287204047007657,0.0018919197264374828,2.8982276800894893e-05,1.6372808315420827e-13,0.0019500675301732991,1.3962054414837116e-11,0.000391067766755327,1.2624664790554974e-09,2.424828289813161e-06,1.3431870558061922e-10,6.627700360659707e-12,2.6769882159206622e-05,4.461960436512133e-07,0.0076721441709026944,0.00274601267787539,0.0001899305113361078,6.040928367360397e-07,9.902267421238654e-09,3.477968152722926e-08,6.515891832506521e-09,3.382677403277274e-11,2.657952344146451e-07,1.3682882288695666e-05,3.450268891936079e-08,8.504631871115556e-05,6.0264143181722426e-09,7.059460789382742e-07,5.8450785964451845e-09,1.042760082521649e-05,4.299243684358239e-12,9.2323037486346e-12,4.2401120526516324e-08,7.942109254467248e-08,1.2556006528929723e-13,2.6795746059583865e-11,4.649805508795777e-11
3.6865016755443265e-07,0.16628943999999996,0.8585084662769803,0.0,0.0,0.4415939704709268,0.1070593738539431,0.02039923920886046,2.191650788515896e-07,0.0001439937000970359,0.004318950284486497,0.001908019797598936,2.920115181602003e-05,1.6687255550815807e-13,0.0019542094501164486,1.4154292995583842e-11,0.00039119962989605015,1.27233601203475e-09,2.4525089400196317e-06,1.355092988599845e-10,6.707282982541982e-12,2.6852147115787027e-05,4.528770347241804e-07,0.007670660472158464,0.002751791262702861,0.00019040852565351243,6.068940174745645e-07,9.917511483088605e-09,3.4852837581256566e-08,6.598053981606106e-09,3.395059028574316e-11,2.6646320824893865e-07,1.3682666696770895e-05,3.47628954362365e-08,8.56786721635305e-05,6.039140629176191e-09,7.165176290676365e-07,5.894748318155018e-09,1.0434959973977179e-05,4.3426220256710926e-12,9.330646297628294e-12,4.3089416369258676e-08,8.00229048313354e-08,1.2743854296899507e-13,2.7101306225024042e-11,4.6952601253022974e-11
3.7057440249216177e-07,0.16628943999999996,0.8585084662769803,0.0,0.0,0.44158861844472175,0.1070401113130994,0.02038733912773543,2.2262968793890148e-07,0.0001458140286808198,0.004350733322244524,0.001924153282726441,2.941945798265676e-05,1.7005999804968834e-13,0.001958314794692189,1.4347310157238468e-11,0.0003913313700234218,1.2821847166573215e-09,2.480278091556505e-06,1.3670300515098225e-10,6.787251935246349e-12,2.693379095819259e-05,4.596091212500793e-07,0.00766917805661087,0.00275751087581349,0.000190885208548288,6.096842893404487e-07,9.932548978685884e-09,3.492533980384522e-08,6.680747695651842e-09,3.407412861956845e-11,2.67130020503589e-07,1.3682489164949658e-05,3.5023521755204464e-08,8.631176472008928e-05,6.051754394093857e-09,7.271700427478132e-07,5.944520839691161e-09,1.0442137113601247e-05,4.386186040368997e-12,9.429310233422033e-12,4.378365729216617e-08,8.062316254173004e-08,1.2933136961943768e-13,2.740784053106913e-11,4.7408282990755725e-11
3.724986374298909e-07,0.16628943999999996,0.8585084662769803,0.0,0.0,0.4415833243545796,0.10702085136477386,0.020375446202296213,2.2612749116107743e-07,0.00014764623718008054,0.004382552718876774,0.0019403198814661408,2.963718502551554e-05,1.7329075039090258e-13,0.0019623838848659065,1.4541088295539631e-11,0.00039146299168026956,1.2920121210447567e-09,2.508134366312516e-06,1.378998059447536e-10,6.867604814884111e-12,2.7014819114841923e-05,4.663921795912449e-07,0.007667696918438649,0.002763171835177575,0.00019136057034764228,6.124636307417199e-07,9.947381878237332e-09,3.499719382136597e-08,6.763972457368751e-09,3.41973929200712e-11,2.677956989056703e-07,1.368235008894584e-05,3.5284564114304444e-08,8.694558764508675e-05,6.064256609626661e-09,7.37903124384302e-07,5.994395244810494e-09,1.0449135558222035e-05,4.42993519874978e-12,9.528292239364005e-12,4.4483833707337646e-08,8.122183734513603e-08,1.31238510583644e-13,2.771533381500067e-11,4.786508210869684e-11
3.7442287236762e-07,0.16628943999999996,0.8585084662769803,0.0,0.0,0.4415780878886576,0.10700159401622644,0.020363560425113593,2.2965856345760358e-07,0.0001494903150792651,0.004414408037334565,0.00195651929607709,2.985432289221929e-05,1.7656515253241284e-13,0.0019664170386117607,1.4735609814830025e-11,0.0003915944991657805,1.3018177628562045e-09,2.5360763931090745e-06,1.3909968285247848e-10,6.9483392175859295e-12,2.7095236968232506e-05,4.7322608367242456e-07,0.007666217051857931,0.0027687744565167934,0.00019183462124666603,6.152320206868087e-07,9.962012132590626e-09,3.506840520824181e-08,6.8477277361356005e-09,3.432038704871463e-11,2.684602708894306e-07,1.3682249856531387e-05,3.554601878432294e-08,8.758013229030637e-05,6.076648263092588e-09,7.487166745236378e-07,6.044370625357187e-09,1.045595856218878e-05,4.473868972305314e-12,9.627589018594184e-12,4.5189935671939424e-08,8.181890152592362e-08,1.3315993052697369e-13,2.8023770991467848e-11,4.832298046218788e-11
3.763471073053491e-07,0.16628943999999996,0.8585084662769803,0.0,0.0,0.4415729087373534,0.10698233927463029,0.020351681788782567,2.3322297840065754e-07,0.00015134625155325428,0.004446298844879571,0.0019727512314067506,3.0070861750988857e-05,1.7988354485343227e-13,0.001970414570938106,1.4930857132650545e-11,0.0003917258965467183,1.3116011891970347e-09,2.564102807781567e-06,1.4030261760470302e-10,7.029452739799533e-12,2.7175049854628377e-05,4.801107050314631e-07,0.007664738451122166,0.0027743190533257907,0.0001923073713107497,6.179894387731969e-07,9.976441673413733e-09,3.513897948737921e-08,6.932012988065798e-09,3.44431148423145e-11,2.691237636010653e-07,1.3682188847730767e-05,3.580788206845723e-08,8.821539009411986e-05,6.088930332505692e-09,7.596104899336443e-07,6.0944460811849926e-09,1.0462609321068869e-05,4.517986833700406e-12,9.72719729413682e-12,4.590195289454587e-08,8.24143279771485e-08,1.3509559345132177e-13,2.8333137053361747e-11,4.8781959954860514e-11
3.7827134224307824e-07,0.16628943999999996,0.8585084662769803,0.0,0.0,0.4415677865932813,0.10696308714707463,0.02033981028592222,2.368208081990488e-07,0.0001532140354696033,0.004478224713038563,0.0019890153948667003,3.0286791988320897e-05,1.832462681019548e-13,0.001974376793912865,1.5126812684237303e-11,0.0003918571876681387,1.3213619565264777e-09,2.5922122532562857e-06,1.4150859205066957e-10,7.110942978580886e-12,2.725426306377952e-05,4.870459128694759e-07,0.007663261110522045,0.002779805936893553,0.00019277883047793027,6.207358651815358e-07,9.99067241337113e-09,3.5208922130601194e-08,7.016827656129151e-09,3.45655801138634e-11,2.6978620390445037e-07,1.3682167435009858e-05,3.607015030201858e-08,8.885135258056086e-05,6.101103786656896e-09,7.705843636829039e-07,6.144620720080533e-09,1.046909097263699e-05,4.562288256800551e-12,9.8271138088796e-12,4.661987474143378e-08,8.300809019412593e-08,1.3704546270915046e-13,2.864341707264001e-11,4.9242002539314904e-11
3.8019557718080736e-07,0.16628943999999996,0.8585084662769803,0.0,0.0,0.4415627211512508,0.10694383764056796,0.020327945909175714,2.404521237022083e-07,0.0001550936553907659,0.004510185217558795,0.0020053114964085584,3.0502104206659236e-05,1.8665366338502798e-13,0.0019783040166888406,1.5323458926921787e-11,0.0003919883761636227,1.3310996305649026e-09,2.62040337962307e-06,1.4271758815764856e-10,7.192807531878915e-12,2.73328818386718e-05,4.940315741005757e-07,0.007661785024385403,0.002785235416324579,0.00019324900856118924,6.234712806646349e-07,1.0004706246303749e-08,3.5278238559111556e-08,7.1021711702568405e-09,3.4687786652771106e-11,2.7044761838568865e-07,1.3682185983461327e-05,3.633281985212445e-08,8.948801135841195e-05,6.113169585197003e-09,7.816380852193769e-07,6.194893657688444e-09,1.0475406597851127e-05,4.6067727167212676e-12,9.927335325667152e-12,4.734369024282961e-08,8.360016226798653e-08,1.3900950101743697e-13,2.8954596201105993e-11,4.970309021803666e-11
3.821198121185365e-07,0.16628943999999996,0.8585084662769803,0.0,0.0,0.4415577121082425,0.10692459076204089,0.020316088651210214,2.4411699440422444e-07,0.0001569850995762923,0.004542179938364,0.0020216392485001276,3.0716789222060834e-05,1.901060721591127e-13,0.0019821965455289687,1.552077834443447e-11,0.0003921194654650541,1.3408137862010121e-09,2.6486748442037885e-06,1.4392958801027222e-10,7.2750439988139175e-12,2.7410911375306325e-05,5.010675534010519e-07,0.007660310187077112,0.002790607798559854,0.00019371791525070543,6.261956665354213e-07,1.0018545047406642e-08,3.534693414392271e-08,7.18804294740509e-09,3.480973822422357e-11,2.7110803335734886e-07,1.36822448509853e-05,3.6595887117364355e-08,9.01253581203047e-05,6.1251286787152465e-09,7.927714404482609e-07,6.245264017435738e-09,1.048155922181538e-05,4.651439689790179e-12,1.0027858627401062e-11,4.807338809910873e-08,8.419051887921804e-08,1.409876704714463e-13,2.9266659671142305e-11,5.0165205043743615e-11
3.840440470562656e-07,0.16628943999999996,0.8585084662769803,0.0,0.0,0.4415527591633882,0.10690534651834878,0.020304238504716805,2.4781548844792473e-07,0.00015888835598501237,0.004574208459511035,0.0020379983661017445,3.093083806185768e-05,1.9360383622052887e-13,0.0019860546838314976,1.571875345111253e-11,0.0003922504588119564,1.3505040073982708e-09,2.6770253116167988e-06,1.4514457380986868e-10,7.357649979949722e-12,2.7488356822507243e-05,5.081537132580162e-07,0.007658836592998953,0.002795923388397634,0.00019418556011603928,6.289090046627854e-07,1.003219067340154e-08,3.5415014206277174e-08,7.274442391680985e-09,3.4931438570206886e-11,2.7176747486413285e-07,1.3682344388464432e-05,3.685934852751491e-08,9.076338464183249e-05,6.136982008818754e-09,8.039842118090757e-07,6.295730930456848e-09,1.0487551814729698e-05,4.696288653567851e-12,1.0128680516974537e-11,4.8808956686945914e-08,8.477913529119527e-08,1.4297993255831957e-13,2.957959279639847e-11,5.062832911995011e-11
3.859682819939947e-07,0.16628943999999996,0.8585084662769803,0.0,0.0,0.4415478620179469,0.10688610491627457,0.02029239546241044,2.515476726290023e-07,0.00016080341227720494,0.004606270369147091,0.0020543885666428493,3.1144241962315423e-05,1.9714729769599332e-13,0.001989878732155089,1.5917366796011768e-11,0.0003923813592604129,1.3601698871009187e-09,2.7054534538374685e-06,1.4636252787379805e-10,7.44062307755968e-12,2.7565223281756695e-05,5.152899140176142e-07,0.007657364236589507,0.0028011824885140046,0.00019465195260827094,6.316112774614779e-07,1.0045644962714333e-08,3.5482484018115674e-08,7.3613688944568665e-09,3.505289141001227e-11,2.724259686872155e-07,1.3682484939936083e-05,3.712320054324919e-08,9.140208278067585e-05,6.148730508215706e-09,8.152761783518689e-07,6.346293535521179e-09,1.0493387292826396e-05,4.741319086921165e-12,1.0229797817343091e-11,4.9550384065416335e-08,8.536598734370203e-08,1.4498624817059635e-13,2.98933809724369e-11,5.109244460200145e-11
3.8789251693172384e-07,0.16628943999999996,0.8585084662769803,0.0,0.0,0.4415430203752843,0.10686686596253114,0.020280559517029853,2.553136124001843e-07,0.00016273025581674047,0.004638365259467502,0.00207080956999877,3.1356992366289894e-05,2.007367990332449e-13,0.001993668988243837,1.611660096692359e-11,0.0003925121696915873,1.369811027140162e-09,2.7339579502548863e-06,1.4758343263478912e-10,7.523960895886645e-12,2.7641515807056188e-05,5.224760139326893e-07,0.007655893112323992,0.002806385399483276,0.00019511710206210524,6.34302467878783e-07,1.0058909735650955e-08,3.554934880250275e-08,7.448821834409815e-09,3.517410043907044e-11,2.730835403478716e-07,1.3682666842760405e-05,3.7387439655801906e-08,9.204144447574001e-05,6.160375100792872e-09,8.2664711581265e-07,6.396950978959578e-09,1.0499068519293653e-05,4.7865304699654735e-12,1.03312073716459e-11,5.029765798204632e-08,8.595105144644732e-08,1.4700657761956573e-13,3.020800967733764e-11,5.1557533697267346e-11
3.8981675186945296e-07,0.16628943999999996,0.8585084662769803,0.0,0.0,0.44153823394085123,0.10684762966376396,0.0202687306613375,2.591133718754428e-07,0.0001646688736732087,0.004670492726674132,0.002087261098467703,3.156908092088272e-05,2.0437268299175053e-13,0.001997425747052188,1.6316438594297337e-11,0.0003926428928198615,1.37942703813986e-09,2.7625374877248675e-06,1.4880727064027645e-10,7.607661041396941e-12,2.77172394048132e-05,5.297118692098791e-07,0.007654423214714128,0.00281153241979816,0.00019558101769790622,6.369825593922174e-07,1.0071986794565814e-08,3.561561373403175e-08,7.53680057765067e-09,3.529506933015956e-11,2.737402151131194e-07,1.368289042778267e-05,3.765206238669465e-08,9.268146174630433e-05,6.171916701693168e-09,8.380967966880738e-07,6.4477024145909675e-09,1.0504598305185905e-05,4.831922284069852e-12,1.0432906043093575e-11,5.1050765878813186e-08,8.653430457257857e-08,1.490408806484029e-13,3.0523464472259996e-11,5.2023578665528004e-11
3.917409868071821e-07,0.16628943999999996,0.8585084662769803,0.0,0.0,0.4415335024221625,0.10682839602655331,0.020256908888119464,2.6294701383424606e-07,0.00016661925262403913,0.004702652370934311,0.0021037428767479265,3.178049947509665e-05,2.0805529263350583e-13,0.0020011493007697743,1.651686235506874e-11,0.00039277353120061004,1.3890175394217452e-09,2.791190760619364e-06,1.500340245517383e-10,7.691721123028503e-12,2.7792399033752083e-05,5.369973340563011e-07,0.007652954538307981,0.002816623845889751,0.00019604370862368801,6.396515360008234e-07,1.0084877924036216e-08,3.568128393929694e-08,7.625304477858451e-09,3.541580173441112e-11,2.7439601799997287e-07,1.368315601949323e-05,3.791706528746583e-08,9.332212669118338e-05,6.183356217399004e-09,8.496249903092101e-07,6.49854700365233e-09,1.050997941032124e-05,4.877494011967503e-12,1.0534890715006702e-11,5.1809694898093735e-08,8.711572425219509e-08,1.5108911644526177e-13,3.083973100196653e-11,5.249056182021613e-11
3.936652217449112e-07,0.16628943999999996,0.8585084662769803,0.0,0.0,0.44152882552877587,0.10680916505741656,0.020245094190185376,2.6681459972584837e-07,0.00016858137915659043,0.004734843796340327,0.0021202546319152014,3.199124007749168e-05,2.1178497131392176e-13,0.0020048399388461376,1.67178549763949e-11,0.0003929040872376256,1.3985821589109657e-09,2.8199164708723767e-06,1.512636771440351e-10,7.776138752433197e-12,2.786699960484843e-05,5.443322607256943e-07,0.007651487077689797,0.0028216599721473247,0.0001965051838370853,6.423093822098101e-07,1.0097584891036819e-08,3.574636449731947e-08,7.714332876286726e-09,3.5536301279401414e-11,2.7505097377835377e-07,1.3683463936184162e-05,3.818244493933328e-08,9.396343148789944e-05,6.194694545808887e-09,8.61231462914535e-07,6.549483914727354e-09,1.0515214544165813e-05,4.923245137676526e-12,1.0637158290975646e-11,5.257443188856057e-08,8.769528856586398e-08,1.5315124365620852e-13,3.115679499530994e-11,5.295846552846218e-11
3.955894566826403e-07,0.16628943999999996,0.8585084662769803,0.0,0.0,0.4415242029722715,0.10678993676281044,0.020233286560368345,2.707161896736179e-07,0.0001705552394702269,0.004767066610869449,0.002136796093400394,3.220129497384298e-05,2.1556206267278747e-13,0.0020084979480153474,1.6919399239296728e-11,0.0003930345631902122,1.4081205330414486e-09,2.8487133280224807e-06,1.5249621130474774e-10,7.86091154421348e-12,2.7941045981285862e-05,5.51716499563956e-07,0.007650020827479827,0.002826641090937941,0.00019696545222725205,6.449560830301369e-07,1.0110109445103432e-08,3.581086043993009e-08,7.803885101891528e-09,3.565657157045393e-11,2.7570510697673276e-07,1.3683814490099776e-05,3.844819795292619e-08,9.460536839186623e-05,6.205932576312414e-09,8.729159777221993e-07,6.60051232367448e-09,1.0520306366705379e-05,4.969175146474593e-12,1.0739705694700947e-11,5.334496341102575e-08,8.827297613814072e-08,1.5522722039790029e-13,3.1474642265679323e-11,5.342727221119213e-11
3.9751369162036943e-07,0.16628943999999996,0.8585084662769803,0.0,0.0,0.4415196344662316,0.10677071114913306,0.020221485991524846,2.7465184247940143e-07,0.0001725408194783929,0.004799320426344483,0.0021533669929673033,3.2410656604801275e-05,2.1938691062532837e-13,0.002012123612320507,1.7121477982209266e-11,0.0003931649611799606,1.4176323066607587e-09,2.8775800492520577e-06,1.5373161003351695e-10,7.946037116153452e-12,2.80145429784345e-05,5.591498990542915e-07,0.007648555782334158,0.002831567492625833,0.00019742452257671375,6.475916239719766e-07,1.0122453318503766e-08,3.587477675224508e-08,7.89396047150245e-09,3.57766161925162e-11,2.763584418864566e-07,1.3684207987585296e-05,3.871432096804074e-08,9.524792973558327e-05,6.217071189873856e-09,8.846782950013613e-07,6.651631413559278e-09,1.0525257489304003e-05,5.015283525063589e-12,1.0842529869984103e-11,5.412127574423168e-08,8.884876613109741e-08,1.573170042702425e-13,3.1793258711412376e-11,5.38969643446911e-11
3.9943792655809855e-07,0.16628943999999996,0.8585084662769803,0.0,0.0,0.4415151197262196,0.10675148822272591,0.02020969247653465,2.786216156279258e-07,0.00017453810481065456,0.0048316048583948185,0.002169967064690688,3.261931760355672e-05,2.2325985935335282e-13,0.002015717213138143,1.732407410444076e-11,0.0003932952831972203,1.4271171329353296e-09,2.906515359423335e-06,1.5496985644138229e-10,8.03151308944437e-12,2.8087495363850105e-05,5.666323058618386e-07,0.007647091936944523,0.0028364394655916417,0.0001978824035632167,6.502159910264192e-07,1.0134618226410896e-08,3.593811837309712e-08,7.984558289785231e-09,3.589643870725216e-11,2.7701100256382266e-07,1.3684644729233078e-05,3.8980810653298065e-08,9.58911079278412e-05,6.228111259108097e-09,8.965181721427161e-07,6.702840374585442e-09,1.0530070475550006e-05,5.061569761471351e-12,1.094562778094642e-11,5.4903354890588055e-08,8.942263823786045e-08,1.5942055236891369e-13,3.2112630316174666e-11,5.436752446054015e-11
4.0136216149582767e-07,0.16628943999999996,0.8585084662769803,0.0,0.0,0.4415106584697615,0.10673226798987587,0.020197906008300726,2.826255652912308e-07,0.0001765470808147249,0.004863919526418018,0.0021865960449345065,3.282727079350681e-05,2.2718125329646604e-13,0.00201927902920247,1.752717056954124e-11,0.0003934255311072814,1.4365746732558464e-09,2.9355179911113313e-06,1.5621093375012118e-10,8.117337088904758e-12,2.8159907857293268e-05,5.741635648776386e-07,0.007645629286038116,0.002841257296251441,0.00019833910376150325,6.528291706667855e-07,1.0146605867062113e-08,3.6000890195388965e-08,8.075677849358199e-09,3.601604265421564e-11,2.776628128356974e-07,1.3685125010022238e-05,3.9247663705878265e-08,9.653489545293749e-05,6.239053648352288e-09,9.084353637283528e-07,6.754138404023996e-09,1.0534747842089244e-05,5.108033344971667e-12,1.104899641182544e-11,5.569118658185522e-08,8.999457267616005e-08,1.615378212975813e-13,3.243274314930081e-11,5.483893514524985e-11
4.032863964335568e-07,0.16628943999999996,0.8585084662769803,0.0,0.0,0.4415062504163247,0.10671305045681706,0.020186126579749164,2.866637463331379e-07,0.0001785677325584981,0.004896264053541861,0.002203253672330354,3.303450918592936e-05,2.311514371433814e-13,0.0020228093366295346,1.773075040858133e-11,0.0003935557066562802,1.4460045971421584e-09,2.964586684633795e-06,1.5745482529158868e-10,8.20350674319516e-12,2.8231785130767632e-05,5.817435192622422e-07,0.0076441678243774,0.002846021269075555,0.00019879463164503304,6.554311498454222e-07,1.0158417921925153e-08,3.6063097066571805e-08,8.167318431024906e-09,3.613543155415006e-11,2.7831389630414106e-07,1.3685649119456732e-05,3.951487685130749e-08,9.717928486990231e-05,6.2498992137496996e-09,9.204296216006551e-07,6.805524706147994e-09,1.053929205944581e-05,5.1546737663244066e-12,1.1152632766893844e-11,5.648475628477292e-08,9.056455018189385e-08,1.6366876718011833e-13,3.2753583366104165e-11,5.531117904228011e-11
4.052106313712859e-07,0.16628943999999996,0.8585084662769803,0.0,0.0,0.4415018952872991,0.1066938356297326,0.020174354183829055,2.9073621231375243e-07,0.00018060004483204658,0.004928638066586881,0.002219939687756105,3.324102597766103e-05,2.35170755823325e-13,0.002026308408941225,1.7934796723342048e-11,0.0003936858114768393,1.455406582148497e-09,2.9937201880782313e-06,1.5870151450705715e-10,8.290019685027644e-12,2.8303131808576555e-05,5.893720104888305e-07,0.007642707546759899,0.0028507316666072256,0.00019924899558772317,6.580219159714099e-07,1.0170056055871328e-08,3.612474378908859e-08,8.259479303681942e-09,3.625460890481644e-11,2.789642763475062e-07,1.3686217341702223e-05,3.978244684311085e-08,9.782426881173443e-05,6.260648803325506e-09,9.325006949303594e-07,6.856998492166136e-09,1.0543705552830245e-05,5.201490517668261e-12,1.1256533870761231e-11,5.7284049206634605e-08,9.113255200270626e-08,1.6581334567273086e-13,3.307513720815833e-11,5.578423885197078e-11
4.07134866309015e-07,0.16628943999999996,0.8585084662769803,0.0,0.0,0.441497592805978,0.10667462351475628,0.020162588813512402,2.948430154939916e-07,0.00018264400214959594,0.004961041196029396,0.002236653834314756,3.3446814548782385e-05,2.3923955449749513e-13,0.0020297765170891554,1.8139292689416602e-11,0.00039381584709345565,1.4647803137691764e-09,3.022917257326115e-06,1.5995098494655547e-10,8.37687355137012e-12,2.8373952467397322e-05,5.970488783856206e-07,0.007641248448018013,0.0028553887694810847,0.00019970220386561212,6.606014569131392e-07,1.018152191732929e-08,3.6185835120690794e-08,8.35215972440308e-09,3.637357818159102e-11,2.7961397612595435e-07,1.3686829955715638e-05,4.005037046254055e-08,9.846983998464697e-05,6.271303257054212e-09,9.446483302840108e-07,6.908558980152813e-09,1.0547990702935381e-05,5.248483092349082e-12,1.136069676813686e-11,5.808905030080654e-08,9.169855989158564e-08,1.6797151197570982e-13,3.339739100354258e-11,5.625809733044697e-11
4.0905910124674414e-07,0.16628943999999996,0.8585084662769803,0.0,0.0,0.4414933426975388,0.10665541411797445,0.02015083046179404,2.9898420684014827e-07,0.00018469958875152315,0.004993473075964972,0.0022533958573134677,3.3651868460309784e-05,2.433581785506214e-13,0.0020332139294784017,1.83442215592249e-11,0.00039394581492764764,1.4741254853439198e-09,3.0521766560743587e-06,1.6120322026820904e-10,8.464065983645583e-12,2.8444251636372283e-05,6.047739611779214e-07,0.007639790523018785,0.002859992856441403,0.00020015426465845565,6.631697610001051e-07,1.0192817138445572e-08,3.6246375774915705e-08,8.44535893876927e-09,3.64923428429741e-11,2.8026301858667274e-07,1.3687487235373278e-05,4.031864451840217e-08,9.91159911673228e-05,6.281863406943646e-09,9.568722716904473e-07,6.9602053949850125e-09,1.0552149846719858e-05,5.2956509852597874e-12,1.1465118523641413e-11,5.8899744272191803e-08,9.226255610048177e-08,1.7014322084519668e-13,3.372033116705785e-11,5.673273729223568e-11
4.1098333618447326e-07,0.16628943999999996,0.8585084662769803,0.0,0.0,0.441489144689024,0.1066362074454274,0.020139079121691515,3.0315983602848276e-07,0.00018676678860631314,0.005025933344072362,0.0022701655042428074,3.3856181451895185e-05,2.475269735826258e-13,0.0020366209119911127,1.8549566664941596e-11,0.0003940757163028711,1.4834417979633746e-09,3.081497155854141e-06,1.6245820423758056e-10,8.551594627926307e-12,2.8514033797216072e-05,6.125470955297734e-07,0.007638333766663726,0.002864544204360205,0.00020060518605136772,6.657268169954453e-07,1.0203943335258241e-08,3.6306370421553534e-08,8.539076180713034e-09,3.66109063249414e-11,2.809114264638542e-07,1.3688189449599293e-05,4.058726584670349e-08,9.976271521017938e-05,6.292330077111499e-09,9.69172260706386e-07,7.011936968278929e-09,1.0556185278179509e-05,5.342993692747511e-12,1.15697962222178e-11,5.971611558263869e-08,9.28245233739441e-08,1.723284266049318e-13,3.4043944200419725e-11,5.7208141610398586e-11
4.129075711222024e-07,0.16628943999999996,0.8585084662769803,0.0,0.0,0.4414849985093228,0.10661700350311092,0.020127334786245007,3.0736995144983883e-07,0.000188845585412484,0.005058421641577893,0.0022869625247561834,3.4059747439534074e-05,2.517462854003233e-13,0.0020399977280099657,1.8755311421338765e-11,0.0003942055524492142,1.492728960375356e-09,3.1108775360471687e-06,1.637159207270093e-10,8.63945713512318e-12,2.8583303384338496e-05,6.203681165847935e-07,0.007636878173888569,0.0028690430882551982,0.000201054976036387,6.682726140988175e-07,1.0214902107845803e-08,3.636582368691862e-08,8.633310672533076e-09,3.672927204016682e-11,2.8155922228394484e-07,1.3688936862485958e-05,4.085623131036605e-08,0.00010041000503464281,6.3027040838474715e-09,9.815480364814876e-07,7.063752938320517e-09,1.0560099249106655e-05,5.3905107122961854e-12,1.1674726968881585e-11,6.053814845629334e-08,9.338444494278383e-08,1.745270831575431e-13,3.4368216692416894e-11,5.768429321433232e-11
4.148318060599315e-07,0.16628943999999996,0.8585084662769803,0.0,0.0,0.4414809038891522,0.10659780229697789,0.020115597448517195,3.116146002142907e-07,0.00019093596260055207,0.005090937613220272,0.0023037866706494803,3.426256051328243e-05,2.5601646000921996e-13,0.002043344638441488,1.8961439328544e-11,0.00039433532450788427,1.5019866888909186e-09,3.1403165838994532e-06,1.6497635371495158e-10,8.727651161170116e-12,2.8652064784982005e-05,6.282368580066766e-07,0.007635423739663075,0.0028734897813074618,0.00020150364251395053,6.708071419554922e-07,1.0225695040480367e-08,3.6424740154318484e-08,8.72806162537081e-09,3.684744338680887e-11,2.8220642837183444e-07,1.3689729733412315e-05,4.112553779909861e-08,0.000101057853632431,6.312986235697064e-09,9.939993358224615e-07,7.115652550004328e-09,1.0563893969837415e-05,5.438201542990349e-12,1.1779907888376484e-11,6.136582688489659e-08,9.394230451776067e-08,1.7673914399584654e-13,3.469313531904155e-11,5.816117509309823e-11
4.167560409976606e-07,0.16628943999999996,0.8585084662769803,0.0,0.0,0.4414768605610395,0.10657860383293967,0.02010386710159321,3.158938281558181e-07,0.0001930379033349542,0.0051234809072158265,0.0023206376958408857,3.446461493498302e-05,2.6033784360543196e-13,0.00204666190173922,1.9167933974714856e-11,0.00039446503353549105,1.5112147072904542e-09,3.169813094532689e-06,1.6623948728532241e-10,8.816174367203735e-12,2.8720322339373515e-05,6.361531520193796e-07,0.007633970458990803,0.002877884554879026,0.00020195119329444397,6.733303906225394e-07,1.0236323701802915e-08,3.648312436456132e-08,8.823328238990431e-09,3.6965423741343024e-11,2.828530668495914e-07,1.3690568317165141e-05,4.1395182229046463e-08,0.00010170625406484572,6.32317733354021e-09,1.0065258932561727e-06,7.167635054773642e-09,1.0567571609987268e-05,5.486065685482064e-12,1.188533612572002e-11,6.219913463302456e-08,9.449808628329599e-08,1.7896456221423763e-13,3.5018686843602374e-11,5.863877029613112e-11
4.184878524416168e-07,0.16628943999999996,0.8585084662769803,0.0,0.0,0.44147326520082547,0.10656132756464966,0.020093315760801707,3.1977473535675697e-07,0.0001949395227005095,0.005152792944449841,0.0023358263986208495,3.4645810661069364e-05,2.6427115880449166e-13,0.002049622302061132,1.9354079226689867e-11,0.0003945817185771467,1.5194942993508748e-09,3.1964080953023148e-06,1.6737860342643456e-10,8.896124772783254e-12,2.8781326899220236e-05,6.433183342999437e-07,0.007632663488571269,0.0028817956827660494,0.00020235304145978103,6.755916628315724e-07,1.0245750329020385e-08,3.6535218792795653e-08,8.909508410544533e-09,3.707144553228842e-11,2.8343457429716797e-07,1.369136233397868e-05,4.163814862797683e-08,0.00010229028059331062,6.332272126216138e-09,1.0178639194146894e-06,7.2144895691939004e-09,1.0570783143171247e-05,5.529291183387612e-12,1.1980430652591248e-11,6.295391107699803e-08,9.499650065037823e-08,1.809788200907722e-13,3.531221347374591e-11,5.906920190674971e-11
4.20219663885573e-07,0.16628943999999996,0.8585084662769803,0.0,0.0,0.44146971097950155,0.10654405352646575,0.02008277007196873,3.23683719411779e-07,0.00019685048204371453,0.005182126579012718,0.002351036499564085,3.4826383422644764e-05,2.6824648647897234e-13,0.0020525590805880087,1.954049648208722e-11,0.00039469835401367116,1.5277494174215135e-09,3.2230478041152952e-06,1.6851988277657528e-10,8.976338226682876e-12,2.8841929919379083e-05,6.505217728896859e-07,0.0076313574449146885,0.0028856651695135615,0.00020275399773503984,6.778437845247837e-07,1.0255046276345829e-08,3.658688898751268e-08,8.99610501072112e-09,3.717731776912041e-11,2.840156555918282e-07,1.369219376042812e-05,4.188138407114247e-08,0.00010287474358155668,6.341294380870615e-09,1.0292624911857914e-06,7.26141008932236e-09,1.0573903091840503e-05,5.572656298038876e-12,1.2075721157212611e-11,6.371322179426534e-08,9.549320868465651e-08,1.8300382440447725e-13,3.5606232573892593e-11,5.950018535128725e-11
4.2195147532952916e-07,0.16628943999999996,0.8585084662769803,0.0,0.0,0.4414661977057691,0.10652678172261636,0.020072230030099475,3.276208111013363e-07,0.00019877076854617383,0.005211481561543755,0.0023662678236072575,3.5006329384517196e-05,2.7226407937001676e-13,0.0020554724207273406,1.9727173969692222e-11,0.0003948149404554248,1.535979875286565e-09,3.249731359008883e-06,1.6966331394938743e-10,9.056813035366258e-12,2.8902134466883187e-05,6.577633426443637e-07,0.007630052324447993,0.0028894932092338866,0.0002031540676326198,6.800867493168298e-07,1.0264212655437023e-08,3.663813817208043e-08,9.083117433151087e-09,3.728304287670268e-11,2.8459632645795885e-07,1.3693062773155273e-05,4.212488636442281e-08,0.00010345963811308018,6.350244665697102e-09,1.0407214105501024e-06,7.308396082813516e-09,1.0576932955895573e-05,5.616160668612671e-12,1.2171205599569001e-11,6.447705449774227e-08,9.598819981582556e-08,1.8503954017666634e-13,3.5900734676167364e-11,5.993170839814609e-11
4.2368328677348534e-07,0.16628943999999996,0.8585084662769803,0.0,0.0,0.4414627251894726,0.10650951215730585,0.020061695630213604,3.3158604038043167e-07,0.00020070036921961959,0.005240857644879755,0.002381520197030333,3.5185644818598096e-05,2.7632419032405446e-13,0.002058362504334068,1.9914099982225224e-11,0.0003949314784668435,1.544185491399413e-09,3.2764579032024343e-06,1.708088856260594e-10,9.137547509130865e-12,2.8961943578374942e-05,6.650429175717152e-07,0.007628748123619747,0.0028932799948885955,0.00020355325660941303,6.823205510687195e-07,1.0273250568078118e-08,3.668896954280132e-08,9.17054506370974e-09,3.738862325573918e-11,2.8517660249364993e-07,1.3693969546065871e-05,4.236865333027042e-08,0.00010404495931531781,6.359123544020982e-09,1.0522404781456237e-06,7.355447021458224e-09,1.0579874210284465e-05,5.659803934559552e-12,1.2266881952993746e-11,6.524539676403058e-08,9.648146376885042e-08,1.8708593219414573e-13,3.619571037010521e-11,6.036375885102125e-11
4.254150982174415e-07,0.16628943999999996,0.8585084662769803,0.0,0.0,0.4414592932415895,0.10649224483471541,0.02005116686734517,3.355794363814375e-07,0.0002026392709070298,0.005270254584035594,0.002396793447445167,3.5364326102588986e-05,2.804270722882042e-13,0.0020612295117238603,2.0101262877705275e-11,0.00039504796856849715,1.5523660888287692e-09,3.303226585098308e-06,1.7195658655495493e-10,9.21853996220193e-12,2.9021360260228884e-05,6.723603708536083e-07,0.007627444838899991,0.0028970257182983484,0.0002039515700675403,6.845451839253099e-07,1.028216110624959e-08,3.673938626916465e-08,9.258387281430262e-09,3.749406130212948e-11,2.857564991794728e-07,1.3694914250385655e-05,4.261268280781597e-08,0.00010463070235925102,6.367931574352002e-09,1.063819493303136e-06,7.4025623811493815e-09,1.0582728305406373e-05,5.70358573635802e-12,1.2362748203300048e-11,6.601823603636245e-08,9.697299056033568e-08,1.8914296501526756e-13,3.6491150302642e-11,6.079632455298891e-11
4.269737285170021e-07,0.16628943999999996,0.8585084662769803,0.0,0.0,0.44145623901916614,0.10647670616534714,0.020041695796320654,3.391975987468135e-07,0.0002043922237832377,0.005296729460261674,0.0024105570812320712,3.5524594150243633e-05,2.8415644440796153e-13,0.0020637902360100763,2.0269902450109464e-11,0.0003951527690935667,1.559707092983054e-09,3.3273537268707628e-06,1.729913286559743e-10,9.291652352216786e-12,2.9074502207038566e-05,6.789783593373527e-07,0.00762627266302467,0.002900361918775814,0.00020430930803275592,6.865395094491641e-07,1.0290072580147652e-08,3.6784409400381286e-08,9.33779923063231e-09,3.758883582340606e-11,2.862780945492636e-07,1.3695797055038927e-05,4.2832532012471025e-08,0.00010515822781703935,6.375798684396722e-09,1.0742916952309512e-06,7.445020854978146e-09,1.058522364912743e-05,5.7431075103528705e-12,1.2449188536327906e-11,6.671762583827668e-08,9.741387138044605e-08,1.9100336296995053e-13,3.675743548186838e-11,6.118606421165441e-11
4.2837649578660664e-07,0.16628943999999996,0.8585084662769803,0.0,0.0,0.4414535180719071,0.10646272292148497,0.020033175729910133,3.424734879579541e-07,0.00020597630544136807,0.005320570979259816,0.0024229585891746377,3.566839171326302e-05,2.8754282813763775e-13,0.002066079137148878,2.0421827164779687e-11,0.00039524705698405814,1.5662964492719323e-09,3.349096243604212e-06,1.7392405671177304e-10,9.357629991055542e-12,2.912206202001351e-05,6.849606159188897e-07,0.007625218334655558,0.002903336307889039,0.0002046306727580791,6.883280453693506e-07,1.0297106089843271e-08,3.682464711273091e-08,9.409556289976955e-09,3.7674037399797194e-11,2.867472874885179e-07,1.3696618065585878e-05,4.303057533091961e-08,0.00010563328670094228,6.382830732215328e-09,1.0837579314413074e-06,7.483277424954682e-09,1.058741093037649e-05,5.778772586628388e-12,1.2527113764935288e-11,6.735017456067636e-08,9.780944864714139e-08,1.926850441122981e-13,3.6997401644508774e-11,6.153717107429382e-11
4.2977926305621117e-07,0.16628943999999996,0.8585084662769803,0.0,0.0,0.4414508234091605,0.10644874115643266,0.020024659353163977,3.457679064703566e-07,0.00020756646555331626,0.005344425753215802,0.0024353734923106057,3.581176711013399e-05,2.909577239821542e-13,0.002068353213607624,2.0573886819257638e-11,0.0003953413142323932,1.5728690910712757e-09,3.3708649097087725e-06,1.7485816198248971e-10,9.423773906096123e-12,2.9169369606752862e-05,6.909674964059153e-07,0.007624164601138623,0.0029062840934346553,0.0002049514724852097,6.901105559818478e-07,1.0304057939091175e-08,3.686461832606663e-08,9.481584232594802e-09,3.7759149810743416e-11,2.872162586686281e-07,1.3697464258907298e-05,4.322878709488985e-08,0.00010610861390986069,6.389817274159883e-09,1.0932631383394547e-06,7.521575342989352e-09,1.058954352678377e-05,5.814527920604484e-12,1.260516004644134e-11,6.798565101979224e-08,9.82038693494021e-08,1.943736429522766e-13,3.723765595220723e-11,6.188859451141166e-11
4.311820303258157e-07,0.16628943999999996,0.8585084662769803,0.0,0.0,0.4414481549326046,0.1064347608723704,0.02001614666347044,3.490808681983101e-07,0.00020916269680749383,0.00536829365603525,0.002447801701535315,3.595471861333014e-05,2.9440126654167294e-13,0.00207061255831396,2.0726075357570218e-11,0.0003954355410392136,1.5794249329806845e-09,3.3926592825614e-06,1.7579363861585806e-10,9.490083209386174e-12,2.921642650741695e-05,6.969989319115304e-07,0.007623111460638584,0.002909205375204955,0.00020527170998330032,6.918870386527981e-07,1.0310928689804902e-08,3.690432467456127e-08,9.553882715050834e-09,3.7844174308621585e-11,2.8768501608995784e-07,1.3698335721121327e-05,4.342716618729759e-08,0.00010658420695941065,6.396758597994341e-09,1.1028072069211648e-06,7.559914338285807e-09,1.0591622163710424e-05,5.850373323461548e-12,1.2683326335374212e-11,6.862404829890572e-08,9.859712872609445e-08,1.9606914024302838e-13,3.7478193544534807e-11,6.22403281421993e-11
4.3258479759542023e-07,0.16628943999999996,0.8585084662769803,0.0,0.0,0.4414455125443859,0.10642078207146957,0.02000763765822384,3.524123867075451e-07,0.00021076499182177798,0.0053921745625247625,0.002460243128295839,3.6097244538348165e-05,2.978735904510514e-13,0.0020728572635582434,2.087838675426296e-11,0.0003955297375898105,1.5859638914816793e-09,3.4144789217657984e-06,1.76730480787787e-10,9.55655701483344e-12,2.9263234249408964e-05,7.030548532352356e-07,0.0076220589113291356,0.002912100252519845,0.00020559138799943136,6.936574908442152e-07,1.0317718899859536e-08,3.694376778132848e-08,9.626451390722678e-09,3.792911213637376e-11,2.881535677024677e-07,1.369923253730928e-05,4.362571149787811e-08,0.00010706006338320822,6.40365498949013e-09,1.1123900276855434e-06,7.598294141747115e-09,1.059364755670081e-05,5.886308606657089e-12,1.2761611591983122e-11,6.926535942943739e-08,9.89892221346711e-08,1.977715166511459e-13,3.7719009585709024e-11,6.259236560294807e-11
4.3398756486502476e-07,0.16628943999999996,0.8585084662769803,0.0,0.0,0.44144289614711635,0.10640680475589309,0.01999913233482454,3.557624752162423e-07,0.0002123733431438931,0.005416068348385513,0.002472697684587181,3.62393432432623e-05,3.0137483037828514e-13,0.002075087420998019,2.1030815014802203e-11,0.00039562390405470203,1.5924858849193949e-09,3.4363233891509206e-06,1.7766868270219786e-10,9.623194438234476e-12,2.930979434742751e-05,7.091351908698395e-07,0.007621006951392919,0.002914968824230092,0.0002059105092588165,6.954219101460305e-07,1.0324429123092586e-08,3.6982949258141266e-08,9.699289909821922e-09,3.801396452889913e-11,2.886219214117417e-07,1.3700154791530326e-05,4.382442192311182e-08,0.00010753618073273918,6.41050673241149e-09,1.1220114906469792e-06,7.636714485951789e-09,1.0595620411612773e-05,5.9223335810584254e-12,1.28400147815056e-11,6.990957739191932e-08,9.938014504993953e-08,1.9948075275825928e-13,3.796009926456666e-11,6.294470054008548e-11
4.3525005540766883e-07,0.16628943999999996,0.8585084662769803,0.0,0.0,0.44144056353171585,0.10639422644360738,0.019991480689600872,3.5879344286915056e-07,0.0002138260312614424,0.005437583665505525,0.0024839179387007022,3.636686548140678e-05,3.0455078083669454e-13,0.002077082199569468,2.11680954386089e-11,0.00039570862827927674,1.5983411078836936e-09,3.4560042775352196e-06,1.7851422223700897e-10,9.68330728339537e-12,2.9351487941751403e-05,7.146283129982445e-07,0.007620060689869548,0.002917528128802044,0.00020619724460025583,6.970047274704343e-07,1.0330400389829112e-08,3.701799021742423e-08,9.76507500214834e-09,3.8090259661026486e-11,2.890432770354106e-07,1.3701006638518794e-05,4.4003401572409565e-08,0.00010796490742942122,6.416635359497065e-09,1.1307037551053072e-06,7.67132723841281e-09,1.0597351636662222e-05,5.954832589463626e-12,1.2910677634330717e-11,7.049185305762526e-08,9.973097125543722e-08,2.0102491418188522e-13,3.817730997915823e-11,6.326205109776292e-11
4.363862968960485e-07,0.16628943999999996,0.8585084662769803,0.0,0.0,0.44143848205261194,0.10638290699399731,0.019984596755407303,3.615341908901857e-07,0.0002151376350835864,0.005456956211180455,0.0024940251472879687,3.6481337575478806e-05,3.074293364993092e-13,0.002078867542748703,2.129172104862597e-11,0.0003957848594403931,1.6035989570394458e-09,3.4737337084720813e-06,1.7927614205301551e-10,9.73752101609494e-12,2.9388842609165317e-05,7.195889418659673e-07,0.00761920946033169,0.002919813412131897,0.00020645492431538306,6.984250820280099e-07,1.0335719844978454e-08,3.704934795672589e-08,9.824468007304095e-09,3.8158867709867214e-11,2.894223701854236e-07,1.37017910249505e-05,4.416459619040799e-08,0.00010835093902219064,6.4221205664299435e-09,1.1385534114645682e-06,7.702506448889312e-09,1.0598874250540187e-05,5.984143570038943e-12,1.2974354546921174e-11,7.101790510098963e-08,1.000458985682235e-07,2.024193848489151e-13,3.8372982944606456e-11,6.354786443183231e-11
4.3752253838442814e-07,0.16628943999999996,0.8585084662769803,0.0,0.0,0.4414364174545183,0.10637158852272705,0.01997771523227123,3.642871450555619e-07,0.00021645319897072116,0.00547633698890534,0.0025041408154626624,3.659552658842735e-05,3.103271035062488e-13,0.0020806435020306025,2.1415412777855167e-11,0.0003958610711197169,1.6088455362497352e-09,3.491478657383114e-06,1.8003894378168495e-10,9.791840532725605e-12,2.942603744917149e-05,7.245654657215091e-07,0.007618358614279341,0.002922081610592348,0.00020671224351762578,6.998414744284611e-07,1.0340987792536923e-08,3.708053687130888e-08,9.884037425626422e-09,3.8227421893156445e-11,2.898013473873878e-07,1.3702592247493877e-05,4.4325897200340464e-08,0.00010873713751275098,6.427576977611084e-09,1.1464282238776942e-06,7.733711788156948e-09,1.060036361809977e-05,6.013513063876729e-12,1.3038107014133926e-11,7.154585167393314e-08,1.0036005025306072e-07,2.0381832137140286e-13,3.85688269699644e-11,6.38338617128049e-11
4.386587798728078e-07,0.16628943999999996,0.8585084662769803,0.0,0.0,0.4414343696865579,0.10636027103093036,0.019970836118822638,3.670523117267046e-07,0.0002177727188292421,0.005495725934313681,0.002514264897491568,3.670943172752474e-05,3.1324415348275063e-13,0.0020824101249294286,2.1539167501595307e-11,0.0003959372633818048,1.6140808056190424e-09,3.509238895671566e-06,1.8080262439598736e-10,9.846265367133185e-12,2.9463073242583194e-05,7.295578470688372e-07,0.007617508150763637,0.0029243327758297142,0.00020696920361442314,7.012539035768782e-07,1.0346204519268545e-08,3.711155779719787e-08,9.943783065866872e-09,3.82959228631795e-11,2.901802127509176e-07,1.3703410348947702e-05,4.44873040287411e-08,0.00010912350163363062,6.433004740128817e-09,1.1543281330112386e-06,7.76494311729541e-09,1.0601820096408169e-05,6.042940972089472e-12,1.3101934496809836e-11,7.207568895244038e-08,1.0067342412517397e-07,2.0522171327613963e-13,3.876483954557096e-11,6.412003960272259e-11
4.3979502136118745e-07,0.16628943999999996,0.8585084662769803,0.0,0.0,0.441432338698047,0.1063489545197378,0.01996395941369404,3.6982969711739896e-07,0.00021909619053606217,0.005515122983411948,0.0025243973478701227,3.6823052217518744e-05,3.1618055806543505e-13,0.002084167458695579,2.1662982109165115e-11,0.0003960134362858583,1.619304726018404e-09,3.527014195694026e-06,1.815671808806991e-10,9.900795054028445e-12,2.9499950764855344e-05,7.345660482936784e-07,0.007616658068839466,0.0029265669592946054,0.00020722580600428416,7.02662368422726e-07,1.0351370310261554e-08,3.714241156568934e-08,1.0003704735234415e-08,3.836437126409399e-11,2.9055897036627044e-07,1.3704245371707983e-05,4.4648816104903203e-08,0.00010951003012480403,6.438404000232992e-09,1.1622530793447473e-06,7.796200298083226e-09,1.0603244038605814e-05,6.072427195343042e-12,1.3165836458088279e-11,7.260741309242539e-08,1.0098601804794903e-07,2.0662955005720907e-13,3.896101817230826e-11,6.440639476926704e-11
4.409312628495671e-07,0.16628943999999996,0.8585084662769803,0.0,0.0,0.4414303244384949,0.10633763899027661,0.019957085115520523,3.726193072941442e-07,0.00022042360993873846,0.005534528072577443,0.0025345381213211535,3.6936387300481915e-05,3.191363889018008e-13,0.002085915550317084,2.1786853504019625e-11,0.00039608958988588555,1.6245172590791216e-09,3.544804330759371e-06,1.8233261023235697e-10,9.955429128995797e-12,2.9536670786105494e-05,7.39590031665934e-07,0.007615808367565457,0.0029287842122430133,0.0002074820520768694,7.040668679610567e-07,1.0356485448940549e-08,3.717309900349701e-08,1.0063802239737603e-08,3.843276773912627e-11,2.9093762430474614e-07,1.370509735777367e-05,4.481043286095997e-08,0.00010989672173364844,6.4437749033523015e-09,1.1702030031744988e-06,7.827483192997772e-09,1.0604635793948385e-05,6.10197163449463e-12,1.3229812363383326e-11,7.314102023005216e-08,1.0129782993251595e-07,2.0804182117675175e-13,3.915736036158852e-11,6.469292388595568e-11
4.4206750433794676e-07,0.16628943999999996,0.8585084662769803,0.0,0.0,0.4414283268576023,0.1063263244436708,0.01995021322293971,3.7542114817650503e-07,0.00022175497285559733,0.005553941138556207,0.002544687172793615,3.704943623566166e-05,3.22111717649727e-13,0.0020876544465211143,2.1910778603863863e-11,0.00039616572423086037,1.6297183671865575e-09,3.562609075127656e-06,1.8309890945920575e-10,1.0010167128501875e-11,2.9573234071135097e-05,7.446297593422656e-07,0.007614959046003953,0.0029309845857374097,0.00020773794321308082,7.054674012231932e-07,1.0361550217089526e-08,3.720362093301856e-08,1.012407538447298e-08,3.8501112935886076e-11,2.9131617861740395e-07,1.3705966348753964e-05,4.4972153731957724e-08,0.00011028357521490118,6.449117594120856e-09,1.1781778446170378e-06,7.858791665219637e-09,1.0605995707848386e-05,6.131574191381355e-12,1.3293861680588514e-11,7.367650648205267e-08,1.0160885773733481e-07,2.0945851606586298e-13,3.935386363534316e-11,6.497962363806358e-11
4.432037458263264e-07,0.16628943999999996,0.8585084662769803,0.0,0.0,0.44142634590526025,0.10631501088104131,0.01994334373459175,3.782352255374721e-07,0.00022309027507586162,0.00557336211846091,0.0025548444574613398,3.7162198299330665e-05,3.2510661597697184e-13,0.0020893841937754693,2.2034754340764784e-11,0.0003962418393648788,1.6349080134738204e-09,3.5804282040089755e-06,1.8386607558115096e-10,1.006500858990401e-11,2.9609641379450822e-05,7.49685193368202e-07,0.007614110103221006,0.002933168130647818,0.00020799348078513305,7.068639672834386e-07,1.036656489484647e-08,3.723397817197885e-08,1.0184523972938107e-08,3.856940749227679e-11,2.9169463733648466e-07,1.3706852385873524e-05,4.5133978155633204e-08,0.00011067058933061709,6.45443221634601e-09,1.186177543613145e-06,7.890125578615715e-09,1.060732412191651e-05,6.161234767249422e-12,1.3357983879884795e-11,7.421386794604362e-08,1.0191909946778235e-07,2.1087962412489203e-13,3.955052552600713e-11,6.526649071700322e-11
4.4433998731470606e-07,0.16628943999999996,0.8585084662769803,0.0,0.0,0.4414243815315494,0.10630369830350594,0.019936476649119357,3.810615450038216e-07,0.00022442951235977763,0.0055927909497687795,0.002565009930721784,3.7274672784638e-05,3.281211555606695e-13,0.0020911048382900635,2.215877766126075e-11,0.0003963179353273115,1.640086161815498e-09,3.5982614935622743e-06,1.8463410562971574e-10,1.0119953051458555e-11,2.964589346528624e-05,7.547562956804447e-07,0.007613261538286348,0.0029353348976528864,0.00020824866615662505,7.082565652630491e-07,1.0371529760711928e-08,3.726417153352775e-08,1.0245147807362287e-08,3.863765204374662e-11,2.920730044762425e-07,1.3707755509977736e-05,4.529590557248944e-08,0.00011105776285012605,6.459718913021745e-09,1.1942020399315722e-06,7.921484797737588e-09,1.0608621374002601e-05,6.190953263307778e-12,1.3422178433655342e-11,7.475310070084103e-08,1.0222855317574053e-07,2.12305134724146e-13,3.974734357650396e-11,6.555352181846437e-11
4.454762288030857e-07,0.16628943999999996,0.8585084662769803,0.0,0.0,0.44142243368673845,0.10629238671217951,0.019929611965167716,3.839001120564636e-07,0.00022577268043873965,0.005612227570319513,0.002575183548194794,3.7386859001460855e-05,3.311554080868376e-13,0.0020928164260184128,2.2282845526467816e-11,0.00039639401215295236,1.645252776821511e-09,3.6161087208940897e-06,1.8540299664799584e-10,1.0175000052329053e-11,2.9681991077623634e-05,7.598430281095055e-07,0.007612413350273392,0.0029374849372409678,0.0002085035006826325,7.096451943171132e-07,1.0376445091578568e-08,3.729420182665772e-08,1.0305946689235187e-08,3.870584723338753e-11,2.924512840310145e-07,1.3708675761540262e-05,4.5457935425942546e-08,0.00011144509454999105,6.464977826369439e-09,1.2022512731723812e-06,7.95286918783103e-09,1.0609887798236209e-05,6.220729582101298e-12,1.3486444816784502e-11,7.529420080677221e-08,1.0253721695918694e-07,2.1373503720491583e-13,3.994431534023392e-11,6.58407136506084e-11
4.466124702914654e-07,0.16628943999999996,0.8585084662769803,0.0,0.0,0.4414205023212834,0.10628107610817385,0.01992274968138457,3.8675093203080615e-07,0.00022711977501541596,0.005631671918313234,0.00258536526572137,3.749875627625698e-05,3.342094452498875e-13,0.0020945190026590956,2.240695491218297e-11,0.00039647006987216215,1.6504078238309173e-09,3.6339696640572433e-06,1.8617274569061143e-10,1.0230149132594245e-11,2.971793496021625e-05,7.649453523817341e-07,0.007611565538259191,0.0029396182997111753,0.00020875798570977837,7.110298536414636e-07,1.0381311162723578e-08,3.732406985576213e-08,1.036692041840396e-08,3.877399369317429e-11,2.9282947997670244e-07,1.3709613180667944e-05,4.562006716203516e-08,0.0001118325832139664,6.4702090977969325e-09,1.2103251827708448e-06,7.984278614816489e-09,1.0611123725066634e-05,6.25056362548435e-12,1.3550782506452203e-11,7.583716430598523e-08,1.0284508896178715e-07,2.1516932087968066e-13,4.0141438381056575e-11,6.612806292887019e-11
4.4774871177984503e-07,0.16628943999999996,0.8585084662769803,0.0,0.0,0.44141858738582607,0.10626976649259787,0.019915889796420134,3.8961401011711723e-07,0.00022847079176387434,0.00565112393230845,0.0025955550393624415,3.7610363951917975e-05,3.372833387521276e-13,0.0020962126136572284,2.2531102808984385e-11,0.0003965461085110076,1.6555512689056988e-09,3.651844102049452e-06,1.8694334982366002e-10,1.028539983325591e-11,2.9753725851610714e-05,7.700632301214593e-07,0.007610718101324445,0.002941735035174424,0.00020901212257629738,7.124105424807837e-07,1.0386128247811452e-08,3.735377642063955e-08,1.0428068793332712e-08,3.884209205015543e-11,2.9320759627226003e-07,1.3710567807105222e-05,4.5782300229489345e-08,0.00011222022763295626,6.475412867903742e-09,1.2184237080011728e-06,8.015712945284242e-09,1.0612329481302584e-05,6.280455294934221e-12,1.3615190981954562e-11,7.638198722275583e-08,1.0315216737248911e-07,2.166079750327057e-13,4.0338710273272704e-11,6.641556637122194e-11
4.488849532682247e-07,0.16628943999999996,0.8585084662769803,0.0,0.0,0.4414166888311939,0.10625845786655763,0.019909032308927144,3.9248935136087496e-07,0.00022982572632970546,0.005670583551220014,0.002605752825397652,3.7721681387623056e-05,3.403771603032851e-13,0.0020978973042059174,2.265528622232908e-11,0.00039662212809139807,1.6606830788246657e-09,3.6697318148119173e-06,1.8771480612467167e-10,1.0340751696246556e-11,2.9789364485169757e-05,7.751966228536877e-07,0.007609871038553472,0.0029438351935545002,0.0002092659126121291,7.137872601110668e-07,1.0390896618931413e-08,3.7383322317107266e-08,1.0489391611967288e-08,3.891014294337973e-11,2.935856368570016e-07,1.3711539680242064e-05,4.59446340799559e-08,0.00011260802660497353,6.480589276540461e-09,1.2265467879796421e-06,8.04717204651056e-09,1.0613505390151463e-05,6.310404493732081e-12,1.367966972511472e-11,7.692866556379232e-08,1.0345845042511934e-07,2.180509889212345e-13,4.0536128601611746e-11,6.670322070853766e-11
4.5002119475660434e-07,0.16628943999999996,0.8585084662769803,0.0,0.0,0.4414148066083975,0.1062471502311564,0.019902177217560817,3.9537696066313036e-07,0.00023118457433014667,0.005690050714317121,0.0026159585803241475,3.7832707958693594e-05,3.4349098162002806e-13,0.0020995731192477098,2.277950217264804e-11,0.00039669812863121794,1.6658032210773772e-09,3.687632583227841e-06,1.884871116825638e-10,1.0396204264436992e-11,2.9824851589095052e-05,7.803454920060754e-07,0.007609024349034189,0.002945918824589095,0.00020951935713898776,7.151600058458644e-07,1.0395616546588693e-08,3.74127083364811e-08,1.0550888670588123e-08,3.8978146999678983e-11,2.939636056520185e-07,1.3712528839118825e-05,4.610706816765599e-08,0.0001129959789350988,6.485738462759348e-09,1.2346943616683967e-06,8.07865578643582e-09,1.0614651771258223e-05,6.3404111244337624e-12,1.3744218220081349e-11,7.747719531853801e-08,1.0376393639798107e-07,2.1949835177560499e-13,4.073369096121279e-11,6.69910226807434e-11
4.51157436244984e-07,0.16628943999999996,0.8585084662769803,0.0,0.0,0.441412940668631,0.10623584358749459,0.019895324520978853,3.982768427808753e-07,0.0002325473313542078,0.005709525361221296,0.0026261722608553716,3.794344305644829e-05,3.4662487442546897e-13,0.0021012401034760353,2.2903747695438546e-11,0.0003967741101444554,1.670911663857996e-09,3.705546189120909e-06,1.8926026359759403e-10,1.0451757081643741e-11,2.9860187886450297e-05,7.855097989108677e-07,0.0076081780318581,0.0029479859778308243,0.00020977245747041615,7.165287790505382e-07,1.0400288299698307e-08,3.74419352654151e-08,1.0612559763897877e-08,3.904610483684795e-11,2.943415065626508e-07,1.371353532242963e-05,4.62696019493795e-08,0.00011338408343543983,6.490860564804799e-09,1.242866367879236e-06,8.110164033654089e-09,1.0615768940743889e-05,6.3704750886795585e-12,1.3808835953006594e-11,7.802757245947134e-08,1.0406862361345399e-07,2.20950052799677e-13,4.093139495760335e-11,6.727896902830987e-11
4.5229367773336365e-07,0.16628943999999996,0.8585084662769803,0.0,0.0,0.44141109096327014,0.10622453793667005,0.019888474217841415,4.011890023273916e-07,0.00023391399296279313,0.0057290074319044084,0.0026363938239198667,3.8053886088059083e-05,3.4977891044869965e-13,0.0021028983013366507,2.3028019841353884e-11,0.0003968500726413288,1.676008376059241e-09,3.723472415253708e-06,1.9003425898131458e-10,1.0507409692636309e-11,2.989537409518458e-05,7.90689504807673e-07,0.007607332086120286,0.002950036702648278,0.00021002521491188215,7.178935791195448e-07,1.0404912145631979e-08,3.747100388676881e-08,1.0674404686351613e-08,3.9114017090204795e-11,2.9471934347489467e-07,1.3714559168530717e-05,4.6432234884876424e-08,0.00011377233892509115,6.495955720197119e-09,1.2510627452765178e-06,8.141696657437693e-09,1.061685721124364e-05,6.400596290487667e-12,1.3873522412590746e-11,7.857979294240383e-08,1.0437251043759621e-07,2.224060811722473e-13,4.112923820668652e-11,6.756705650446955e-11
4.5331629507290534e-07,0.16628943999999996,0.8585084662769803,0.0,0.0,0.44140944006882005,0.106214363700709,0.019882310990307423,4.038204468182124e-07,0.00023514732313882405,0.005746547593517711,0.002645599934817699,3.8153034622645177e-05,3.526348246093597e-13,0.002104383203602768,2.3139885110096572e-11,0.00039691842263502687,1.6805853622430273e-09,3.7396166302868076e-06,1.9073157361415683e-10,1.0557581990742087e-11,2.992691394655639e-05,7.9536437414439e-07,0.007606571051790919,0.0029518683493368852,0.00021025240451080172,7.191185016770054e-07,1.0409032866068614e-08,3.74970309364817e-08,1.0730213569170697e-08,3.917509965688373e-11,2.9505934517441335e-07,1.3715495506640434e-05,4.657868885879197e-08,0.00011412189699121777,6.5005184336898265e-09,1.2584602714886676e-06,8.170096753286605e-09,1.061781220167421e-05,6.427754230176508e-12,1.393179856683532e-11,7.907836407873335e-08,1.0464532292916816e-07,2.237201976265996e-13,4.130741422980262e-11,6.782645322381619e-11
4.54338912412447e-07,0.16628943999999996,0.8585084662769803,0.0,0.0,0.44140780224980625,0.10620419027062969,0.01987614969940698,4.064618428083707e-07,0.00023638380913454472,0.005764093676780328,0.002654812364754359,3.8251945706056065e-05,3.555071651794159e-13,0.002105861056767613,2.3251767438400134e-11,0.00039698675723317763,1.685152800316148e-09,3.7557707354642083e-06,1.9142956703624635e-10,1.0607834423349378e-11,2.995833331978835e-05,8.000516568122848e-07,0.007605810316941752,0.002953686764574693,0.00021047931836023546,7.203402051510294e-07,1.0413115189723947e-08,3.7522930951913906e-08,1.0786162933462416e-08,3.923614624880309e-11,2.9539930097785296e-07,1.3716445966903137e-05,4.672522232136381e-08,0.00011447157555665921,6.505059530285323e-09,1.2658774436497995e-06,8.198516394404559e-09,1.0618744257445304e-05,6.4549583824628635e-12,1.3990129607733105e-11,7.957842206194157e-08,1.0491748468490293e-07,2.2503780252401319e-13,4.148569940143442e-11,6.808595927753694e-11
4.553615297519887e-07,0.16628943999999996,0.8585084662769803,0.0,0.0,0.4414061774711557,0.10619401764722701,0.01986999034416846,4.0911319336382196e-07,0.0002376234476559502,0.005781645638651803,0.0026640310827729424,3.835061893848824e-05,3.58395984459919e-13,0.002107331892723223,2.3363664708019616e-11,0.00039705507643587456,1.6897106690288199e-09,3.7719345743639735e-06,1.921282371651898e-10,1.065816666060316e-11,2.9989632727733014e-05,8.047513243704827e-07,0.00760504988092044,0.002955491983973097,0.0002107059573953493,7.215586891854673e-07,1.041715930829649e-08,3.7548704494872514e-08,1.0842252627017916e-08,3.9297157327585226e-11,2.957392136830529e-07,1.3717410576596228e-05,4.6871834884270115e-08,0.00011482137377489239,6.5095791086436295e-09,1.2733142167542577e-06,8.22695548684826e-09,1.0619653599374782e-05,6.482208677798073e-12,1.4048515167161655e-11,8.007996391035808e-08,1.0518899460283265e-07,2.2635888792511068e-13,4.166409200504916e-11,6.834557231144543e-11
4.563841470915304e-07,0.16628943999999996,0.8585084662769803,0.0,0.0,0.44140456569791137,0.10618384583129409,0.019863832923621844,4.1177450145712924e-07,0.00023886623539090088,0.0057992034363166635,0.002673256058054726,3.8449053930184426e-05,3.613013347546768e-13,0.002108795743202676,2.3475574810861674e-11,0.0003971233802410305,1.694258947574672e-09,3.7881079911759716e-06,1.9282758192589008e-10,1.070857837329094e-11,3.0020812679946515e-05,8.094633483228013e-07,0.007604289743076952,0.002957284043025291,0.0002109323225461999,7.227739534326672e-07,1.0421165412498857e-08,3.7574352124540296e-08,1.0898482496553042e-08,3.9358133345053625e-11,2.960790860742231e-07,1.3718389362790063e-05,4.7018526160828297e-08,0.00011517129080387919,6.514077266936911e-09,1.280770545708034e-06,8.255413937104468e-09,1.0620540446086107e-05,6.5095050465102395e-12,1.410695487882959e-11,8.058298663210602e-08,1.0545985160866603e-07,2.276834458753854e-13,4.184259033087488e-11,6.860528998568178e-11
4.574067644310721e-07,0.16628943999999996,0.8585084662769803,0.0,0.0,0.44140296689523295,0.10617367482362254,0.019857677436798706,4.144457699676943e-07,0.000240112169009196,0.005816767027183271,0.0026824872599184894,3.8547250301350415e-05,3.6422326836996605e-13,0.0021102526397809135,2.3587495649030615e-11,0.00039719166864444344,1.698797615587236e-09,3.8042908307008246e-06,1.9352759925052033e-10,1.0759069232846684e-11,3.0051873682702835e-05,8.141877001182351e-07,0.007603529902763538,0.0029590629771068166,0.00021115841473773477,7.23985997589514e-07,1.042513369201581e-08,3.7599874396647416e-08,1.0954852386941677e-08,3.9419074730326635e-11,2.964189209278816e-07,1.3719382352345969e-05,4.716529576573244e-08,0.00011552132580604324,6.518554102777864e-09,1.288246385331501e-06,8.283891652058923e-09,1.06214050140298e-05,6.536847416289029e-12,1.4165448377445863e-11,8.108748722527172e-08,1.0573005465555848e-07,2.2901146840474463e-13,4.202119267587955e-11,6.886510995678888e-11
4.583271200366596e-07,0.16628943999999996,0.8585084662769803,0.0,0.0,0.44140153903395374,0.10616452160843448,0.01985213915119235,4.168584300888737e-07,0.00024123619622901018,0.005832579177128209,0.0026908006400757013,3.8635422708909886e-05,3.668672305956968e-13,0.0021115579270856973,2.368823185642878e-11,0.0003972531150338971,1.7028741833113876e-09,3.818863314911703e-06,1.9415818818162626e-10,1.0804578405983084e-11,3.0079727299199552e-05,8.184501333999375e-07,0.00760284630033616,0.002960652825073837,0.00021136166509030498,7.250740839177234e-07,1.0428672959467396e-08,3.7622737718536856e-08,1.1005704878733883e-08,3.9473892751406925e-11,2.9672474248654464e-07,1.3720288208858184e-05,4.7297455064227695e-08,0.00011583645748637801,6.522565104679845e-09,1.2949912852062313e-06,8.309537990234097e-09,1.0622164253994858e-05,6.561494823489265e-12,1.4218138213490615e-11,8.154279885014607e-08,1.0597267741958751e-07,2.3020964429782336e-13,4.218202232065233e-11,6.909903346165815e-11
4.591554400816884e-07,0.16628943999999996,0.8585084662769803,0.0,0.0,0.4414002628966597,0.1061562842755488,0.019847156032095598,4.190367258427247e-07,0.00024224999506239405,0.005846814069411294,0.002698286954954053,3.8714612145372704e-05,3.692583491216268e-13,0.002112727910337931,2.377889917981564e-11,0.0003973084061087359,1.7065364129147582e-09,3.8319848765304625e-06,1.9472618133912942e-10,1.0845591050654055e-11,3.010471382524457e-05,8.222948239288419e-07,0.007602231263371297,0.002962074644144083,0.00021154440255824445,7.260511311773069e-07,1.043183234855071e-08,3.7643228607465694e-08,1.1051568892393742e-08,3.952320557952561e-11,2.969999594657734e-07,1.3721113350673118e-05,4.7416452183877047e-08,0.0001161201566244535,6.526160365130038e-09,1.30107514854259e-06,8.332632916573286e-09,1.0622832417166285e-05,6.583709258949994e-12,1.4265595846134638e-11,8.195359890659688e-08,1.0619058370225991e-07,2.3129039164821337e-13,4.232683884629133e-11,6.930963244035912e-11
4.599837601267172e-07,0.16628943999999996,0.8585084662769803,0.0,0.0,0.4413989952077844,0.10614804747436553,0.019842174179998163,4.2122156144155167e-07,0.00024326585192976965,0.005861052687613092,0.0027057773009881133,3.879364437987162e-05,3.7166044097308507e-13,0.00211389338676241,2.386956985019156e-11,0.0003973636870644024,1.710192302259775e-09,3.845112346439144e-06,1.9529461211287195e-10,1.0886655041523852e-11,3.012962319803161e-05,8.261475518194413e-07,0.007601616420471673,0.0029634879144371327,0.0002117269625656915,7.270260652627915e-07,1.0434967254912264e-08,3.7663638229304514e-08,1.1097524497117564e-08,3.957249647999433e-11,2.9727515671525265e-07,1.3721947858413975e-05,4.7535500015742024e-08,0.0001164039316900094,6.529741807954375e-09,1.3071717322257895e-06,8.355740318323343e-09,1.0623486341075774e-05,6.605953751418495e-12,1.4313088124118406e-11,8.236536322492966e-08,1.0640805914999528e-07,2.323733978914856e-13,4.247172061292788e-11,6.952029439048305e-11
4.6081208017174597e-07,0.16628943999999996,0.8585084662769803,0.0,0.0,0.44139773594903264,0.10613981120530229,0.01983719359438845,4.2341293823754025e-07,0.00024428376502694536,0.005875295009523723,0.0027132716621337807,3.8872519229345815e-05,3.740735339513433e-13,0.0021150543728391687,2.396024277242967e-11,0.0003974189578948732,1.7138418413526182e-09,3.858245643326912e-06,1.9586347941777487e-10,1.0927770205237545e-11,3.01544556803736e-05,8.300083017996469e-07,0.007601001771297404,0.0029648926545295935,0.00021190934559460323,7.279988860561859e-07,1.0438077777478632e-08,3.768396687456965e-08,1.1143571609966378e-08,3.962176569940543e-11,2.9755033568906407e-07,1.372279174597272e-05,4.765459835858996e-08,0.0001166877822463944,6.533309484131449e-09,1.313281012088574e-06,8.378860146814596e-09,1.0624126136672203e-05,6.628228264813516e-12,1.4360614856262457e-11,8.277809019125869e-08,1.0662510325818392e-07,2.334586587652324e-13,4.26166667284034e-11,6.973101807624976e-11
4.6164040021677475e-07,0.16628943999999996,0.8585084662769803,0.0,0.0,0.4413964851021581,0.10613157546877611,0.01983221427475552,4.2561085754318407e-07,0.0002453037325420926,0.005889541013027482,0.002720770022404822,3.8951236514863616e-05,3.764976558582217e-13,0.002116210884981764,2.4050916855874493e-11,0.0003974742185933328,1.717485020382071e-09,3.871384686143662e-06,1.9643278217183682e-10,1.096893636872568e-11,3.0179211533698906e-05,8.338770585765166e-07,0.00760038731550958,0.0029662888829485754,0.000212091552124832,7.28969593441605e-07,1.0441164014769412e-08,3.770421483284962e-08,1.1189710147931659e-08,3.9671013488267293e-11,2.978254978354133e-07,1.3723645027159193e-05,4.7773747011987306e-08,0.00011697170785883387,6.536863444452819e-09,1.3194029639302004e-06,8.40199235356289e-09,1.0624751914009656e-05,6.6505327638334324e-12,1.4408175852208297e-11,8.319177818770072e-08,1.0684171553359023e-07,2.345461700014902e-13,4.27616763034396e-11,6.994180226757423e-11
4.6246872026180354e-07,0.16628943999999996,0.8585084662769803,0.0,0.0,0.4413952426489631,0.10612334026520329,0.01982723622058914,4.2781532063136374e-07,0.0002463257526557745,0.005903790676102447,0.0027282723658726437,3.9029796061594175e-05,3.7893283449597926e-13,0.002117362939537553,2.4141591014355614e-11,0.00039752946915219337,1.7211218297183624e-09,3.884529394099611e-06,1.9700251929612498e-10,1.1010153359205539e-11,3.0203891018056377e-05,8.377538068360736e-07,0.007599773052770257,0.0029676766181718638,0.00021227358263411429,7.29938187328889e-07,1.0444226064850485e-08,3.772438239135988e-08,1.1235940024917287e-08,3.9720240036614034e-11,2.9810064460097026e-07,1.3724507715699353e-05,4.789294577537983e-08,0.00011725570809442163,6.5404037393815295e-09,1.325537563517697e-06,8.425136890221933e-09,1.0625363782254616e-05,6.672867206910078e-12,1.4455770921768236e-11,8.360642559243215e-08,1.0705789549427437e-07,2.3563592732546876e-13,4.2906748451628227e-11,7.015264573530439e-11
4.632970403068323e-07,0.16628943999999996,0.8585084662769803,0.0,0.0,0.44139400857129846,0.10611510559499952,0.019822259431379722,4.300263287354244e-07,0.00024734982354096384,0.005918043976820115,0.0027357786766660564,3.910819769877942e-05,3.8137909766723043e-13,0.0021185105527879743,2.4232264166200474e-11,0.0003975847095631144,1.7247522599119557e-09,3.897679686664864e-06,1.9757268971476547e-10,1.1051421004182314e-11,3.0228494392120548e-05,8.416385312444263e-07,0.007599158982742444,0.0029690558786281494,0.00021245543759810606,7.309046676291731e-07,1.0447264025405277e-08,3.774446983745709e-08,1.12822611578209e-08,3.976944560770669e-11,2.983757774258499e-07,1.3725379825238639e-05,4.8012194449929134e-08,0.00011753978252211243,6.543930419306822e-09,1.3316847865858005e-06,8.448293708662268e-09,1.0625961849692922e-05,6.69523155990481e-12,1.4503399875720851e-11,8.402203077974499e-08,1.0727364266951474e-07,2.3672792645812106e-13,4.3051882289431605e-11,7.036354724945313e-11
4.6404252834735824e-07,0.16628943999999996,0.8585084662769803,0.0,0.0,0.44139290504751727,0.10610769484818974,0.019817781402208846,4.320218330052115e-07,0.0002482732392311406,0.005930875039601577,0.002742537735372049,3.917862402171319e-05,3.8359023477658156e-13,0.002119539620800973,2.431386825181893e-11,0.00039763441724896927,1.7280141852534362e-09,3.909519658465702e-06,1.9808621267146127e-10,1.1088605051922266e-11,3.025057256716866e-05,8.451415901298978e-07,0.007598606484208004,0.002970289982304918,0.000212618957365942,7.317726927098143e-07,1.0449977673770406e-08,3.776248027949605e-08,1.1324028132130234e-08,3.981371289776129e-11,2.986233862345192e-07,1.3726172789992528e-05,4.811956076724318e-08,0.00011779551258651691,6.54709283189845e-09,1.3372280603423422e-06,8.469145306547429e-09,1.0626488399491818e-05,6.715385022175675e-12,1.4546294749702405e-11,8.439689300570022e-08,1.074674447156045e-07,2.3771263888296673e-13,4.318255476014121e-11,7.0553407230505e-11
4.6478801638788415e-07,0.16628943999999996,0.8585084662769803,0.0,0.0,0.4413918082800909,0.10610028453404725,0.019813304396870388,4.340226405484664e-07,0.000249198313217682,0.0059437090153318,0.0027492999833127222,3.9248922184074784e-05,3.858103931468445e-13,0.0021205651162682997,2.4395469867383367e-11,0.0003976841167005402,1.731270929342992e-09,3.921364030440008e-06,1.986000849475736e-10,1.1125829864977403e-11,3.027258948794492e-05,8.486510860533081e-07,0.00759805414125339,0.002971517249673771,0.00021278233566953618,7.32639005670982e-07,1.045267195902392e-08,3.7780426269397394e-08,1.1365868892776682e-08,3.9857963546560784e-11,2.9887098595827776e-07,1.372697340657885e-05,4.822696720744493e-08,0.00011805130208725301,6.5502442933482114e-09,1.342781521704855e-06,8.49000677896889e-09,1.0627003935355326e-05,6.735562653913471e-12,1.4589216780110825e-11,8.477252852512399e-08,1.0766089550571355e-07,2.3869916057461505e-13,4.331327584602566e-11,7.074331234613398e-11
4.6553350442841007e-07,0.16628943999999996,0.8585084662769803,0.0,0.0,0.44139071825588855,0.1060928746528738,0.01980882841499426,4.360287521824486e-07,0.00025012504415302024,0.005956545888217456,0.002756065409036333,3.9319092069731966e-05,3.880395930465173e-13,0.0021215870509232785,2.4477068233749214e-11,0.00039773380791025724,1.7345224856616762e-09,3.933212744419781e-06,1.9911430576510965e-10,1.116309531820191e-11,3.0294545340188343e-05,8.521670077958976e-07,0.00759750195363492,0.0029727376940679798,0.00021294557285135986,7.335036064668677e-07,1.0455346951520817e-08,3.779830801413043e-08,1.1407783377997031e-08,3.990219773298881e-11,2.9911857763758994e-07,1.3727781684780534e-05,4.833441362689791e-08,0.00011830715071392439,6.5533848399492546e-09,1.348345152920047e-06,8.51087809119909e-09,1.0627508534421892e-05,6.755764429270614e-12,1.463216583032283e-11,8.514893614502765e-08,1.0785399471968619e-07,2.3968748840244246e-13,4.3444044908927385e-11,7.093326170568764e-11
4.662044436648834e-07,0.16628943999999996,0.8585084662769803,0.0,0.0,0.4413897429887354,0.10608620613025532,0.019804800906060533,4.378387883053151e-07,0.0002509605175683192,0.0059681015378778785,0.0027621569997570215,3.938213519635546e-05,3.9005362021578763e-13,0.0021225037572814975,2.455050334385333e-11,0.0003977785229456002,1.7374444455094186e-09,3.94388025147695e-06,1.9957740186239714e-10,1.1196668870170294e-11,3.0314253546408927e-05,8.55336822157445e-07,0.007597005117389797,0.0029738302713738195,0.0002130923659378603,7.342802832508824e-07,1.0457738007391379e-08,3.7814346825126705e-08,1.1445569397689213e-08,3.9941994565915565e-11,2.9934140412893614e-07,1.3728515693887544e-05,4.8431149468225404e-08,0.00011853746477502926,6.556202029572529e-09,1.3533611015490386e-06,8.529670656628997e-09,1.062795338592361e-05,6.7739666478072e-12,1.4670842964808187e-11,8.54883621609038e-08,1.0802748315583345e-07,2.405785251036359e-13,4.356177755995817e-11,7.110425322340872e-11
4.668753829013567e-07,0.16628943999999996,0.8585084662769803,0.0,0.0,0.44138877316345443,0.10607953795880523,0.019800774225562732,4.3965312194232065e-07,0.0002517973310273381,0.005979659510061997,0.0027682511469398676,3.94450742458849e-05,3.920750022170803e-13,0.0021234175973449823,2.4623934629622835e-11,0.000397823231292405,1.7403621934854934e-09,3.9545511864137866e-06,2.0004077908530557e-10,1.1230275148502425e-11,3.0333912571000387e-05,8.585118241397869e-07,0.007596508406593306,0.0029749173425197683,0.00021323904523982412,7.350555731287616e-07,1.0460113543804844e-08,3.7830333914135485e-08,1.1483415038056179e-08,3.9981778322831745e-11,2.995642256999689e-07,1.3729255923845896e-05,4.8527917472490906e-08,0.00011876782625310528,6.559010433700021e-09,1.3583852603936546e-06,8.548471139101816e-09,1.0628389496094854e-05,6.7921883812829956e-12,1.470954177586566e-11,8.58284117368336e-08,1.0820068633846614e-07,2.4147101994942326e-13,4.367954809439478e-11,7.12752792120791e-11
4.6754632213783e-07,0.16628943999999996,0.8585084662769803,0.0,0.0,0.441387808770538,0.10607287013874274,0.019796748373231966,4.4147175363582497e-07,0.00025263548353751235,0.0059912197933814195,0.0027743478423133613,3.950790913903622e-05,3.9410375382604814e-13,0.0021243285795792175,2.4697361529268744e-11,0.00039786793294424263,1.7432757250758581e-09,3.965225507177374e-06,2.0050443687079002e-10,1.1263914062366747e-11,3.03535225475259e-05,8.616920055394505e-07,0.0075960118210690935,0.0029759989171600732,0.0002133856110041492,7.358294760806157e-07,1.0462473611495657e-08,3.784626943048959e-08,1.1521320253606494e-08,4.0021549132762434e-11,2.9978704310328633e-07,1.373000238168262e-05,4.862471753592846e-08,0.00011899823492436192,6.561810078512926e-09,1.3634176164721716e-06,8.567279513536465e-09,1.0628816920012618e-05,6.810429610855604e-12,1.4748262164743416e-11,8.616908399818337e-08,1.083736040489984e-07,2.423649706507367e-13,4.379735605089975e-11,7.144633902550526e-11
4.6821726137430334e-07,0.16628943999999996,0.8585084662769803,0.0,0.0,0.44138684980049875,0.1060662026702867,0.019792723348799668,4.4329468391137186e-07,0.0002534749741030785,0.0060027823764869336,0.0027804470776300835,3.957063979820317e-05,3.961398898182535e-13,0.0021252367124220653,2.47707834829704e-11,0.0003979126278944097,1.7461850358408645e-09,3.975903171825492e-06,2.0096837465709792e-10,1.129758552105876e-11,3.0373083608971192e-05,8.648773581453503e-07,0.007595515360641208,0.0029770750049283685,0.00021353206347686762,7.366019920928891e-07,1.0464818261021661e-08,3.786215352291182e-08,1.155928499834766e-08,4.006130711577996e-11,3.0000985709006566e-07,1.3730755074392082e-05,4.872154955495401e-08,0.00011922869056578888,6.5646009900927575e-09,1.3684581567908308e-06,8.586095754921997e-09,1.0629235712393461e-05,6.8286903167881845e-12,1.4787004032895484e-11,8.651037806879757e-08,1.0854623607346528e-07,2.432603749162762e-13,4.3915200969356665e-11,7.161743201885137e-11
4.6888820061077666e-07,0.16628943999999996,0.8585084662769803,0.0,0.0,0.44138589624386965,0.1060595355536558,0.019788699151997526,4.451219132777164e-07,0.00025431580172508207,0.006014347248068384,0.002786548844666625,3.9633266147447585e-05,3.981834249691351e-13,0.0021261420042838603,2.4844199932879094e-11,0.0003979573161359332,1.7490901214148533e-09,3.98658413852645e-06,2.0143259188376499e-10,1.1331289434001371e-11,3.0392595887746437e-05,8.680678737388924e-07,0.007595019025134103,0.0029781456154377504,0.00021367840290315146,7.373731211568859e-07,1.046714754276474e-08,3.7877986339561816e-08,1.1597309226012887e-08,4.010105238940847e-11,3.002326684097697e-07,1.3731514008936523e-05,4.881841342624551e-08,0.00011945919295515359,6.5673831944271245e-09,1.373506868344097e-06,8.60491983831828e-09,1.062964592759584e-05,6.846970479109176e-12,1.4825767282021334e-11,8.685229307101788e-08,1.0871858220249596e-07,2.441572304526483e-13,4.403308239086842e-11,7.17885575482001e-11
4.6955913984725e-07,0.16628943999999996,0.8585084662769803,0.0,0.0,0.44138494809120377,0.10605286878906842,0.019784675782557524,4.469534422268513e-07,0.0002551579654013862,0.0060259143968545426,0.0027926531352235116,3.969578811249006e-05,4.002343740539793e-13,0.0021270444635475014,2.4917610323121753e-11,0.0003980019976615774,1.7519909775057528e-09,3.997268365558936e-06,2.0189708799161272e-10,1.136502571074527e-11,3.0412059515688103e-05,8.71263544094207e-07,0.0075945228143726356,0.00297921075828084,0.00021382462952732148,7.381428632646403e-07,1.0469461506941194e-08,3.78937680283704e-08,1.1635392890804965e-08,4.014078508446895e-11,3.0045547780937104e-07,1.3732279192246843e-05,4.8915309046965007e-08,0.00011968974187099855,6.570156717443117e-09,1.3785637381147696e-06,8.623751738866322e-09,1.0630047619622426e-05,6.865270079299696e-12,1.486455181418724e-11,8.719482812570153e-08,1.0889064223128803e-07,2.450555349647135e-13,4.41509998577563e-11,7.19597149701789e-11
4.702300790837233e-07,0.16628943999999996,0.8585084662769803,0.0,0.0,0.4413840053330741,0.10604620237674267,0.019780653240211932,4.4878927123403254e-07,0.0002560014641266799,0.006037483811612979,0.002798759941125127,3.9758205620700386e-05,4.0229275184788955e-13,0.0021279440985685527,2.499101409980435e-11,0.0003980466724638485,1.7548875998946802e-09,4.00795581131185e-06,2.0236186242274483e-10,1.1398794260969306e-11,3.0431474624060737e-05,8.744643609782361e-07,0.0075940267281820635,0.0029802704430298486,0.00021397074359284532,7.38911218414681e-07,1.0471760203593177e-08,3.790949873666934e-08,1.167353594640111e-08,4.018050532175771e-11,3.0067828603450346e-07,1.373305063122214e-05,4.901223631444147e-08,0.00011992033709263876,6.57292158496934e-09,1.3836287530742488e-06,8.642591431776933e-09,1.0630440842122377e-05,6.883589097837915e-12,1.4903357531658487e-11,8.753798235224042e-08,1.0906241595958097e-07,2.45955286155199e-13,4.426895291355719e-11,7.213090364277585e-11
4.709010183201966e-07,0.16628943999999996,0.8585084662769803,0.0,0.0,0.4413830679600742,0.10603953631689653,0.019776631524693312,4.5062940075780576e-07,0.0002568462968924871,0.00604905548114993,0.0028048692542196334,3.9820518601088175e-05,4.043585731257536e-13,0.0021288409176753297,2.506441071101532e-11,0.0003980913405350012,1.757779984435539e-09,4.018646434284145e-06,2.0282691462054428e-10,1.143259499448084e-11,3.0450841343558886e-05,8.776703161507955e-07,0.007593530766388041,0.002981324679236644,0.00021411674534234276,7.396781866114724e-07,1.0474043682586117e-08,3.792517861114062e-08,1.1711738345998675e-08,4.0220213215128925e-11,3.0090109382933594e-07,1.3733828332730228e-05,4.9109195126200874e-08,0.00012015097840015902,6.5756778227322834e-09,1.3887019001828213e-06,8.661438892328106e-09,1.0630825648393648e-05,6.9019275144962696e-12,1.4942184336910744e-11,8.78817548685793e-08,1.0923390319163021e-07,2.4685648172476785e-13,4.4386941103021564e-11,7.230212292505837e-11
4.7157195755666993e-07,0.16628943999999996,0.8585084662769803,0.0,0.0,0.441382135962817,0.10603287060974763,0.019772610635734506,4.524738312400334e-07,0.0002576924626871741,0.00606062939431018,0.002810981066378894,3.9882726984293425e-05,4.064318526622153e-13,0.002129734929169001,2.5137799606828925e-11,0.0003981360018670435,1.7606681270546218e-09,4.029340193084655e-06,2.032922440296701e-10,1.146642782121609e-11,3.0470159804308913e-05,8.808814013648316e-07,0.007593034928816629,0.0029823734764328207,0.00021426263501759594,7.404437678589182e-07,1.0476311993623237e-08,3.7940807798311814e-08,1.1750000043470256e-08,4.0259908896742596e-11,3.011239019353362e-07,1.3734612303608677e-05,4.920618538031739e-08,0.00012038166557441153,6.57842545640606e-09,1.3937831663897478e-06,8.680294095880224e-09,1.0631202091385246e-05,6.920285311029722e-12,1.4981032132820246e-11,8.822614479123442e-08,1.0940510373618126e-07,2.4775911937253787e-13,4.450496397211283e-11,7.247337217652235e-11
4.7224289679314325e-07,0.16628943999999996,0.8585084662769803,0.0,0.0,0.4413812093319358,0.10602620525551339,0.01976859057306863,4.543225631059206e-07,0.00025853996049595855,0.006072205539976928,0.002817095369498394,3.994483070257714e-05,4.0851260523164553e-13,0.0021306261413236776,2.5211180239308416e-11,0.0003981806564517423,1.7635520237502103e-09,4.040037046431946e-06,2.0375785009605427e-10,1.1500292651240491e-11,3.0489430135870856e-05,8.840976083665264e-07,0.007592539215294278,0.002983416844129761,0.00021440841285954679,7.412079621673689e-07,1.0478565186236765e-08,3.795638644414611e-08,1.1788320992182497e-08,4.029959248844542e-11,3.0134671109267627e-07,1.3735402550664153e-05,4.930320697502899e-08,0.00012061239839701316,6.5811645115698e-09,1.3988725386335063e-06,8.699157017863904e-09,1.0631570223699471e-05,6.938662468167981e-12,1.5019900822461965e-11,8.857115123531196e-08,1.0957601740644373e-07,2.4866319679560707e-13,4.462302106800457e-11,7.264465075796093e-11
4.7291383602961657e-07,0.16628943999999996,0.8585084662769803,0.0,0.0,0.44138028805808344,0.106019540254411,0.019764571336429095,4.5617559676404067e-07,0.0002593887893009189,0.006083783907071664,0.0028232121554971714,4.000682968981197e-05,4.106008456081064e-13,0.0021315145623865043,2.5284552062509208e-11,0.00039822530428062906,1.7664316705921822e-09,4.0507369531541335e-06,2.0422373226689836e-10,1.1534189394749044e-11,3.0508652467240298e-05,8.873189288953126e-07,0.007592043625647836,0.002984454791818699,0.0002145540791083002,7.419707695545977e-07,1.0480803309780885e-08,3.7971914693845586e-08,1.1826701144747991e-08,4.033926409911641e-11,3.0156952204039117e-07,1.3736199080672771e-05,4.940025980868352e-08,0.00012084317665034306,6.583895013689755e-09,1.4039700038421127e-06,8.71802763377263e-09,1.0631930097594192e-05,6.957058965286799e-12,1.505879030907435e-11,8.891677331452608e-08,1.0974664402006547e-07,2.495687116890072e-13,4.474111193907797e-11,7.28159580314245e-11
4.735847752660899e-07,0.16628943999999996,0.8585084662769803,0.0,0.0,0.4413793721319328,0.10601287560665743,0.01976055292554959,4.580329326063629e-07,0.0002602389480810004,0.006095364484554043,0.0028293314163177334,4.006872388147296e-05,4.1269658856532507e-13,0.0021324002005777597,2.535791453248188e-11,0.00039826994534500435,1.7693070637216129e-09,4.061439872188727e-06,2.046898899906705e-10,1.1568117962066637e-11,3.052782692685021e-05,8.90545354684147e-07,0.007591548159704553,0.002985487328970794,0.00021469963400313767,7.427321900361966e-07,1.0483026413450943e-08,3.798739269254079e-08,1.1865140454707306e-08,4.03789238623617e-11,3.017923355145358e-07,1.373700190038155e-05,4.9497343780258895e-08,0.00012107400011753996,6.586616988188988e-09,1.409075548933195e-06,8.736905919183687e-09,1.063228176498504e-05,6.9754747844232665e-12,1.5097700496339195e-11,8.926301014121742e-08,1.0991698339910703e-07,2.5047566174644723e-13,4.485923613492172e-11,7.298729335931245e-11
4.742557145025632e-07,0.16628943999999996,0.8585084662769803,0.0,0.0,0.44137846154417615,0.10600621131246937,0.019756535340164076,4.5989457100827835e-07,0.00026109043581202477,0.006106947261421755,0.002835453143925982,4.013051321462824e-05,4.147998488766674e-13,0.0021332830640909428,2.5431267107275155e-11,0.0003983145796359437,1.772178199350386e-09,4.072145762582452e-06,2.0515632271710244e-10,1.1602078263648401e-11,3.0546953642572864e-05,8.937768774596476e-07,0.007591052817292068,0.0029865144650371885,0.00021484507778251358,7.434922236337602e-07,1.0485234546275507e-08,3.8002820584870495e-08,1.1903638875191498e-08,4.04185719026742e-11,3.0201515224983834e-07,1.3737811016507504e-05,4.959445878891561e-08,0.00012130486858249967,6.58933046040276e-09,1.4141891608141884e-06,8.755791849746226e-09,1.0632625277447631e-05,6.993909906731405e-12,1.5136631288148837e-11,8.960986082637092e-08,1.1008703537001587e-07,2.5138404465975726e-13,4.4977393206329157e-11,7.315865610520279e-11
4.749266537390365e-07,0.16628943999999996,0.8585084662769803,0.0,0.0,0.4413775562855258,0.10599954737206338,0.019752518580006817,4.6176051232862594e-07,0.0002619432514667,0.006118532226710409,0.002841577330311138,4.019219762792976e-05,4.1691064131509896e-13,0.0021341631610928675,2.550460924693874e-11,0.0003983592071443023,1.7750450737607973e-09,4.082854583491087e-06,2.0562302989718627e-10,1.1636070210080027e-11,3.0566032741721645e-05,8.970134889420537e-07,0.00759055759823841,0.0029875362094490673,0.000214990410684055,7.442508703785265e-07,1.0487427757102892e-08,3.8018198514558606e-08,1.1942196358181694e-08,4.0458208322591793e-11,3.022379729803612e-07,1.3738626435737728e-05,4.969160473379714e-08,0.00012153578182987265,6.592035455538321e-09,1.4193108263827168e-06,8.774685401166788e-09,1.063296068621978e-05,7.012364311042836e-12,1.5175582588491147e-11,8.995732447963401e-08,1.1025679976360097e-07,2.5229385811864425e-13,4.509558270529498e-11,7.333004563411349e-11
4.7559759297550984e-07,0.16628943999999996,0.8585084662769803,0.0,0.0,0.4413766563467133,0.10599288378565563,0.019748502644812354,4.636307569097188e-07,0.00026279739401462626,0.006130119369493402,0.0028477039674856667,4.02537770616041e-05,4.1902898065315915e-13,0.002135040499723755,2.55779404135261e-11,0.0003984038278607198,1.7779076833051636e-09,4.093566294179295e-06,2.0609001098317108e-10,1.1670093712078104e-11,3.058506435105297e-05,9.002551808455041e-07,0.007590062502372011,0.0029885525716177416,0.00021513563294458003,7.450081302977349e-07,1.048960609462536e-08,3.803352662533288e-08,1.198081285685882e-08,4.0497833256753345e-11,3.0246079843686254e-07,1.37394481647314e-05,4.9788781514769156e-08,0.00012176673964506134,6.594731998768408e-09,1.4244405325266454e-06,8.793586549236723e-09,1.0633288042203668e-05,7.030837979627621e-12,1.521455430184486e-11,9.030540020933449e-08,1.1042627641500739e-07,2.532050998117273e-13,4.52138041850159e-11,7.35014613113904e-11
4.7626853221198316e-07,0.16628943999999996,0.8585084662769803,0.0,0.0,0.44137576171848997,0.10598622055346227,0.019744487534315482,4.655053050773719e-07,0.00026365286242230427,0.0061417086788817955,0.002853833047485203,4.0315251457443304e-05,4.211548816629407e-13,0.0021359150880973254,2.565126007109714e-11,0.00039844844177562577,1.7807660244054356e-09,4.1042808540204356e-06,2.0655726542856003e-10,1.1704148680490418e-11,3.060404859676808e-05,9.035019448782291e-07,0.007589567529521683,0.002989563560934694,0.0002152807448000927,7.457640034235183e-07,1.0491769607374122e-08,3.804880506055731e-08,1.2019488324213191e-08,4.053744683441818e-11,3.026836293486186e-07,1.3740276210118626e-05,4.988598903193527e-08,0.00012199774181421779,6.597420115190585e-09,1.4295782661242229e-06,8.812495269822615e-09,1.0633607395968015e-05,7.0493308942955185e-12,1.5253546332930995e-11,9.06540871224982e-08,1.1059546516369074e-07,2.541177674259324e-13,4.5332057199887644e-11,7.36729025033922e-11
4.769394714484565e-07,0.16628943999999996,0.8585084662769803,0.0,0.0,0.4413748723916265,0.10597955767569901,0.019740473248251313,4.673841571409263e-07,0.00026450965565314724,0.006153300144024194,0.002859964562368471,4.037662075879568e-05,4.2328835911604463e-13,0.0021367869343008905,2.57245676857208e-11,0.000398493048879244,1.783620093552808e-09,4.1149982224964165e-06,2.070247926881073e-10,1.173823502629629e-11,3.062298560451507e-05,9.067537727424456e-07,0.00758907267951663,0.002990569186771646,0.0002154257464857788,7.465184898007876e-07,1.0493918343697055e-08,3.806403396248192e-08,1.2058222711544451e-08,4.057704915019313e-11,3.0290646644488806e-07,1.3741110578500088e-05,4.998322718520608e-08,0.00012222878812424108,6.600099829754521e-09,1.434724014044519e-06,8.83141153884176e-09,1.0633918797750247e-05,7.0678430331629875e-12,1.529255858647235e-11,9.100338432486709e-08,1.1076436585339218e-07,2.5503185864594e-13,4.545034130550106e-11,7.384436857807254e-11
4.776104106849297e-07,0.16628943999999996,0.8585084662769803,0.0,0.0,0.4413739883569127,0.10597289515258151,0.019736459786355208,4.692673133932772e-07,0.0002653677726674846,0.006164893754106626,0.0028660985042172175,4.043788491055672e-05,4.254294277835545e-13,0.0021376560463954417,2.5797862725477574e-11,0.00039853764916159776,1.7864698873073297e-09,4.125718359197495e-06,2.0749259221781498e-10,1.177235266060688e-11,3.06418754993906e-05,9.100106561346265e-07,0.007588577952186449,0.002991569458480629,0.00021557063823602902,7.472715894685501e-07,1.0496052351787758e-08,3.807921347341273e-08,1.2097015971616714e-08,4.0616640338722515e-11,3.0312931045127753e-07,1.3741951276449744e-05,5.00804958753104e-08,0.00012245987836277477,6.602771167382035e-09,1.4398777631474823e-06,8.850335332296375e-09,1.0634222297458648e-05,7.086374378614466e-12,1.5331590967731172e-11,9.135329092091645e-08,1.1093297833211297e-07,2.5594737115558034e-13,4.556865605864306e-11,7.40158589037615e-11
4.78281349921403e-07,0.16628943999999996,0.8585084662769803,0.0,0.0,0.4413731096051582,0.10596623298432513,0.019732447148362833,4.711547741109009e-07,0.00026622721242257135,0.006176489498352411,0.0028722348651361294,4.049904385916004e-05,4.275781024360243e-13,0.0021385224324157463,2.5871144660461896e-11,0.0003985822426125138,1.7893154022975198e-09,4.1364412238221234e-06,2.0796066347492973e-10,1.1806501494665484e-11,3.066071840594189e-05,9.132725867457678e-07,0.0075880833473611214,0.0029925643853940505,0.0002157154202844341,7.480233024685662e-07,1.0498171679686457e-08,3.80943437354974e-08,1.213586805740636e-08,4.065622053701203e-11,3.033521620915601e-07,1.3742798310513516e-05,5.0177795003326754e-08,0.00012269101231820458,6.6054341529401015e-09,1.4450395002839986e-06,8.869266626269604e-09,1.063451794467446e-05,7.104924913442245e-12,1.537064338227426e-11,9.170380601387287e-08,1.1110130245208962e-07,2.568643026372495e-13,4.568700101729431e-11,7.418737284961624e-11
4.789522891578763e-07,0.16628943999999996,0.8585084662769803,0.0,0.0,0.4413722361271915,0.105959571171145,0.019728435334010103,4.730465395538787e-07,0.0002670879738726004,0.006188087366022044,0.0028783736372527645,4.056009755256824e-05,4.2973439784342624e-13,0.0021393861003704316,2.5944412962784512e-11,0.00039862682922162747,1.7921566352199839e-09,4.1471667761767525e-06,2.0842900591793994e-10,1.1840681439847851e-11,3.067951444816854e-05,9.165395562612195e-07,0.007587588864871014,0.0029935539768247356,0.00021586009286377424,7.48773628859629e-07,1.0500276375246268e-08,3.81094248895241e-08,1.2174778919487932e-08,4.069578983009251e-11,3.0357502209036075e-07,1.3743651687208202e-05,5.027512446990487e-08,0.00012292218977965578,6.608088811122906e-09,1.4502092122963894e-06,8.888205396887512e-09,1.0634805788654036e-05,7.123494614872373e-12,1.540971573554524e-11,9.20549287057313e-08,1.1126933806976882e-07,2.5778265077089366e-13,4.580537574062395e-11,7.43589097864814e-11
4.796232283943495e-07,0.16628943999999996,0.8585084662769803,0.0,0.0,0.4413713679138606,0.10595290971325615,0.019724424343033245,4.749426099659255e-07,0.0002679500559687056,0.006199687346413076,0.002884514812717476,4.062104594026398e-05,4.3189832877512256e-13,0.002140247058242083,2.6017667106574727e-11,0.00039867140897838725,1.794993582839029e-09,4.157894976175673e-06,2.0889761900657218e-10,1.1874892407662472e-11,3.0698263749524455e-05,9.198115563609189e-07,0.007587094504546884,0.0029945382420660163,0.00021600465620604775,7.495225686928892e-07,1.0502366486166069e-08,3.8124457076340096e-08,1.2213748510107686e-08,4.07353483506149e-11,3.037978911683237e-07,1.3744511413025092e-05,5.037248417659842e-08,0.00012315341053699088,6.6107351665989676e-09,1.4553868860184996e-06,8.907151620359517e-09,1.0635085878330928e-05,7.142083465174593e-12,1.5448807933569063e-11,9.240665809727279e-08,1.1143708504578254e-07,2.587024132358331e-13,4.592377978899112e-11,7.453046908569174e-11
4.802270737071756e-07,0.16628943999999996,0.8585084662769803,0.0,0.0,0.4413705910155774,0.10594691470510763,0.01972081515492264,4.766527542735841e-07,0.0002687270581382499,0.006210129126325986,0.0028900439190288974,4.0675809412271175e-05,4.3385240719330194e-13,0.0021410196097822604,2.608358329743691e-11,0.00039871152489184033,1.7975431691416994e-09,4.167552586866481e-06,2.0931960174280804e-10,1.1905708730015176e-11,3.0715098258896685e-05,9.227606507195993e-07,0.0075866496845675025,0.0029954195345565015,0.00021613467000751593,7.501954290779004e-07,1.0504235155435148e-08,3.813794429404981e-08,1.2248871315753355e-08,4.077094192896484e-11,3.039984816948965e-07,1.3745290600103085e-05,5.0460133686969954e-08,0.00012336154606348656,6.6131098080825584e-09,1.4600535887414924e-06,8.924209574084374e-09,1.0635331369296456e-05,7.158829789429657e-12,1.548400780170388e-11,9.272373253371997e-08,1.1158781042373618e-07,2.5953140678859884e-13,4.60303681430233e-11,7.46848910557292e-11
4.808309190200016e-07,0.16628943999999996,0.8585084662769803,0.0,0.0,0.4413698183676063,0.10594091998507532,0.01971720663334112,4.783663859450282e-07,0.0002695051284101519,0.0062205726011540195,0.002895574960022018,4.0730487512251825e-05,4.3581269311481493e-13,0.002141789978382845,2.614948721505759e-11,0.0003987516352382455,1.8000892795179843e-09,4.177212280695986e-06,2.0974180287325665e-10,1.193655004480693e-11,3.073189509695379e-05,9.257138070356013e-07,0.007586204963282941,0.002996296527092907,0.0002162645956822521,7.508671664434111e-07,1.0506092084204622e-08,3.8151392064220914e-08,1.2284041617189901e-08,4.080652696100915e-11,3.041990806821349e-07,1.3746074939899118e-05,5.0547807540684435e-08,0.00012356971633787492,6.615477762166301e-09,1.4647267201680908e-06,8.941273528169321e-09,1.0635570653875329e-05,7.175591594668482e-12,1.5519223599911365e-11,9.30412970103681e-08,1.1173830179666815e-07,2.6036154237469924e-13,4.613697957636107e-11,7.483933017391877e-11
4.814347643328276e-07,0.16628943999999996,0.8585084662769803,0.0,0.0,0.44136904996331516,0.10593492555331549,0.01971359877809696,4.800835051240261e-07,0.0002702842660134711,0.006231017763171594,0.0029011079300215125,4.078508020650112e-05,4.3777919730516347e-13,0.0021425581698093833,2.6215378480279267e-11,0.0003987917400095392,1.8026319117482043e-09,4.186874028665027e-06,2.1016422200661966e-10,1.1967416287804377e-11,3.074865435256739e-05,9.286710192328152e-07,0.00758576034057062,0.0029971692264097933,0.00021639443339774552,7.515377808401324e-07,1.0507937306896385e-08,3.816480048811152e-08,1.2319259378319996e-08,4.084210352259942e-11,3.0439968865296693e-07,1.374686443708927e-05,5.063550566626185e-08,0.00012377792120848744,6.617839046618669e-09,1.469406270683373e-06,8.958343465400206e-09,1.0635803767077745e-05,7.192368865721341e-12,1.5554455260056318e-11,9.335935086923286e-08,1.118885590715761e-07,2.611928182990739e-13,4.624361377096678e-11,7.499378598422188e-11
4.820386096456536e-07,0.16628943999999996,0.8585084662769803,0.0,0.0,0.44136828579608406,0.10592893140998424,0.019709991588998624,4.818041119436743e-07,0.0002710644701752782,0.006241464604677129,0.002906642823366825,4.083958746228922e-05,4.3975193052939343e-13,0.002143324189810557,2.6281256715273945e-11,0.00039883183919754673,1.8051710636561485e-09,4.196537801844742e-06,2.1058685875240372e-10,1.199830739486196e-11,3.076537611425577e-05,9.316322812322393e-07,0.007585315816308199,0.0029980376392290944,0.0002165241833209893,7.52207272305747e-07,1.0509770857866243e-08,3.817816966806899e-08,1.2354524565853967e-08,4.0877671747431075e-11,3.046003061264015e-07,1.3747659096333811e-05,5.0723227993250944e-08,0.00012398616052413324,6.6201936792902616e-09,1.4740922306669889e-06,8.975419368651463e-09,1.0636030743707294e-05,7.2091615939418924e-12,1.5589702714640907e-11,9.367789345157593e-08,1.1203858215814196e-07,2.6202523286691875e-13,4.635027040958161e-11,7.514825803060909e-11
4.826424549584796e-07,0.16628943999999996,0.8585084662769803,0.0,0.0,0.44136752585930544,0.1059229375552376,0.019706385065854724,4.835282065264126e-07,0.0002718457401206676,0.006251913117992991,0.002912179634412135,4.089400924785607e-05,4.4173090355206303e-13,0.0021440880441182344,2.6347121543544207e-11,0.00039887193279398335,1.8077067331088562e-09,4.20620357137646e-06,2.1100971272091858e-10,1.2029223301922097e-11,3.078206047018501e-05,9.345975869516637e-07,0.007584871390373595,0.0029989017722601187,0.00021665384561844568,7.528756409021847e-07,1.0511592771338282e-08,3.819149970494391e-08,1.2389837142869073e-08,4.091323168126478e-11,3.0480093362464236e-07,1.3748458922273003e-05,5.0810974450210984e-08,0.0001241944341340974,6.622541677854084e-09,1.4787845904936685e-06,8.99250122080883e-09,1.0636251618362142e-05,7.225969761284033e-12,1.5624965895715732e-11,9.399692409791537e-08,1.1218837096871759e-07,2.628587843810121e-13,4.645694917571718e-11,7.53027458582844e-11
4.83185915740023e-07,0.16628943999999996,0.8585084662769803,0.0,0.0,0.4413668455277905,0.10591754333283424,0.019703139764258252,4.85082873780939e-07,0.0002725497936744288,0.006261318203048764,0.0029171643993319714,4.094291575235463e-05,4.4351732319663134e-13,0.0021447736660510893,2.640638811613601e-11,0.00039890801224304995,1.809985856388846e-09,4.214904447040754e-06,2.1139046669658356e-10,1.2057068769405831e-11,3.0797044481183544e-05,9.372698144500726e-07,0.007584471491002033,0.0029996758383041885,0.00021677046690329023,7.534762126315563e-07,1.0513222571592602e-08,3.820346335379779e-08,1.2421658950449229e-08,4.094522860543876e-11,3.049815073733654e-07,1.3749183186965503e-05,5.088996683409296e-08,0.00012438190958052403,6.6246492189609066e-09,1.4830131782445333e-06,9.00787995994894e-09,1.0636445216793944e-05,7.2411103008642755e-12,1.5656716148993615e-11,9.428446842868446e-08,1.1232298052196296e-07,2.636099514298489e-13,4.655297872331378e-11,7.544179802080177e-11
4.83675030443412e-07,0.16628943999999996,0.8585084662769803,0.0,0.0,0.44136623615069265,0.10591268873273221,0.01970021945378068,4.864844898993048e-07,0.00027318417897403735,0.00626978392751209,0.002921652008578274,4.098687237464505e-05,4.451294361890556e-13,0.0021453892333319316,2.645971826150631e-11,0.0003989404798638425,1.81203465288331e-09,4.222736580467349e-06,2.117332952090844e-10,1.208214678258651e-11,3.081050429925835e-05,9.396776117941983e-07,0.007584111649506907,0.003000369542442368,0.00021687536558907884,7.540159496117801e-07,1.0514681376403524e-08,3.82142036597834e-08,1.2450331351458604e-08,4.0974020231004444e-11,3.0514403136055514e-07,1.3749838609364686e-05,5.0961076599569916e-08,0.0001245506610385263,6.6265414343565015e-09,1.4868233269575386e-06,9.021724923018183e-09,1.0636615273891246e-05,7.254747463455986e-12,1.5685302181121495e-11,9.454359547967578e-08,1.124439667634231e-07,2.642867869676703e-13,4.663942023211521e-11,7.556695530831044e-11
4.84164145146801e-07,0.16628943999999996,0.8585084662769803,0.0,0.0,0.44136562953748704,0.10590783432224743,0.01969729957989616,4.878883945218666e-07,0.0002738192621499763,0.0062782507352772444,0.00292614086603718,4.103077286660646e-05,4.4674566225127845e-13,0.002146003389837845,2.6513038945669456e-11,0.0003989729438009288,1.8140811608871121e-09,4.230569972618521e-06,2.1207626555116196e-10,1.2107240953441812e-11,3.0823939731027226e-05,9.420880513985251e-07,0.007583751872308406,0.0030010604504996847,0.00021698020707792482,7.545549499792121e-07,1.051613260636366e-08,3.8224918462851804e-08,1.2479034781194242e-08,4.1002806568198646e-11,3.0530656284667015e-07,1.3750497429830505e-05,5.103220207117845e-08,0.00012471943473060934,6.628429328425035e-09,1.4906376574779575e-06,9.035573758892947e-09,1.063678138833205e-05,7.2683947309280595e-12,1.5713898411585945e-11,9.480304157448739e-08,1.1256479914924735e-07,2.649643654367103e-13,4.6725875698589105e-11,7.569212214305668e-11
4.8465325985019e-07,0.16628943999999996,0.8585084662769803,0.0,0.0,0.4413650256846856,0.10590298010146257,0.01969438014250333,4.892945876932884e-07,0.00027445504278664505,0.006286718622309695,0.0029306309687363776,4.1074617213200335e-05,4.483660071030259e-13,0.00214661613858291,2.6566349971100007e-11,0.0003990054040497065,1.8161253793488177e-09,4.238404608291958e-06,2.1241937751725377e-10,1.2132351248098609e-11,3.083735082267351e-05,9.445011300248355e-07,0.007583392159342123,0.0030017485660176913,0.00021708499145733218,7.550932137664321e-07,1.0517576279452924e-08,3.8235607815965357e-08,1.250776922044028e-08,4.1031587664743845e-11,3.054691021060896e-07,1.375115965079812e-05,5.1103343211565905e-08,0.00012488823057758556,6.630312910456676e-09,1.4944561646815986e-06,9.049426458559274e-09,1.0636943578113882e-05,7.282052096040881e-12,1.5742504804724484e-11,9.506280636125846e-08,1.1268547763792192e-07,2.6564268593381667e-13,4.6812344956021115e-11,7.58172982845426e-11
4.85142374553579e-07,0.16628943999999996,0.8585084662769803,0.0,0.0,0.441364424588806,0.10589812607046017,0.01969146114150092,4.907030694536785e-07,0.000275091520467599,0.006295187584585088,0.0029351223137098104,4.111840539979548e-05,4.499904764637847e-13,0.0021472274825740747,2.6619651140847196e-11,0.0003990378606055308,1.8181673072351754e-09,4.246240472315358e-06,2.127626309021394e-10,1.2157477632721966e-11,3.085073762023113e-05,9.469168444337339e-07,0.007583032510543762,0.0030024338925325913,0.00021718971881459876,7.556307409985681e-07,1.0519012413618982e-08,3.8246271772497735e-08,1.2536534651382776e-08,4.106036360179446e-11,3.0563164941112334e-07,1.3751825274696711e-05,5.117449998391691e-08,0.0001250570485004696,6.632192189773917e-09,1.4982788434423044e-06,9.06328301303774e-09,1.0637101861148151e-05,7.29571955522841e-12,1.5771121325193002e-11,9.532288948782713e-08,1.1280600218905444e-07,2.6632174755611333e-13,4.689882783802915e-11,7.594248349240927e-11
4.85631489256968e-07,0.16628943999999996,0.8585084662769803,0.0,0.0,0.44136382624637105,0.1058932722293228,0.019688542576787725,4.92113839838593e-07,0.0002757286947755547,0.0063036576180891995,0.0029396148979976677,4.11621374121663e-05,4.516190760527891e-13,0.0021478374248111638,2.667294225853523e-11,0.000399070313463715,1.820206943531046e-09,4.25407754954638e-06,2.1310602550094011e-10,1.2182620073515159e-11,3.086410016958491e-05,9.49335191385e-07,0.007582672925849127,0.0030031164335752275,0.0002172943892367842,7.561675317223265e-07,1.0520441026775827e-08,3.825691038550682e-08,1.2565331053527958e-08,4.108913436926586e-11,3.057942050379818e-07,1.375249430394445e-05,5.124567235041183e-08,0.00012522588842047761,6.634067175641944e-09,1.502105688631661e-06,9.077143413370088e-09,1.0637256255260577e-05,7.309397095655964e-12,1.5799747937183613e-11,9.558329060173411e-08,1.12926372763369e-07,2.6700154939892097e-13,4.698532417856119e-11,7.606767752660008e-11
4.86120603960357e-07,0.16628943999999996,0.8585084662769803,0.0,0.0,0.4413632306539084,0.1058884185781329,0.019685624448262624,4.935268988790422e-07,0.0002763665652923877,0.006312128718817941,0.002944108718646366,4.120581323649086e-05,4.532518115890203e-13,0.00214844596828691,2.672622312836358e-11,0.0003991027626195319,1.8222442872393232e-09,4.261915824872611e-06,2.13449561109118e-10,1.2207778536719742e-11,3.087743851647103e-05,9.517561676367334e-07,0.007582313405194134,0.0030037961926711256,0.00021739900281075451,7.567035859705471e-07,1.0521862136761383e-08,3.8267523707409154e-08,1.2594158407756424e-08,4.111790002961123e-11,3.0595676925900986e-07,1.3753166740956439e-05,5.131686027407571e-08,0.0001253947502590273,6.6359378772713555e-09,1.5059366951199196e-06,9.091007650592637e-09,1.0637406778191572e-05,7.323084711477662e-12,1.5828384605312525e-11,9.584400935022584e-08,1.1304658932270129e-07,2.676820905583475e-13,4.7071833811892935e-11,7.619288014742427e-11
4.865608071934072e-07,0.16628943999999996,0.8585084662769803,0.0,0.0,0.4413626969690531,0.10588405045453521,0.019682998505447337,4.948006088378992e-07,0.000276941243669871,0.006319753618649616,0.0029481542118825798,4.124507342650363e-05,4.54724814533042e-13,0.0021489924639419137,2.6774166987923706e-11,0.00039913196369030344,1.8240759356047447e-09,4.268971284571296e-06,2.137588635507194e-10,1.2230434824895141e-11,3.0889422373240206e-05,9.539372916348865e-07,0.007581989891305648,0.003004405600202543,0.00021749310649373467,7.571854051281681e-07,1.0523134735258083e-08,3.827705411701022e-08,1.2620129476074883e-08,4.1143784835784964e-11,3.0610308462938427e-07,1.3753774849896922e-05,5.138094267664696e-08,0.0001255467445892885,6.637617853364515e-09,1.509388154628667e-06,9.103488737257387e-09,1.0637538953563381e-05,7.335412178416231e-12,1.5854166175655435e-11,9.607892750965322e-08,1.131546525126395e-07,2.682952089707207e-13,4.7149703710531186e-11,7.63055696498311e-11
4.870010104264574e-07,0.16628943999999996,0.8585084662769803,0.0,0.0,0.44136216550634366,0.10587968248492177,0.019680372915788946,4.960761726453934e-07,0.0002775164853311928,0.006327379376793323,0.0029522007020392864,4.128428808381779e-05,4.562011763952631e-13,0.002149537831190337,2.682210224665761e-11,0.00039916116175479324,1.8259057254794629e-09,4.276027691535384e-06,2.1406827989588733e-10,1.2253104039354597e-11,3.0901386696069894e-05,9.561205403750186e-07,0.007581666429190876,0.003005012759771091,0.0002175871642628695,7.576666277976705e-07,1.052440128357686e-08,3.8286564122136954e-08,1.2646125586300964e-08,4.116966557281391e-11,3.0624940738049763e-07,1.3754385722825897e-05,5.1445037623597875e-08,0.00012569875655307506,6.639294373428786e-09,1.5128429768904355e-06,9.115972918084292e-09,1.0637668020392646e-05,7.347747795165736e-12,1.587995583711918e-11,9.631410240956368e-08,1.1326259089415923e-07,2.689089248374355e-13,4.7227584122021046e-11,7.641826573903183e-11
4.874412136595076e-07,0.16628943999999996,0.8585084662769803,0.0,0.0,0.44136163626325964,0.10587531466935263,0.019677747679213896,4.973535903147074e-07,0.00027809228996980237,0.006335005990351006,0.0029562481869762017,4.132345719918897e-05,4.576809013442786e-13,0.002150082072199198,2.6870028763022966e-11,0.00039919035680947325,1.8277336561737529e-09,4.283085034809945e-06,2.1437780999621945e-10,1.2275786155567941e-11,3.091333151799449e-05,9.583059114915762e-07,0.007581343018803314,0.003005617673935854,0.00021768117618104057,7.581472540082545e-07,1.0525661794636363e-08,3.82960537608426e-08,1.2672146724108443e-08,4.119554227124747e-11,3.0639573771067693e-07,1.3754999361489022e-05,5.1509145087972205e-08,0.00012585078609351642,6.640967444138527e-09,1.516301158161824e-06,9.12846018658324e-09,1.063779399143652e-05,7.36009155602595e-12,1.5905753563982822e-11,9.654953379220218e-08,1.1337040444172847e-07,2.6952323749870687e-13,4.7305474926233327e-11,7.653096824080445e-11
4.878814168925577e-07,0.16628943999999996,0.8585084662769803,0.0,0.0,0.44136110923728433,0.10587094700788775,0.019675122795648675,4.986328618560562e-07,0.00027866865727860235,0.006342633456431189,0.002960296664557093,4.136258076363306e-05,4.591639935485005e-13,0.0021506251891309064,2.691794639585559e-11,0.00039921954885079004,1.829559727009522e-09,4.290143303459589e-06,2.1468745370353555e-10,1.2298481149030235e-11,3.092525687195187e-05,9.604934026182014e-07,0.007581019660096531,0.0030062203452524525,0.00021777514231100038,7.586272837821562e-07,1.0526916281326226e-08,3.8305523071285296e-08,1.2698192876221948e-08,4.1221414994262213e-11,3.0654207581640847e-07,1.375561576762891e-05,5.157326504326984e-08,0.00012600283315387296,6.642637072176755e-09,1.519762694698417e-06,9.140950536279579e-09,1.063791687939725e-05,7.372443458726702e-12,1.5931559330778627e-11,9.678522139962953e-08,1.1347809313053168e-07,2.7013814629510533e-13,4.7383376003254496e-11,7.664367698116378e-11
4.883216201256079e-07,0.16628943999999996,0.8585084662769803,0.0,0.0,0.4413605844259042,0.10586657950058709,0.019672498265019822,4.999139872766872e-07,0.000279245586949949,0.00635026177214897,0.002964346132649771,4.140165876842585e-05,4.606504571761607e-13,0.0021511671841432625,2.6965855004369407e-11,0.0003992487378751662,1.8313839373202972e-09,4.297202486568446e-06,2.1499721086987744e-10,1.2321188995261811e-11,3.0937162790783477e-05,9.626830113881192e-07,0.007580696353024164,0.0030068207762730384,0.00021786906271535018,7.591067171523534e-07,1.0528164756527948e-08,3.831497209191774e-08,1.2724264028462254e-08,4.1247283755181734e-11,3.0668842189623497e-07,1.3756234942981113e-05,5.163739746252856e-08,0.00012615489767753556,6.644303264237232e-09,1.52322758275441e-06,9.153443960727834e-09,1.0638036696922237e-05,7.384803496242532e-12,1.5957373111852837e-11,9.702116497372286e-08,1.1358565693646887e-07,2.707536505662412e-13,4.746128723338765e-11,7.675639178627491e-11
4.887618233586581e-07,0.16628943999999996,0.8585084662769803,0.0,0.0,0.4413600618266093,0.1058622121475105,0.019669874087253937,5.011969665808857e-07,0.0002798230786756554,0.00635789093462599,0.0029683965891260785,4.1440691205101107e-05,4.621402963953001e-13,0.0021517080593894795,2.70137544481568e-11,0.0003992779238789998,1.8332062864511416e-09,4.304262573240128e-06,2.15307081347508e-10,1.2343909669808305e-11,3.094904930723475e-05,9.64874735433785e-07,0.0075803730975399185,0.0030074189695463143,0.00021796293745655502,7.595855541532447e-07,1.0529407233079577e-08,3.832440086064458e-08,1.2750360166131246e-08,4.1273148569107627e-11,3.0683477614834974e-07,1.3756856889277396e-05,5.170154231878005e-08,0.0001263069796080253,6.645966026956827e-09,1.5266958185830316e-06,9.165940453479513e-09,1.06381534566045e-05,7.397171661388564e-12,1.5983194881549596e-11,9.725736425617956e-08,1.1369309583615007e-07,2.713697496515339e-13,4.753920849714891e-11,7.686911248242359e-11
4.892020265917083e-07,0.16628943999999996,0.8585084662769803,0.0,0.0,0.4413595414368928,0.10585784494871792,0.019667250262277648,5.024817997699774e-07,0.0002804011321469892,0.006365520940990435,0.002972448031861886,4.14796780654505e-05,4.636335153737766e-13,0.0021522478170181818,2.7061644587188534e-11,0.00039930710685866537,1.8350267737586536e-09,4.311323552597731e-06,2.1561706498891155e-10,1.2366643148240652e-11,3.0960916453955166e-05,9.67068572386674e-07,0.007580049893597565,0.0030080149276175434,0.00021805676659695836,7.600637948086876e-07,1.0530643723766058e-08,3.833380941481956e-08,1.2776481275426075e-08,4.1299009507343137e-11,3.069811387680265e-07,1.3757481608248218e-05,5.176569958567322e-08,0.00012645907888899336,6.647625366924996e-09,1.5301673984367542e-06,9.178440008078136e-09,1.0638267170982656e-05,7.4095479523184e-12,1.6009024614514316e-11,9.749381898851711e-08,1.1380040980689538e-07,2.719864428910954e-13,4.761713967526718e-11,7.69818388961174e-11
4.896422298247584e-07,0.16628943999999996,0.8585084662769803,0.0,0.0,0.44135902325425136,0.10585347790426912,0.01966462679001766,5.037684868423307e-07,0.0002809797470546745,0.006373151788377022,0.0029765004587370748,4.1518619341521934e-05,4.651301182792574e-13,0.0021527864591734244,2.7109525281814006e-11,0.0003993362868105141,1.8368453986108896e-09,4.318385413783796e-06,2.1592716164679287e-10,1.2389389406155164e-11,3.097276426349854e-05,9.692645198779824e-07,0.007579726741150946,0.003008608653028548,0.00021815055019875677,7.605414391488624e-07,1.0531874241388314e-08,3.834319779295802e-08,1.2802627342954175e-08,4.1324866601097433e-11,3.0712750995210097e-07,1.3758109101616734e-05,5.18298692366589e-08,0.00012661119546422054,6.6492812908240234e-09,1.5336423185666504e-06,9.190942618123015e-09,1.063837785254133e-05,7.421932364099272e-12,1.6034862285376924e-11,9.773052891207638e-08,1.1390759882673016e-07,2.726037296243159e-13,4.76950806486901e-11,7.709457085414982e-11
4.900824330578086e-07,0.16628943999999996,0.8585084662769803,0.0,0.0,0.44135850727618514,0.10584911101422398,0.0196620036704007,5.050570277933641e-07,0.0002815589230888965,0.0063807834739269586,0.0029805538676355363,4.155751502561801e-05,4.666301092792071e-13,0.0021533239879947047,2.7157396392761368e-11,0.0003993654637308747,1.8386621603873038e-09,4.325448145960268e-06,2.1623737117407696e-10,1.241214841917353e-11,3.0984592768323433e-05,9.71462575538271e-07,0.0075794036401539725,0.003009200148317716,0.00021824428832400322,7.61018487213187e-07,1.053309879869982e-08,3.835256603267015e-08,1.2828798353520983e-08,4.1350719852817136e-11,3.072738898985151e-07,1.3758739371101327e-05,5.1894051244758046e-08,0.00012676332927761698,6.650933805240226e-09,1.5371205752228038e-06,9.203448277202262e-09,1.0638485513711473e-05,7.434324888202048e-12,1.6060707868539112e-11,9.796749376802449e-08,1.1401466287438096e-07,2.7322160918988814e-13,4.777303129857625e-11,7.72073081833136e-11
4.905226362908588e-07,0.16628943999999996,0.8585084662769803,0.0,0.0,0.44135799350019755,0.10584474427864218,0.019659380903353577,5.063474226155445e-07,0.0002821386599392974,0.006388415994787962,0.002984608256445154,4.1596365110295756e-05,4.681334925408898e-13,0.00215386040561697,2.720525778113762e-11,0.0003993946376160536,1.8404770584787367e-09,4.332511738308498e-06,2.1654769342390858e-10,1.2434920162942848e-11,3.0996402000793235e-05,9.736627369972913e-07,0.007579080590560618,0.003009789416020023,0.00021833798103462843,7.614949390304064e-07,1.0534317408420676e-08,3.836191417164439e-08,1.2854994293428361e-08,4.137656931361923e-11,3.0742027880262824e-07,1.3759372418418268e-05,5.1958245583639625e-08,0.00012691548027322181,6.652582916769699e-09,1.540602164654493e-06,9.215956978916307e-09,1.0638590166870437e-05,7.446725521230703e-12,1.608656133875127e-11,9.820471329735533e-08,1.1412160192927461e-07,2.7384008092713876e-13,4.7850991506298394e-11,7.732005071066925e-11
4.90962839523909e-07,0.16628943999999996,0.8585084662769803,0.0,0.0,0.44135748192379537,0.10584037769758353,0.01965675848880311,5.076396712983929e-07,0.0002827189572949809,0.006396049348114227,0.0029886636230578084,4.163516958836559e-05,4.696402722313678e-13,0.0021543957141706253,2.7253109308428642e-11,0.00039942380846233466,1.842290092287369e-09,4.339576180029213e-06,2.168581282496524e-10,1.2457704613135652e-11,3.100819199317629e-05,9.75865001884289e-07,0.007578757592324933,0.0030103764586670166,0.00021843162839241942,7.619707946374072e-07,1.053553008324592e-08,3.837124224739633e-08,1.2881215147965896e-08,4.140241500253781e-11,3.075666768610384e-07,1.3760008245278231e-05,5.202245222662906e-08,0.0001270676483952032,6.654228631979583e-09,1.5440870831099224e-06,9.228468716878047e-09,1.0638691824342192e-05,7.459134256404663e-12,1.611242267061127e-11,9.84421872408914e-08,1.1422841597153548e-07,2.744591441747e-13,4.792896115344253e-11,7.743279826345073e-11
4.914030427569591e-07,0.16628943999999996,0.8585084662769803,0.0,0.0,0.4413569725444887,0.1058360112711077,0.0196541364266762,5.08933773828486e-07,0.00028329981484451016,0.00640368353106642,0.0029927199653693587,4.167392845289021e-05,4.711504525174987e-13,0.0021549299157815442,2.7300950836499323e-11,0.00039945297626598066,1.8441012612266738e-09,4.3466414603424945e-06,2.171686755048921e-10,1.2480501745449926e-11,3.101996277764629e-05,9.780693678278362e-07,0.007578434645401028,0.0030109612787868503,0.00021852523045903902,7.624460540625805e-07,1.0536736835843552e-08,3.838055029762824e-08,1.2907460903729124e-08,4.1428256976196697e-11,3.0771308426828033e-07,1.3760646853389204e-05,5.208667114758634e-08,0.0001272198335878578,6.655870957454271e-09,1.5475753268364275e-06,9.24098348471749e-09,1.0638790498397586e-05,7.471551091042566e-12,1.6138291839015594e-11,9.867991533928604e-08,1.1433510498198235e-07,2.7507879827168617e-13,4.8006940121808706e-11,7.754555066909259e-11
4.918432459900093e-07,0.16628943999999996,0.8585084662769803,0.0,0.0,0.44135646535979095,0.10583164499927436,0.0196515147168998,5.102297301894613e-07,0.000283881232275912,0.006411318540811665,0.00299677728127964,4.1712641697183464e-05,4.726640375659302e-13,0.00215546301257108,2.734878222759368e-11,0.0003994821410232331,1.8459105647213682e-09,4.3537075684877485e-06,2.1747933504343023e-10,1.250331153560915e-11,3.103171438628239e-05,9.80275832456033e-07,0.007578111749743084,0.00301154387890426,0.00021861878729600214,7.629207173471609e-07,1.0537937678853357e-08,3.838983835967159e-08,1.2933731545585595e-08,4.145409524030941e-11,3.078595012210267e-07,1.3761288244452986e-05,5.2150902319778406e-08,0.00012737203579561064,6.657509899727958e-09,1.5510668920803157e-06,9.253501276072197e-09,1.0638886201254589e-05,7.483976016988437e-12,1.61641688185761e-11,9.891789733302543e-08,1.1444166894212529e-07,2.756990425561949e-13,4.8084928293408865e-11,7.765830775518565e-11
4.922834492230595e-07,0.16628943999999996,0.8585084662769803,0.0,0.0,0.44135596036721914,0.10582727888214316,0.01964889335940087,5.115275403620192e-07,0.0002844632092766749,0.006418954374523521,0.00300083556869245,4.175130931480926e-05,4.74181031543097e-13,0.0021559950066560793,2.7396603344334946e-11,0.00039951130273031257,1.847718002207371e-09,4.360774493723693e-06,2.1779010671928793e-10,1.2526133959362316e-11,3.104344685106956e-05,9.824843933963023e-07,0.0075777889053053465,0.0030121242615406027,0.00021871229896470518,7.63394784519741e-07,1.0539132624885863e-08,3.8399106471051274e-08,1.2960027060184527e-08,4.1479929856572304e-11,3.0800592791301937e-07,1.376193242016961e-05,5.2215145717218456e-08,0.0001275242549630146,6.659145465355721e-09,1.554561775087103e-06,9.26602208459555e-09,1.063897894507853e-05,7.49640903209002e-12,1.619005358430821e-11,9.915613296243059e-08,1.1454810783416283e-07,2.7631987636712286e-13,4.816292555046858e-11,7.777106934949624e-11
4.927236524561097e-07,0.16628943999999996,0.8585084662769803,0.0,0.0,0.4413554575642936,0.10582291291977367,0.019646272354106487,5.128272043235665e-07,0.00028504574553368713,0.006426591029382766,0.0030048948255160294,4.1789931299611196e-05,4.757014386151913e-13,0.002156525900148337,2.7444414049772123e-11,0.00039954046138341686,1.849523573133077e-09,4.367842225330677e-06,2.1810099038673306e-10,1.2548968992487087e-11,3.1055160203887184e-05,9.846950482755395e-07,0.007577466112042143,0.0030127024292134178,0.00021880576552638244,7.638682556229319e-07,1.054032168652134e-08,3.840835466892248e-08,1.2986347432322525e-08,4.150576082962006e-11,3.081523645403988e-07,1.3762579382232047e-05,5.2279401313267486e-08,0.000127676491034766,6.66077766084114e-09,1.5580599721012268e-06,9.278545903950457e-09,1.0639068741975881e-05,7.508850128086711e-12,1.6215946110908143e-11,9.93946219676392e-08,1.1465442164106335e-07,2.7694129904222923e-13,4.8240931775450896e-11,7.788383527998958e-11
4.931198353658548e-07,0.16628943999999996,0.8585084662769803,0.0,0.0,0.4413550069117612,0.10581898368601161,0.01964391375041615,5.139984868579961e-07,0.00028557050606996113,0.006433464718511118,0.0030085489837771433,4.182465206493887e-05,4.770727266194564e-13,0.002157002765027102,2.7487434670053382e-11,0.00039956670155690677,1.8511469906083984e-09,4.37420386437674e-06,2.1838088131993256e-10,1.2569531283308711e-11,3.106568590697743e-05,9.866864260229018e-07,0.007577175641821776,0.00301322088840373,0.00021888984691592026,7.642938700038107e-07,1.0541386821212239e-08,3.84166610517986e-08,1.301005700903138e-08,4.152900563090347e-11,3.0828416615999227e-07,1.3763164031812061e-05,5.233724175798986e-08,0.0001278135179069325,6.662243760695584e-09,1.561211179785747e-06,9.289819910403741e-09,1.0639147049533885e-05,7.520054020757088e-12,1.6239255999751152e-11,9.960947849375967e-08,1.1474999710584172e-07,2.7750108238189236e-13,4.831114494850072e-11,7.798532818281506e-11
4.935160182755998e-07,0.16628943999999996,0.8585084662769803,0.0,0.0,0.4413545580290327,0.10581505457769823,0.019641555431899296,5.151712709211715e-07,0.00028609571912090116,0.006440339068442243,0.003012203924049254,4.185933585867497e-05,4.784467856419635e-13,0.002157478741667279,2.753044664713151e-11,0.00039959293925078765,1.8527688953421665e-09,4.380566140122377e-06,2.1866086274244613e-10,1.2590103750491746e-11,3.107619617825677e-05,9.886794962075215e-07,0.007576885212982611,0.0030137375573416774,0.00021897389186276568,7.647190016233325e-07,1.0542447208847026e-08,3.842495136203936e-08,1.3033786698623199e-08,4.155224754168872e-11,3.0841597612605827e-07,1.3763750940932338e-05,5.2395092043343433e-08,0.0001279505583867499,6.663707140751374e-09,1.5643650660348697e-06,9.301096345904892e-09,1.0639222988614228e-05,7.531264451980574e-12,1.626257213640561e-11,9.982453985404767e-08,1.1484547122674234e-07,2.7806134168299687e-13,4.838136520508182e-11,7.808682433357666e-11
4.939122011853449e-07,0.16628943999999996,0.8585084662769803,0.0,0.0,0.4413541109143072,0.10581112559487688,0.01963919739850285,5.163455564907927e-07,0.0002866213844571846,0.0064472140771336785,0.003015859644815317,4.1893982676823845e-05,4.79823618719423e-13,0.002157953831599445,2.7573449881924998e-11,0.00039961917446224856,1.8543892869543576e-09,4.386929044791282e-06,2.189409345484652e-10,1.261068637642908e-11,3.108669104077894e-05,9.90674257098323e-07,0.007576594825491484,0.0030142524378558334,0.000219057900411297,7.651436505086465e-07,1.054350285854094e-08,3.8433225626684426e-08,1.3057536490667104e-08,4.1575486587289716e-11,3.085477945799965e-07,1.3764340110820144e-05,5.2452952150277883e-08,0.00012808761243415524,6.665167805735514e-09,1.567521628109152e-06,9.312375205859876e-09,1.0639296567938956e-05,7.542481418102117e-12,1.628589450265688e-11,1.0003980585874544e-07,1.14940843992704e-07,2.7862207646286676e-13,4.845159245993223e-11,7.818832360721277e-11
4.9430838409509e-07,0.16628943999999996,0.8585084662769803,0.0,0.0,0.44135366556578626,0.10580719673759091,0.019636839650173748,5.175213435425941e-07,0.00028714750184913107,0.0064540897425472464,0.0030195161445609247,4.19285925155547e-05,4.812032288883926e-13,0.002158428036351179,2.7616444275607445e-11,0.00039964540718846585,1.8560081650723283e-09,4.39329257062005e-06,2.19221096632328e-10,1.2631279143530833e-11,3.1097170517535066e-05,9.926707069638916e-07,0.007576304479315277,0.0030147655317725106,0.00021914187260580324,7.655678166887047e-07,1.054455377938969e-08,3.844148387270467e-08,1.3081306374583648e-08,4.159872278824564e-11,3.0867962166325383e-07,1.3764931542699848e-05,5.251082205971885e-08,0.0001282246800091706,6.666625760363433e-09,1.5706808632686115e-06,9.323656485682494e-09,1.063936779619545e-05,7.553704914964622e-12,1.6309223080300982e-11,1.0025527631799011e-07,1.1503611539311966e-07,2.791832862386554e-13,4.8521826627931684e-11,7.828982587880716e-11
4.947045670048351e-07,0.16628943999999996,0.8585084662769803,0.0,0.0,0.44135322198167304,0.10580326800588366,0.01963448218685898,5.186986320504276e-07,0.00028767407106671726,0.006460966062648876,0.0030231734217741986,4.1963165371194506e-05,4.825856191852808e-13,0.0021589013574471864,2.7659429729597474e-11,0.000399671637426604,1.857625529330511e-09,4.399656709857643e-06,2.1950134888851302e-10,1.265188203422368e-11,3.1107634631456245e-05,9.946688440724946e-07,0.0075760141744209124,0.003015276840915858,0.00021922580849049135,7.659915001913502e-07,1.0545599980471601e-08,3.844972612704188e-08,1.3105096339941398e-08,4.1621956170782e-11,3.0881145751683257e-07,1.3765525237793496e-05,5.256870175269164e-08,0.00012836176107189963,6.6680810093443665e-09,1.573842768772766e-06,9.334940180794583e-09,1.0639436682037904e-05,7.564934939020017e-12,1.6332557851191823e-11,1.0047095104181916e-07,1.1513128541781626e-07,2.797449705275297e-13,4.859206762409653e-11,7.839133102354439e-11
4.951007499145802e-07,0.16628943999999996,0.8585084662769803,0.0,0.0,0.44135278016017304,0.10579933939979848,0.019632125008505544,5.19877421986383e-07,0.000288201091879599,0.006467843035408333,0.0030268314749456234,4.199770124021729e-05,4.839707926463538e-13,0.002159373796409489,2.770240614554308e-11,0.00039969786517381634,1.8592413793699426e-09,4.406021454764594e-06,2.1978169121162916e-10,1.2672495030949807e-11,3.11180834054176e-05,9.9666866669211e-07,0.007575723910775351,0.003015786367108003,0.00021930970810948774,7.664147010460453e-07,1.0546641470847684e-08,3.8457952416576644e-08,1.31289063761738e-08,4.164518675667526e-11,3.08943302281784e-07,1.3766121197320571e-05,5.2626591210198535e-08,0.00012849885558252229,6.66953355737724e-09,1.577007341880674e-06,9.346226286625031e-09,1.0639503234089614e-05,7.576171486253621e-12,1.635589879719094e-11,1.0068682984017765e-07,1.1522635405702575e-07,2.803071288465055e-13,4.86623153635702e-11,7.849283891673209e-11
4.954969328243253e-07,0.16628943999999996,0.8585084662769803,0.0,0.0,0.44135234009949403,0.10579541091937866,0.019629768115060498,5.210577133205087e-07,0.0002887285640570614,0.006474720658799827,0.003030490302568419,4.2032200119267254e-05,4.853587523077123e-13,0.002159845354757001,2.774537342535839e-11,0.00039972409042724345,1.8608557148393133e-09,4.412386797614844e-06,2.2006212349643545e-10,1.2693118116169422e-11,3.112851686222938e-05,9.986701730903862e-07,0.0075754336883456065,0.003016294112168727,0.00021939357150682672,7.668374192819864e-07,1.0547678259559502e-08,3.846616276814487e-08,1.3152736472780147e-08,4.166841457071446e-11,3.090751560988292e-07,1.3766719422498044e-05,5.2684490413311084e-08,0.00012863596350130683,6.670983409152548e-09,1.5801745798508723e-06,9.357514798611214e-09,1.0639567460938107e-05,7.58741455297422e-12,1.6379245900209942e-11,1.0090291252290462e-07,1.1532132130144815e-07,2.808697607125631e-13,4.873256976164394e-11,7.859434943380883e-11
4.958931157340704e-07,0.16628943999999996,0.8585084662769803,0.0,0.0,0.4413519017978458,0.10579148256466746,0.019627411506470908,5.222395060208805e-07,0.00028925648736803075,0.006481598930801862,0.003034149903138445,4.206666200515248e-05,4.867495012052944e-13,0.0021603160340056366,2.7788331471214892e-11,0.00039975031318401424,1.8624685353946376e-09,4.418752730695291e-06,2.2034264563783717e-10,1.2713751272360158e-11,3.113893502463926e-05,1.000673361534663e-06,0.007575143507098734,0.0030168000779155543,0.00021947739872645437,7.672596549288909e-07,1.054871035563053e-08,3.847435720852685e-08,1.3176586619212102e-08,4.1691639636412016e-11,3.092070191085669e-07,1.3767319914540185e-05,5.2742399343119847e-08,0.00012877308478860652,6.672430569350983e-09,1.5833444799414054e-06,9.368805712198572e-09,1.063962937113646e-05,7.598664135361998e-12,1.6402599142177695e-11,1.0111919889973745e-07,1.1541618714223466e-07,2.8143286564258014e-13,4.880283073375169e-11,7.869586245031687e-11
4.962892986438155e-07,0.16628943999999996,0.8585084662769803,0.0,0.0,0.4413514652534405,0.10578755433570809,0.019625055182683895,5.234228000536887e-07,0.00028978486158109105,0.006488477849397027,0.0030378102751540833,4.2101086894837174e-05,4.88143042374881e-13,0.002160785835668448,2.783128018553039e-11,0.0003997765334412462,1.864079840698911e-09,4.4251192463052e-06,2.2062325753088064e-10,1.2734394482016356e-11,3.114933791533515e-05,1.0026782302919909e-06,0.007574853367001829,0.003017304266163846,0.00021956118981223413,7.676814080169987e-07,1.0549737768066207e-08,3.848253576445228e-08,1.320045680490194e-08,4.171486197713231e-11,3.0933889145143223e-07,1.3767922674658743e-05,5.280031798074475e-08,0.00012891021940485633,6.673875042644221e-09,1.5865170394098617e-06,9.380099022840257e-09,1.0639688973204954e-05,7.609920229585187e-12,1.6425958505054327e-11,1.0133568878031781e-07,1.1551095157096626e-07,2.8199644315335623e-13,4.8873098195463625e-11,7.879737784191534e-11
4.970816644633058e-07,0.16628943999999996,0.8585084662769803,0.0,0.0,0.4413505974292175,0.10577969825521798,0.019620343389306148,5.257938919720249e-07,0.00029084296178612414,0.0065022376183174165,0.003045133327528212,4.216982567423266e-05,4.90938513672391e-13,0.002161722812274632,2.7917149230433104e-11,0.0003998289664455102,1.8672979042409514e-09,4.437853994371848e-06,2.2118475015276898e-10,1.2775710991785487e-11,3.117009797204113e-05,1.0066930018126404e-06,0.007574273210126536,0.0030183073174155895,0.00021972866375728878,7.685234666396528e-07,1.055177857796408e-08,3.849884532961103e-08,1.3248257251754355e-08,4.176129857843727e-11,3.096026646973708e-07,1.376913500395979e-05,5.291618430409477e-08,0.00012918452846634806,6.676755947158284e-09,1.592870125508734e-06,9.402692817137504e-09,1.0639801286871503e-05,7.632451938379567e-12,1.6472695521534776e-11,1.0176927829082017e-07,1.1570017616071051e-07,2.8312501398405343e-13,4.9013652250656375e-11,7.900041525363681e-11
4.978740302827961e-07,0.16628943999999996,0.8585084662769803,0.0,0.0,0.4413497366125638,0.1057718426782539,0.019615632734504774,5.281709887673511e-07,0.00029190286281399714,0.006515999949503479,0.003052459447728172,4.223841643627263e-05,4.937451904832591e-13,0.002162656296622849,2.8002979784342203e-11,0.00039988138941675935,1.8705099029089117e-09,4.4505909804562764e-06,2.217466005252566e-10,1.2817067505766376e-11,3.1190797212659634e-05,1.010714473783275e-06,0.00757369321745737,0.0030193032804037767,0.00021989599369122556,7.693635953999202e-07,1.055380076093896e-08,3.851509167647358e-08,1.3296137728567776e-08,4.1807724563162313e-11,3.0986647695661893e-07,1.3770356420045765e-05,5.3032089232969755e-08,0.0001294588903708837,6.679626159891171e-09,1.5992338161995228e-06,9.42529614528234e-09,1.0639904469447607e-05,7.655009648977471e-12,1.65194568059452e-11,1.0220367952966544e-07,1.1588899501187561e-07,2.842554693376581e-13,4.9154231254506995e-11,7.920346067665141e-11
4.986663961022864e-07,0.16628943999999996,0.8585084662769803,0.0,0.0,0.4413488827892521,0.10576398760516117,0.019610923217857776,5.305540901011522e-07,0.00029296456280104936,0.006529764826963386,0.003059788623831779,4.230685916226329e-05,4.965630970878409e-13,0.0021635863007144944,2.808877107551398e-11,0.00039993380233154955,1.873715834257987e-09,4.463330143399087e-06,2.223088078137363e-10,1.2858463884519177e-11,3.12114358165461e-05,1.0147426323306557e-06,0.0075731133887326635,0.0030202921695735904,0.00022006317996192963,7.70201794554402e-07,1.055580438839018e-08,3.853127501709461e-08,1.3344098150340387e-08,4.185414011947923e-11,3.101303293464184e-07,1.3771586932522345e-05,5.314803261748079e-08,0.00012973330480486986,6.6824857178963545e-09,1.6056080895276299e-06,9.447908971178053e-09,1.0639998587920735e-05,7.67759333104012e-12,1.6566242215057588e-11,1.026388909706244e-07,1.1607740807250148e-07,2.853878053460841e-13,4.929483453649273e-11,7.94065131205307e-11
4.994587619217767e-07,0.16628943999999996,0.8585084662769803,0.0,0.0,0.4413480359450893,0.10575613303628482,0.019606214838943696,5.329431956045486e-07,0.00029402805987812725,0.0065435322347709235,0.003067120843957241,4.2375153835985705e-05,4.993922577637608e-13,0.0021645128365051377,2.817452233619606e-11,0.0003999862051662742,1.8769156959544863e-09,4.476071422240045e-06,2.2287137118583972e-10,1.2899899988875801e-11,3.123201396210118e-05,1.018777463577603e-06,0.007572533723691441,0.003021273999335619,0.000220230222915941,7.710380643662507e-07,1.0557789531431273e-08,3.854739556273221e-08,1.3392138431838722e-08,4.1900545435211286e-11,3.103942229812919e-07,1.3772826550956717e-05,5.3264014308241163e-08,0.00013000777145601587,6.685334658084588e-09,1.611992923532207e-06,9.470531258851651e-09,1.0640083708758735e-05,7.700202954271426e-12,1.6613051606120337e-11,1.0307491108601605e-07,1.1626541529743868e-07,2.865220181402222e-13,4.9435461428283764e-11,7.960957159673916e-11
5.010434935607572e-07,0.16628943999999996,0.8585084662769803,0.0,0.0,0.4413463631376063,0.1057404254125595,0.019596801492630937,5.377394174933792e-07,0.00029616043779845185,0.006571074578049763,0.0030817943689471225,4.251129897396271e-05,5.05084438425979e-13,0.0021663555507782616,2.83459017150246e-11,0.0004000909805003423,1.8832972016037446e-09,4.501560084766874e-06,2.239975628625905e-10,1.2982890819089288e-11,3.12729895870845e-05,1.0268670886437841e-06,0.007571374883618958,0.003023216538106887,0.0002205638802534013,7.727048170474312e-07,1.0561704647318178e-08,3.8579449110137026e-08,1.3488458231929711e-08,4.199332609453567e-11,3.109221384309363e-07,1.3775333143778907e-05,5.3496092013455874e-08,0.00013055686016709493,6.691000831944999e-09,1.624794185699297e-06,9.51580407625478e-09,1.0640227220837399e-05,7.745499903273261e-12,1.67067417654674e-11,1.0394937122240078e-07,1.1664021209325978e-07,2.887960586046424e-13,4.971678337887751e-11,8.001570270147145e-11
5.024612044120987e-07,0.16628943999999996,0.8585084662769803,0.0,0.0,0.44134489015156814,0.105726374986618,0.019588384106624397,5.420504966180389e-07,0.00029807414964142274,0.006595722551534299,0.003094931597917683,4.263259328008736e-05,5.102150896068432e-13,0.0021679924152937582,2.8499075539299517e-11,0.00040018467876309373,1.88898554034364e-09,4.524368973107464e-06,2.2500625984109092e-10,1.3057268223019982e-11,3.1309443445609424e-05,1.0341265994851699e-06,0.007570338730315855,0.003024930557525524,0.00022086188978978651,7.74189366993924e-07,1.0565145175593999e-08,3.860791363074743e-08,1.3574896390075188e-08,4.207629539802772e-11,3.11394565728407e-07,1.3777606519533472e-05,5.370383856136313e-08,0.00013104825230084995,6.6960341974424165e-09,1.6362818559534936e-06,9.556337141565284e-09,1.0640325756730606e-05,7.78611047435521e-12,1.6790637456095945e-11,1.047343948257831e-07,1.1697413161870112e-07,2.908367530335425e-13,4.99685291986549e-11,8.037904080139146e-11
5.038789152634403e-07,0.16628943999999996,0.8585084662769803,0.0,0.0,0.44134343929165787,0.10571232618008992,0.019579970356382165,5.463807897662461e-07,0.00029999358557340023,0.006620378384120273,0.003108078391290538,4.275341348980288e-05,5.153821403240976e-13,0.002169618358060647,2.8652109623116017e-11,0.0004002783443881545,1.894654417547514e-09,4.547183709313853e-06,2.2601608408192335e-10,1.313177067836802e-11,3.134570645272898e-05,1.0414072586047025e-06,0.007569303097039148,0.0030266221971898236,0.00022115944578263025,7.75667744898349e-07,1.0568527607639859e-08,3.863618033043001e-08,1.3661588884605351e-08,4.215923478309938e-11,3.1186714203039134e-07,1.3779909191022055e-05,5.391170547037386e-08,0.00013153980686652166,6.701034131871248e-09,1.6478029969694519e-06,9.596899950674121e-09,1.064039648479543e-05,7.826803627889487e-12,1.68746077523948e-11,1.0552198374017027e-07,1.1730675155828012e-07,2.928833962231346e-13,5.022034045146061e-11,8.074238314180518e-11
5.052966261147819e-07,0.16628943999999996,0.8585084662769803,0.0,0.0,0.4413420104777655,0.1056982789949403,0.019571560239508116,5.507302937585228e-07,0.0003019187346962754,0.006645041986875376,0.003121234682419218,4.2873759595421076e-05,5.205857295303029e-13,0.0021712334459601627,2.8804999710138663e-11,0.0004003719772353495,1.900303823679974e-09,4.570003951207418e-06,2.2702703089590158e-10,1.3206397397674202e-11,3.138177959705294e-05,1.0487089864081365e-06,0.007568267982318091,0.003028291538432762,0.0002214565501703291,7.771399524963919e-07,1.0571852340818567e-08,3.86642503914569e-08,1.3748535219238105e-08,4.224214531378112e-11,3.123398736269922e-07,1.3782241211742745e-05,5.41196919023583e-08,0.00013203152212084158,6.706000841673547e-09,1.6593574827875141e-06,9.637492301853082e-09,1.064043976786513e-05,7.867579191888994e-12,1.695865185344284e-11,1.0631212916829284e-07,1.1763807188788573e-07,2.949359659843138e-13,5.047221338617733e-11,8.1105724127687e-11
5.067143369661234e-07,0.16628943999999996,0.8585084662769803,0.0,0.0,0.4413406036301188,0.10568423343313108,0.019563153753611263,5.550990051093122e-07,0.00030384958605712744,0.006669713271519584,0.0031344004050589355,4.2993631613163294e-05,5.258259961455085e-13,0.0021728377454189266,2.8957741584838685e-11,0.00040046557716330285,1.9059337502823244e-09,4.592829358611981e-06,2.2803909561625035e-10,1.3281147596289646e-11,3.141766385775551e-05,1.0560317032792552e-06,0.007567233384688804,0.003029938662243138,0.00022175320487811118,7.786059915885942e-07,1.0575119769660182e-08,3.869212498819818e-08,1.3835734895384516e-08,4.2325028050775516e-11,3.128127667820143e-07,1.3784602634838355e-05,5.432779702417997e-08,0.0001325233963334896,6.710934531875983e-09,1.6709451874131038e-06,9.678113994603711e-09,1.064045596375868e-05,7.908436994811787e-12,1.7042768963114054e-11,1.0710482230061651e-07,1.1796809264919861e-07,2.9699444012260467e-13,5.072414427372708e-11,8.146905818342287e-11
5.08132047817465e-07,0.16628943999999996,0.8585084662769803,0.0,0.0,0.4413392186692815,0.1056701894966211,0.019554750896305727,5.59486920028058e-07,0.0003057861286485439,0.0066943921504208385,0.0031475754933639496,4.3113029582841777e-05,5.311030790562256e-13,0.0021744313224121956,2.9110331072469385e-11,0.00040055914402953346,1.9115441899589024e-09,4.61565959334545e-06,2.2905227359849096e-10,1.3356020492381649e-11,3.1453360204652535e-05,1.063375329583951e-06,0.00756619930269424,0.0030315636492677994,0.00022204941181816197,7.800658640397348e-07,1.0578330285883114e-08,3.8719805287178215e-08,1.3923187412162644e-08,4.2407884051490066e-11,3.1328582773330244e-07,1.378699351310527e-05,5.4536020007662855e-08,0.00013301542778700718,6.715835406100044e-09,1.6825659848231755e-06,9.718764829649067e-09,1.0640445425348071e-05,7.949376865560752e-12,1.7126958290056444e-11,1.0790005431591906e-07,1.1829681394881194e-07,2.9905879643929125e-13,5.0976129406977575e-11,8.183237975281088e-11
5.095497586688066e-07,0.16628943999999996,0.8585084662769803,0.0,0.0,0.4413378555161501,0.10565614718736635,0.019546351665210786,5.638940344203266e-07,0.0003077283514089504,0.0067190785365906225,0.0031607598818848568,4.32319535675346e-05,5.364171171143863e-13,0.0021760142424671904,2.92627640390338e-11,0.0004006526776905496,1.9171351363630967e-09,4.638494319211116e-06,2.300665602203219e-10,1.3431015306939306e-11,3.1488869598280876e-05,1.0707397856743445e-06,0.007565165734884132,0.0030331665798139155,0.00022234517288975542,7.815195717780058e-07,1.0581484278416478e-08,3.8747292447133304e-08,1.4010892266411545e-08,4.2490714370066885e-11,3.1375906269308313e-07,1.3789413899002275e-05,5.474436002955783e-08,0.00013350761477670748,6.720703666572518e-09,1.6942197489727429e-06,9.759444608925277e-09,1.0640408500626683e-05,7.990398633483483e-12,1.721121904766611e-11,1.086978163818757e-07,1.18624235957335e-07,3.0112901273255936e-13,5.122816510064408e-11,8.21956832990592e-11
5.123851803714898e-07,0.16628943999999996,0.8585084662769803,0.0,0.0,0.4413351943182461,0.10562806745843156,0.019529564072155076,5.727658437346776e-07,0.00031162979292149095,0.006768473485974599,0.003187156299743249,4.346837994878788e-05,5.471566139020635e-13,0.0021791483716497185,2.956714407649302e-11,0.00040083964481842826,1.9282585291350722e-09,4.684175909429457e-06,2.3209844100375592e-10,1.3581367589545693e-11,3.1559331321931297e-05,1.085530868574707e-06,0.007563100136049906,0.0030363065910135913,0.0002229353649608576,7.844085011425069e-07,1.0587624234305568e-08,3.880169194629643e-08,1.4187056963363294e-08,4.265630216124683e-11,3.1470607936091334e-07,1.3794343401882843e-05,5.516138792003325e-08,0.00013449244860926866,6.73034314825491e-09,1.717625673236888e-06,9.840890213932966e-09,1.064025686021138e-05,8.072687180463254e-12,1.7379951732087945e-11,1.103008952841901e-07,1.1927518309861734e-07,3.0528693643243245e-13,5.1732373536766326e-11,8.292221427200769e-11
5.148877108110961e-07,0.16628943999999996,0.8585084662769803,0.0,0.0,0.441332917265488,0.10560328984252243,0.01951475944543579,5.806598195596633e-07,0.00031509195519137325,0.006812093361767487,0.0032104839375929448,4.367547475169181e-05,5.567594000485636e-13,0.0021818797529507537,2.983522905168604e-11,0.0004010045494086414,1.9380111653048067e-09,4.724505974787655e-06,2.338954095625191e-10,1.371446548223726e-11,3.1620908395828934e-05,1.0986538586476048e-06,0.007561278742569663,0.003039005427089105,0.00022345480233425033,7.869377909521799e-07,1.0592859217450186e-08,3.8849073970065534e-08,1.4343372755443072e-08,4.280237402721432e-11,3.155425500886648e-07,1.3798792719917587e-05,5.5529835898246656e-08,0.0001353621590860946,6.738744467631801e-09,1.738391965780432e-06,9.912868024887223e-09,1.0640038622321956e-05,8.145585189530288e-12,1.7529104270139277e-11,1.1172408727005704e-07,1.1984539128122295e-07,3.0897595912334777e-13,5.217751830015612e-11,8.356333397168718e-11
5.171399882067418e-07,0.16628943999999996,0.8585084662769803,0.0,0.0,0.44133092503584626,0.1055809943477851,0.019501444912286767,5.878154847637363e-07,0.0003182228931133047,0.006851370182298558,0.003231502781811239,4.386059894032376e-05,5.655020991763448e-13,0.002184310410687701,3.007603818050792e-11,0.000401152873249548,1.946736563208154e-09,4.7608108542284575e-06,2.3551557762269997e-10,1.3834568723021493e-11,3.167584141539639e-05,1.1105190434087859e-06,0.007559640840331449,0.0030413766138264776,0.00022392113149150006,7.891977548336781e-07,1.0597424895133983e-08,3.889121750227299e-08,1.448472282902378e-08,4.293378338870775e-11,3.162959143096254e-07,1.380287636347613e-05,5.5861740733460345e-08,0.00013614529195945927,6.746221254910823e-09,1.7571678749102273e-06,9.977722724745432e-09,1.0639776104745196e-05,8.211409455843803e-12,1.7663522159896637e-11,1.1301158925358082e-07,1.2035512159529379e-07,3.1231141268169147e-13,5.257823786055559e-11,8.414022496689641e-11
5.193922656023874e-07,0.16628943999999996,0.8585084662769803,0.0,0.0,0.4413289865970614,0.1055587029912399,0.019488139493373222,5.950195236149065e-07,0.0003213679865468215,0.006890664592715078,0.0032525440721291655,4.4044529186697325e-05,5.743402930665553e-13,0.0021867151964067373,3.031638838330103e-11,0.000401301110937944,1.9554127206181613e-09,4.797121793615873e-06,2.3713847092441743e-10,1.3954967346772405e-11,3.1730317454108664e-05,1.122435522596857e-06,0.007558004212970544,0.003043693400762034,0.00022438636504370463,7.914421943209239e-07,1.0601853989030233e-08,3.893289170464987e-08,1.462670157005203e-08,4.306514464841757e-11,3.1704981586592926e-07,1.3807035303367226e-05,5.619392804408819e-08,0.00013692879079290726,6.753618891043698e-09,1.7760249665216107e-06,1.0042647370644243e-08,1.0639452293604038e-05,8.27743771032651e-12,1.7798107995729792e-11,1.1430533457461305e-07,1.2086157904255512e-07,3.156613000713068e-13,5.2979027209637386e-11,8.471698283417097e-11
5.216445429980331e-07,0.16628943999999996,0.8585084662769803,0.0,0.0,0.4413271016418863,0.10553641578064427,0.01947484317930323,6.022719105257414e-07,0.0003245271895216371,0.006929976263389904,0.0032736075579241812,4.422726641540597e-05,5.832745372677225e-13,0.0021890943595374523,3.0556264327452717e-11,0.00040144926187865733,1.9640396424621286e-09,4.833437504650675e-06,2.387640715983487e-10,1.4075658317101706e-11,3.178434008920684e-05,1.1344029769543549e-06,0.0075563688548744646,0.0030459560997738535,0.00022485051022663695,7.936711190149504e-07,1.0606147975838016e-08,3.897410099190154e-08,1.476930689302316e-08,4.3196461937415156e-11,3.1780427892503564e-07,1.3811269740706722e-05,5.6526394675964756e-08,0.00013771264913143018,6.760938145461658e-09,1.7949627353764543e-06,1.0107641204535655e-08,1.0639068443268659e-05,8.343669282317606e-12,1.7932858766423387e-11,1.1560528755286507e-07,1.2136476615490893e-07,3.190255323213133e-13,5.33798722277542e-11,8.529358596796601e-11
5.238968203936788e-07,0.16628943999999996,0.8585084662769803,0.0,0.0,0.441325269865073,0.1055141327237392,0.019461555960716245,6.095726180365207e-07,0.000327700455740873,0.006969304868554052,0.003294692990950813,4.440881168165316e-05,5.923053870517822e-13,0.002191448146837033,3.0795650936650744e-11,0.00040159732547455926,1.9726173395934758e-09,4.8697567111805685e-06,2.403923619097658e-10,1.4196638615829466e-11,3.183791284325191e-05,1.146421087354075e-06,0.007554734760471601,0.003048165020700127,0.00022531357420067699,7.958845388938517e-07,1.0610308315647816e-08,3.9014849732266253e-08,1.4912536698711228e-08,4.332773936798791e-11,3.185593275100797e-07,1.3815579874930815e-05,5.685913750447753e-08,0.00013849686059650958,6.7681797792807494e-09,1.8139806764418868e-06,1.0172703475640144e-08,1.0638625780647525e-05,8.410103503967958e-12,1.806777148986882e-11,1.1691141246844905e-07,1.2186468582351204e-07,3.224040205015764e-13,5.378075892882642e-11,8.587001288616804e-11
5.261490977893244e-07,0.16628943999999996,0.8585084662769803,0.0,0.0,0.44132349096335005,0.10549185382824962,0.01944827782828293,6.169216168268222e-07,0.00033088773858439094,0.007008650086254019,0.003315800125314507,4.458916616815915e-05,6.014333974041648e-13,0.0021937768024224325,3.103453339007376e-11,0.0004017453011272622,1.981145828658487e-09,4.906078149107987e-06,2.4202332425734296e-10,1.4317905243014703e-11,3.189103918492312e-05,1.1584895348365631e-06,0.0075531019242308026,0.003050320471361036,0.00022577556405193805,7.980824642926114e-07,1.0614336452191895e-08,3.905514224807606e-08,1.5056388874302793e-08,4.345898103363847e-11,3.193149855025179e-07,1.3819965903877973e-05,5.7192153434241955e-08,0.0001392814188852547,6.775344545404586e-09,1.833078284949774e-06,1.0237833440363878e-08,1.0638125505810745e-05,8.476739710233447e-12,1.8202843212589187e-11,1.1822367356726786e-07,1.2236134129024154e-07,3.257966757330199e-13,5.418167345929808e-11,8.64462422299998e-11
5.284013751849701e-07,0.16628943999999996,0.8585084662769803,0.0,0.0,0.4413217646354039,0.10546957910188462,0.019435008772704914,6.243188757266201e-07,0.0003340889911119658,0.007048011598311591,0.0033369287174470283,4.476833118226451e-05,6.106591230144953e-13,0.0021960805678006567,3.127289712149915e-11,0.00040189318823771904,1.989625131971525e-09,4.942400566301326e-06,2.4365694117201983e-10,1.4439455216978024e-11,3.1943722529777235e-05,1.1706080006449204e-06,0.007551470340660979,0.0030524227575792896,0.00022623648679334066,8.002649059245091e-07,1.0618233812961256e-08,3.9094982816274184e-08,1.5200861293549052e-08,4.35901910100065e-11,3.200712766461747e-07,1.382442802386283e-05,5.7525439398797873e-08,0.00014006631776959273,6.7824331886159375e-09,1.8522550564515874e-06,1.0303030362224891e-08,1.0637568792566905e-05,8.543577238869752e-12,1.8338071009986105e-11,1.1954203506601642e-07,1.22854736139708e-07,3.2920340919741794e-13,5.458260209716426e-11,8.702225276398436e-11
5.304284248410512e-07,0.16628943999999996,0.8585084662769803,0.0,0.0,0.44132025564335603,0.1054495354191167,0.019423074375735736,6.310176438862343e-07,0.0003369820234150915,0.007083450630876002,0.0033559625973050935,4.4928563874759765e-05,6.190462808147648e-13,0.002198132873039712,3.148696913790424e-11,0.0004020262104383075,1.9972144740489778e-09,4.975090553733773e-06,2.451294517176319e-10,1.4549090005412749e-11,3.199076155860809e-05,1.1815571222782234e-06,0.007550002981975423,0.0030542696107459964,0.00022665041061977379,8.022158739013843e-07,1.0621630791328845e-08,3.913045641117476e-08,1.5331415011114445e-08,4.370825624817973e-11,3.207524995345338e-07,1.3828509150770726e-05,5.782562513528655e-08,0.00014077301288689025,6.788748491511696e-09,1.8695814185360577e-06,1.036176423721901e-08,1.063702044524179e-05,8.603902600179398e-12,1.8459907076947932e-11,1.2073374666223072e-07,1.2329600690916733e-07,3.322814328525186e-13,5.4943438697036714e-11,8.754045771027531e-11
5.324554744971324e-07,0.16628943999999996,0.8585084662769803,0.0,0.0,0.44131878877662883,0.10542949512516986,0.01941114731677742,6.377554506917537e-07,0.0003398862982201196,0.007118902380456955,0.003375013488196619,4.508783537497429e-05,6.27513440958918e-13,0.0022001653831847153,3.170059913417987e-11,0.0004021591599978707,2.004764022233737e-09,5.007779433635886e-06,2.4660408586799087e-10,1.4658949756501585e-11,3.203744690084639e-05,1.1925462687343334e-06,0.007548536629590357,0.0030560738670012844,0.00022706348072092355,8.041543172846066e-07,1.062492400290522e-08,3.9165570411510096e-08,1.546246782428823e-08,4.382630205049542e-11,3.2143427151839387e-07,1.3832652210376148e-05,5.8126024943988224e-08,0.00014147997446533283,6.79500326332531e-09,1.8869711271613567e-06,1.0420551229607124e-08,1.063642813263545e-05,8.664390019618916e-12,1.8581865125931246e-11,1.2193034446100997e-07,1.2373464283337342e-07,3.3537072334643897e-13,5.5304265894720406e-11,8.805845301241285e-11
5.344825241532135e-07,0.16628943999999996,0.8585084662769803,0.0,0.0,0.4413173638195488,0.10540945822563248,0.019399227589115102,6.445322696217605e-07,0.0003428017806552146,0.007154366622788256,0.0033940812172969554,4.524614688353582e-05,6.360610071647412e-13,0.0022021782689907376,3.19137770165321e-11,0.0004022920364805213,2.0122738040794617e-09,5.040466317708096e-06,2.4808083115849407e-10,1.4769032334607597e-11,3.208378093907204e-05,1.2035752081943363e-06,0.007547071279584468,0.003057835745220559,0.0002274757020615228,8.060802445979006e-07,1.0628114455506287e-08,3.9200327842943726e-08,1.5594018155634432e-08,4.3944331351102296e-11,3.221166096311441e-07,1.3836857342917901e-05,5.842663664834676e-08,0.00014218719811691537,6.801198030510798e-09,1.9044238154611256e-06,1.0479390816964107e-08,1.063579265812442e-05,8.725039020213537e-12,1.870394308313025e-11,1.2313180233503238e-07,1.2417064720631928e-07,3.384712160939478e-13,5.5665073956160804e-11,8.857622344547388e-11
5.365095738092946e-07,0.16628943999999996,0.8585084662769803,0.0,0.0,0.44131598055767673,0.10538942472608334,0.019387315186053758,6.513480729693069e-07,0.0003457284356464726,0.00718984313598175,0.003413165613247204,4.540349967575277e-05,6.446893829332129e-13,0.0022041716995749826,3.2126492855585886e-11,0.00040242483945126617,2.0197438505527964e-09,5.073150325276559e-06,2.4955967520851245e-10,1.4879335616110527e-11,3.212976602290103e-05,1.2146437090556e-06,0.007545606928061751,0.003059555463019132,0.0002278870795609288,8.079936646148711e-07,1.0631203146734447e-08,3.9234731702646166e-08,1.5726064419244915e-08,4.406234707352589e-11,3.2279953082388104e-07,1.3841124687814925e-05,5.8727458090033806e-08,0.00014289467950072608,6.8073333144260064e-09,1.921939116910617e-06,1.053828248134409e-08,1.0635114809243264e-05,8.785849126811988e-12,1.882613889339056e-11,1.243380941498758e-07,1.2460402352733616e-07,3.415828465729133e-13,5.6025853231107183e-11,8.909375386517343e-11
5.383339184997677e-07,0.16628943999999996,0.8585084662769803,0.0,0.0,0.44131477109514533,0.10537139748808232,0.019376600280314873,6.575156038091184e-07,0.0003483719485241624,0.007221782307950982,0.0034303556793012194,4.554429859922834e-05,6.52524346615672e-13,0.002205949291355137,3.2317533989039394e-11,0.00040254429891367025,2.026432946924768e-09,5.1025627509040584e-06,2.508924191274891e-10,1.497879552538186e-11,3.217085615807616e-05,1.2246389935981001e-06,0.007544289862194599,0.003061067340730905,0.00022825660185597451,8.097050563009652e-07,1.063389677935386e-08,3.9265395326992025e-08,1.584532876104835e-08,4.416855202135092e-11,3.234146723743022e-07,1.3845018604388338e-05,5.899837494366062e-08,0.00014353162955703773,6.812804638596289e-09,1.9377561198241072e-06,1.05913290806301e-08,1.0634469153540248e-05,8.840715577140655e-12,1.89362142026166e-11,1.254278681989493e-07,1.24991818286023e-07,3.443927834914828e-13,5.6350522057210863e-11,8.955931357964897e-11
5.399758287211934e-07,0.16628943999999996,0.8585084662769803,0.0,0.0,0.44131371117941576,0.10535517533575087,0.01936696192916811,6.630933421714355e-07,0.0003507588018766772,0.007250535777878111,0.003445838062124091,4.567035545683114e-05,6.596323007422379e-13,0.002207535866283238,3.2489138463219905e-11,0.00040265176095809446,2.0324256611583232e-09,5.129030815242998e-06,2.520933262699619e-10,1.5068459563783602e-11,3.220759859455308e-05,1.2336618484354122e-06,0.007543105189414221,0.0030623991120036706,0.0002285885938080565,8.112366586339855e-07,1.0636251847471274e-08,3.929275155254084e-08,1.595300805724925e-08,4.426413083628402e-11,3.239687253841663e-07,1.3848566393613883e-05,5.924234260351505e-08,0.00014410505756411748,6.817688301146856e-09,1.9520343112070603e-06,1.0639106423301507e-08,1.0633859708479622e-05,8.89020634440289e-12,1.9035360971299418e-11,1.2641197873620428e-07,1.2533901841139956e-07,3.4692935672139627e-13,5.664269171988755e-11,8.99781316369789e-11
5.416177389426191e-07,0.16628943999999996,0.8585084662769803,0.0,0.0,0.4413126782426188,0.10533895542404025,0.019357328371852656,6.686966050918408e-07,0.00035315292252754353,0.007279296911877585,0.0034613310801222767,4.57957858049323e-05,6.667939907228695e-13,0.0022091099720512528,3.2660422671659767e-11,0.0004027591740022052,2.038392370913401e-09,5.155495451181009e-06,2.5329558866752623e-10,1.5158264669243566e-11,3.224411615385905e-05,1.242710248514458e-06,0.007541921164893318,0.0030637036046774076,0.0002289200407170484,8.127600712193874e-07,1.0638541891100471e-08,3.931988103682582e-08,1.6061009887396374e-08,4.4359705904316885e-11,3.2452319082682494e-07,1.3852155245776015e-05,5.94864440933545e-08,0.0001446786471031612,6.822533847286888e-09,1.966352932654686e-06,1.0686917027243556e-08,1.0633223811474758e-05,8.939801974449944e-12,1.9134581467754672e-11,1.2739921434461959e-07,1.2568450114473336e-07,3.494731229267911e-13,5.693482560903185e-11,9.03967655586158e-11
5.432596491640449e-07,0.16628943999999996,0.8585084662769803,0.0,0.0,0.4413116721731124,0.10532273775589743,0.019347699604848154,6.743253755970871e-07,0.00035555429145698426,0.00730806559649845,0.003476834644983961,4.592059045773871e-05,6.740096305554413e-13,0.0022106716954630005,3.2831381650171846e-11,0.0004028665378176818,2.0443330989001296e-09,5.181956205108649e-06,2.544991998991041e-10,1.524820973627698e-11,3.2280410023265445e-05,1.2517840712480637e-06,0.007540737786609043,0.003064980932031429,0.00022925094511279056,8.142752991281364e-07,1.0640767421429978e-08,3.934678531923329e-08,1.6169333392723475e-08,4.445527875824909e-11,3.2507807755788995e-07,1.3855785233569624e-05,5.973067830041865e-08,0.00014525239595570844,6.827341544537719e-09,1.9807117901647684e-06,1.0734760625609801e-08,1.0632561851967314e-05,8.989502218258966e-12,1.923387463402467e-11,1.2838956113339194e-07,1.2602826872085377e-07,3.5202404796111295e-13,5.722691875445233e-11,9.081520745085157e-11
5.449015593854706e-07,0.16628943999999996,0.8585084662769803,0.0,0.0,0.4413106928597629,0.10530652233426561,0.019338075624642587,6.799796362164073e-07,0.0003579628895618307,0.007336841719269938,0.0034923486690016867,4.6044770258534426e-05,6.812794341346193e-13,0.0022122211226499847,3.3002010503886324e-11,0.00040297385217706746,2.050247869164905e-09,5.208412626595772e-06,2.557041535785193e-10,1.5338293664572403e-11,3.2316481376697794e-05,1.2608831941771793e-06,0.007539555052549021,0.00306623120682472,0.0002295813095067293,8.157823475263473e-07,1.0642928945482465e-08,3.9373465927452714e-08,1.6277977710972154e-08,4.455085092652754e-11,3.256333944005224e-07,1.3859456429413244e-05,5.997504411946352e-08,0.000145826301922695,6.832111658330391e-09,1.995110689937638e-06,1.0782636953398608e-08,1.0631874213166593e-05,9.039306827585405e-12,1.9333239419809866e-11,1.2938300521377458e-07,1.2637032345451703e-07,3.545820977146216e-13,5.751896622087319e-11,9.123344945455913e-11
5.465434696068964e-07,0.16628943999999996,0.8585084662769803,0.0,0.0,0.44130974019194213,0.10529030916208408,0.01932845642773222,6.856593689838e-07,0.0003603786976561616,0.007365625168693907,0.0035078730650677315,4.6168326079152404e-05,6.886036152501579e-13,0.0022137583390770786,3.317230440696371e-11,0.00040308111685384183,2.056136707067498e-09,5.234864268373141e-06,2.5691044335427853e-10,1.5428515358990202e-11,3.235233137488369e-05,1.270007494976777e-06,0.0075383729607112595,0.003067454541299769,0.00022991113639211208,8.172812216691101e-07,1.0645026966162863e-08,3.9399924377576296e-08,1.638694197641452e-08,4.464642393318125e-11,3.2618915014579557e-07,1.3863168905462177e-05,6.021954045270398e-08,0.00014640036282430078,6.836844452023985e-09,2.009549438385535e-06,1.0830545747438368e-08,1.063116127214908e-05,9.089215554961816e-12,1.9432674782334292e-11,1.3037953269994372e-07,1.267106677389502e-07,3.5714723811599143e-13,5.781096310772522e-11,9.165148374514902e-11
5.481853798283221e-07,0.16628943999999996,0.8585084662769803,0.0,0.0,0.4413088140595235,0.10527409824228846,0.01931884201062159,6.913645554403147e-07,0.0003628016964719344,0.007394415834237337,0.0035234077466695206,4.6291258819451346e-05,6.959823875852147e-13,0.0022152834295481667,3.334225860229906e-11,0.0004031883316224899,2.061999639258363e-09,5.261310686313991e-06,2.5811806290935296e-10,1.5518873729560457e-11,3.2387961165500015e-05,1.2791568514616504e-06,0.007537191509104089,0.003068651047186372,0.00023024042824418666,8.187719268982172e-07,1.0647061982300635e-08,3.9426162174197246e-08,1.6496225319874124e-08,4.474199929783594e-11,3.267453535532167e-07,1.3866922733621256e-05,6.046416620975701e-08,0.00014697457649979852,6.841540186923557e-09,2.024027842141813e-06,1.0878486746373062e-08,1.0630423399956395e-05,9.139228153698188e-12,1.9532179686276515e-11,1.313791297098522e-07,1.270493040444096e-07,3.597194351339078e-13,5.810290454893917e-11,9.206930253251053e-11
5.498272900497478e-07,0.16628943999999996,0.8585084662769803,0.0,0.0,0.44130791435287786,0.10525788957781054,0.019309232369823445,6.970951766363436e-07,0.00036523186665962133,0.007423213606324861,0.003538952627885062,4.641356940679695e-05,7.034159647146735e-13,0.002216796478211761,3.351186840121898e-11,0.0004032954962585689,2.0678366936561256e-09,5.2877514394155986e-06,2.593270059609614e-10,1.5609367691480455e-11,3.242337188331967e-05,1.2883311415921607e-06,0.00753601069574608,0.0030698208357054007,0.00023056918752038143,8.20254468647416e-07,1.0649034488669132e-08,3.945218081050526e-08,1.6605826868765712e-08,4.4837578535951e-11,3.273020133514893e-07,1.38707179855573e-05,6.070892030758526e-08,0.0001475489408074036,6.846199122296964e-09,2.0385457080699864e-06,1.0926459690648644e-08,1.0629660961692146e-05,9.189344377878924e-12,1.963175310383291e-11,1.3238178236607309e-07,1.2738623491675088e-07,3.622986547786905e-13,5.839478571274432e-11,9.248689806102987e-11
5.514692002711736e-07,0.16628943999999996,0.8585084662769803,0.0,0.0,0.4413070409628698,0.10524168317157848,0.019299627501858714,7.028512131339098e-07,0.0003676691887888445,0.007452018376331346,0.0035545076233784124,4.653525879554831e-05,7.109045601034882e-13,0.002218297568566565,3.368112918317266e-11,0.00040340261053877126,2.0736478994253067e-09,5.314186089780858e-06,2.60537266260356e-10,1.5699996165111864e-11,3.245856465035746e-05,1.2975302434798647e-06,0.007534830518665967,0.00307096401757255,0.0002308974166604936,8.21728852436726e-07,1.0650944976031775e-08,3.947798176838401e-08,1.6715745747116008e-08,4.493316315875411e-11,3.2785913823888174e-07,1.387455473271176e-05,6.095380167044058e-08,0.00014812345362412457,6.8508215153927854e-09,2.0531028432726698e-06,1.0974464322498605e-08,1.0628874316617434e-05,9.239563982361293e-12,1.973139401459122e-11,1.3338747679663042e-07,1.2772146297601308e-07,3.6488486310382194e-13,5.868660180146009e-11,9.290426260953796e-11
5.531111104925993e-07,0.16628943999999996,0.8585084662769803,0.0,0.0,0.4413061937808547,0.1052254790265167,0.01929002740325646,7.086326450089527e-07,0.0003701136433490043,0.007480830036574568,0.003570072648395188,4.6656327966550925e-05,7.184483871050427e-13,0.0022197867834669958,3.385003639541684e-11,0.00040350967424098534,2.0794332869543074e-09,5.340614202599943e-06,2.617488375926073e-10,1.5790758075977356e-11,3.249354057601487e-05,1.3067540353930427e-06,0.00753365097590259,0.0030720807030020555,0.0002312251180868775,8.231950838708766e-07,1.0652793931181637e-08,3.950356651850706e-08,1.682598107558312e-08,4.502875467326525e-11,3.2841673688375743e-07,1.3878433046313008e-05,6.119880922980877e-08,0.00014869811284561553,6.855407621457789e-09,2.0676990551003423e-06,1.1022500385929898e-08,1.0628063818244721e-05,9.289886722776296e-12,1.98311014054736e-11,1.343961991358168e-07,1.2805499091502188e-07,3.674780262074717e-13,5.89783480512908e-11,9.33213884912394e-11
5.547530207140251e-07,0.16628943999999996,0.8585084662769803,0.0,0.0,0.4413053726986741,0.10520927714554607,0.019280432070553872,7.144394518536069e-07,0.0003725652107499086,0.007509648480307909,0.003585647618758128,4.6776777926636236e-05,7.260476589595334e-13,0.002221264205128641,3.40185855526942e-11,0.0004036166871443525,2.0851928878336592e-09,5.367035346132007e-06,2.6296171377639135e-10,1.5881652354756825e-11,3.252830075722355e-05,1.3160023957621347e-06,0.007532472065504799,0.003073171001710349,0.00023155229420461712,8.246531686432725e-07,1.0654581836963127e-08,3.952893652043109e-08,1.693653197149887e-08,4.51243545825162e-11,3.2897481792526636e-07,1.3882352997388224e-05,6.144394192435455e-08,0.00014927291638602968,6.859957693753405e-09,2.0823341511599163e-06,1.107056762670961e-08,1.0627229814430112e-05,9.340312355525151e-12,1.9930874270777418e-11,1.3540793552499543e-07,1.283868214980103e-07,3.7007811023402625e-13,5.927001973212502e-11,9.37382680537421e-11
5.563949309354508e-07,0.16628943999999996,0.8585084662769803,0.0,0.0,0.44130457760865277,0.10519307753158388,0.01927084150029621,7.202716127784799e-07,0.0003750238713224013,0.0075384736017131745,0.0036012324508626794,4.689660970812715e-05,7.337025887923688e-13,0.0022227299151336725,3.41867722369054e-11,0.0004037236490293214,2.0909267348345473e-09,5.393449091686938e-06,2.641758886637797e-10,1.5972677937283226e-11,3.256284627858809e-05,1.3252752031850572e-06,0.007531293785531401,0.003074235022919695,0.0002318789474017087,8.261031125308553e-07,1.0656309172316009e-08,3.9554093222690446e-08,1.7047397548887042e-08,4.5219964385484834e-11,3.295333899737194e-07,1.3886314656775442e-05,6.168919869986657e-08,0.00014984786217787412,6.864471983573128e-09,2.0970079393231758e-06,1.111866579235095e-08,1.0626372647464108e-05,9.390840637777633e-12,2.0030711612058123e-11,1.364226721133894e-07,1.287169575592559e-07,3.7268508137553156e-13,5.956161214732965e-11,9.41548936789949e-11
5.580368411568766e-07,0.16628943999999996,0.8585084662769803,0.0,0.0,0.4413038084035949,0.10517688018754376,0.019261255689036742,7.261291064149264e-07,0.00037748960531898445,0.00756730529589341,0.003616827061672629,4.701582436834907e-05,7.414133896125861e-13,0.0022241839944362146,3.4354592096774895e-11,0.0004038305596776994,2.096634861887548e-09,5.419855013607128e-06,2.6539135614002946e-10,1.606383376453792e-11,3.2597178212527566e-05,1.3345723364324272e-06,0.0075301161340510835,0.0030752728753618013,0.00023220508004924073,8.275449213932013e-07,1.0657976412312189e-08,3.9579038062890375e-08,1.7158576918482505e-08,4.531558557713283e-11,3.300924616111276e-07,1.3890318095135255e-05,6.193457850920377e-08,0.00015042294817186607,6.868950740259406e-09,2.1117202277350635e-06,1.1166794632099577e-08,1.0625492654161002e-05,9.441471327473416e-12,2.013061243808323e-11,1.3744039505885825e-07,1.2904540200173343e-07,3.752989058731391e-13,5.985312063354637e-11,9.457125778321005e-11
5.596787513783023e-07,0.16628943999999996,0.8585084662769803,0.0,0.0,0.44130306497678035,0.10516068511633589,0.01925167463333677,7.320119109173233e-07,0.0003799623929144425,0.007596143458865828,0.0036324313687157686,4.713442298914655e-05,7.491802743112847e-13,0.002225626523367668,3.452204084751131e-11,0.0004039374188727017,2.1023173040616043e-09,5.446252689249316e-06,2.666081101233752e-10,1.6155118782645704e-11,3.263129761941628e-05,1.3438936744527112e-06,0.00752893910914234,0.003076284667281379,0.00023253069450156056,8.289786011754778e-07,1.0659584028179184e-08,3.960377246779815e-08,1.727006918777515e-08,4.5411219648609205e-11,3.30652041391835e-07,1.389436338296226e-05,6.21800803122414e-08,0.0001509981723367896,6.873394211219821e-09,2.1264708248217934e-06,1.1214953896920556e-08,1.0624590165946911e-05,9.492204183317965e-12,2.0230575764855584e-11,1.3846109052866203e-07,1.2937215779578302e-07,3.7791955001854665e-13,6.014454056049205e-11,9.498735281689943e-11
5.61320661599728e-07,0.16628943999999996,0.8585084662769803,0.0,0.0,0.4413023472219618,0.1051444923208669,0.019242098329765516,7.379200039653391e-07,0.00038244221420646445,0.007624987987554742,0.0036480452900795953,4.7252406676405734e-05,7.570034556600773e-13,0.002227057581641983,3.468911427046215e-11,0.00040404422639899774,2.1079740975432494e-09,5.472641698966467e-06,2.678261445648209e-10,1.6246531942869382e-11,3.266520554772349e-05,1.3532390963772612e-06,0.007527762708893403,0.003077270506439686,0.00023285579309644883,8.30404157903846e-07,1.0661132487342047e-08,3.96282978534351e-08,1.7381873461025818e-08,4.5506868087185174e-11,3.3121213784290015e-07,1.3898450590596571e-05,6.242570307581779e-08,0.00015157353265935448,6.877802641943996e-09,2.1412595392988498e-06,1.1263143339484703e-08,1.0623665508946384e-05,9.543038964780948e-12,2.0330600615505265e-11,1.3948474470021247e-07,1.296972279777942e-07,3.8054698015536803e-13,6.043586733075471e-11,9.54031712648032e-11
5.629625718211538e-07,0.16628943999999996,0.8585084662769803,0.0,0.0,0.44130165503336066,0.10512830180403993,0.019232526774900175,7.438533627662007e-07,0.0003849290492162614,0.0076538387797846046,0.003663668744407054,4.736977655958263e-05,7.648831463095599e-13,0.0022284772483608904,3.485580821276321e-11,0.000404150982042755,2.1136052796160676e-09,5.499021626089717e-06,2.6904545344793526e-10,1.6338072201603978e-11,3.269890303415188e-05,1.362608481525255e-06,0.0075265869314021724,0.0030782305001180294,0.000233180378155292,8.318215976850014e-07,1.066262225345802e-08,3.965261562516724e-08,1.749398883928597e-08,4.5602532376304446e-11,3.3177275946463327e-07,1.390257978823499e-05,6.267144577368183e-08,0.00015214902714405553,6.882176276019993e-09,2.1560861801788136e-06,1.1311362714155326e-08,1.0622719004067643e-05,9.593975432097866e-12,2.0430686020251297e-11,1.4051134376181186e-07,1.3002061564890636e-07,3.8318116268049986e-13,6.072709637959215e-11,9.581870564580996e-11
5.646044820425795e-07,0.16628943999999996,0.8585084662769803,0.0,0.0,0.4413009883056634,0.10511211356875472,0.019222959965325796,7.498119640569573e-07,0.00038742287788918437,0.007682695734273079,0.0036793016508923073,4.748653379123712e-05,7.728195587877974e-13,0.0022298856020190813,3.5022118586982743e-11,0.000404257685591681,2.119210888640408e-09,5.52539205691037e-06,2.7026603078864763e-10,1.6429738520370582e-11,3.273239110377528e-05,1.3720017094085603e-06,0.007525411774776147,0.0030791647551212335,0.0002335044519832429,8.33230926708298e-07,1.0664053786441229e-08,3.967672717779432e-08,1.7606414420442275e-08,4.569821399577019e-11,3.3233391473118205e-07,1.390675104594202e-05,6.291730738644025e-08,0.0001527246538130334,6.886515355150133e-09,2.170950556779037e-06,1.135961177697542e-08,1.0621750967086436e-05,9.645013346265374e-12,2.0530831016410156e-11,1.4154087391337865e-07,1.3034232397372462e-07,3.858220640454795e-13,6.101822317473385e-11,9.623394851299487e-11
5.662463922640053e-07,0.16628943999999996,0.8585084662769803,0.0,0.0,0.44130034693401915,0.10509592761790747,0.01921339789763532,7.55795784106742e-07,0.00038992368009534145,0.007711558750624176,0.003694943929276552,4.76026795465725e-05,7.808129054988262e-13,0.0022312827205093443,3.5188041370760604e-11,0.00040436433683506217,2.1247909640333118e-09,5.551752580661956e-06,2.7148787063504474e-10,1.6521529865809833e-11,3.276567077017504e-05,1.3814186597364901e-06,0.007524237237132356,0.003080073377781081,0.0002338280168693888,8.346321512416717e-07,1.0665427542502622e-08,3.97006338956392e-08,1.771914929923044e-08,4.57939144216815e-11,3.3289561209091807e-07,1.3910964433660834e-05,6.316328690150613e-08,0.00015330041070593664,6.890820119167429e-09,2.1858524787291915e-06,1.1407890285654414e-08,1.0620761708728594e-05,9.696152469039951e-12,2.0631034648296666e-11,1.4257332136716116e-07,1.3066235617905133e-07,3.884696507577793e-13,6.130924321617912e-11,9.664889245354081e-11
5.67888302485431e-07,0.16628943999999996,0.8585084662769803,0.0,0.0,0.44129973081403556,0.10507974395439103,0.019203840568429463,7.6180479871903e-07,0.00039243143563020834,0.00774042772932144,0.003710595499843865,4.771821502298055e-05,7.888633987211768e-13,0.0022326686811276588,3.5353572606442445e-11,0.0004044709355638014,2.130345546248693e-09,5.57810278950234e-06,2.7271096706716906e-10,1.6613445209674992e-11,3.279874303557565e-05,1.3908592124204713e-06,0.007523063316597292,0.0030809564739597227,0.00023415107508691603,8.360252776314829e-07,1.0666743974182854e-08,3.972433715263612e-08,1.7832192567255952e-08,4.5889635126495663e-11,3.334578599669684e-07,1.3915220021224001e-05,6.340938331304732e-08,0.0001538762958797848,6.895090806051521e-09,2.200791755978662e-06,1.1456197999555301e-08,1.061975153475126e-05,9.747392562939618e-12,2.073129596719081e-11,1.4360867234843926e-07,1.3098071555263296e-07,3.9112388938209845e-13,6.160015203599803e-11,9.70635300886587e-11
5.695302127068567e-07,0.16628943999999996,0.8585084662769803,0.0,0.0,0.44129913984177543,0.10506356258109488,0.019194287974316774,7.678389832338933e-07,0.00039494612421524223,0.007769302571721204,0.00372625628341708,4.7833141439592325e-05,7.969712506064083e-13,0.002234043560578237,3.5518708400709496e-11,0.00040457748157045277,2.1358746767577417e-09,5.604442278495913e-06,2.7393531419681905e-10,1.6705483528824718e-11,3.283160889097908e-05,1.400323247578636e-06,0.007521890011306841,0.0030818141490530472,0.00023447362889326506,8.374103123039646e-07,1.0668003530377842e-08,3.974783831241744e-08,1.7945543313038582e-08,4.598537757919821e-11,3.340206667577596e-07,1.3919517878364035e-05,6.365559562193528e-08,0.00015445230740883254,6.899327651944116e-09,2.2157681988037966e-06,1.1504534679682037e-08,1.0618720746022844e-05,9.798733391238752e-12,2.083161403133439e-11,1.4464691309621367e-07,1.3129740544192218e-07,3.937847465416416e-13,6.189094519813505e-11,9.74778540736248e-11
5.711721229282825e-07,0.16628943999999996,0.8585084662769803,0.0,0.0,0.4412985739137537,0.10504738350090505,0.01918474011191352,7.738983125302527e-07,0.0003974677254984922,0.007798183180045885,0.003741926201353712,4.79474600368342e-05,8.051366731776643e-13,0.002235407434978531,3.568344492420364e-11,0.00040468397464925505,2.1413783980295638e-09,5.630770645595821e-06,2.751609061673504e-10,1.6797643805215467e-11,3.286426931629817e-05,1.4098106455403086e-06,0.0075207173194062156,0.00308264650799403,0.00023479568053029194,8.387872617616341e-07,1.0669206656376841e-08,3.9771138728400825e-08,1.8059200622024442e-08,4.608114324524232e-11,3.345840408374107e-07,1.3923858074723892e-05,6.390192283569478e-08,0.00015502844338443505,6.903530891164989e-09,2.2307816178150257e-06,1.1552900088666734e-08,1.0617669638601709e-05,9.85017471796714e-12,2.0931987905840315e-11,1.4568802986388374e-07,1.3161242925285532e-07,3.964521889193397e-13,6.218161829820946e-11,9.789185709769497e-11
5.728140331497082e-07,0.16628943999999996,0.8585084662769803,0.0,0.0,0.4412980329269344,0.10503120671670428,0.019175196977843697,7.799827610281273e-07,0.0003999962190552048,0.007827069457377345,0.003757605175541902,4.80611720759896e-05,8.133598783282423e-13,0.0022367603798641917,3.5847778411148334e-11,0.0004047904145961622,2.1468567535120455e-09,5.657087491626286e-06,2.7638773715347793e-10,1.6889925025893585e-11,3.289672528048902e-05,1.41932128685041e-06,0.007519545239049892,0.003083453655256047,0.00023511723222442582,8.401561325833286e-07,1.0670353793893845e-08,3.979423974387497e-08,1.817316357660818e-08,4.6176933586622056e-11,3.351479905562541e-07,1.3928240679867271e-05,6.41483639684537e-08,0.00015560470191491462,6.907700756227463e-09,2.2458318239638363e-06,1.1601293990757074e-08,1.0616598503813602e-05,9.901716307911567e-12,2.103241666266275e-11,1.467320089199129e-07,1.3192579044864473e-07,3.991261832590704e-13,6.247216696331896e-11,9.830553188402743e-11
5.74455943371134e-07,0.16628943999999996,0.8585084662769803,0.0,0.0,0.44129751677872664,0.10501503223137187,0.019165658568738992,7.860923026908793e-07,0.0004025315843884325,0.007855961307650311,0.0037732931283964077,4.817427883876596e-05,8.216410778201808e-13,0.002238102470193975,3.6011705158965246e-11,0.00040489680120887336,2.152309787612955e-09,5.683392420264981e-06,2.776158013610802e-10,1.6982326182987035e-11,3.292897774168212e-05,1.428855052273786e-06,0.007518373768401539,0.0030842356948561547,0.00023543828618681885,8.415169314251094e-07,1.0671445381093664e-08,3.9817142692084215e-08,1.828743125617666e-08,4.627275006202516e-11,3.3571252424134396e-07,1.3932665763288708e-05,6.439491804089313e-08,0.00015618108112542815,6.911837477853468e-09,2.260918628549609e-06,1.1649716151804046e-08,1.0615507628327839e-05,9.953357926610297e-12,2.1132899380584264e-11,1.477788365484827e-07,1.3223749254858643e-07,4.0180669636685917e-13,6.276258685184493e-11,9.871887118971686e-11
5.760978535925597e-07,0.16628943999999996,0.8585084662769803,0.0,0.0,0.44129702536698184,0.10499886004778386,0.01915612488123873,7.922269110274567e-07,0.0004050738009296374,0.00788485863564583,0.0037889899828546197,4.828678162686721e-05,8.299804832828633e-13,0.002239433780354621,3.6175221527887046e-11,0.0004050031342868597,2.157737545681255e-09,5.709685038025484e-06,2.788450930270044e-10,1.707484627369684e-11,3.2961027647312545e-05,1.4384118227994354e-06,0.007517202905633955,0.003084992730358345,0.00023575884461350107,8.428696650171244e-07,1.0672481852628282e-08,3.983984889631333e-08,1.8402002737119737e-08,4.6368594126777055e-11,3.3627765019685606e-07,1.3937133394423673e-05,6.464158408019829e-08,0.00015675757915783607,6.915941284989122e-09,2.276041843226325e-06,1.1698166339249426e-08,1.0614397294232301e-05,1.0005099340352498e-11,2.1233435145132858e-11,1.4882849905013535e-07,1.3254753912688217e-07,4.0449369511203127e-13,6.305287365325587e-11,9.913186780570268e-11
5.777397638139855e-07,0.16628943999999996,0.8585084662769803,0.0,0.0,0.4412965585899909,0.104982690168813,0.01914659591198985,7.983865590946325e-07,0.0004076228480392928,0.007913761346984788,0.0038046956623726184,4.8398681761571534e-05,8.383783062116376e-13,0.0022407543841656747,3.633832394056632e-11,0.0004051094136313904,2.1631400739886605e-09,5.735964954239784e-06,2.800756064188728e-10,1.7167484300288188e-11,3.2992875934249096e-05,1.4479914796446599e-06,0.007516032648929006,0.003085724864876769,0.00023607890968553138,8.442143401637523e-07,1.0673463639666968e-08,3.986235966997105e-08,1.8516877092853965e-08,4.646446723292358e-11,3.368433767045933e-07,1.3941643642658396e-05,6.488836112000963e-08,0.000157334194170572,6.920012404819735e-09,2.2912012800091375e-06,1.1746644322113569e-08,1.0613267779107244e-05,1.0056940316179603e-11,2.133402304855398e-11,1.498809827424049e-07,1.3285593381147644e-07,4.0718714642836046e-13,6.334302308791316e-11,9.954451455669588e-11
5.793816740354112e-07,0.16628943999999996,0.8585084662769803,0.0,0.0,0.44129611634648025,0.10496652259732867,0.019137071657646883,8.045712194992408e-07,0.00041017870500748525,0.007942669348121505,0.003820410090921256,4.850998058331426e-05,8.46834757966451e-13,0.002242064354884275,3.650100888168079e-11,0.0004052156390455568,2.1685174197114033e-09,5.762231781040897e-06,2.813073358348908e-10,1.726023927008121e-11,3.302452352892228e-05,1.4575939042591378e-06,0.007514862996477552,0.003086432201078924,0.0002363984835691423,8.455509637440766e-07,1.0674391169922666e-08,3.98846763166724e-08,1.863205339386507e-08,4.6560370829366327e-11,3.3740971202446593e-07,1.3946196577339593e-05,6.513524820037423e-08,0.00015791092433851354,6.924051062784579e-09,2.3063967512808086e-06,1.1795149870983415e-08,1.06121193560979e-05,1.0108880621879546e-11,2.1434662189790362e-11,1.5093627396043677e-07,1.331626802829081e-07,4.0988701731519745e-13,6.363303090687875e-11,9.995680430120734e-11
5.817173535298952e-07,0.16628943999999996,0.8585084662769803,0.0,0.0,0.44129552931324273,0.1049435275959844,0.019123531162594368,8.134121765696241e-07,0.0004138262014156882,0.00798380100756203,0.0038427793877785603,4.866727394158915e-05,8.589658180712621e-13,0.002243909659029398,3.673170826216188e-11,0.0004053666554124287,2.17612360087981e-09,5.799574026834699e-06,2.830616017534142e-10,1.7392386290284465e-11,3.306919942206971e-05,1.471292715133677e-06,0.0075132001591903,0.0030873958850984005,0.00023685224739724978,8.474385016446015e-07,1.0675617961644085e-08,3.991609063809781e-08,1.879641448665808e-08,4.669685270703522e-11,3.3821641069283295e-07,1.3952746987659456e-05,6.548664216062309e-08,0.00015873153972093652,6.929740711886398e-09,2.328074607016022e-06,1.1864197902631258e-08,1.0610453628605575e-05,1.018293837258369e-11,2.1577911710727765e-11,1.5244227645624176e-07,1.3359620610998538e-07,4.137386826187411e-13,6.404532571569803e-11,1.0054267296802776e-10
5.840530330243791e-07,0.16628943999999996,0.8585084662769803,0.0,0.0,0.4412949914335219,0.10492053727814067,0.01911000019235565,8.223036108447223e-07,0.00041748737622848724,0.008024942919977459,0.0038651660209380622,4.882335720442265e-05,8.712165552606932e-13,0.0022457338002725286,3.696154613408812e-11,0.0004055175616956399,2.183679060999818e-09,5.836887907032465e-06,2.8481830074305074e-10,1.7524765135150267e-11,3.311347364542801e-05,1.485037020059209e-06,0.0075115385358862355,0.0030883098864187305,0.00023730502774402723,8.493097806210672e-07,1.0676737026181338e-08,3.994711842939035e-08,1.896138201851315e-08,4.683340336120738e-11,3.390243816724799e-07,1.395938411861457e-05,6.58382541487534e-08,0.00015955237932492347,6.935365761112038e-09,2.349824466124459e-06,1.1933300605843917e-08,1.0608750940835824e-05,1.0257195996632986e-11,2.172126055653261e-11,1.5395389347022305e-07,1.3402641506850502e-07,4.176031774522279e-13,6.44573133798739e-11,1.0112778447023561e-10
5.863887125188631e-07,0.16628943999999996,0.8585084662769803,0.0,0.0,0.44129450242026963,0.10489755165202316,0.0190964787373787,8.312454388169607e-07,0.000421162169107327,0.008066094824643178,0.003887569776827206,4.897823442086476e-05,8.835875765206131e-13,0.002247536983729269,3.71905130169581e-11,0.00040566835734793594,2.1911839448997262e-09,5.8741723339694495e-06,2.8657741670547734e-10,1.7657372999720684e-11,3.315734875979161e-05,1.4988264802957056e-06,0.0075098781214500395,0.0030891744959904923,0.00023775683069381996,8.511648212304388e-07,1.0677749559385769e-08,3.9977763342783265e-08,1.9126953283531823e-08,4.697002693072497e-11,3.398336485228945e-07,1.3966108169651545e-05,6.619008146722406e-08,0.00016037343806544119,6.940926841524909e-09,2.3716457925161577e-06,1.2002457336310308e-08,1.0607012034423105e-05,1.0331652833356056e-11,2.1864706202227803e-11,1.5547108586475626e-07,1.344533182761058e-07,4.2148040753015194e-13,6.48689819845419e-11,1.0171211860184053e-10
5.887243920133471e-07,0.16628943999999996,0.8585084662769803,0.0,0.0,0.44129406198816196,0.10487457072584419,0.019082966788141885,8.402375751804168e-07,0.0004248505194372277,0.008107256464122959,0.003909990443905707,4.9131909710443044e-05,8.960794882562781e-13,0.0022493194123046484,3.741859967624117e-11,0.00040581904182991353,2.1986384007628686e-09,5.91142623111021e-06,2.8833893366387276e-10,1.7790207099538612e-11,3.320082728568714e-05,1.5126607581307074e-06,0.007508218910801998,0.003089990002996875,0.00023820766227309652,8.530036443158963e-07,1.0678656743554016e-08,4.000802899200708e-08,1.9293125564282632e-08,4.710672754238369e-11,3.4064423472266185e-07,1.3972919340241202e-05,6.654212144379177e-08,0.00016119471092229537,6.946424577328187e-09,2.393538051726832e-06,1.207166745589945e-08,1.0605237634215471e-05,1.0406308225105359e-11,2.2008246149343985e-11,1.5699381458599335e-07,1.348769270438488e-07,4.2537027885643056e-13,6.528031973676678e-11,1.0229565529422203e-10
5.91060071507831e-07,0.16628943999999996,0.8585084662769803,0.0,0.0,0.44129366985358176,0.10485159450780278,0.019069464335153788,8.492799328437198e-07,0.0004285523663302156,0.00814842758423332,0.003932427812643905,4.928438726091637e-05,9.086928962849414e-13,0.0022510812867195043,3.7645797120966186e-11,0.00040596961461011,2.2060425800291435e-09,5.948648532949997e-06,2.9010283576184516e-10,1.7923264670584254e-11,3.324391170408093e-05,1.5265395169001482e-06,0.007506560898897641,0.003090756694871274,0.00023865752845125932,8.54826270989771e-07,1.0679459747628302e-08,4.003791895275007e-08,1.9459896131823817e-08,4.724350931052074e-11,3.4145616367167764e-07,1.3979817829931146e-05,6.689437143124438e-08,0.0001620161929394153,6.95185958594908e-09,2.4155007109509125e-06,1.2140930332592204e-08,1.060342844865798e-05,1.0481161517266418e-11,2.215187792545554e-11,1.5852204066708697e-07,1.3529725287003268e-07,4.2927269773005306e-13,6.569131496443844e-11,1.0287837461542924e-10
5.93395751002315e-07,0.16628943999999996,0.8585084662769803,0.0,0.0,0.4412933257346019,0.10482862300608455,0.019055971368952995,8.583724229429265e-07,0.0004322676486287474,0.008189607934008278,0.003954881675501343,4.943567132606327e-05,9.214284058285702e-13,0.0022528228055366086,3.7872096601293526e-11,0.00040612007516508335,2.2133966372980585e-09,5.9858381849167335e-06,2.918691072623651e-10,1.8056542969209657e-11,3.328660445707852e-05,1.5404624210087165e-06,0.007504904080727397,0.003091474857314628,0.00023910643514139486,8.566327226623601e-07,1.0680159727296907e-08,4.006743676310095e-08,1.96272622460644e-08,4.73803763389821e-11,3.422694586946419e-07,1.3986803838396296e-05,6.724682880713169e-08,0.00016283787922414627,6.957232478116378e-09,2.437533239073698e-06,1.2210245340417402e-08,1.060158517016892e-05,1.0556212058245504e-11,2.229559908449698e-11,1.6005572523134193e-07,1.3571430743410396e-07,4.331875707508662e-13,6.610195611519688e-11,1.0346025677039975e-10
5.954978625473506e-07,0.16628943999999996,0.8585084662769803,0.0,0.0,0.4412930568491942,0.10480795269374923,0.019043835802779612,8.665984524005906e-07,0.00043562283920791495,0.008226677935310928,0.003975104084599115,4.957081012198606e-05,9.329952609437631e-13,0.002254372930829272,3.807499133465997e-11,0.00040625539328588515,2.219972564780099e-09,6.019280093174763e-06,2.934607645407154e-10,1.817667990879084e-11,3.332469504849069e-05,1.5530305024785123e-06,0.007503413960904272,0.003092079945599355,0.0002395096356426621,8.582447174588591e-07,1.0680702567775255e-08,4.0093687498118005e-08,1.9778398667719114e-08,4.750363294515315e-11,3.4300261142719676e-07,1.3993166239741877e-05,6.756421561483685e-08,0.00016357756753598518,6.962015470933606e-09,2.4574218147132446e-06,1.2272672907034506e-08,1.0599897629729215e-05,1.0623925656719984e-11,2.2425022549169505e-11,1.6144067628573456e-07,1.3608686940700825e-07,4.367215278168158e-13,6.647122096274052e-11,1.0398321868231626e-10
5.975999740923862e-07,0.16628943999999996,0.8585084662769803,0.0,0.0,0.44129282642623785,0.10478728621420398,0.019031707906408898,8.748649484736043e-07,0.00043898881775574183,0.008263755033444882,0.003995339538882025,4.970498888169452e-05,9.446619483816412e-13,0.002255906868960925,3.827714577882019e-11,0.0004063906197166595,2.226508138113292e-09,6.052693956028264e-06,2.950543170776809e-10,1.829699146024026e-11,3.33624720650729e-05,1.5656338276184023e-06,0.00750192480037247,0.0030926461609436084,0.0002399120679361724,8.598436440473998e-07,1.0681163708236683e-08,4.0119642154296676e-08,1.9930013240640202e-08,4.7626964903009914e-11,3.437369064146616e-07,1.3999599839022446e-05,6.788176642542522e-08,0.00016431741391350734,6.966749074708409e-09,2.477366170614375e-06,1.2335141749728245e-08,1.0598183505125365e-05,1.0691798030546465e-11,2.2554514706377418e-11,1.6282998908890796e-07,1.36456800017272e-07,4.402654296815554e-13,6.684018149150373e-11,1.0450547232770922e-10
5.997020856374218e-07,0.16628943999999996,0.8585084662769803,0.0,0.0,0.4412926342636528,0.10476662357338845,0.019019587673005118,8.83171842748412e-07,0.0004423655391418207,0.008300839052003293,0.004015587891102495,4.9838210834849375e-05,9.564289080841415e-13,0.002257424760301665,3.8478554046317485e-11,0.00040652575409273154,2.233003476191506e-09,6.0860790270232116e-06,2.9664975364480327e-10,1.8417475665488945e-11,3.3399937209101284e-05,1.5782721540762594e-06,0.007500436595551128,0.0030931737080915215,0.00024031373621863098,8.614295186001315e-07,1.0681543964368829e-08,4.014530323455422e-08,2.0082103944423377e-08,4.775037518164988e-11,3.444723605131778e-07,1.4006104782264753e-05,6.819947937754813e-08,0.00016505741491896534,6.971433721067472e-09,2.497365923228527e-06,1.239765142446961e-08,1.0596443269268237e-05,1.0759828710965495e-11,2.2684073826094348e-11,1.642236354989872e-07,1.368241081321476e-07,4.4381920890219526e-13,6.720882952432018e-11,1.050270035584285e-10
6.015939860279539e-07,0.16628943999999996,0.8585084662769803,0.0,0.0,0.441292493863784,0.10474803048367062,0.019008686009144203,8.906825306028879e-07,0.00044541373607996133,0.008334220441501063,0.004033822315147494,4.995729522307673e-05,9.671052678859545e-13,0.0022587772574276317,3.865917876258015e-11,0.0004066472960273785,2.2388149790693894e-09,6.116100362522969e-06,2.980872481817079e-10,1.8526057461497636e-11,3.3433390575434316e-05,1.5896763743139768e-06,0.007499098025402537,0.003093615607555509,0.0002406745878837058,8.628456597150675e-07,1.0681817706255344e-08,4.0168149249033765e-08,2.0219390994344453e-08,4.786151384562636e-11,3.451352741380282e-07,1.4012020351127524e-05,6.84855581396442e-08,0.00016572354522161715,6.975608397556657e-09,2.5154127487216426e-06,1.2453944679216684e-08,1.0594855114974656e-05,1.0821191289554892e-11,2.2800732870268345e-11,1.6548159929626788e-07,1.3715245061489669e-07,4.470259997679236e-13,6.754033887257849e-11,1.0549575238050271e-10
6.034858864184859e-07,0.16628943999999996,0.8585084662769803,0.0,0.0,0.4412923841461758,0.10472944051244577,0.01899779054180892,8.98225833207655e-07,0.00044847056488897253,0.008367607169533964,0.004052066962680832,5.007560965209764e-05,9.778635243850581e-13,0.002260116969690332,3.8839190351326634e-11,0.00040676876284848914,2.2445940784207137e-09,6.1460972431707565e-06,2.9952625167007217e-10,1.863477612285367e-11,3.346659389222918e-05,1.6011085743058716e-06,0.007497760223917234,0.0030940264984590355,0.0002410348270810399,8.642512539462123e-07,1.0682027168862046e-08,4.019076126686671e-08,2.0357060585473012e-08,4.7972720504115767e-11,3.457991524879754e-07,1.4017993933811255e-05,6.877176540629828e-08,0.00016638979557046044,6.979744073531471e-09,2.5335038579077003e-06,1.251027033298444e-08,1.0593246517140287e-05,1.0882681379300003e-11,2.291744352798854e-11,1.6674303015336977e-07,1.3747868275250486e-07,4.5024068796552235e-13,6.787158268247779e-11,1.0596389447079885e-10
6.05377786809018e-07,0.16628943999999996,0.8585084662769803,0.0,0.0,0.4412923049657112,0.10471085366402583,0.018986901266055775,9.058016983535402e-07,0.00045153599232261094,0.008400999111672572,0.0040703217289403005,5.019315655314581e-05,9.887039974440914e-13,0.0022614439966362476,3.9018584833651066e-11,0.00040689015430148275,2.250340864646711e-09,6.176069139099882e-06,3.009667560805492e-10,1.8743630249445164e-11,3.349954835171334e-05,1.612568578950764e-06,0.007496423188530179,0.0030944065278043333,0.00024139445679798401,8.6564631343904e-07,1.0682172929799736e-08,4.021314106417589e-08,2.0495111230558863e-08,4.8083997308098067e-11,3.46464007763011e-07,1.402402563725115e-05,6.905809985273095e-08,0.0001670561635415142,6.983841055014747e-09,2.551638973669372e-06,1.256662806991517e-08,1.0591617800885019e-05,1.094429864248857e-11,2.303420457209134e-11,1.6800790769605198e-07,1.378028112198391e-07,4.5346322477112604e-13,6.820255514938945e-11,1.0643141970000004e-10
6.0726968719955e-07,0.16628943999999996,0.8585084662769803,0.0,0.0,0.4412922561779559,0.104692269942717,0.0189760181769537,9.134100731030434e-07,0.0004546099850277473,0.008434396144780613,0.004088586509964251,5.030993838026645e-05,9.996270066508917e-13,0.0022627584369505943,3.919735832766456e-11,0.0004070114701353592,2.256055429262152e-09,6.206015524890469e-06,3.0240875343238534e-10,1.8852618449731938e-11,3.3532255131197456e-05,1.6240562136566552e-06,0.007495086916690425,0.0030947558418928773,0.0002417534799996517,8.670308504469565e-07,1.0682255561419727e-08,4.0235290402073586e-08,2.0633541437889416e-08,4.8195346404388995e-11,3.471298521369745e-07,1.403011556856836e-05,6.934456016413273e-08,0.00016772264673625304,6.987899645358558e-09,2.569817819694965e-06,1.2623017576581432e-08,1.0589969285369019e-05,1.1006042742675606e-11,2.3151014785958244e-11,1.692762115966092e-07,1.3812484275430842e-07,4.566935616038028e-13,6.853325051735307e-11,1.0689831799686692e-10
6.09161587590082e-07,0.16628943999999996,0.8585084662769803,0.0,0.0,0.4412922376391538,0.10467368935281966,0.018965141269584016,9.210509037947491e-07,0.00045769250954552117,0.008467798147003661,0.004106861202584755,5.042595760964236e-05,1.0106328713162555e-12,0.0022640603884656377,3.9375507047611173e-11,0.0004071327101027056,2.261737864865643e-09,6.235935879537093e-06,3.0385223579307505e-10,1.896173934071818e-11,3.3564715393297166e-05,1.6355713043463606e-06,0.007493751405861018,0.003095074586330897,0.00024211189962915954,8.684048773321888e-07,1.0682275630864755e-08,4.025721102680491e-08,2.0772349711345735e-08,4.830676993584468e-11,3.477966977584308e-07,1.40362638350857e-05,6.963114503557937e-08,0.00016838924278138033,6.991920145270017e-09,2.5880401204873466e-06,1.2679438541965011e-08,1.0588301283904213e-05,1.106791334468173e-11,2.326787296347127e-11,1.70547921574771e-07,1.3844478415400878e-07,4.599316500271117e-13,6.886366307871795e-11,1.073645793480105e-10
6.110534879806141e-07,0.16628943999999996,0.8585084662769803,0.0,0.0,0.4412922492062208,0.1046551118986285,0.018954270539040325,9.287241360477229e-07,0.00046078353231249235,0.00850120499775794,0.00412514570442083,5.05412167389358e-05,1.0217219104717494e-12,0.0022653499481688722,3.955302730297888e-11,0.0004072538739597022,2.267388265110624e-09,6.265829686416728e-06,3.0529719527801885e-10,1.90709915479244e-11,3.359693028615119e-05,1.6471136774629059e-06,0.00749241665351887,0.0030953629060348122,0.0002424697186078621,8.697684065645817e-07,1.0682233700119577e-08,4.0278904669889475e-08,2.0911534550454263e-08,4.841827004146988e-11,3.4846455675146444e-07,1.4042470544343134e-05,6.991785317194778e-08,0.00016905594932860418,6.995902852836773e-09,2.6063056013724893e-06,1.2735890657435961e-08,1.0586614104062583e-05,1.1129910114589267e-11,2.338477790893491e-11,1.718230173985688e-07,1.3876264227591226e-07,4.631774417505783e-13,6.919378717378781e-11,1.0783019379783286e-10
6.129453883711461e-07,0.16628943999999996,0.8585084662769803,0.0,0.0,0.44129229073673976,0.10463653758443242,0.018943405980428495,9.364297147659002e-07,0.0004638830196617851,0.008534616577719282,0.00414343991387175,5.0655718286640814e-05,1.0328944428675503e-12,0.0022666272122111317,3.972991549760783e-11,0.0004073749614661246,2.2730067246767763e-09,6.2956964332569015e-06,3.067436240501852e-10,1.918037370535891e-11,3.3628900943636844e-05,1.6586831599747707e-06,0.007491082657154659,0.003095620945236596,0.00024282693983558555,8.711214507203761e-07,1.0682130326062712e-08,4.0300373048261615e-08,2.105109445043338e-08,4.852984885651663e-11,3.49133441216469e-07,1.404873580411302e-05,7.020468328783305e-08,0.0001697227640544158,6.999848063552336e-09,2.624613988507768e-06,1.2792373616731911e-08,1.0584908047782417e-05,1.1192032719738797e-11,2.350172843699723e-11,1.731014788851815e-07,1.3907842403408495e-07,4.66430888631132e-13,6.95236171904678e-11,1.082951514483986e-10
6.167291891522101e-07,0.16628943999999996,0.8585084662769803,0.0,0.0,0.44129246312176923,0.10459939839315194,0.018921695359484705,9.519376876642049e-07,0.0004701072529295002,0.008601453454198783,0.004180057053076827,5.0882458811608374e-05,1.0554912609611406e-12,0.0022691452337807016,4.0081781786413565e-11,0.00040761690648433277,2.2841482054542078e-09,6.355346719292372e-06,3.0964085834388824e-10,1.9399522449211486e-11,3.369211401798076e-05,1.6819027637160617e-06,0.007488416922390884,0.003096046755671261,0.00024353960053112822,8.737961346319447e-07,1.0681741450299584e-08,4.034264080650988e-08,2.133133339263226e-08,4.8753251137751824e-11,3.5047433485017844e-07,1.4061442407531602e-05,7.077870436463471e-08,0.00017105670887036567,7.007627163583004e-09,2.661358390363423e-06,1.290543085346453e-08,1.0581440486114881e-05,1.1316654111395139e-11,2.3735761550760326e-11,1.7566841836623046e-07,1.3970378639048146e-07,4.729605560365497e-13,7.018237277618766e-11,1.0922305704763e-10
6.205129899332741e-07,0.16628943999999996,0.8585084662769803,0.0,0.0,0.4412927536680484,0.1045622718131732,0.018900009367842155,9.675743675847455e-07,0.0004763649379882663,0.008668307846625575,0.004216711822748389,5.1106199725058474e-05,1.0784258698904265e-12,0.002271615205951034,4.043107899784537e-11,0.00040785854330747603,2.2951630840971875e-09,6.4148827252769e-06,3.1254387691656583e-10,1.9619174812995836e-11,3.3754363410179806e-05,1.705228742018732e-06,0.0074857541817661445,0.003096353158002927,0.00024424990449247705,8.764290317598732e-07,1.0681113358392668e-08,4.0384027750568975e-08,2.1613054415384538e-08,4.897699379047958e-11,3.518194750184394e-07,1.4074384512737424e-05,7.135319817400182e-08,0.00017239105912849996,7.015259758374224e-09,2.698271152244764e-06,1.3018607848639477e-08,1.0577900905670798e-05,1.1441774883399466e-11,2.3969963025866717e-11,1.7824857956936166e-07,1.4032092761136054e-07,4.795202700992646e-13,7.083988587787456e-11,1.1014821811103616e-10
6.24296790714338e-07,0.16628943999999996,0.8585084662769803,0.0,0.0,0.4412931612597258,0.10452515787859745,0.018878347966782467,9.833392884599069e-07,0.0004826558018954207,0.008735178844643147,0.004253403437499906,5.132696186083788e-05,1.1017008093132e-12,0.002274037868618418,4.077778166809402e-11,0.00040809987014319896,2.306052152158839e-09,6.474300506447773e-06,3.1545261875041053e-10,1.983932017135739e-11,3.3815657699336915e-05,1.7286597300529771e-06,0.007483094415690115,0.0030965412819840554,0.0002449578741662372,8.790202464247971e-07,1.0680250326653833e-08,4.042454710485614e-08,2.1896245330301644e-08,4.920109377218771e-11,3.531689577504716e-07,1.408756299179245e-05,7.192815477425087e-08,0.0001737257971107232,7.022748121012234e-09,2.735350114142582e-06,1.3131902235318792e-08,1.0574291529602327e-05,1.1567392419394513e-11,2.42043237439794e-11,1.8084180288356018e-07,1.4092990488839632e-07,4.861096511196039e-13,7.149611327693544e-11,1.1107055751902884e-10
6.277022114172957e-07,0.16628943999999996,0.8585084662769803,0.0,0.0,0.4412936272520076,0.10449176617740778,0.01885887369892975,9.976369691731763e-07,0.0004883457204934825,0.008795376203644368,0.0042864567537591654,5.152311836861076e-05,1.122941332606804e-12,0.0022761784167328954,4.108757584044568e-11,0.00040831679782094406,2.315745410727577e-09,6.52767222064145e-06,3.1807532994590666e-10,2.0037863829544032e-11,3.387001286918377e-05,1.7498362817146906e-06,0.007480703153438573,0.0030966103908918667,0.0002455930693483092,8.813167886214378e-07,1.0679276196866014e-08,4.046028348680675e-08,2.2152363785981124e-08,4.940310324685525e-11,3.543872842228498e-07,1.4099626447462814e-05,7.244600330299895e-08,0.00017492737845781323,7.029366176033088e-09,2.7688615069183665e-06,1.3233965625776437e-08,1.0570985188376736e-05,1.1680870788519306e-11,2.441537713420552e-11,1.8318674074651684e-07,1.4147105214069338e-07,4.920651474658303e-13,7.208558352743088e-11,1.1189818746586308e-10
6.311076321202533e-07,0.16628943999999996,0.8585084662769803,0.0,0.0,0.441294186356258,0.10445838477126705,0.018839419290282572,1.0120377834117062e-06,0.000494062090492175,0.008855585654349837,0.004319538732011832,5.171689472643061e-05,1.1444614216670231e-12,0.002278281754971924,4.1395232385704886e-11,0.00040853347177753776,2.3253380110413507e-09,6.580942248938983e-06,3.2070258468835585e-10,2.0236790755255014e-11,3.3923607150814305e-05,1.7710958105430192e-06,0.007478314270885395,0.003096585409934989,0.00024622640759002645,8.835797320806496e-07,1.0678118177289852e-08,4.049533698719929e-08,2.2409653954684385e-08,4.960542814622789e-11,3.5560927529810584e-07,1.411188271970438e-05,7.296421171838647e-08,0.0001761292474229583,7.0358708148882504e-09,2.8025042287154306e-06,1.3336120540013499e-08,1.0567625557362608e-05,1.1794747553699096e-11,2.462654582742507e-11,1.8554201520352307e-07,1.4200567625025567e-07,4.980440952242914e-13,7.267394745490744e-11,1.1272341520400454e-10
6.345130528232109e-07,0.16628943999999996,0.8585084662769803,0.0,0.0,0.4412948377798817,0.10442501368483789,0.018819984713007085,1.0265413687710983e-06,0.0004998047097714281,0.008915806572212673,0.0043526488239769845,5.1908306657276095e-05,1.166262918024173e-12,0.00228034839692379,4.170073564373728e-11,0.00040874989082502873,2.3348305572958555e-09,6.634107852192361e-06,3.233343399919227e-10,2.0436093476921538e-11,3.3976446377668845e-05,1.792437340248659e-06,0.007475927754178916,0.003096467141286277,0.0002468579045961738,8.858091560918973e-07,1.0676779228334426e-08,4.052971679668981e-08,2.2668106820347617e-08,4.980808073407173e-11,3.568350003915064e-07,1.4124332455730711e-05,7.348277307526362e-08,0.00017733139185805138,7.0422636147164356e-09,2.836276734431768e-06,1.3438365326067755e-08,1.0564214095513081e-05,1.190902084846431e-11,2.4837823500330076e-11,1.8790751172975755e-07,1.4253382037473432e-07,5.040462228229267e-13,7.326117504636156e-11,1.1354618639900808e-10
6.379184735261686e-07,0.16628943999999996,0.8585084662769803,0.0,0.0,0.44129558073668207,0.1043916529427196,0.01880056993939094,1.0411473558669188e-06,0.0005055733752617746,0.008976038344633541,0.004385786488795219,5.209737003116789e-05,1.1883476600148345e-12,0.002282378848320684,4.2004070835598326e-11,0.0004089660538125656,2.344223661288302e-09,6.68716633321047e-06,3.259705533308564e-10,2.0635764608341664e-11,3.402853625793483e-05,1.8138599005937033e-06,0.00747354358959914,0.003096256380547306,0.00024748757587152685,8.88005140925165e-07,1.0675262262649974e-08,4.056343196886712e-08,2.2927713327477555e-08,5.0011073247039367e-11,3.580645287607051e-07,1.4136976306914372e-05,7.40016805209624e-08,0.00017853379984961192,7.04854612831675e-09,2.8701774885408565e-06,1.3540698354452842e-08,1.0560752214228603e-05,1.2023688819097e-11,2.5049203928984382e-11,1.902831164049769e-07,1.4305552807404856e-07,5.100712603831761e-13,7.384723674737155e-11,1.1436644730702623e-10
6.413238942291262e-07,0.16628943999999996,0.8585084662769803,0.0,0.0,0.4412964144467749,0.1043583025694475,0.018781174941842255,1.055855368415236e-06,0.0005113678829649977,0.009036280370774565,0.00441895119291672,5.2284100855223434e-05,1.2107174827483752e-12,0.0022843736071728425,4.2305224046582337e-11,0.00040918195962616043,2.353517941975349e-09,6.740115036210939e-06,3.2861118263372554e-10,2.083579684806206e-11,3.407988237804322e-05,1.8353625274582748e-06,0.007471161763555887,0.003095953916837065,0.0002481154367245159,8.901677678113268e-07,1.0673570145971671e-08,4.059649142257478e-08,2.3188464382026336e-08,5.021441789651299e-11,3.592979295191227e-07,1.4149814929032555e-05,7.452092729390864e-08,0.00017973645971506327,7.05471988456709e-09,2.904204965197178e-06,1.3643118017812654e-08,1.0557241278941683e-05,1.2138749624559107e-11,2.526068098745298e-11,1.926687159249789e-07,1.4357084328303627e-07,5.161189397380857e-13,7.443210345603403e-11,1.1518414477243342e-10
6.447293149320838e-07,0.16628943999999996,0.8585084662769803,0.0,0.0,0.4412973381365028,0.1043249625894925,0.01876179969288856,1.0706650233127947e-06,0.0005171880279746308,0.009096532061376419,0.004452142409991353,5.246851526402526e-05,1.2333742180744823e-12,0.0022863331639000717,4.2604182209308397e-11,0.0004093976071884195,2.362714025044548e-09,6.792951346279955e-06,3.3125618627773547e-10,2.1036182978750515e-11,3.4130490206083225e-05,1.8569442629028387e-06,0.007468782262586963,0.0030955605328788728,0.0002487415022708018,8.922971189233423e-07,1.0671705697945581e-08,4.0628903944187585e-08,2.3450350852259995e-08,5.0418126870439525e-11,3.6053527164913796e-07,1.4162848982507328e-05,7.504050672225815e-08,0.00018093935999907403,7.060786388834322e-09,2.9383576483348882e-06,1.3745622730581936e-08,1.0553682610646238e-05,1.2254201436418706e-11,2.547224864644509e-11,1.950641976124604e-07,1.4407981028497e-07,5.221889944492202e-13,7.501574651699104e-11,1.1599922622539822e-10
6.481347356350415e-07,0.16628943999999996,0.8585084662769803,0.0,0.0,0.44129835103835124,0.10429163302726023,0.018742444165175825,1.085575930716847e-06,0.0005230336044963198,0.009156792838578315,0.004485359620760575,5.2650629510271926e-05,1.2563196945516193e-12,0.00228825800146091,4.290093308685781e-11,0.0004096129954582515,2.3718125424978282e-09,6.845672688839429e-06,3.3390552308313265e-10,2.123691586656096e-11,3.418036509514186e-05,1.8786041552266667e-06,0.007466405073356356,0.003095077005085721,0.0002493657874367745,8.943932773571358e-07,1.0669671692941433e-08,4.066067818984737e-08,2.3713363569620596e-08,5.0622212335135016e-11,3.617766240150969e-07,1.4176079132641088e-05,7.55604122225558e-08,0.00018214248946995824,7.066747123377115e-09,2.972634031760392e-06,1.3848210928652523e-08,1.0550077487377745e-05,1.23700424387775e-11,2.5683900971965552e-11,1.974694494273344e-07,1.4458247368585342e-07,5.282811598224983e-13,7.559813771553873e-11,1.1681163967945603e-10
6.515401563379991e-07,0.16628943999999996,0.8585084662769803,0.0,0.0,0.44129945239086726,0.10425831390709053,0.018723108331467384,1.1005876941246355e-06,0.0005289044058680496,0.009217062135740755,0.004518602312951128,5.2830459955704716e-05,1.2795557374163843e-12,0.002290148595479463,4.319546525597566e-11,0.0004098281234305527,2.3808141322467865e-09,6.8982765291215505e-06,3.3655915230769025e-10,2.1437988460491532e-11,3.4229512286569435e-05,1.9003412590225678e-06,0.007464030182652479,0.003094504103644052,0.00024998830696296566,8.964563271130108e-07,1.0667470860849361e-08,4.069182268765865e-08,2.397749332958238e-08,5.0826686437084007e-11,3.6302205537617365e-07,1.4189506049847598e-05,7.60806372984171e-08,0.00018334583711613288,7.072603547741425e-09,3.0070326192390272e-06,1.3950881069045277e-08,1.0546427145645997e-05,1.2486270828199118e-11,2.5895632123989296e-11,1.9988435997652197e-07,1.450788783894782e-07,5.343951729229967e-13,7.617924927181942e-11,1.1762133372907256e-10
6.549455770409567e-07,0.16628943999999996,0.8585084662769803,0.0,0.0,0.44130064143857833,0.10422500525325672,0.018703792164643025,1.1156999104525278e-06,0.0005348002245802315,0.0092773393972712,0.00455186998117051,5.3008023062309696e-05,1.303084168553776e-12,0.002292005414369924,4.348776809034629e-11,0.0004100429901358736,2.389719437719936e-09,6.9507603716508e-06,3.392170336412669e-10,2.1639393791735986e-11,3.427793691317077e-05,1.9221546352279284e-06,0.007461657577386418,0.003093842592595982,0.0002506090754073718,8.984863530781384e-07,1.06651058878597e-08,4.0722345839843795e-08,2.424273089250237e-08,5.1031561304739916e-11,3.6427163439906487e-07,1.4203130409878808e-05,7.660117553922993e-08,0.00018454939214263244,7.078357099148649e-09,3.041551924575881e-06,1.4053631629587559e-08,1.0542732781820986e-05,1.2602884813633891e-11,2.6107436355151696e-11,2.0230881852322413e-07,1.4556906957323903e-07,5.405307725887342e-13,7.675905383509901e-11,1.184282575471496e-10
6.583509977439143e-07,0.16628943999999996,0.8585084662769803,0.0,0.0,0.4413019174319135,0.10419170708996484,0.018684495637697928,1.1309121701147835e-06,0.0005407208522956472,0.009337624078452482,0.00458516212680426,5.3183335383795255e-05,1.3269068064683678e-12,0.00229382891945876,4.377783174395205e-11,0.00041025759464006416,2.398529107481717e-09,7.0031217597335345e-06,3.418791272004475e-10,2.184112497302894e-11,3.4325644002321374e-05,1.9440433511720736e-06,0.0074592872445902346,0.0030930932299199653,0.00025122810714870255,9.004834410084856e-07,1.0662579417230606e-08,4.075225592485824e-08,2.4509066984464135e-08,5.123684905028747e-11,3.655254296705039e-07,1.4216952894047392e-05,7.712202061887974e-08,0.0001857531439676815,7.084009192876576e-09,3.0761904716908004e-06,1.4156461108596202e-08,1.0538995553472275e-05,1.2719882616345088e-11,2.6319308009444145e-11,2.0474271499567385e-07,1.4605309266470927e-07,5.466876994434312e-13,7.733752447812804e-11,1.19232360882534e-10
6.61756418446872e-07,0.16628943999999996,0.8585084662769803,0.0,0.0,0.4413032796271256,0.1041584194413529,0.01866521872374175,1.1462240571019583e-06,0.0005466660798692548,0.009397915645274056,0.004618478257914968,5.335641355733862e-05,1.351025466256379e-12,0.002295619565104621,4.406564713452475e-11,0.00041047193604390393,2.407243794862986e-09,7.0553582749551206e-06,3.4454539352326855e-10,2.2043175197985443e-11,3.437263847901015e-05,1.9660064806200663e-06,0.007456919171415272,0.003092256767609929,0.00025184541638955304,9.024476775110991e-07,1.0659894050040417e-08,4.078156109946643e-08,2.477649229811515e-08,5.1442561771399963e-11,3.6678350970964773e-07,1.4230974189445177e-05,7.764316629449713e-08,0.00018695708221932306,7.089561222633139e-09,3.110946794687762e-06,1.425936802456609e-08,1.0535216580663363e-05,1.2837262469837584e-11,2.6531241520933677e-11,2.0718593999538553e-07,1.4653099331895812e-07,5.528656959082792e-13,7.79146346915873e-11,1.200335940575305e-10
6.651618391498296e-07,0.16628943999999996,0.8585084662769803,0.0,0.0,0.4413047272862163,0.10412514233149019,0.018645961395997643,1.1616351490589445e-06,0.0005526356973678517,0.009458213574265947,0.004651817889143011,5.352727429559219e-05,1.3754419595786063e-12,0.002297377798816022,4.435120592709919e-11,0.0004106860134827162,2.4158641576028495e-09,7.107467536684459e-06,3.4721579356401575e-10,2.2245537740435438e-11,3.441892516880989e-05,1.988043103813096e-06,0.0074545533451305145,0.0030913339517529346,0.0002524610171594996,9.043791500278215e-07,1.0657052345922711e-08,4.081026940077854e-08,2.5044997493499265e-08,5.164871155300893e-11,3.680459429803237e-07,1.424519498915775e-05,7.816460640522339e-08,0.00018816119673210245,7.0950145609231e-09,3.1458194379188322e-06,1.4362350915864061e-08,1.0531396947203141e-05,1.2955022619781721e-11,2.6743231412500567e-11,2.0963838480491998e-07,1.4700281739658462e-07,5.590645062127734e-13,7.849035837861885e-11,1.208319079653503e-10
6.685672598527872e-07,0.16628943999999996,0.8585084662769803,0.0,0.0,0.4413062596768604,0.10409187578437641,0.018626723627801305,1.1771450173626517e-06,0.0005586294940896007,0.009518517352335295,0.004685180541608956,5.3695934378941834e-05,1.4001580946342176e-12,0.0022991040613668788,4.4634500517677976e-11,0.00041089982612596917,2.424390857501304e-09,7.159447201585839e-06,3.49890288688096e-10,2.2448205953753756e-11,3.44645088007777e-05,2.0101523075055835e-06,0.0074521897531209585,0.0030903255226053866,0.0002530749233181209,9.062779468182174e-07,1.0654056823790969e-08,4.083838874825062e-08,2.5314573198882107e-08,5.185531046902825e-11,3.693127979030999e-07,1.425961599247555e-05,7.868633487099908e-08,0.000189365477543804,7.100370559408141e-09,3.180806956042943e-06,1.4465408340427925e-08,1.0527537701856121e-05,1.3073161323938306e-11,2.6955272294577028e-11,2.1209994139518417e-07,1.4746861094244514e-07,5.652838764046326e-13,7.906466984943749e-11,1.216272540675614e-10
6.719726805557449e-07,0.16628943999999996,0.8585084662769803,0.0,0.0,0.4413078760723331,0.10405861982394093,0.01860750539260005,1.1927532271993118e-06,0.0005646472585834151,0.00957882647660553,0.004718565742817565,5.386241064801172e-05,1.425175676135368e-12,0.0023007987869099115,4.4915524017015305e-11,0.00041111337317686615,2.4328245600823664e-09,7.21129496313806e-06,3.5256884066698753e-10,2.2651173270186145e-11,3.4509394010285754e-05,2.0323331849991013e-06,0.00744982838288602,0.003089232214667843,0.0002536871485579516,9.081441569425578e-07,1.0650909962549707e-08,4.086592694564828e-08,2.558521001156964e-08,5.206237058407136e-11,3.705841428672531e-07,1.4274237905101509e-05,7.920834569137316e-08,0.00019056991489224023,7.105630549260238e-09,3.2159079140796144e-06,1.456853887547058e-08,1.0523639859512743e-05,1.3191676852088135e-11,2.7167358863910858e-11,2.145705024322772e-07,1.4792842016506162e-07,5.71523554358827e-13,7.963754381602259e-11,1.2241958439156023e-10
6.753781012587025e-07,0.16628943999999996,0.8585084662769803,0.0,0.0,0.441309575751439,0.10402537447404184,0.018588306663951875,1.2084593376414245e-06,0.0005706887786682049,0.009639140454258094,0.004751973026563454,5.402671999641117e-05,1.4504965052826498e-12,0.0023024624030879605,4.519427023452748e-11,0.00041132665387192524,2.4411659342678008e-09,7.263008551160784e-06,3.5525141167326206e-10,2.2854433200171624e-11,3.4553585341783743e-05,2.054584836173185e-06,0.007447469222037954,0.003088054756758417,0.00025429770640736485,9.099778702467156e-07,1.0647614201787542e-08,4.089289168297309e-08,2.585689849872281e-08,5.2269903955197165e-11,3.718600462426244e-07,1.4289061439355453e-05,7.973063294432874e-08,0.00019177449921209356,7.110795841508338e-09,3.2511208874577694e-06,1.4671741117189285e-08,1.0519704402320844e-05,1.3310567485955113e-11,2.7379485902351274e-11,2.170499612838941e-07,1.4838229141669601e-07,5.777832897857628e-13,8.020895538689503e-11,1.2320885152797343e-10
6.787835219616601e-07,0.16628943999999996,0.8585084662769803,0.0,0.0,0.4413113579984402,0.10399213975846516,0.01856912741552456,1.2242629017243255e-06,0.0005767538414519832,0.009699458802376658,0.004785401932838299,5.418887936371821e-05,1.4761223797413515e-12,0.002304095331143246,4.547073366233682e-11,0.0004115396674805507,2.4494156520610858e-09,7.3145857313481e-06,3.579379642756775e-10,2.3057979331661762e-11,3.459708725149366e-05,2.076906367513139e-06,0.0074451122583003276,0.003086793872084823,0.0002549066102333873,9.117791773460876e-07,1.0644171942461392e-08,4.091929053835407e-08,2.6129629198165056e-08,5.2477922633601374e-11,3.731405763912987e-07,1.430408731437537e-05,8.025319078513057e-08,0.00019297922113180817,7.1158677273787906e-09,3.2864444620597693e-06,1.4775013680479791e-08,1.0515732280779507e-05,1.3429831519129573e-11,2.759164827563021e-11,2.195382120252994e-07,1.4883027117407786e-07,5.840628342386259e-13,8.077888006197252e-11,1.2399500862805608e-10
6.821889426646178e-07,0.16628943999999996,0.8585084662769803,0.0,0.0,0.44131322210298857,0.10395891570092408,0.018549967621094756,1.2401634665223811e-06,0.0005828422333508332,0.009759781047793828,0.004818852007739613,5.4348905728693985e-05,1.5020550936185108e-12,0.0023056979860246163,4.574490945945605e-11,0.00041175241330459507,2.4575743882411466e-09,7.3660243048091675e-06,3.6062846143434373e-10,2.3261805329437174e-11,3.4639904110038366e-05,2.0992968921349147e-06,0.007442757479506489,0.0030854502783150824,0.00025551387324445344,9.135481696090862e-07,1.0640585547568933e-08,4.094513097990521e-08,2.640339261918164e-08,5.268643866629332e-11,3.7442580167920196e-07,1.4319316256315776e-05,8.077601344519333e-08,0.0001941840714705322,7.120847478629453e-09,3.321877234260847e-06,1.4878355198655186e-08,1.051172441479649e-05,1.3549467256999398e-11,2.78038409321685e-11,2.220351494448838e-07,1.4927240601976766e-07,5.903619411199072e-13,8.134729372750211e-11,1.24778009401129e-10
6.855943633675754e-07,0.16628943999999996,0.8585084662769803,0.0,0.0,0.4413151673600573,0.10392570232505799,0.018530827254547078,1.2561605732248152e-06,0.0005889537401077342,0.009820106726940246,0.004852322803381042,5.450681610272189e-05,1.528296437440752e-12,0.002307270776492819,4.601679343611917e-11,0.00041196489067791723,2.46564282006595e-09,7.417322107615913e-06,3.63322866495959e-10,2.346590493442173e-11,3.468204020500494e-05,2.1217555298071878e-06,0.007440404873598081,0.003084024687646913,0.00025611950849309135,9.152849391431623e-07,1.0636857342801919e-08,4.097042036754722e-08,2.6678179243316577e-08,5.289546409782523e-11,3.7571579048761517e-07,1.4334748998543257e-05,8.129909523096403e-08,0.00019538904123510886,7.125736347877379e-09,3.3574178109640665e-06,1.4981764323169786e-08,1.0507681694710601e-05,1.3669473016672857e-11,2.801605890191046e-11,2.2454066904931674e-07,1.4970874262413924e-07,5.966803656871669e-13,8.191417265107696e-11,1.2555780811194373e-10
6.88999784070533e-07,0.16628943999999996,0.8585084662769803,0.0,0.0,0.4413171930698747,0.10389249965443156,0.01851170628987324,1.2722537572111532e-06,0.0005950881468112514,0.009880435385696083,0.004885813877804151,5.466262752346606e-05,1.5548481981328946e-12,0.002308814105223838,4.628638203826486e-11,0.00041217709896593235,2.473621626985681e-09,7.468477010357659e-06,3.660211431891141e-10,2.3670271962994892e-11,3.4723499743444244e-05,2.144281406970703e-06,0.0074380544286235745,0.003082517806875847,0.00025672352887854837,9.169895787797628e-07,1.063298961719186e-08,4.09951659547963e-08,2.6953979525162877e-08,5.310501097195631e-11,3.770106112245086e-07,1.435038628182947e-05,8.182243052282545e-08,0.0001965941216171153,7.130535568920678e-09,3.393064809630986e-06,1.5085239723347498e-08,1.0503604982280166e-05,1.378984712689946e-11,2.8228297295147e-11,2.2705466706830865e-07,1.5013932772796726e-07,6.030178650580452e-13,8.247949347672879e-11,1.2633435957803397e-10
6.924052047734906e-07,0.16628943999999996,0.8585084662769803,0.0,0.0,0.44131929853785873,0.10385930771253392,0.018492604701171186,1.2884425481262935e-06,0.000601245237914084,0.00994076657924486,0.0049193247948916665,5.481635704874379e-05,1.5817121589973081e-12,0.002310328368910341,4.65536723321777e-11,0.00041238903756515984,2.481511490364938e-09,7.5194869177026406e-06,3.687232556196626e-10,2.3874900306302485e-11,3.476428685430763e-05,2.1668736567549754e-06,0.00743570613273683,0.003080930337462085,0.0002573259471493616,9.186621820581115e-07,1.062898462374673e-08,4.1019374890521814e-08,2.7230783893142097e-08,5.331509133328721e-11,3.783103323358122e-07,1.4366228854541628e-05,8.234601377402005e-08,0.0001977993039899494,7.135246357054527e-09,3.4288168583081434e-06,1.5188780086114594e-08,1.0499495111638634e-05,1.3910587928003442e-11,2.8440551301362233e-11,2.2957704045899308e-07,1.5056420812560354e-07,6.093741982145196e-13,8.304323322009269e-11,1.2710761916712312e-10
6.958106254764483e-07,0.16628943999999996,0.8585084662769803,0.0,0.0,0.4413214830745534,0.10382612652277774,0.0184735224626442,1.3047264699552005e-06,0.0006074247972514737,0.010001099871929544,0.004952855124282183,5.4968021750607066e-05,1.6088900996940151e-12,0.0023118139583612547,4.681866198929216e-11,0.00041260070590276544,2.4893130932140726e-09,7.570349767966317e-06,3.714291682661612e-10,2.4079783929566334e-11,3.480440559082198e-05,2.1895314189924577e-06,0.007433359974195675,0.0030792629755961192,0.000257926775905865,9.203028432123059e-07,1.0624844580066723e-08,4.104305422066944e-08,2.7508582750283627e-08,5.3525717228980923e-11,3.7961502231663897e-07,1.4382277472830622e-05,8.28698395095865e-08,0.00019900457990596203,7.139869909380938e-09,3.4646725956494857e-06,1.5292384115737366e-08,1.0495352890218453e-05,1.4031693771807178e-11,2.8652816188117434e-11,2.3210768690994037e-07,1.509834306487295e-07,6.157491260064841e-13,8.360536926365585e-11,1.2787754279446285e-10
6.992160461794059e-07,0.16628943999999996,0.8585084662769803,0.0,0.0,0.44132374599556506,0.1037929561084983,0.01845445954860008,1.3211050410972177e-06,0.0006136266080594779,0.01006143483711091,0.004986404441286248,5.511763870962766e-05,1.6363837962215227e-12,0.0023132712585995172,4.708134927116415e-11,0.0004128121034361024,2.4970271199295556e-09,7.621063532686402e-06,3.741388459753736e-10,2.428491687139308e-11,3.4843859932804176e-05,2.2122538402302196e-06,0.0074310159413605095,0.003077516412263148,0.0002585260276026394,9.219116571574141e-07,1.0620571668953174e-08,4.106621088995284e-08,2.7787366474998673e-08,5.373690071040729e-11,3.8092474972231933e-07,1.4398532900817043e-05,8.339390232531476e-08,0.00020020994109363574,7.144407405113117e-09,3.5006306709349055e-06,1.5396050533563997e-08,1.0491179099644173e-05,1.4153163021548095e-11,2.8865087299915825e-11,2.3464650484481539e-07,1.5139704215066973e-07,6.221424111546452e-13,8.416587935207946e-11,1.2864408692014406e-10
7.026214668823635e-07,0.16628943999999996,0.8585084662769803,0.0,0.0,0.4413260866215018,0.1037597964929525,0.01843541593345029,1.3375777744399989e-06,0.0006198504529930992,0.010121771057028123,0.0050199723268038645,5.526522500938108e-05,1.6641950208983642e-12,0.002314700648958042,4.734173301461424e-11,0.0004130232296522496,2.5046542560426844e-09,7.671626216204518e-06,3.7685225395784e-10,2.4490293243082473e-11,3.488265378891616e-05,2.235040073739245e-06,0.007428674022692942,0.0030756913333063077,0.0002591237145509143,9.234887194733061e-07,1.0616168039012215e-08,4.1088851743517104e-08,2.8067125421839242e-08,5.394865383472984e-11,3.8223958317938123e-07,1.4414995910775112e-05,8.391819688672412e-08,0.00020141537945480773,7.148860005874367e-09,3.536689744085003e-06,1.549977807777047e-08,1.0486974496595886e-05,1.4274994051815452e-11,2.9077360057086405e-11,2.371933934256889e-07,1.5180508949125283e-07,6.285538182527298e-13,8.472474158758752e-11,1.29407208546476e-10
7.060268875853212e-07,0.16628943999999996,0.8585084662769803,0.0,0.0,0.44132850427791254,0.10372664769931811,0.018416391591709116,1.3541441774330606e-06,0.0006260961141442774,0.01018210812266145,0.0050535583672433335,5.5410797731124e-05,1.692325542345351e-12,0.0023161025031739183,4.7599812617046717e-11,0.0004132340840675484,2.512195187976706e-09,7.722035855254409e-06,3.7956935778350767e-10,2.4695907227935575e-11,3.492079099886176e-05,2.257889279521438e-06,0.007426334206754439,0.0030737884194887454,0.0002597198489209114,9.250341263927204e-07,1.0611635805235174e-08,4.111098352856899e-08,2.834784992225949e-08,5.416098866662676e-11,3.835595913965327e-07,1.4431667283314639e-05,8.444271792804993e-08,0.00020262088706193626,7.153228855991008e-09,3.5728484856721748e-06,1.5603565503111202e-08,1.0482739813643897e-05,1.4397185248475718e-11,2.9289629954718126e-11,2.3974825255601484e-07,1.5220761952220558e-07,6.349831137690848e-13,8.528193442543843e-11,1.301668652153082e-10
7.094323082882788e-07,0.16628943999999996,0.8585084662769803,0.0,0.0,0.4413309982952272,0.10369350975069265,0.018397386497992843,1.3708037521609514e-06,0.0006323633730597464,0.010242445633597153,0.0050871621544414415,5.555437394866046e-05,1.7207771254685072e-12,0.0023174771894808946,4.785558802194782e-11,0.00041344466622713884,2.5196506028124375e-09,7.772290518556595e-06,3.8229012337742714e-10,2.4901753080562997e-11,3.495827533552642e-05,2.280800624314382e-06,0.007423996482205002,0.0030718083465545547,0.00026031444274413166,9.265479747887031e-07,1.0606977049572093e-08,4.1132612895976844e-08,2.8629530285375023e-08,5.437391727992702e-11,3.8488484317543607e-07,1.444854780756125e-05,8.496746025124794e-08,0.0002038264561554114,7.157515082780145e-09,3.609105576928202e-06,1.570741158067377e-08,1.0478475760055663e-05,1.4519735008583507e-11,2.950189256156647e-11,2.4231098288328333e-07,1.5260467907306632e-07,6.414300660476705e-13,8.583743666946875e-11,1.309230150053093e-10
7.128377289912364e-07,0.16628943999999996,0.8585084662769803,0.0,0.0,0.44133356800869916,0.1036603826700925,0.018378400627018947,1.3875559954160374e-06,0.0006386520107587482,0.010302783197894452,0.005120783285584951,5.5695970723391854e-05,1.7495515314426848e-12,0.0023188250707001706,4.8109059704566605e-11,0.0004136549757044965,2.5270211880615952e-09,7.82238830641941e-06,3.8501451701550895e-10,2.5107825126193662e-11,3.4995110507060845e-05,2.3037732815939554e-06,0.007421660837801855,0.003069751785288594,0.00026090750791560313,9.280303621582233e-07,1.0602193821505062e-08,4.115374640184516e-08,2.8912156798700504e-08,5.458745175913987e-11,3.862154074214353e-07,1.446563828133501e-05,8.549241872502306e-08,0.000205032079140907,7.161719796832526e-09,3.645459709748429e-06,1.5811315097637153e-08,1.0474183022575863e-05,1.464264174032218e-11,2.9714143518970525e-11,2.4488148580136045e-07,1.529963149376051e-07,6.478944453084183e-13,8.639122746769654e-11,1.3167561652931609e-10
7.162431496941941e-07,0.16628943999999996,0.8585084662769803,0.0,0.0,0.44133621275834756,0.10362726648045203,0.018359433953605297,1.4044003987709048e-06,0.0006449618077506074,0.01036312043195453,0.005154421363133383,5.583560509954638e-05,1.7786505176958486e-12,0.00232014650432953,4.836022865778137e-11,0.0004138650121009683,2.5343076314478396e-09,7.872327350346298e-06,3.877425053203384e-10,2.5314117759984214e-11,3.503130015890984e-05,2.3268064315748775e-06,0.007419327262398184,0.003067619401575229,0.0002614990561960733,9.294813866110472e-07,1.0597288138595498e-08,4.1174390509057385e-08,2.9195719728892046e-08,5.4801604201184726e-11,3.875513531543424e-07,1.4482939511327295e-05,8.601758828386444e-08,0.00020623774858677483,7.1658440922895395e-09,3.681909586692635e-06,1.591527485703464e-08,1.0469862266180457e-05,1.4765903862933916e-11,2.992637853983797e-11,2.47459663452524e-07,1.533825738607376e-07,6.543760236470457e-13,8.694328630800645e-11,1.3242462893164575e-10
7.196485703971517e-07,0.16628943999999996,0.8585084662769803,0.0,0.0,0.4413389318889012,0.10359416120462263,0.01834048645266932,1.4213364486503772e-06,0.0006512925440521729,0.010423456960391587,0.005188075994743064,5.5973294099582904e-05,1.8080758378940049e-12,0.002321441842630855,4.8609096378154247e-11,0.0004140747750453111,2.5415106206957926e-09,7.922105812649307e-06,3.9047405525705306e-10,2.5520625446329425e-11,3.506684787578739e-05,2.3498992612092463e-06,0.00741699574494186,0.0030654118564559796,0.0002620890992141459,9.309011468588234e-07,1.0592261987023279e-08,4.119455158878903e-08,2.9480209322494315e-08,5.5016386717034744e-11,3.8889274951899324e-07,1.450045231327646e-05,8.654296392709549e-08,0.00020744345722147937,7.1698890471153375e-09,3.7184539209827524e-06,1.601928967752078e-08,1.0465514134805673e-05,1.488951980662143e-11,3.013859340759475e-11,2.5004541872920626e-07,1.5376350252591941e-07,6.608745750343428e-13,8.749359301390701e-11,1.3317001188535618e-10
7.230539911001093e-07,0.16628943999999996,0.8585084662769803,0.0,0.0,0.4413417247497436,0.10356106686537163,0.018321558099227263,1.438363626403148e-06,0.000657643999205119,0.01048379241590588,0.005221746793192409,5.6109054719764955e-05,1.8378292419267803e-12,0.0023227114327160335,4.885566485217651e-11,0.00041428426419322915,2.5486308433272436e-09,7.971721886068695e-06,3.932091341292775e-10,2.5727342718173868e-11,3.5101757183598835e-05,2.3730509641831224e-06,0.007414666274474211,0.0030631298061861456,0.0002626776484683872,9.322897421982156e-07,1.0587117322132332e-08,4.121423592199852e-08,2.976561580665586e-08,5.523181143317457e-11,3.9023966579575117e-07,1.4518177512142157e-05,8.706854071795106e-08,0.0002086491979310728,7.173855723364577e-09,3.7550914364975257e-06,1.61233583931412e-08,1.0461139252052655e-05,1.5013488012492733e-11,3.0350783975130134e-11,2.526386552754521e-07,1.541391475430083e-07,6.673898753148635e-13,8.804212774033909e-11,1.3391172558956035e-10
7.26459411803067e-07,0.16628943999999996,0.8585084662769803,0.0,0.0,0.44134459069485893,0.10352798348538161,0.018302648868393386,1.4554814083730271e-06,0.0006640159522931009,0.010544126439158693,0.005255433376308418,5.624290392590036e-05,1.8679124758936237e-12,0.0023239556166313228,4.909993654270641e-11,0.0004144934792269161,2.5556689864643356e-09,8.021173793398504e-06,3.95947709575114e-10,2.5934264176324944e-11,3.513603155131183e-05,2.3962607409112865e-06,0.007412338840128797,0.003060773902290394,0.00026326471532937937,9.336472725003091e-07,1.058185606894731e-08,4.123344970088768e-08,3.005192938985045e-08,5.544789049334603e-11,3.915921714111444e-07,1.4536115942278249e-05,8.75943137826588e-08,0.00020985496375671003,7.177745167444425e-09,3.7918208677641993e-06,1.622747985310716e-08,1.0456738221868674e-05,1.513780693249992e-11,3.056294616383302e-11,2.5523927748810324e-07,1.545095554365827e-07,6.739217022051361e-13,8.858887096956423e-11,1.3464973076672985e-10
7.298648325060246e-07,0.16628943999999996,0.8585084662769803,0.0,0.0,0.4413475290827787,0.10349491108724915,0.018283758735379185,1.4726892659698034e-06,0.0006704081819587858,0.010604458678649226,0.0052891353668943755,5.637485864924202e-05,1.898327282090634e-12,0.002325174731440161,4.934191437560178e-11,0.00041470241985459784,2.562625736640235e-09,8.07045978711808e-06,3.9868974956319256e-10,2.6141384488767754e-11,3.516967439277643e-05,2.419527798530171e-06,0.007410013431130224,0.0030583447916173383,0.000263850311041718,9.349738382017777e-07,1.0576480122678755e-08,4.12521990303328e-08,3.033914026261561e-08,5.566463606022354e-11,3.9295033594824124e-07,1.4554268447604866e-05,8.812027830953118e-08,0.00021106074789220097,7.181558410371865e-09,3.828640959947362e-06,1.6331652921574065e-08,1.0452311629205589e-05,1.5262475029327768e-11,3.07750759625871e-11,2.578471905177171e-07,1.5487477263470422e-07,6.804698352914234e-13,8.913380350712768e-11,1.3538398865995817e-10
7.332702532089822e-07,0.16628943999999996,0.8585084662769803,0.0,0.0,0.4413505392765299,0.10346184969348414,0.01826488767549265,1.4899866657397149e-06,0.0006768204664207402,0.0106647887905934,0.00532285239265872,5.6504935782545867e-05,1.9290753989979836e-12,0.0023263691093044886,4.958160172654874e-11,0.00041491108581007705,2.5695017796165376e-09,8.119578149029371e-06,4.0143522238877427e-10,2.6348698389981792e-11,3.520268906849598e-05,2.4428513508890562e-06,0.007407690036792955,0.0030558431163931286,0.00026443444672598755,9.362695402872886e-07,1.0570991349243481e-08,4.127048992929636e-08,3.0627238598245246e-08,5.588206031677809e-11,3.9431422915695523e-07,1.4572635881779544e-05,8.864642954808923e-08,0.0002122665436816023,7.185296468027244e-09,3.865550468835087e-06,1.6435876477422245e-08,1.0447860040656344e-05,1.5387490776341443e-11,3.0987169426737614e-11,2.604623002692288e-07,1.5523484545811152e-07,6.870340560269205e-13,8.967690647786195e-11,1.3611446103023386e-10
7.366756739119398e-07,0.16628943999999996,0.8585084662769803,0.0,0.0,0.4413536206435832,0.10342879932650863,0.018246035664137485,1.50737306943554e-06,0.0006832525834901682,0.010725116438804463,0.00535658408614506,5.663315217628134e-05,1.960158561267949e-12,0.002327539077564592,4.981900240808789e-11,0.00041511947685228214,2.5762978002069478e-09,8.168527189899996e-06,4.041840966699108e-10,2.6556200680259814e-11,3.523507888734954e-05,2.466230618539618e-06,0.007405368646520162,0.0030532695142741046,0.00026501713338068886,9.375344802790017e-07,1.056539158575346e-08,4.128832833221045e-08,3.091621455348578e-08,5.6100175468043596e-11,3.956839209645833e-07,1.4591219108367097e-05,8.91727628081883e-08,0.00021347234461684624,7.1889603414021686e-09,3.902548160822367e-06,1.6540149414042436e-08,1.0443384005070278e-05,1.5512852657540896e-11,3.119922267717858e-11,2.6308451340236623e-07,1.5558982010983515e-07,6.936141477285245e-13,9.021816132196778e-11,1.3684111015372673e-10
7.400810946148975e-07,0.16628943999999996,0.8585084662769803,0.0,0.0,0.4413567725558034,0.1033957600086561,0.018227202676812403,1.524847934086293e-06,0.0006897043105875332,0.010785441294575471,0.00539033008466332,5.675952463499093e-05,1.991578499713517e-12,0.0023286849588175012,5.0054120656839294e-11,0.0004153275927648189,2.5830144821079278e-09,8.21730524911191e-06,4.0693634134365696e-10,2.6763886225028984e-11,3.526684710826692e-05,2.489664828723869e-06,0.00740304924980258,0.0030506246183984536,0.00026559838188410504,9.387687602304066e-07,1.0559682640986984e-08,4.1305720090329946e-08,3.120605826927127e-08,5.631899374285957e-11,3.9705948148603455e-07,1.4610019001009051e-05,8.96992734591486e-08,0.00021467814433540538,7.192551016842763e-09,3.939632812892043e-06,1.664447063912528e-08,1.0438884054147842e-05,1.5638559167431087e-11,3.1411231899398215e-11,2.6571373733182555e-07,1.5593974266522158e-07,7.002098955732342e-13,9.07575497911749e-11,1.375638988190845e-10
7.434865153178551e-07,0.16628943999999996,0.8585084662769803,0.0,0.0,0.44135999438940016,0.10336273176217027,0.018208388689110337,1.5424107120665399e-06,0.0006961754247590342,0.010845763036563498,0.00542409003022201,5.688406991379409e-05,2.0233369412975644e-12,0.002329807070993973,5.028696112092694e-11,0.0004155354333555244,2.5896525077357307e-09,8.265910694315616e-06,4.0969192566233556e-10,2.697174995417464e-11,3.5297996941857495e-05,2.5131532153605113e-06,0.007400731836217394,0.0030479090574369785,0.00026617820299615715,9.399724827078172e-07,1.0553866295886017e-08,4.132267097306969e-08,3.149675987139378e-08,5.653852739511069e-11,3.984409810339566e-07,1.4629036443592523e-05,9.022595692892317e-08,0.00021588393661799485,7.196069466289887e-09,3.976803212593309e-06,1.6748839074452593e-08,1.043436070301549e-05,1.576460881096935e-11,3.162319334245943e-11,2.683498802272165e-07,1.5628465906235555e-07,7.068210865940221e-13,9.129505394493159e-11,1.3828279032466206e-10
7.468919360208127e-07,0.16628943999999996,0.8585084662769803,0.0,0.0,0.4413632855248786,0.10332971460920437,0.018189593676717738,1.5600608511653202e-06,0.0007026657026929281,0.010906081350675655,0.005457863569461562,5.700680471503207e-05,2.055435609122606e-12,0.0023309057274340794,5.0517528847603674e-11,0.00041574299845602617,2.596212558069026e-09,8.314341921089817e-06,4.124508191898564e-10,2.7179786861366642e-11,3.5328531551993764e-05,2.536695019029857e-06,0.0073984163954271395,0.0030451234556429616,0.0002667566073602173,9.411457507792889e-07,1.0547944304020776e-08,4.1339186669315664e-08,3.178830947116779e-08,5.67587887055129e-11,3.998284901292258e-07,1.4648272330418015e-05,9.075280870326739e-08,0.00021708971538630855,7.199516647513801e-09,4.0140581580178e-06,1.685325365569292e-08,1.0429814450781393e-05,1.5891000103545873e-11,3.183510331813653e-11,2.7099285101278436e-07,1.5662461509286877e-07,7.134475096753033e-13,9.183065614666653e-11,1.3899774847576397e-10
7.502973567237704e-07,0.16628943999999996,0.8585084662769803,0.0,0.0,0.44136664534699266,0.1032967085718201,0.018170817615413858,1.577797794654682e-06,0.0007091749207357415,0.010966395929956798,0.005491650353588762,5.712774568504973e-05,2.0878762224210997e-12,0.002331981236961436,5.074582927107673e-11,0.0004159502879213042,2.6026953124979594e-09,8.362597352606442e-06,4.152129917980851e-10,2.7387992003388693e-11,3.535845405735046e-05,2.560289486957308e-06,0.007396102917178614,0.0030422684329010972,0.00026733360550485125,9.422886680118855e-07,1.0541918392026111e-08,4.1355272788704336e-08,3.2080697166167907e-08,5.6979789983476345e-11,4.01222079511067e-07,1.466772756636704e-05,9.127982432490391e-08,0.00021829547470079137,7.202893504344014e-09,4.051396457773446e-06,1.695771333220169e-08,1.0425245781072531e-05,1.601773157082957e-11,3.204695820001821e-11,2.736425593669181e-07,1.5695965639312654e-07,7.200889555481378e-13,9.236433906013966e-11,1.397087375820171e-10
7.53702777426728e-07,0.16628943999999996,0.8585084662769803,0.0,0.0,0.4413700732446979,0.10326371367198674,0.01815206048107002,1.595620981357835e-06,0.0007157028549083412,0.011026706474478953,0.005525450038312204,5.7246909411110335e-05,2.1206604965462643e-12,0.002333033903956098,5.0971868200534635e-11,0.0004161573016292569,2.609101448679305e-09,8.410675439300918e-06,4.1797841366326053e-10,2.7596360499470578e-11,3.538776753290057e-05,2.583935872995401e-06,0.007393791391301814,0.0030393446047755892,0.000267909207845562,9.434013384522149e-07,1.0535790260077738e-08,4.137093486288917e-08,3.237391304088008e-08,5.720154356817811e-11,4.0262182014700614e-07,1.4687403067069674e-05,9.180699939273273e-08,0.00021950120875844487,7.206200966897033e-09,4.088816930956186e-06,1.7062217066822268e-08,1.0420655162553922e-05,1.6144801748707663e-11,3.225875442249286e-11,2.7629891572145024e-07,1.5728982843577956e-07,7.267452167849222e-13,9.289608564580899e-11,1.404157224545625e-10
7.571081981296856e-07,0.16628943999999996,0.8585084662769803,0.0,0.0,0.44137356861110616,0.10323072993158007,0.018133322249648913,1.613529845716906e-06,0.0007222492809218405,0.011087012691232408,0.005559262283778801,5.736431241843999e-05,2.153790142963468e-12,0.00233406402842614,5.119565180837525e-11,0.000416364039480272,2.6154316423966162e-09,8.458574658547589e-06,4.2074705526246537e-10,2.7804887530623743e-11,3.541647501136902e-05,2.607633437604608e-06,0.007391481807708895,0.0030363525825573964,0.00026848342468650056,9.444838666137593e-07,1.0529561582336691e-08,4.1386178346784746e-08,3.2667947167323456e-08,5.742406183035711e-11,4.040277832433737e-07,1.4707299759071111e-05,9.233432956104401e-08,0.00022070691189066724,7.209439951798634e-09,4.126318407119531e-06,1.7166763835691e-08,1.0416043049430413e-05,1.6272209183307888e-11,3.2470488479930685e-11,2.7896183126075896e-07,1.5761517652167282e-07,7.33416087793697e-13,9.342587915726146e-11,1.4111866840320136e-10
7.605136188326433e-07,0.16628943999999996,0.8585084662769803,0.0,0.0,0.44137713084343966,0.10319775737238178,0.018114602897203902,1.631523817860311e-06,0.000728813974193402,0.011147314294018428,0.005593086754511293,5.7479971167397894e-05,2.187266869242116e-12,0.0023350719060779524,5.1417186618635054e-11,0.0004165705013968012,2.6216865674261983e-09,8.506293514340255e-06,4.235188873701437e-10,2.8013568338980024e-11,3.544457948464491e-05,2.6313814478328664e-06,0.007389174156393129,0.0030332929733106044,0.00026905626622209314,9.455363574785015e-07,1.0523234007349708e-08,4.1401008619775765e-08,3.2962789605798173e-08,5.76473571743761e-11,4.054400402553535e-07,1.4727418579998374e-05,9.286181053871375e-08,0.0002219125785611257,7.2126113624009586e-09,4.163899726242124e-06,1.7271352628047553e-08,1.0411409881931748e-05,1.639995243081412e-11,3.26821569258556e-11,2.8163121792067625e-07,1.579357457720996e-07,7.401013648122903e-13,9.395370313774583e-11,1.418175412338976e-10
7.639190395356009e-07,0.16628943999999996,0.8585084662769803,0.0,0.0,0.4413807593429875,0.10316479601607824,0.018095902399878336,1.649602323669743e-06,0.000735396709861908,0.011207611003343608,0.005626923119346751,5.759390205076887e-05,2.221092379048039e-12,0.002336057828385276,5.163647949561968e-11,0.0004167766873229392,2.6278668954089757e-09,8.553830536977656e-06,4.262938810546648e-10,2.8222398227134017e-11,3.547208390515348e-05,2.655179177293801e-06,0.007386868427427907,0.003030166379917998,0.0002696277425386777,9.465589164767005e-07,1.0516809158505311e-08,4.1415430986916675e-08,3.3258430405524287e-08,5.787144203907087e-11,4.0685866289675356e-07,1.4747760478727311e-05,9.338943808845311e-08,0.000223118203363662,7.215716088998474e-09,4.2015597386934455e-06,1.7375982446045277e-08,1.040675608678141e-05,1.6528030057384014e-11,3.2893756371925257e-11,2.843069883872123e-07,1.5825158112139263e-07,7.468008459019769e-13,9.447954141670926e-11,1.4251230724596332e-10
7.673244602385585e-07,0.16628943999999996,0.8585084662769803,0.0,0.0,0.44138445351506167,0.10313184588425968,0.018077220733904834,1.6677647848467628e-06,0.0007419972628034505,0.011267902546315777,0.005660771051376063,5.770612139117492e-05,2.255268372136403e-12,0.002337022082657006,5.1853537632734924e-11,0.000416982597224008,2.6339732957268267e-09,8.601184282753905e-06,4.290720076749361e-10,2.8431372557488917e-11,3.5498991187188605e-05,2.679025906143873e-06,0.007384564610965734,0.0030269734011258613,0.0002701978636161269,9.475516494711958e-07,1.0510288634463589e-08,4.1429450680113185e-08,3.355485960520486e-08,5.809632889952429e-11,4.082837231505859e-07,1.4768326415548692e-05,9.391720802606524e-08,0.00022432378102022924,7.218755009038745e-09,4.239297305197604e-06,1.7480652304564984e-08,1.0402082077649752e-05,1.6656440639235158e-11,3.3105283487150955e-11,2.8698905609510065e-07,1.5856272730984254e-07,7.535143309407385e-13,9.500337810638416e-11,1.4320293322901396e-10
7.707298809415161e-07,0.16628943999999996,0.8585084662769803,0.0,0.0,0.441388212768955,0.10309890699841937,0.01805855787560465,1.686010618979009e-06,0.0007486154076467245,0.011328188656541515,0.005694630227884376,5.781664543860229e-05,2.2897965443451193e-12,0.0023379649521037818,5.206836854151818e-11,0.0004171882310861452,2.6400064353840804e-09,8.648353333653662e-06,4.318532388770629e-10,2.864048675160616e-11,3.552530420820673e-05,2.7029209210584283e-06,0.007382262697237249,0.0030237146315879324,0.0002707666393293631,9.485146627644578e-07,1.0503674009518795e-08,4.1443072859265055e-08,3.385206723379164e-08,5.832203026944462e-11,4.097152932790962e-07,1.478911736233479e-05,9.444511621966796e-08,0.0002255293063788608,7.2217289873273404e-09,4.27711129679532e-06,1.7585361231035126e-08,1.039738825559198e-05,1.6785182762426586e-11,3.331673499715438e-11,2.896773352261728e-07,1.5886922887693263e-07,7.60241621616485e-13,9.552519759849608e-11,1.4388938646066386e-10
7.741353016444738e-07,0.16628943999999996,0.8585084662769803,0.0,0.0,0.44139203651789843,0.10306597937995263,0.018039913801386975,1.7043392396060195e-06,0.000755250918788307,0.011388469074025106,0.005728500330292478,5.792549036804069e-05,2.3246785875886894e-12,0.0023388867159033844,5.228098004086926e-11,0.0004173935889158974,2.6459669788947518e-09,8.695336297052078e-06,4.3463754659105175e-10,2.884973628955882e-11,3.5551025810083236e-05,2.726863515206545e-06,0.007379962676550263,0.003020390661908593,0.00027133407944989575,9.494480630782098e-07,1.0496966834035108e-08,4.145630261340146e-08,3.415004331112519e-08,5.854855870171766e-11,4.111534458333199e-07,1.4810134302706708e-05,9.497315858897858e-08,0.00022673477441166934,7.224638876232663e-09,4.315000594804351e-06,1.7690108265251047e-08,1.0392675009471491e-05,1.6914255022729847e-11,3.352810768313242e-11,2.92371740707568e-07,1.5917113015488356e-07,7.66982521419815e-13,9.604498456096325e-11,1.445716347037783e-10
7.775407223474314e-07,0.16628943999999996,0.8585084662769803,0.0,0.0,0.4413959241790205,0.10303306305015601,0.01802128848774826,1.722750056284661e-06,0.0007619035704077286,0.0114487435450691,0.005762381044099102,5.803267227723167e-05,2.359916189852565e-12,0.0023397876492649745,5.2491380246480364e-11,0.00041759867073981865,2.651855588173827e-09,8.742131805419362e-06,4.3742490302755914e-10,2.9059116709289052e-11,3.5576158800332096e-05,2.750852988224963e-06,0.007377664539288822,0.003017002078685377,0.00027190019364736626,9.503519575327087e-07,1.0490168634868655e-08,4.1469144961804865e-08,3.444877784841628e-08,5.877592679009847e-11,4.1259825366381537e-07,1.4831378232200735e-05,9.550133110461676e-08,0.00022794018021287695,7.22748551588611e-09,4.3529640907781874e-06,1.779489245919675e-08,1.0387942716368997e-05,1.704365602580894e-11,3.373939838110113e-11,2.9507218820978365e-07,1.5946847526249722e-07,7.737368356363368e-13,9.656272393462547e-11,1.4524964620309205e-10
7.80946143050389e-07,0.16628943999999996,0.8585084662769803,0.0,0.0,0.4413998751733065,0.10300015803022637,0.018002681911271586,1.7412424746541742e-06,0.0007685731364824586,0.011509011822176321,0.0057962720588241425,5.81382071845228e-05,2.3955110351879833e-12,0.0023406680234921845,5.269957756046363e-11,0.00041780347660407387,2.657672922433e-09,8.788738516029886e-06,4.4021528067468606e-10,2.926862360596951e-11,3.560070595328961e-05,2.7748886461910817e-06,0.007375368275912248,0.0030135494645506518,0.0002724649914909592,9.512264536603442e-07,1.0483280915690245e-08,4.148160485509121e-08,3.474826084903504e-08,5.900414717207938e-11,4.1404978993073326e-07,1.4852850158435386e-05,9.602962978735041e-08,0.00022914551899687425,7.230269734375269e-09,4.3910006864631366e-06,1.789971287687454e-08,1.038319174197799e-05,1.717338438697015e-11,3.395060398125937e-11,2.9777859414457486e-07,1.5976130809929138e-07,7.805043713390814e-13,9.707840093011979e-11,1.4592338968315263e-10
7.843515637533467e-07,0.16628943999999996,0.8585084662769803,0.0,0.0,0.4414038889255587,0.10296726434126,0.01798409404862603,1.7598158965008357e-06,0.0007752593908027999,0.011569273663953255,0.005830173067952766,5.8242111026824584e-05,2.4314648037071878e-12,0.002341528106045092,5.290558066117581e-11,0.00041800800657404636,2.66341963808197e-09,8.835155110675744e-06,4.430086522948133e-10,2.9478252631368916e-11,3.562467001126323e-05,2.798969801594844e-06,0.007373073876954258,0.0030100333982125615,0.00027302848245084097,9.520716593863533e-07,1.0476305157398819e-08,4.1493687176283243e-08,3.5048482309177176e-08,5.923323252905155e-11,4.1550812811309656e-07,1.487455110127996e-05,9.655805070741147e-08,0.0002303507860963095,7.232992347938181e-09,4.42910929375412e-06,1.800456859413292e-08,1.0378422440986924e-05,1.7303438730945087e-11,3.416172142692935e-11,3.0049087566270694e-07,1.6004967233991708e-07,7.872849373805048e-13,9.759200102473896e-11,1.4659283434578926e-10
7.877569844563043e-07,0.16628943999999996,0.8585084662769803,0.0,0.0,0.4414079648643577,0.10293438200425171,0.017965524876565955,1.7784697198222252e-06,0.0007819621069865434,0.011629528835014986,0.005864083768880388,5.8344399657667436e-05,2.4677791715791507e-12,0.00234236816060109,5.310939849323886e-11,0.00041821226073395195,2.6690963886335544e-09,8.881380295384698e-06,4.4580499092148117e-10,2.9687999493221864e-11,3.564805368564624e-05,2.8230957733098408e-06,0.0073707813330220326,0.0030064544544953797,0.0002735906758996411,9.528876830003803e-07,1.0469242818544507e-08,4.15053967418816e-08,3.534943221823172e-08,5.946319558780254e-11,4.1697334201977796e-07,1.4896482093021895e-05,9.708658998384766e-08,0.00023155597696020627,7.235654161153862e-09,4.4672888346489165e-06,1.8109458698495444e-08,1.0373635157448592e-05,1.743381769220375e-11,3.4372747713803156e-11,3.0320895065156763e-07,1.6033361142885053e-07,7.940783443839546e-13,9.81035099592864e-11,1.4725794986618113e-10
7.911624051592619e-07,0.16628943999999996,0.8585084662769803,0.0,0.0,0.4414121024220233,0.10290151104009418,0.01794697437193042,1.797203338891107e-06,0.0007886810584935429,0.011689777105891502,0.005898003862858518,5.844508884535518e-05,2.504455811025761e-12,0.002343188447114691,5.331104025775484e-11,0.0004184162391864565,2.6747038246124624e-09,8.927412800142428e-06,4.4860426985631054e-10,2.9897859954602965e-11,3.567085965799911e-05,2.847265886563655e-06,0.00736849063479534,0.003002813204379058,0.00027415158111376576,9.536746331776722e-07,1.0462095335609575e-08,4.15167383028862e-08,3.565110055959421e-08,5.969404912412652e-11,4.1844550579969407e-07,1.4918644178534855e-05,9.76152437837887e-08,0.00023276108715210932,7.238255967124183e-09,4.505538241200965e-06,1.8214382288999545e-08,1.0368830225137153e-05,1.756451991468635e-11,3.458367988944139e-11,3.059327377326456e-07,1.6061316857535085e-07,8.008844047353829e-13,9.861291373511252e-11,1.4791870639106849e-10
7.942272837919237e-07,0.16628943999999996,0.8585084662769803,0.0,0.0,0.44141587844184976,0.10287193691332441,0.01793029485933167,1.8141313178322443e-06,0.0007947418086999919,0.011743994465058393,0.005928539734646582,5.853435455280723e-05,2.53777590763192e-12,0.0023439100151995433,5.349066511186344e-11,0.0004185995841633069,2.679691788216416e-09,8.968676282488954e-06,4.511261130085502e-10,3.0086828039727476e-11,3.569089329098208e-05,2.869056176904495e-06,0.007366430576824183,0.0029994832761508798,0.00027465530195630144,9.54358120666477e-07,1.0455590972556662e-08,4.1526634938582446e-08,3.592320804348004e-08,5.99025892633781e-11,4.1977645690827144e-07,1.4938788514536415e-05,9.809112699168948e-08,0.00023384561377437778,7.2405469326985965e-09,4.540021567642186e-06,1.830884141560752e-08,1.0364490964210997e-05,1.7682427189797017e-11,3.477343598312497e-11,3.0838896327460794e-07,1.6086105896552126e-07,8.070205240147774e-13,9.906956586036285e-11,1.4850963602702604e-10
7.972921624245856e-07,0.16628943999999996,0.8585084662769803,0.0,0.0,0.44141970350748844,0.10284237203048807,0.017913630431888213,1.8311229910319185e-06,0.0008008153605639742,0.011798205894780782,0.00595908276343508,5.862234878466781e-05,2.571392008995841e-12,0.0023446159631475543,5.3668542053464967e-11,0.0004187827060150274,2.6846246013006542e-09,9.00978179189813e-06,4.536502973077162e-10,3.027588174084885e-11,3.571046304903551e-05,2.8908811974264595e-06,0.007364371999689236,0.0029961037500589303,0.00027515799339553694,9.55018226716521e-07,1.0449019805721659e-08,4.153624065992639e-08,3.6195882030439887e-08,6.011187046009998e-11,4.211131523108723e-07,1.4959121672965848e-05,9.856709716967608e-08,0.0002349300684735053,7.2427904880494505e-09,4.574559863867733e-06,1.8403326304485403e-08,1.0360137899632408e-05,1.780059424004597e-11,3.496311141506875e-11,3.1084969199083574e-07,1.611054659459449e-07,8.131666076536084e-13,9.952449183262718e-11,1.4909698997109354e-10
8.003570410572474e-07,0.16628943999999996,0.8585084662769803,0.0,0.0,0.4414235772127219,0.10281281640660006,0.01789698107288918,1.8481779094280464e-06,0.0008069015486668418,0.01185241123969968,0.005989632739237677,5.8709082852201936e-05,2.605305325953912e-12,0.00234530647296211,5.3844678285308724e-11,0.0004189656048533083,2.689502731556052e-09,9.050728451226326e-06,4.5617680383567086e-10,3.046501808176166e-11,3.5729570829135137e-05,2.912740469298042e-06,0.007362314896743422,0.0029926750345136734,0.00027565966199945383,9.55655031280961e-07,1.0442382837976403e-08,4.15455587983348e-08,3.6469115208119755e-08,6.032190213347058e-11,4.2245564680846205e-07,1.4979644442362183e-05,9.904315162091782e-08,0.00023601444824604504,7.244987188225454e-09,4.609152372041252e-06,1.8497836322105744e-08,1.0355771254713308e-05,1.791902009642491e-11,3.515270413726781e-11,3.133148660707446e-07,1.613464205090281e-07,8.193225225078344e-13,9.997768197634574e-11,1.4968074742805893e-10
8.034219196899092e-07,0.16628943999999996,0.8585084662769803,0.0,0.0,0.4414274991536944,0.10278327005660606,0.017880346765677714,1.8652956216716656e-06,0.0008130002075219108,0.011906610348111383,0.006020189454467974,5.879456800670131e-05,2.6395170667456975e-12,0.0023459817243468807,5.401908115517358e-11,0.0004191482808010249,2.694326644511676e-09,9.091515398380922e-06,4.5870561384273236e-10,3.065423412103535e-11,3.574821851118953e-05,2.934633517777639e-06,0.007360259261385161,0.0029891975354979184,0.0002761603142761521,9.562686145554594e-07,1.0435681058565869e-08,4.155459264470909e-08,3.6742900262046485e-08,6.053269373757194e-11,4.238039954488733e-07,1.5000357619948104e-05,9.951928767847363e-08,0.00023709875015922932,7.247137581188405e-09,4.64379834079921e-06,1.8592370842100278e-08,1.0351391246842425e-05,1.80377037954122e-11,3.534221213363634e-11,3.1578442817836376e-07,1.615839534817832e-07,8.254881365676776e-13,1.0042912677966583e-10,1.5026088790699158e-10
8.06486798322571e-07,0.16628943999999996,0.8585084662769803,0.0,0.0,0.44143146892889085,0.10275373299538208,0.017863727493650592,1.8824756741636258e-06,0.0008191111715826912,0.011960803071915677,0.006050752703909697,5.887881543863165e-05,2.6740284370127514e-12,0.0023466418947384105,5.419175815059851e-11,0.00041933073399202524,2.699096803492219e-09,9.132141786167146e-06,4.61236708745957e-10,3.084352695165665e-11,3.576640795859582e-05,2.9565598721939323e-06,0.007358205087057885,0.002985671656588514,0.000276659956674687,9.568590569247715e-07,1.042891544343509e-08,4.1563345450032324e-08,3.701722987541692e-08,6.074425476097497e-11,4.251582535341717e-07,1.502126201173091e-05,9.999550270501573e-08,0.00023818297134994728,7.249242207919043e-09,4.6784970252199955e-06,1.868692924516162e-08,1.0346998087666029e-05,1.815664437970573e-11,3.553163341946687e-11,3.1825832145052993e-07,1.6181809552350284e-07,8.316633189515177e-13,1.0087881689263188e-10,1.5083739121682885e-10
8.092451890919666e-07,0.16628943999999996,0.8585084662769803,0.0,0.0,0.4414350822948474,0.10272715759441745,0.0178487829902292,1.8979906456344888e-06,0.0008246214233223422,0.012009570944959148,0.006078265047433649,5.89535890738531e-05,2.705345847822948e-12,0.002347223298691085,5.434569812086056e-11,0.0004194947515262374,2.703344368055192e-09,9.168567568594913e-06,4.635166325193146e-10,3.101395378062671e-11,3.578238819785086e-05,2.976321681998948e-06,0.007356357573961718,0.002982457332395093,0.0002771087766706547,9.57370736199249e-07,1.0422772606245141e-08,4.1570985339925354e-08,3.7264586076877614e-08,6.093532541022203e-11,4.263821843042113e-07,1.5040240125796678e-05,1.0042416159116052e-07,0.0002391586990928631,7.2510976834164775e-09,4.709770302578574e-06,1.8772051721704904e-08,1.034303317047566e-05,1.8263909756404126e-11,3.57020368242788e-11,3.2048848192327515e-07,1.6202594931806802e-07,8.37229056745021e-13,1.0128203013552894e-10,1.5135311796854447e-10
8.117277407844227e-07,0.16628943999999996,0.8585084662769803,0.0,0.0,0.441438366936077,0.10270324618562295,0.017835343328362615,1.9119967021938517e-06,0.0008295889573731173,0.012053457423760515,0.0061030304204037445,5.902004253927627e-05,2.7337405825437478e-12,0.0023477363435955466,5.4483058782193474e-11,0.0004196422132299427,2.7071305447266195e-09,9.201238507317668e-06,4.655701225573429e-10,3.116738740636392e-11,3.579645544681833e-05,2.9941297747524978e-06,0.007354695815602808,0.0029795314534007433,0.00027751202352068583,9.578153258237577e-07,1.0417201083008383e-08,4.157767074379637e-08,3.748757431397018e-08,6.110783421651579e-11,4.274878866868968e-07,1.5057453914110065e-05,1.0081000591673236e-07,0.00024003679457523908,7.252736603923545e-09,4.73795180750578e-06,1.8848677701580127e-08,1.0339455900984457e-05,1.8360625272702314e-11,3.585533732450967e-11,3.224985531219363e-07,1.6221070873568546e-07,8.422446798673743e-13,1.0164369502917379e-10,1.5181472752523708e-10
8.142102924768788e-07,0.16628943999999996,0.8585084662769803,0.0,0.0,0.44144168225500774,0.1026793408974097,0.01782191350173358,1.9260428464829384e-06,0.000834564270367937,0.01209733946185392,0.006127799723213536,5.908570362850489e-05,2.7623340393073605e-12,0.0023482398020746253,5.461930084275031e-11,0.0004197895290558834,2.7108822697891376e-09,9.23380264479413e-06,4.676250792129778e-10,3.132086635721169e-11,3.5810225309753376e-05,3.011958895908322e-06,0.007353035004313735,0.0029765745421471887,0.00027791461906620567,9.582448763298231e-07,1.041158936948769e-08,4.1584177408828046e-08,3.771090682181713e-08,6.128086483648391e-11,4.2859756545037686e-07,1.5074794620492114e-05,1.0119589745966475e-07,0.00024091483222824607,7.254346436679511e-09,4.766166595647707e-06,1.8925318272706662e-08,1.0335870361273874e-05,1.8457507648919428e-11,3.6008577506859876e-11,3.245113664339562e-07,1.6239329731587487e-07,8.472663517266711e-13,1.020041925688229e-10,1.52273915813196e-10
8.166928441693349e-07,0.16628943999999996,0.8585084662769803,0.0,0.0,0.4414450280426664,0.10265544173754754,0.01780849350161999,1.9401288332774115e-06,0.0008395472742494354,0.012141216987234232,0.006152572851228738,5.915057816842069e-05,2.791126853846825e-12,0.002348733764208522,5.4754428527954555e-11,0.0004199366990953667,2.7145997850662537e-09,9.266259558755986e-06,4.696814929234784e-10,3.1474389152833085e-11,3.582369874752024e-05,3.0298088030626377e-06,0.00735137513669447,0.0029735868085814577,0.0002783165666241779,9.586594308358325e-07,1.0405937959477913e-08,4.1590506988418945e-08,3.793457970931982e-08,6.145442238837476e-11,4.297112505001409e-07,1.5092262690615407e-05,1.0158183487356695e-07,0.00024179281065975515,7.255927456194683e-09,4.794414283356326e-06,1.9001973119143864e-08,1.033227665353284e-05,1.8554556387848917e-11,3.616175637561008e-11,3.2652689253973633e-07,1.6257373102094492e-07,8.522940049093329e-13,1.0236351808953213e-10,1.5273067267239485e-10
8.19175395861791e-07,0.16628943999999996,0.8585084662769803,0.0,0.0,0.44144840409104785,0.10263154871377544,0.017795083319322145,1.9542544164544924e-06,0.0008445378809501523,0.012185089929350799,0.0061773497007797645,5.921467195831321e-05,2.820119660775754e-12,0.002349218319161925,5.488844611372049e-11,0.0004200837234440276,2.7182833313598593e-09,9.298608833061838e-06,4.717393541946678e-10,3.1627954327025874e-11,3.5836876714867676e-05,3.0476792555238343e-06,0.007349716209363446,0.002970568461654988,0.00027871786948749377,9.590590325544382e-07,1.0400247341357595e-08,4.15966611198196e-08,3.8158589085250964e-08,6.162851200838342e-11,4.3082897186261526e-07,1.5109858574134482e-05,1.0196781682405618e-07,0.0002426707285057122,7.257479934159132e-09,4.8226944896932704e-06,1.907864192782435e-08,1.0328674877798643e-05,1.8651770994621897e-11,3.6314872947869414e-11,3.2854510231936973e-07,1.6275202573717117e-07,8.573275724762743e-13,1.027216669929861e-10,1.5318498806982254e-10
8.216579475542471e-07,0.16628943999999996,0.8585084662769803,0.0,0.0,0.4414518101931098,0.10260766183380138,0.017781682946162624,1.9684193490053827e-06,0.0008495360023952757,0.012228958219090617,0.006202130169152063,5.927799076965705e-05,2.8493130935882426e-12,0.002349693555194473,5.5021357924791436e-11,0.00042023060220176074,2.721933148439272e-09,9.330850057647366e-06,4.73798653600376e-10,3.178156042760256e-11,3.584976016059623e-05,3.0655700143048317e-06,0.007348058218957416,0.0029675197093306286,0.000279118530925257,9.59443724757065e-07,1.0394517998252801e-08,4.160264142431472e-08,3.838293105836284e-08,6.180313884568703e-11,4.3195075968577773e-07,1.5127582724724583e-05,1.0235384198869059e-07,0.00024354858442980572,7.2590041394805964e-09,4.851006836418377e-06,1.9155324388520244e-08,1.0325065132010644e-05,1.8749150976430536e-11,3.646792625278364e-11,3.3056596685191875e-07,1.6292819727418966e-07,8.623669879607703e-13,1.0307863474690644e-10,1.5363685209922175e-10
8.241404992467032e-07,0.16628943999999996,0.8585084662769803,0.0,0.0,0.44145524614276466,0.102583781105302,0.017768292373486205,1.982623383047571e-06,0.0008545415505053589,0.012272821788761873,0.006226914154576701,5.934054034591424e-05,2.878707784658956e-12,0.002350159559670916,5.515316833314001e-11,0.0004203773354726525,2.725549475029766e-09,9.362982828476735e-06,4.758593817818885e-10,3.193520601627188e-11,3.5862350027716274e-05,3.083480842115992e-06,0.0073464011621312865,0.0029644407585893554,0.00027951855418297493,9.598135508099383e-07,1.0388750407977094e-08,4.160844950742086e-08,3.860760173703802e-08,6.197830807357894e-11,4.330766442458875e-07,1.5145435600113305e-05,1.027399090568078e-07,0.000244426377123142,7.260500338307598e-09,4.879350947977232e-06,1.923202019381846e-08,1.0321447512060849e-05,1.8846695843757845e-11,3.662091533276272e-11,3.325894574146591e-07,1.6310226136446062e-07,8.674121853659664e-13,1.0343441688452344e-10,1.5408625497744071e-10
8.263747957699138e-07,0.16628943999999996,0.8585084662769803,0.0,0.0,0.44145836384758,0.10256229371548305,0.017756249230354692,1.995440239891295e-06,0.0008590528208037072,0.012312294910992512,0.006249222665181258,5.939618199279525e-05,2.9053356041890822e-12,0.0023505711422129923,5.5270859651576106e-11,0.00042050927111455865,2.728775731050458e-09,9.391809265145971e-06,4.777152510675158e-10,3.207351963075092e-11,3.587343067326834e-05,3.0996175514085555e-06,0.007344910606448385,0.002961644053559565,0.00027987803213455224,9.601337196142773e-07,1.0383527266095981e-08,4.161353084729802e-08,3.881008317493873e-08,6.213642841301459e-11,4.340934681854748e-07,1.5161613629275088e-05,1.0308740417171657e-07,0.00024521633542488825,7.261823189474599e-09,4.904887499072284e-06,1.9301057576391306e-08,1.0318184999341686e-05,1.8934626798570953e-11,3.675854981088582e-11,3.344128205967321e-07,1.6325713011901786e-07,8.719577524037557e-13,1.0375360346707731e-10,1.5448860529927037e-10
8.286090922931243e-07,0.16628943999999996,0.8585084662769803,0.0,0.0,0.44146150541387874,0.10254081132010345,0.01774421401234294,2.008288385548302e-06,0.0008635699711438396,0.012351764108896546,0.006271533870047195,5.9451209335749687e-05,2.932127413649669e-12,0.0023509753796922012,5.538766566254668e-11,0.0004206410890814228,2.7319752248288067e-09,9.420547245699158e-06,4.795722634065979e-10,3.2211863047549606e-11,3.588427495903732e-05,3.1157701551703596e-06,0.007343420801856968,0.0029588232041964503,0.00028023699810344956,9.604419137478122e-07,1.037827386788174e-08,4.1618475124200525e-08,3.901282487578638e-08,6.229499608768478e-11,4.351136573592658e-07,1.5177896639071271e-05,1.0343493123715443e-07,0.00024600624055524836,7.263123758962156e-09,4.930449207629554e-06,1.9370105301144705e-08,1.031491625172867e-05,1.902269056197079e-11,3.689613081988388e-11,3.3623826709658305e-07,1.6341031588126174e-07,8.765079022653931e-13,1.0407182296998678e-10,1.5488894731087266e-10
8.308433888163348e-07,0.16628943999999996,0.8585084662769803,0.0,0.0,0.44146467069338297,0.10251933392469421,0.01773218671318689,2.021167637545685e-06,0.0008680929373169193,0.012391229336014626,0.006293847696912545,5.950562650280987e-05,2.9590836717165825e-12,0.0023513723339781112,5.550358964507736e-11,0.0004207727894575694,2.7351481281870097e-09,9.449196487927597e-06,4.814304121146226e-10,3.235023524655667e-11,3.589488356106366e-05,3.1319384839129935e-06,0.007341931745955588,0.0029559783593757745,0.0002805954544075535,9.607381649861968e-07,1.0372990550972161e-08,4.1623283476442966e-08,3.9215824003113344e-08,6.245401490724864e-11,4.3613723410725344e-07,1.5194284971758516e-05,1.0378248932167371e-07,0.000246796091615727,7.26440223519247e-09,4.956035805402431e-06,1.943916314970751e-08,1.0311641335070388e-05,1.9110886781957065e-11,3.703365768699195e-11,3.3806577638412276e-07,1.6356182995777142e-07,8.810625878074742e-13,1.0438907227104625e-10,1.552872741390278e-10
8.328542556872243e-07,0.16628943999999996,0.8585084662769803,0.0,0.0,0.4414675395976677,0.10250000854835505,0.017721368909402298,2.032785409012957e-06,0.0008721685263441582,0.012426744607719352,0.006313932323657788,5.9554083649416894e-05,2.9834852860392624e-12,0.002351723416387132,5.560716982700697e-11,0.00042089121932781644,2.7379811478396425e-09,9.474904704511733e-06,4.831037120571247e-10,3.247479399844194e-11,3.5904230349278714e-05,3.146503285439775e-06,0.007340592233798841,0.002953397605460916,0.0002809176312215649,9.609946062245011e-07,1.0368210261673522e-08,4.162749571069285e-08,3.939874097323524e-08,6.259752073215121e-11,4.370613680908189e-07,1.5209124807342674e-05,1.040953173552193e-07,0.0002475069106116615,7.26553412840128e-09,4.979084803367427e-06,1.9501323690218218e-08,1.0308688688983158e-05,1.9190376340624486e-11,3.715738502630359e-11,3.397122815615204e-07,1.6369677263841845e-07,8.851656440823517e-13,1.0467376457251702e-10,1.5564403968705198e-10
8.348651225581138e-07,0.16628943999999996,0.8585084662769803,0.0,0.0,0.4414704274828017,0.10248068723045767,0.01771055751028202,2.0444280945903395e-06,0.0008762487273877387,0.012462256593560027,0.006334018964333341,5.9602052864744296e-05,3.0080208080066156e-12,0.0023520686933828604,5.571004067188799e-11,0.00042100955408507103,2.7407928921092992e-09,9.50054061722719e-06,4.847779222660121e-10,3.259937451350158e-11,3.591338726655736e-05,3.1610805657835138e-06,0.007339253324410752,0.0029507976429550566,0.00028123939874132,9.612414227215538e-07,1.036340625057335e-08,4.163159957587299e-08,3.9581862094145646e-08,6.27413978747036e-11,4.3798828058565015e-07,1.5224050487325343e-05,1.0440816909721014e-07,0.0002482176844662403,7.2666484122259506e-09,5.002153552603778e-06,1.9563492098870112e-08,1.0305731144616722e-05,1.9269972650799063e-11,3.728106749254447e-11,3.413604262851093e-07,1.6383037853919912e-07,8.892723023762697e-13,1.0495766629772633e-10,1.5599916253796658e-10
8.368759894290033e-07,0.16628943999999996,0.8585084662769803,0.0,0.0,0.4414733342419523,0.1024613699749906,0.017699752511289045,2.056095560140818e-06,0.0008803334936499087,0.012497765261503797,0.006354107567491275,5.9649537118824275e-05,3.032690570468538e-12,0.0023524082089106703,5.581220462477452e-11,0.0004211277937961073,2.7435834847711562e-09,9.526104028261779e-06,4.864530379568398e-10,3.2723976066280754e-11,3.592235479878936e-05,3.175670203652109e-06,0.007337915016064483,0.002948178579091738,0.0002815607586258204,9.614786377405615e-07,1.0358578757019712e-08,4.163559588137907e-08,3.976518529873659e-08,6.288564913911744e-11,4.3891798806222216e-07,1.5239062266974547e-05,1.0472104388396685e-07,0.0002489284125598376,7.267745220463896e-09,5.025241861144301e-06,1.9625668220129295e-08,1.0302768747486996e-05,1.934967545915043e-11,3.7404704611462374e-11,3.4301019585375115e-07,1.6396265579437324e-07,8.933825289488386e-13,1.0524077525664451e-10,1.5635263784847387e-10
8.388868562998927e-07,0.16628943999999996,0.8585084662769803,0.0,0.0,0.4414762597686812,0.10244205678592867,0.017688953907895582,2.0677876711842544e-06,0.0008844227783381318,0.012533270580086249,0.006374198082065924,5.9696539369168604e-05,3.0574949057936394e-12,0.0023527420065573377,5.5913664146905505e-11,0.00042124593852932717,2.74635304912584e-09,9.551594742270092e-06,4.881290543727496e-10,3.2848597936990486e-11,3.5931133429773895e-05,3.1902720784629453e-06,0.007336577307040608,0.0029455405206995976,0.00028188171252452624,9.617062745715812e-07,1.0353728018267158e-08,4.1639485430272884e-08,3.994870852021057e-08,6.303027733766335e-11,4.398505070506641e-07,1.5254160403406227e-05,1.0503394105657891e-07,0.0002496390942837759,7.268824685809668e-09,5.0483495381447236e-06,1.968785189959713e-08,1.0299801542356858e-05,1.9429484513312975e-11,3.7528295913737506e-11,3.446615756494956e-07,1.6409361250372576e-07,8.974962902561101e-13,1.0552308928605055e-10,1.5670446082781579e-10
8.408977231707822e-07,0.16628943999999996,0.8585084662769803,0.0,0.0,0.44147920395694173,0.10242274766723276,0.017678161695583068,2.0795042929015574e-06,0.0008885165346659881,0.01256877251840604,0.006394290457370824,5.97430625607205e-05,3.082434145869382e-12,0.0023530701295543057,5.601442171520407e-11,0.00042136398835473915,2.7491017079968224e-09,9.577012566357651e-06,4.89805966784289e-10,3.297323941146793e-11,3.5939723641266974e-05,3.2048860703401202e-06,0.007335240195627067,0.0029428835742045445,0.0002822022620774238,9.619243565332552e-07,1.0348854269492216e-08,4.164326901933955e-08,4.013242969210384e-08,6.317528529132869e-11,4.407858541417145e-07,1.5269345155597407e-05,1.0534685996086367e-07,0.0002503497290402202,7.269886939864689e-09,5.071476393879271e-06,1.9750042984001168e-08,1.0296829573251213e-05,1.950939956192979e-11,3.765184093500108e-11,3.463145511372949e-07,1.6422325673243694e-07,9.016135529497761e-13,1.0580460624935999e-10,1.5705462673751396e-10
8.429085900416717e-07,0.16628943999999996,0.8585084662769803,0.0,0.0,0.44148216670107754,0.10240344262284982,0.017667375869842045,2.0912452901388123e-06,0.0008926147158540683,0.012604271046119619,0.006414384643095696,5.9789109625809745e-05,3.1075086221022316e-12,0.0023533926207809125,5.6114479821785154e-11,0.0004214819433439363,2.7518295837278125e-09,9.602357310065191e-06,4.914837704892331e-10,3.309789978113705e-11,3.594812591302766e-05,3.2195120601117105e-06,0.007333903680119122,0.002940207845631913,0.00028252240891509054,9.621329069783311e-07,1.034395774379428e-08,4.16469474391455e-08,4.031634674829539e-08,6.332067583128573e-11,4.4172404598793484e-07,1.5284616784399082e-05,1.0565979994732012e-07,0.0002510603162420735,7.270932113146125e-09,5.094622239736224e-06,1.9812241321186674e-08,1.0293852883471664e-05,1.958942035475695e-11,3.777533921595321e-11,3.4796910786471397e-07,1.6435159651096061e-07,9.057342838763679e-13,1.0608532403645863e-10,1.574031308909023e-10
8.449194569125612e-07,0.16628943999999996,0.8585084662769803,0.0,0.0,0.4414851478958197,0.10238414165671281,0.017656596426172205,2.1030105274114134e-06,0.0008967172751308647,0.01263976613343596,0.006434480589303445,5.983468348411005e-05,3.1327186654178134e-12,0.00235370952276758,5.621384097347028e-11,0.0004215998035700754,2.7545367981801424e-09,9.627628785353115e-06,4.931624608124091e-10,3.322257834296946e-11,3.595634072286338e-05,3.2341499293069197e-06,0.007332567758819287,0.002937513440608597,0.0002828421546587792,9.623319492844206e-07,1.0339038672238614e-08,4.165052147409126e-08,4.0500457623090024e-08,6.346645179704839e-11,4.4266509930380625e-07,1.5299975552550445e-05,1.0597276037110267e-07,0.0002517708553128734,7.271960335098342e-09,5.11778688821352e-06,1.9874446760106525e-08,1.0290871515610916e-05,1.9669546642492434e-11,3.789879030208278e-11,3.496252314616384e-07,1.6447863983490948e-07,9.098584500765031e-13,1.0636524056352869e-10,1.5774996865327024e-10
8.469303237834507e-07,0.16628943999999996,0.8585084662769803,0.0,0.0,0.4414881474362854,0.10236484477274065,0.01764582336008229,2.1147998689081693e-06,0.0009008241657336533,0.012675257751111356,0.006454578246427186,5.9879787042598615e-05,3.1580646062610955e-12,0.0023540208776989774,5.6312507691308646e-11,0.00042171756910785573,2.7572234727304993e-09,9.652826806586028e-06,4.948420331055189e-10,3.334727439944556e-11,3.596436854667437e-05,3.248799560153239e-06,0.007331232430037315,0.002934800464365173,0.0002831615009204898,9.625215068544544e-07,1.0334097283876072e-08,4.1653991902466076e-08,4.06847602512465e-08,6.361261603684609e-11,4.4360903086661303e-07,1.531542172469239e-05,1.0628574059198292e-07,0.0002524813456866898,7.27297173410257e-09,5.140970152914328e-06,1.9936659150812194e-08,1.028788551156691e-05,1.974977817679907e-11,3.80221937436521e-11,3.512829076399817e-07,1.646043946649457e-07,9.139860187840739e-13,1.0664435377287945e-10,1.5809513544168262e-10
8.489411906543402e-07,0.16628943999999996,0.8585084662769803,0.0,0.0,0.44149116521797555,0.1023455519748383,0.017635056667090095,2.126613178495399e-06,0.0009049353409093734,0.012710745870444245,0.006474677565267301,5.992442319551794e-05,3.183546774596567e-12,0.002354326727417145,5.641048251010469e-11,0.0004218352400334978,2.7598897282686794e-09,9.677951190517426e-06,4.96522482746965e-10,3.347198725851572e-11,3.5972209858497415e-05,3.263460835573712e-06,0.007329897692090117,0.0029320690217379767,0.00028348044930302677,9.627016031257405e-07,1.0329133805733434e-08,4.165735949650559e-08,4.086925256796817e-08,6.375917140989927e-11,4.445558575179262e-07,1.533095556738042e-05,1.0659873997430002e-07,0.0002531917868080226,7.273966437484834e-09,5.164171848542488e-06,1.999887834444601e-08,1.0284894912556657e-05,1.9830114710474057e-11,3.814554909591145e-11,3.5294212219338726e-07,1.6472886892667812e-07,9.181169574254236e-13,1.0692266163278767e-10,1.5843862672438995e-10
8.509520575252297e-07,0.16628943999999996,0.8585084662769803,0.0,0.0,0.44149420113677257,0.10232626326689649,0.017624296342722393,2.138450319721006e-06,0.0009090507539155023,0.012746230463270093,0.006494778496988517,5.996859482433979e-05,3.209165499908448e-12,0.0023546271134246032,5.65077679779524e-11,0.00042195281642472363,2.7625356851952406e-09,9.703001756274478e-06,4.982038051416771e-10,3.3596716233561765e-11,3.5979865130548535e-05,3.278133639184033e-06,0.007328563543301736,0.002929319217171194,0.0002837990014000803,9.628722615588058e-07,1.0324148462859759e-08,4.1660625022442616e-08,4.105393250899625e-08,6.390612078412591e-11,4.455055961635493e-07,1.5346577349099225e-05,1.0691175788693765e-07,0.00025390217813170125,7.274944571527468e-09,5.187391790898081e-06,2.006110419323101e-08,1.0281899759129843e-05,1.9910555997239033e-11,3.82688559187679e-11,3.5460286099693185e-07,1.6485207051056498e-07,9.222512336185975e-13,1.0720016213732685e-10,1.5878043802099586e-10
8.529629243961192e-07,0.16628943999999996,0.8585084662769803,0.0,0.0,0.4414972550889389,0.1023069786527918,0.01761354238251495,2.1503111558185454e-06,0.0009131703580209218,0.012781711501956306,0.006514880993117008,6.001230479773147e-05,3.234921111200887e-12,0.002354922076887409,5.660436665577648e-11,0.00042207029836073513,2.7651614634195033e-09,9.727978325342953e-06,4.998859957209415e-10,3.3721460643358724e-11,3.598733483326499e-05,3.2928178552896587e-06,0.007327229982003288,0.002926551154718917,0.0002841171587962994,9.630335056356415e-07,1.0319141478353178e-08,4.166378924055899e-08,4.123879801064677e-08,6.405346703601608e-11,4.464582637742636e-07,1.5362287340276565e-05,1.0722479370328964e-07,0.00025461251912278386,7.275906261478895e-09,5.2106297968729714e-06,2.012333655046192e-08,1.0278900091182108e-05,1.99911017917257e-11,3.8392113776711126e-11,3.562651100068236e-07,1.6497400727182362e-07,9.263888151725236e-13,1.0747685330620025e-10,1.5912056490238602e-10
8.549737912670087e-07,0.16628943999999996,0.8585084662769803,0.0,0.0,0.44150032697111474,0.10228769813638666,0.01760279478201242,2.1621955497112647e-06,0.0009172941065067812,0.01281718895939719,0.0065349850055375315,6.005555597152445e-05,3.260813936998193e-12,0.002355211658638199,5.6700281116880294e-11,0.0004221876859221946,2.767767182357666e-09,9.75288072155228e-06,5.015690499422283e-10,3.384621981203673e-11,3.5994619435346395e-05,3.30751336888306e-06,0.007325897006532926,0.002923764938047162,0.0002844349230673437,9.631853588734388e-07,1.0314113073338057e-08,4.166685290524332e-08,4.1423847009777634e-08,6.420121305398526e-11,4.474138773876634e-07,1.537808581329607e-05,1.0753784680120542e-07,0.0002553228092564594,7.2768516315604305e-09,5.233885684446158e-06,2.0185575270498188e-08,1.0275895947968096e-05,2.0071751849731715e-11,3.851532223915522e-11,3.579288552601003e-07,1.6509468703034574e-07,9.305296700861635e-13,1.0775273318458791e-10,1.594590029900102e-10
8.569846581378982e-07,0.16628943999999996,0.8585084662769803,0.0,0.0,0.44150341668031595,0.10226842172152921,0.017592053536768362,2.174103364016135e-06,0.0009214219526673577,0.012852662809008968,0.006555090486490587,6.009835118868483e-05,3.2868443053450725e-12,0.0023554958991791886,5.679551394650031e-11,0.0004223049791912043,2.770352960930758e-09,9.777708771060693e-06,5.03252963289024e-10,3.39709930690431e-11,3.6001719403794805e-05,3.3222200656407927e-06,0.007324564615235782,0.002920960670435897,0.0002847522957799622,9.633278448115733e-07,1.0309063467013672e-08,4.166981676503983e-08,4.16090774438922e-08,6.434936173563956e-11,4.4837245410795355e-07,1.539397304251221e-05,1.0785091656297038e-07,0.0002560330480179486,7.277780804977798e-09,5.257159272679296e-06,2.0247820208753903e-08,1.0272887368114197e-05,2.0152505927971334e-11,3.8638480880057794e-11,3.59594082874324e-07,1.6521411757061866e-07,9.346737665477678e-13,1.0802779984298031e-10,1.597957479560462e-10
8.589955250087877e-07,0.16628943999999996,0.8585084662769803,0.0,0.0,0.4415065241139325,0.10224914941205329,0.01758131864234516,2.186034461047868e-06,0.0009255538498109038,0.012888133024724815,0.006575197388569586,6.0140693279286176e-05,3.3130125438068694e-12,0.00235577483868515,5.689006774136714e-11,0.0004224221782512866,2.7729189175628655e-09,9.802462302340534e-06,5.049377312706621e-10,3.409577974910473e-11,3.600863520395431e-05,3.336937831920544e-06,0.007323232806463936,0.0029181384547810447,0.0002850692784920708,9.634609870059712e-07,1.0303992876692964e-08,4.16726815626968e-08,4.17944872511927e-08,6.449791598675504e-11,4.4933401110644235e-07,1.5409949304264725e-05,1.081640023752772e-07,0.0002567432349024061,7.278693903931364e-09,5.280450381712222e-06,2.0310071221688498e-08,1.0269874389631083e-05,2.023336378399429e-11,3.8761589277741656e-11,3.61260779047275e-07,1.6533230664165203e-07,9.38821072934057e-13,1.0830205137701182e-10,1.6013079552347773e-10
8.610063918796772e-07,0.16628943999999996,0.8585084662769803,0.0,0.0,0.4415096491697262,0.10222988121177837,0.017570590094314036,2.1979887028229093e-06,0.0009296897512604967,0.012923599580989962,0.006595305664718078,6.0182585060484117e-05,3.3393189794698257e-12,0.0023560485170063526,5.698394510927276e-11,0.0004225392831873646,2.77546517017958e-09,9.827141146163655e-06,5.066233494221574e-10,3.422057919219063e-11,3.601536729954966e-05,3.3516665547583804e-06,0.00732190157857636,0.00291529839359644,0.0002853858727527936,9.635848090489386e-07,1.0298901517763452e-08,4.167544803522489e-08,4.198007437051659e-08,6.464687872605742e-11,4.5029856562383424e-07,1.5426014876891217e-05,1.0847710362916481e-07,0.0002574533694148246,7.279591049621569e-09,5.3037588327582305e-06,2.037232816680076e-08,1.0266857049925944e-05,2.031432517655515e-11,3.88846470154025e-11,3.629289300566428e-07,1.6544926195691057e-07,9.429715578093417e-13,1.0857548590731497e-10,1.604641414652481e-10
8.630172587505667e-07,0.16628943999999996,0.8585084662769803,0.0,0.0,0.44151279174582914,0.1022106171245096,0.017559867888254956,2.2099659510634274e-06,0.0009338296103548838,0.012959062452756808,0.0066154152682269575,6.022402933649314e-05,3.3657639389413576e-12,0.0023563169736714835,5.707714866864435e-11,0.00042265629408574213,2.777991836206258e-09,9.851745135586916e-06,5.083098133040393e-10,3.434539074347471e-11,3.602191615272413e-05,3.3664061218658186e-06,0.007320570929938871,0.002912440589015797,0.00028570208010254014,9.636993345549295e-07,1.0293789603735402e-08,4.167811691394454e-08,4.216583674144819e-08,6.479625288218893e-11,4.5126613496990746e-07,1.5442170040742465e-05,1.0879021972000087e-07,0.00025816345106993916,7.2804723622603285e-09,5.3270844480995456e-06,2.0434590902618865e-08,1.0263835385814541e-05,2.039538986533331e-11,3.900765368069573e-11,3.645985222597166e-07,1.6556499119425182e-07,9.471251899247823e-13,1.0884810157935889e-10,1.6079578160437901e-10
8.650281256214561e-07,0.16628943999999996,0.8585084662769803,0.0,0.0,0.4415159517407414,0.10219135715403761,0.017549152019756643,2.2219660672012736e-06,0.0009379733804493128,0.012994521615480096,0.006635526152731747,6.02650288985652e-05,3.3923477483503277e-12,0.002356580247890525,5.716968104812449e-11,0.00042277321103408483,2.780499032566439e-09,9.876274105937841e-06,5.099971185021886e-10,3.447021375329873e-11,3.602828222407662e-05,3.3811564216267816e-06,0.0073192408589241005,0.0029095651427946652,0.00028601790207309,9.63804587148698e-07,1.0288657346298987e-08,4.168068892453012e-08,4.2351772304399396e-08,6.49460413912302e-11,4.522367365236073e-07,1.5458415078197575e-05,1.091033500474621e-07,0.0002588734793921316,7.281337961082151e-09,5.3504270510828445e-06,2.0496859288690517e-08,1.026080943353295e-05,2.047655761074443e-11,3.913060886539057e-11,3.6626954209307303e-07,1.6567950199586916e-07,9.512819382175847e-13,1.0911989656328182e-10,1.6112571181423022e-10
8.670389924923456e-07,0.16628943999999996,0.8585084662769803,0.0,0.0,0.4415191290533293,0.1021721013041387,0.017538442484416508,2.233988912381938e-06,0.0009421210149163641,0.013029977045112145,0.006655638272209848,6.030558652497043e-05,3.4190707333473367e-12,0.0023568383785576197,5.7261544886157457e-11,0.00042289003412140084,2.7829868756805963e-09,9.900727894800358e-06,5.116852606276735e-10,3.4595047577135525e-11,3.603446597269804e-05,3.3959173430948612e-06,0.007317911363911441,0.002906672156312327,0.00028633334018762373,9.639005904927701e-07,1.0283504955266164e-08,4.168316478706932e-08,4.253787900050711e-08,6.509624720329056e-11,4.5321038773590947e-07,1.5474750273676304e-05,1.0941649401546452e-07,0.0002595834539153362,7.28218796434797e-09,5.37378646611448e-06,2.05591331855781e-08,1.0257779228749102e-05,2.0557828174453087e-11,3.9253512166085244e-11,3.679419760722627e-07,1.6579280196824098e-07,9.554417718100737e-13,1.0939086905375281e-10,1.6145392801754185e-10
8.688487726761461e-07,0.16628943999999996,0.8585084662769803,0.0,0.0,0.44152200335797837,0.10215477456542897,0.01752880931382887,2.2448287913852404e-06,0.0009458571514523648,0.013061883720509765,0.006673740197878028,6.034171281950487e-05,3.443240683737484e-12,0.002357066330314815,5.734365292570039e-11,0.0004229950947234394,2.785209483272984e-09,9.922671892174265e-06,5.132053005061984e-10,3.470740673597375e-11,3.603987583877386e-05,3.409211162815852e-06,0.0073167153095478315,0.0029040535550431627,0.00028661690754584767,9.639791049691262e-07,1.0278850761043472e-08,4.16853114474623e-08,4.270551964488448e-08,6.523179167513698e-11,4.5408929576596945e-07,1.54895292714471e-05,1.0969833476007046e-07,0.0002602223846105075,7.282939730053839e-09,5.394824169666414e-06,2.0615184290089232e-08,1.0255048437584895e-05,2.0631059395203194e-11,3.9364080446015247e-11,3.6944836466671515e-07,1.6589374294230696e-07,9.59188234602758e-13,1.0963403959081419e-10,1.6174785379490147e-10
8.706585528599466e-07,0.16628943999999996,0.8585084662769803,0.0,0.0,0.4415248915351079,0.10213745117016272,0.017519181266342963,2.2556868665920335e-06,0.0009495963464114191,0.013093787336184461,0.006691843053796682,6.037748539305458e-05,3.4675238664699737e-12,0.002357290174960326,5.7425223527821756e-11,0.0004231000794379545,2.78741659278697e-09,9.94455474755012e-06,5.1472601159672e-10,3.481977367351476e-11,3.604513872673399e-05,3.422513416850391e-06,0.0073155197192666934,0.002901420901355767,0.00028690016630601543,9.640501640082102e-07,1.0274180577491027e-08,4.168738132388593e-08,4.2873295740472584e-08,6.53676787239438e-11,4.54970701035182e-07,1.5504381739511606e-05,1.099801856455062e-07,0.0002608612710321529,7.283679043235441e-09,5.415875223076913e-06,2.0671239645989552e-08,1.0252314255558522e-05,2.0704373533868524e-11,3.947460608847865e-11,3.7095587814104344e-07,1.6599371477168216e-07,9.629371493760577e-13,1.0987654118374702e-10,1.6204038506199357e-10
8.72468333043747e-07,0.16628943999999996,0.8585084662769803,0.0,0.0,0.4415277935117455,0.10212013112106264,0.017509558338767238,2.2665630361980518e-06,0.0009533385658414316,0.013125687875620424,0.006709946807114993,6.041290624394133e-05,3.4919205179516762e-12,0.002357509940202959,5.7506258634705043e-11,0.0004232049883325475,2.789608288042484e-09,9.966376347158589e-06,5.162473907513967e-10,3.493214793041363e-11,3.605025496826262e-05,3.4358240256980458e-06,0.007314324591900478,0.0028987742683814397,0.00028718311756094887,9.64113784901562e-07,1.026949455381889e-08,4.168937492985936e-08,4.304120578817938e-08,6.550391052190929e-11,4.558546164155821e-07,1.5519307889512156e-05,1.102620462459444e-07,0.0002615001128599886,7.284405988123155e-09,5.436939500521623e-06,2.0727299153700567e-08,1.0249576707535993e-05,2.077777041862523e-11,3.958508880832492e-11,3.724645068279064e-07,1.6609272292711308e-07,9.666884940016317e-13,1.1011837256680416e-10,1.6233151894922006e-10
8.742781132275475e-07,0.16628943999999996,0.8585084662769803,0.0,0.0,0.4415307092151545,0.10210281442084171,0.017499940527915748,2.2774571982209026e-06,0.0009570837758037231,0.013157585322616593,0.006728051425199818,6.044797736193212e-05,3.5164308742764673e-12,0.0023577256535512498,5.758676019397055e-11,0.000423309821475654,2.791784652526343e-09,9.988136578675856e-06,5.17769434838512e-10,3.5044529050601436e-11,3.605522489414065e-05,3.449142910290572e-06,0.007313129926285974,0.002896113729009292,0.0002874657623979781,9.6416998496551e-07,1.0264792838029096e-08,4.169129277536112e-08,4.320924828948686e-08,6.564048925108071e-11,4.567410548283362e-07,1.5534307934466558e-05,1.1054391613825432e-07,0.00026213890977976875,7.285120648329649e-09,5.458016876859768e-06,2.078336271428969e-08,1.0246835818037958e-05,2.085124987843267e-11,3.969552832350581e-11,3.7397424111098703e-07,1.6619077285581544e-07,9.704422464705978e-13,1.1035953248996384e-10,1.6262125261873195e-10
8.76087893411348e-07,0.16628943999999996,0.8585084662769803,0.0,0.0,0.44153363857283306,0.10208550107220338,0.017490327830608148,2.2883692505023583e-06,0.0009608319423735048,0.013189479661283926,0.006746156875634146,6.048270072823265e-05,3.5410551712254318e-12,0.0023579373423150704,5.7666730158447725e-11,0.00042341457893653337,2.7939457693914662e-09,1.0009835331215554e-05,5.192921407423821e-10,3.5156916581264115e-11,3.606004883426545e-05,3.4624699919899113e-06,0.0073119357212642665,0.002893439355887364,0.000287748101899016,9.64218781509461e-07,1.0260075577019354e-08,4.169313536684306e-08,4.337742174661029e-08,6.577741709607732e-11,4.5763002924211616e-07,1.554938208877903e-05,1.1082579490202199e-07,0.0002627776614832315,7.285823106860648e-09,5.479107227631672e-06,2.083943022946161e-08,1.024409161124594e-05,2.0924811742486623e-11,3.980592435420369e-11,3.754850714248037e-07,1.6628786998145698e-07,9.741983848931226e-13,1.106000197188164e-10,1.6290958326515252e-10
8.778976735951485e-07,0.16628943999999996,0.8585084662769803,0.0,0.0,0.44153658151251307,0.10206819107784137,0.01748072024366967,2.2992990907106357e-06,0.0009645830316403504,0.01322137087604274,0.00676426312621557,6.0517078315481856e-05,3.5657936442670664e-12,0.0023581450336072193,5.774617048595159e-11,0.0004235192607852574,2.7960917214563406e-09,1.0031472495320697e-05,5.208155053632642e-10,3.5269310072821447e-11,3.606472711766968e-05,3.475805192586377e-06,0.007310741975680731,0.0028907512214236745,0.0002880301371405722,9.642601918596996e-07,1.0255342916557577e-08,4.169490320725979e-08,4.354572466236881e-08,6.591469624976863e-11,4.585215526757823e-07,1.5564530568246925e-05,1.1110768211950039e-07,0.00026341636766804644,7.286513446116126e-09,5.500210429056078e-06,2.0895501601556265e-08,1.0241344111008374e-05,2.099845584074682e-11,3.991627662346028e-11,3.7699698825452046e-07,1.663840197041439e-07,9.779568874977362e-13,1.1083983303447694e-10,1.6319650811525603e-10
8.795264757605689e-07,0.16628943999999996,0.8585084662769803,0.0,0.0,0.44153924171129405,0.10205261495304047,0.017472077782171164,2.309151070860235e-06,0.0009679614828714811,0.013250070285754445,0.006780559409421066,6.054772412639646e-05,3.5881560849267608e-12,0.002358328560183044,5.781721556307063e-11,0.00042361340985927785,2.798010180590216e-09,1.005089319558312e-05,5.221870941759391e-10,3.537046894279938e-11,3.60688133075009e-05,3.487813750484174e-06,0.00730966799652431,0.002888320194111788,0.0002882837096015051,9.642911603264657e-07,1.0251070475103557e-08,4.1696430764385735e-08,4.369730673675483e-08,6.603854967939607e-11,4.5932611397925914e-07,1.5578227927261723e-05,1.1136138750000327e-07,0.0002639911640707986,7.287124457081534e-09,5.519214195884826e-06,2.0945969053904764e-08,1.0238868564345644e-05,2.1064805699609314e-11,4.0015556023505767e-11,3.7835863454900957e-07,1.66469748869228e-07,9.813415433185651e-13,1.1105508782785812e-10,1.6345353625747352e-10
8.811552779259893e-07,0.16628943999999996,0.8585084662769803,0.0,0.0,0.4415419128007912,0.1020370415493276,0.017463439455197984,2.3190173013633743e-06,0.0009713422493323067,0.013278767141801798,0.006796856291658019,6.057809287315145e-05,3.6106113699146136e-12,0.002358508890100678,5.788783465775143e-11,0.00042370749779706697,2.7999164829503084e-09,1.0070263843907804e-05,5.235592118139948e-10,3.547163195631328e-11,3.607278201990462e-05,3.49982876527018e-06,0.007308594387745256,0.0028858781310195144,0.0002885370372570954,9.643161726855644e-07,1.0246785781831064e-08,4.169789853954212e-08,4.384899136995106e-08,6.616269106428641e-11,4.6013276013658e-07,1.559198582488176e-05,1.1161509909095379e-07,0.0002645659231511697,7.287725776914105e-09,5.538228182739277e-06,2.0996439481460187e-08,1.0236390385972702e-05,2.1131221908000026e-11,4.0114799557023375e-11,3.797211463898677e-07,1.6655471889637485e-07,9.847280808821499e-13,1.1126979490994421e-10,1.6370942150641268e-10
8.827840800914098e-07,0.16628943999999996,0.8585084662769803,0.0,0.0,0.44154459472880236,0.10202147086864642,0.017454805260447213,2.328897707268624e-06,0.000974725306333841,0.013307461433459317,0.006813153749890739,6.0608185975986055e-05,3.633159670238586e-12,0.002358686042722159,5.795802920672903e-11,0.0004238015246513544,2.801810688214554e-09,1.008958436343867e-05,5.249318560504736e-10,3.557279879225502e-11,3.6076633493022835e-05,3.511850180812987e-06,0.007307521148510642,0.0028834250844378506,0.0002887901208810292,9.643352415953401e-07,1.0242488940655606e-08,4.16993068922369e-08,4.400077747194391e-08,6.628712201904833e-11,4.6094150074334795e-07,1.5605804421354452e-05,1.1186881659328868e-07,0.0002651406447008762,7.288317464444336e-09,5.557252300781035e-06,2.10469128143298e-08,1.02339095926065e-05,2.1197704343240163e-11,4.021400702778512e-11,3.810845169452428e-07,1.6663893367326944e-07,9.88116484561293e-13,1.1148395342410545e-10,1.6396416190624195e-10
8.844128822568302e-07,0.16628943999999996,0.8585084662769803,0.0,0.0,0.44154728744327637,0.10200590291293418,0.017446175195619557,2.33879221351632e-06,0.0009781106291976867,0.013336153150197852,0.006829451761220594,6.063800484951048e-05,3.655801156702096e-12,0.002358860037284116,5.8027800649470024e-11,0.0004238954904753771,2.8036928558403397e-09,1.010885467823769e-05,5.263050246686493e-10,3.567396913158647e-11,3.608036796447567e-05,3.5238779412581504e-06,0.00730644827799029,0.002880961106502933,0.0002890429612435238,9.643483797326986e-07,1.023818005472523e-08,4.170065617976114e-08,4.4152663953160055e-08,6.641184416587428e-11,4.6175234542944734e-07,1.5619683877863465e-05,1.1212253970963768e-07,0.00026571532851539655,7.288899578115348e-09,5.57628646160967e-06,2.1097388983027592e-08,1.0231426200759934e-05,2.1264252883203948e-11,4.031317824160366e-11,3.824487394160351e-07,1.6672239707211746e-07,9.915067388053084e-13,1.1169756252370365e-10,1.642177555215062e-10
8.860416844222507e-07,0.16628943999999996,0.8585084662769803,0.0,0.0,0.4415499908923122,0.10199033768412175,0.017437549258419303,2.348700744939894e-06,0.0009814981932563067,0.013364842281683102,0.006845750302885141,6.066755090270475e-05,3.6785359999041605e-12,0.0023590308928986676,5.809715042804834e-11,0.00042398939532287323,2.8055630450643036e-09,1.0128074713280305e-05,5.276787154619751e-10,3.5775142657327396e-11,3.6083985671371786e-05,3.5359119910270867e-06,0.007305375775356753,0.002878486249196683,0.00028929555911137353,9.64355599768538e-07,1.023385922648112e-08,4.17019467571973e-08,4.4304649724599876e-08,6.653685912881088e-11,4.6256530385750794e-07,1.563362435653588e-05,1.1237626814434257e-07,0.0002662899743939408,7.289472175989804e-09,5.595330577261154e-06,2.114786791846892e-08,1.022894022674517e-05,2.1330867405854606e-11,4.041231300566147e-11,3.8381380703578284e-07,1.668051129496427e-07,9.94898828139856e-13,1.1191062137203082e-10,1.6447020043734333e-10
8.876704865876711e-07,0.16628943999999996,0.8585084662769803,0.0,0.0,0.4415527050241587,0.10197477518413348,0.017428927446554325,2.358623226267185e-06,0.0009848879738532951,0.013393528817774038,0.006862049352257269,6.069682553891863e-05,3.7013643702395384e-12,0.002359198628554323,5.8166079987024015e-11,0.00042408323924807633,2.8074213149019625e-09,1.0147244394450843e-05,5.290529262340299e-10,3.5876319054543376e-11,3.608748685031837e-05,3.5479522748156983e-06,0.007304303639785309,0.0028760005643473823,0.00028954791524794706,9.643569143884392e-07,1.0229526557669414e-08,4.1703178977428114e-08,4.445673369768613e-08,6.666216853869608e-11,4.633803857255693e-07,1.5647626020445278e-05,1.1263000160342102e-07,0.0002668645821394208,7.290035315750238e-09,5.614384560206565e-06,2.119834955196953e-08,1.022645168667686e-05,2.1397547789798373e-11,4.051141112905857e-11,3.851797130705482e-07,1.668870851470872e-07,9.9829273716635e-13,1.1212312914224305e-10,1.647214947597767e-10
8.891364085365496e-07,0.16628943999999996,0.8585084662769803,0.0,0.0,0.44155515683397106,0.10196077126887411,0.017421171341145937,2.367565324332936e-06,0.0009879406511615549,0.013419344472966766,0.006876718912189229,6.0722941805324415e-05,3.7219900099071426e-12,0.002359346938674644,5.822775849817937e-11,0.0004241676467374171,2.809083615278652e-09,1.0164453994415928e-05,5.302901587034693e-10,3.596738000849485e-11,3.609053847513296e-05,3.558793814824159e-06,0.007303339030929641,0.0028737542331464484,0.0002897748297188017,9.643530589112715e-07,1.0225617115544833e-08,4.170423837013393e-08,4.4593692336568896e-08,6.677520011300792e-11,4.6411578299141744e-07,1.566027996688938e-05,1.1285836577079703e-07,0.00026738169634664936,7.290534102216748e-09,5.63154150940007e-06,2.1243785272514314e-08,1.0224209819801693e-05,2.1457616346776498e-11,4.060056795608783e-11,3.864097398071965e-07,1.669602274406302e-07,1.001348798460871e-12,1.1231391428819236e-10,1.6494667434353347e-10
8.90602330485428e-07,0.16628943999999996,0.8585084662769803,0.0,0.0,0.44155761721754505,0.10194676956690979,0.01741341857373945,2.376518605746329e-06,0.0009909950859451548,0.013445158010707631,0.006891388848839007,6.0748840371239775e-05,3.742691668337472e-12,0.0023594927505798356,5.828909885980782e-11,0.0004242520049642478,2.8107363512865126e-09,1.0181622695684207e-05,5.315278089977054e-10,3.6058442808162065e-11,3.6093496075362464e-05,3.5696403198825977e-06,0.007302374718131013,0.002871499211060222,0.0002900015495546189,9.643444395879755e-07,1.0221698237512651e-08,4.1705251031783336e-08,4.473072884466225e-08,6.688847271113933e-11,4.6485291524511574e-07,1.567298372646434e-05,1.1308673355918093e-07,0.00026789877937090617,7.291025315548304e-09,5.6487063173543306e-06,2.1289223073663145e-08,1.022196589879441e-05,2.1517738065297043e-11,4.0689694814220154e-11,3.876404353683138e-07,1.6703277323063342e-07,1.0044063101752778e-12,1.1250425181016324e-10,1.65170919076626e-10
8.920682524343064e-07,0.16628943999999996,0.8585084662769803,0.0,0.0,0.4415600861374622,0.10193277007963004,0.017405669142671294,2.385483015419805e-06,0.0009940512602537694,0.013470969423999425,0.0069060591459892,6.077452224801e-05,3.763469469324504e-12,0.002359636077859207,5.835010212968375e-11,0.0004243363139691103,2.8123795654879962e-09,1.0198750446095671e-05,5.327658755363788e-10,3.61495072281609e-11,3.6096359822490706e-05,3.5804917502409968e-06,0.007301410700793797,0.002869235535554727,0.00029022807530488414,9.643310656723423e-07,1.021776999630115e-08,4.170621721512926e-08,4.4867842429516575e-08,6.700198753065033e-11,4.6559178962839464e-07,1.568573742004187e-05,1.1331510475772767e-07,0.0002684158310760873,7.291508997019055e-09,5.665878921157733e-06,2.1334662906165138e-08,1.0219719935004752e-05,2.1577912857518736e-11,4.077879156758115e-11,3.8887179491197767e-07,1.6710472528520231e-07,1.0074652612406333e-12,1.1269414112571157e-10,1.653942276208487e-10
8.935341743831849e-07,0.16628943999999996,0.8585084662769803,0.0,0.0,0.4415625635564012,0.10191877280842024,0.017397923046280215,2.3944584981997928e-06,0.0009971091561450458,0.013496778705968032,0.006920729787509075,6.079998844328766e-05,3.784323536528553e-12,0.00235977693402315,5.84107693669177e-11,0.00042442057379285677,2.8140133003000433e-09,1.02158371940754e-05,5.34004356745645e-10,3.6240573044419835e-11,3.60991298876967e-05,3.5913480663269877e-06,0.007300446978324121,0.002866963243996647,0.000290454407516859,9.643129464488112e-07,1.0213832464136022e-08,4.1707137171529815e-08,4.5005032298897435e-08,6.711574577887115e-11,4.663324133082902e-07,1.5698541169126877e-05,1.1354347915663839e-07,0.0002689328513284446,7.291985187656723e-09,5.683059258179913e-06,2.1380104721028e-08,1.0217471939660634e-05,2.1638140636376827e-11,4.08678580821008e-11,3.901038136173195e-07,1.671760863622903e-07,1.0105256406369161e-12,1.1288358165875848e-10,1.656165986512999e-10
8.947085345993017e-07,0.16628943999999996,0.8585084662769803,0.0,0.0,0.44156455434030734,0.1019075610972965,0.017391719999515838,2.401656770941006e-06,0.0009995600876384278,0.013517453158157066,0.006932482777569663,6.0820234663758115e-05,3.80108497874021e-12,0.0023598880011606706,5.84591285974129e-11,0.0004244880394671727,2.815315286234409e-09,1.0229495890960268e-05,5.349968107153553e-10,3.6313527357135516e-11,3.610128153536646e-05,3.6000486344743536e-06,0.007299675145915761,0.0028651367046528694,0.00029063558455896376,9.642950137997044e-07,1.0210671425343539e-08,4.170784097345555e-08,4.511499055390679e-08,6.720705472907951e-11,4.6692699891498916e-07,1.570883453539305e-05,1.1372643363600721e-07,0.00026934701705001593,7.292361290571675e-09,5.6968280820818186e-06,2.1416509870645448e-08,1.0215669596878808e-05,2.1686427694371673e-11,4.093918797756261e-11,3.9109126463803034e-07,1.672328297116261e-07,1.0129783548093364e-12,1.1303501962709749e-10,1.6579406437833e-10
8.958828948154185e-07,0.16628943999999996,0.8585084662769803,0.0,0.0,0.44156655053566435,0.10189635080997948,0.017385519090938287,2.4088620862390863e-06,0.0010020121032693527,0.013538126234771287,0.00694423597012932,6.084034362466282e-05,3.817895509222461e-12,0.002359997497896205,5.850727339769804e-11,0.0004245554736261217,2.816611237356421e-09,1.0243128214935652e-05,5.35989529000317e-10,3.63864823090139e-11,3.6103373257963013e-05,3.608752292687992e-06,0.007298903502061545,0.002863304678799252,0.0002908166380226789,9.642740464561833e-07,1.0207504506636823e-08,4.170851539653531e-08,4.522499685124089e-08,6.729852130001341e-11,4.675227154909646e-07,1.5719160167370574e-05,1.1390938992851957e-07,0.0002697611624351706,7.292732633120093e-09,5.7106017970023984e-06,2.1452916236261662e-08,1.0213865963088556e-05,2.1734748656828297e-11,4.1010498312642767e-11,3.920791331515445e-07,1.672891969596721e-07,1.0154319729854604e-12,1.1318616892350449e-10,1.659709269243366e-10
8.970572550315353e-07,0.16628943999999996,0.8585084662769803,0.0,0.0,0.4415685521234177,0.10188514194717553,0.01737932031969667,2.4160744156482844e-06,0.001004465193824614,0.01355879793244526,0.006955989357013916,6.086031583893802e-05,3.834755191367151e-12,0.0023601054310675037,5.855520431397735e-11,0.0004246228762911293,2.817901175271695e-09,1.0256734140291444e-05,5.369825108003446e-10,3.645943778665912e-11,3.6105405143084683e-05,3.6174590208679785e-06,0.007298132046458553,0.002861467185510003,0.00029099756818635905,9.64250049190515e-07,1.0204331744518084e-08,4.170916056807885e-08,4.533505078415836e-08,6.739014611559542e-11,4.681195667528855e-07,1.5729518128420368e-05,1.1409234792780307e-07,0.00027017528741837257,7.293099236063601e-09,5.724380371129645e-06,2.148932379303978e-08,1.0212061043897682e-05,2.1783103479134834e-11,4.108178901973001e-11,3.9306741670838727e-07,1.6734518951027686e-07,1.0178864895674424e-12,1.1333702926056978e-10,1.6614718562646197e-10
8.98231615247652e-07,0.16628943999999996,0.8585084662769803,0.0,0.0,0.4415705590845523,0.10187393450958925,0.017373123684941046,2.4232937306967893e-06,0.001006919350094519,0.013579468247862967,0.006967742930084285,6.088015181800083e-05,3.851664088511219e-12,0.0023602118074805595,5.860292189290645e-11,0.00042469024748374425,2.8191851215258925e-09,1.027031364155465e-05,5.379757553178904e-10,3.65323936772057e-11,3.610737727821223e-05,3.6261687989866805e-06,0.007297360778804582,0.0028596242438189328,0.0002911783753274728,9.642230267753463e-07,1.0201153175310251e-08,4.170977661483102e-08,4.5445151946078124e-08,6.748192980089862e-11,4.687175564272293e-07,1.5739908482169958e-05,1.1427530752792207e-07,0.00027058939193503115,7.293461120066634e-09,5.738163772765918e-06,2.1525732516245966e-08,1.021025484486639e-05,2.1831492116770243e-11,4.115306003161774e-11,3.9405611286765455e-07,1.674008087631126e-07,1.0203418989774098e-12,1.1348760035345995e-10,1.6632283982720322e-10
8.994059754637688e-07,0.16628943999999996,0.8585084662769803,0.0,0.0,0.4415725714000921,0.10186272849792338,0.01736692918582242,2.430520002886989e-06,0.0010093745628729374,0.013600137177757514,0.006979496681236086,6.0899852071749706e-05,3.8686222639367225e-12,0.0023603166339097696,5.865042668157139e-11,0.00042475758722563666,2.820463097604706e-09,1.0283866693488527e-05,5.389692617580359e-10,3.660534986831628e-11,3.610928975071056e-05,3.6348816070885116e-06,0.007296589698798131,0.002857775872719569,0.0002913590597226053,9.641929839850848e-07,1.0197968835155214e-08,4.171036366297532e-08,4.555529993057648e-08,6.757387298250114e-11,4.693166882503715e-07,1.575033129251455e-05,1.1445826862337412e-07,0.0002710034759214953,7.2938183056966306e-09,5.751951970327679e-06,2.1562142381249222e-08,1.0208447371507821e-05,2.1879914525316947e-11,4.122431128154138e-11,3.9504521919699027e-07,1.6745605611367717e-07,1.0227981956573909e-12,1.1363788191990923e-10,1.664978888745354e-10
9.005803356798856e-07,0.16628943999999996,0.8585084662769803,0.0,0.0,0.44157458905110036,0.10185152391287904,0.017360736821492723,2.4377532036957105e-06,0.0010118308229573522,0.013620804718910856,0.006991250602399619,6.0919417108565024e-05,3.885629780870871e-12,0.002360419917098105,5.869771922746717e-11,0.00042482489553859757,2.8217351249338064e-09,1.0297393271091755e-05,5.399630293284819e-10,3.667830624817946e-11,3.611114264783037e-05,3.64359742528976e-06,0.007295818806138407,0.002855922091165267,0.00029153962164746295,9.641599255958612e-07,1.0194778760011881e-08,4.17109218381372e-08,4.566549433139041e-08,6.766597628848657e-11,4.699169659686488e-07,1.5760786623618156e-05,1.1464123110908755e-07,0.00027141753931504757,7.294170813424511e-09,5.765744932345119e-06,2.159855336352086e-08,1.0206638629288602e-05,2.19283706604604e-11,4.129554270317559e-11,3.9603473327256334e-07,1.6751093295329544e-07,1.0252553740692679e-12,1.1378787368021177e-10,1.6667233212182295e-10
9.017546958960024e-07,0.16628943999999996,0.8585084662769803,0.0,0.0,0.4415766120186793,0.10184032075515548,0.017354546591104834,2.4449933045744765e-06,0.0010142881211489096,0.013641470868153522,0.00700300468553969,6.093884743530987e-05,3.902686702486057e-12,0.0023605216637572666,5.874480007847715e-11,0.00042489217244453756,2.8230012248788576e-09,1.0310893349597583e-05,5.409570572395384e-10,3.6751262705507424e-11,3.611293605670983e-05,3.6523162337783874e-06,0.007295048100525317,0.002854062918069316,0.00029172006137687665,9.641238563854997e-07,1.0191582985658418e-08,4.1711451265386735e-08,4.5775734742419535e-08,6.775824034846038e-11,4.7051839333842037e-07,1.5771274539914736e-05,1.1482419488042007e-07,0.0002718315820538992,7.2945186636252005e-09,5.779542627461858e-06,2.1634965438634014e-08,1.0204828623629396e-05,2.1976860477988945e-11,4.1366754230631696e-11,3.970246526790456e-07,1.6756544066912158e-07,1.027713428694721e-12,1.1393757535721173e-10,1.668461689278131e-10
9.04103416328236e-07,0.16628943999999996,0.8585084662769803,0.0,0.0,0.44158067382815236,0.10181791872445904,0.01734217252877067,2.459494092223186e-06,0.0010192057950766493,0.013682798978470103,0.007026513305780187,6.097730597845748e-05,3.936949012175212e-12,0.0023607205741794867,5.883832888918959e-11,0.00042502663212358834,2.8255157277794264e-09,1.0337813911417902e-05,5.429458909377134e-10,3.689717541001156e-11,3.611634475774752e-05,3.6697627427267396e-06,0.007293507249242163,0.0028503284727059712,0.0002920805753443391,9.640427046209496e-07,1.018517448153436e-08,4.1712424373668485e-08,4.599635197154684e-08,6.794325325644818e-11,4.717247121083419e-07,1.579234838717891e-05,1.151901258635057e-07,0.0002726596053249548,7.2952004724676394e-09,5.807152092132944e-06,2.170779277018384e-08,1.0201204843446966e-05,2.2073940983866713e-11,4.1509117341624845e-11,3.990056978658027e-07,1.676733542571704e-07,1.03263214461171e-12,1.1423610736537815e-10,1.6719202067779055e-10
9.064521367604696e-07,0.16628943999999996,0.8585084662769803,0.0,0.0,0.44158475667810543,0.10179552241139306,0.017329806992061637,2.474022136948583e-06,0.0010241275111404762,0.013724121484312356,0.00705002247835997,6.101523172577605e-05,3.97140969728821e-12,0.002360913418250742,5.893101750375431e-11,0.00042516096644042465,2.828006776031468e-09,1.036462818547514e-05,5.449357565868645e-10,3.70430871019151e-11,3.611951654874043e-05,3.687220976862928e-06,0.0072919671425618745,0.0028465726871387442,0.0002924406038062644,9.639495669467933e-07,1.0178743605424527e-08,4.1713283977378565e-08,4.621714837248574e-08,6.812891677406605e-11,4.7293567481370376e-07,1.5813553355219633e-05,1.1555606074399802e-07,0.0002734875452587141,7.295863893322046e-09,5.834780115746284e-06,2.1780624182502716e-08,1.019757607342648e-05,2.2171155691301573e-11,4.16514000960592e-11,4.0098833560383204e-07,1.6777980789171486e-07,1.0375542996555593e-12,1.1453347577782386e-10,1.6753543910181402e-10
9.111495776249367e-07,0.16628943999999996,0.8585084662769803,0.0,0.0,0.44159298490091287,0.10175074696024658,0.017305101468560034,2.5031590801537282e-06,0.0010339827759241564,0.013806749588783154,0.007097042228852038,6.108950081014682e-05,4.040928206548012e-12,0.002361281117191966,5.911389172852705e-11,0.0004254292597071902,2.8329191826894047e-09,1.0417937114876331e-05,5.489185588806977e-10,3.733490396938047e-11,3.612515217181965e-05,3.7221719980785907e-06,0.007288889153517988,0.0028389976942625426,0.00029315921286978487,9.63727487016326e-07,1.0165815853669486e-08,4.171466658585443e-08,4.6659265721646345e-08,6.850221603362495e-11,4.75371653867951e-07,1.585635875927125e-05,1.1628793891630839e-07,0.00027514317328293525,7.297136207951657e-09,5.8900908543827105e-06,2.1926298483845684e-08,1.0190303730240329e-05,2.2365986312369144e-11,4.1935722495536607e-11,4.0495831279224496e-07,1.6798837902298088e-07,1.0474087536764107e-12,1.1512471335007052e-10,1.682149563081731e-10
9.158470184894037e-07,0.16628943999999996,0.8585084662769803,0.0,0.0,0.44160129549614663,0.10170599444561995,0.017280429966829772,2.5324022954734915e-06,0.0010438533286383715,0.013889355001440755,0.007144063438986598,6.116168640103854e-05,4.111246247057408e-12,0.002361625175463024,5.92934579598741e-11,0.00042569705370223087,2.8377397834522122e-09,1.0470818663530465e-05,5.529054148127627e-10,3.7626706432069685e-11,3.612984845221864e-05,3.757168063419166e-06,0.00728581411451935,0.0028313391308946805,0.0002938759057440042,9.634579231254482e-07,1.0152801935373348e-08,4.171560683465224e-08,4.7102060881997924e-08,6.887817917255331e-11,4.778265758489847e-07,1.589969500784475e-05,1.170198229019746e-07,0.00027679846260612667,7.2983368664858445e-09,5.945472890317047e-06,2.2071986827215307e-08,1.0183011920046256e-05,2.2561349560361875e-11,4.2219717416890164e-11,4.089344336957173e-07,1.681912408436997e-07,1.057276446964618e-12,1.1571127154070452e-10,1.6888468206722925e-10
9.205444593538708e-07,0.16628943999999996,0.8585084662769803,0.0,0.0,0.441609687282576,0.10166126491096061,0.01725579243333513,2.561749938341764e-06,0.0010537385834847935,0.013971937553899394,0.007191085619173034,6.123181982493496e-05,4.182367821661254e-12,0.002361946000341675,5.946975145350951e-11,0.00042596434991089104,2.842469901570782e-09,1.0523271415111297e-05,5.568962757185354e-10,3.791848774259608e-11,3.6133610891361925e-05,3.792207956708563e-06,0.007282742006865085,0.002823598178506765,0.00029459069939030116,9.631411821659478e-07,1.0139704011595256e-08,4.1716112332386386e-08,4.754550799253445e-08,6.925684765076868e-11,4.803006888264292e-07,1.5943566428738728e-05,1.1775170631052579e-07,0.0002784534099319278,7.2994671045583985e-09,6.000924298714252e-06,2.221768772204879e-08,1.0175700958343463e-05,2.2757242680029894e-11,4.2503380953958896e-11,4.1291654988437095e-07,1.6838847907352593e-07,1.0671570406505708e-12,1.1629313444656037e-10,1.695445792471947e-10
9.252419002183379e-07,0.16628943999999996,0.8585084662769803,0.0,0.0,0.4416181590885912,0.1016165583992575,0.017231188814772678,2.5912001585901416e-06,0.0010636379557771862,0.014054497089243929,0.0072381082881077035,6.129993202342778e-05,4.254296919293854e-12,0.0023622439916554114,5.964280749484576e-11,0.00042623114984544167,2.8471108449671635e-09,1.0575294010417994e-05,5.608910935678134e-10,3.821024127983252e-11,3.613644496727268e-05,3.827290479394443e-06,0.00727967281202535,0.0028157760086938086,0.00029530361055834733,9.627775713617497e-07,1.0126524200403799e-08,4.171619055512478e-08,4.79895812412028e-08,6.96382633531466e-11,4.827942436558885e-07,1.5987977422982196e-05,1.1848358285448875e-07,0.00028010801218278933,7.3005281349417085e-09,6.056443182631741e-06,2.2363399702209783e-08,1.0168371150631746e-05,2.2953662941413744e-11,4.2786709304347815e-11,4.169045150237304e-07,1.6858017837449974e-07,1.0770502007299663e-12,1.16870286785698e-10,1.7019461205139333e-10
9.29939341082805e-07,0.16628943999999996,0.8585084662769803,0.0,0.0,0.4416267097521027,0.10157187495303913,0.017206619058069045,2.6207511006928086e-06,0.0010735508619894316,0.014137033461766412,0.0072851309726252814,6.136605355463089e-05,4.327037515016719e-12,0.0023625195419319346,5.981266138084927e-11,0.00042649745504408175,2.851663906262709e-09,1.0626885146569779e-05,5.648898209554369e-10,3.850196054675732e-11,3.613835613593881e-05,3.862414450342252e-06,0.007276606511638951,0.002807873783277791,0.0002960146557894899,9.623673982409605e-07,1.0113264577784865e-08,4.171584884900413e-08,4.843425486692385e-08,7.00224686001343e-11,4.853074940440362e-07,1.6032932466063072e-05,1.1921544634751724e-07,0.000281762266494817,7.3015211480122116e-09,6.112027672693425e-06,2.2509121325539377e-08,1.0161022792865305e-05,2.315060763955979e-11,4.306969876723112e-11,4.208981848514113e-07,1.6876642235503424e-07,1.0869555980062049e-12,1.1744271388869653e-10,1.708347460055976e-10
9.34636781947272e-07,0.16628943999999996,0.8585084662769803,0.0,0.0,0.4416353381204426,0.10152721461437181,0.017182083110378794,2.6504009040090005e-06,0.0010834767198027954,0.014219546536707612,0.007332153207552986,6.143021459475181e-05,4.4005935700574504e-12,0.0023627730365462832,5.997934840263625e-11,0.0004267632670699658,2.856130362813652e-09,1.0678043576213345e-05,5.688924110921617e-10,3.8793639168332376e-11,3.6139349832606196e-05,3.897578705629782e-06,0.007273543087511036,0.0027998926544091558,0.0002967238514200564,9.61910970608438e-07,1.009992717852914e-08,4.171509443278741e-08,4.887950316158235e-08,7.040950615849677e-11,4.878406966145963e-07,1.6078436109179613e-05,1.1994729070255756e-07,0.0002834161702127129,7.3024473122054405e-09,6.167675926764593e-06,2.265485117341605e-08,1.0153656171885667e-05,2.334807409423149e-11,4.335234574119163e-11,4.24897417153802e-07,1.6894729357432904e-07,1.0968729080329557e-12,1.180104016900898e-10,1.714649479453832e-10
9.393342228117391e-07,0.16628943999999996,0.8585084662769803,0.0,0.0,0.4416440430502682,0.10148257742485774,0.017157580919082215,2.6801477030230998e-06,0.0010934149481524396,0.014302036190003404,0.007379174535567556,6.149244493980867e-05,4.474969031849719e-12,0.0023630048538647386,6.014290382877719e-11,0.00042702858751025386,2.8605114767535945e-09,1.0728768106742527e-05,5.728988177956732e-10,3.90852708894126e-11,3.6139431473003296e-05,3.932782098342311e-06,0.007270482521610806,0.002791833764666325,0.00029743121358458987,9.614085965187658e-07,1.0086513997098995e-08,4.1713934400365545e-08,4.9325300471985244e-08,7.079941925225116e-11,4.90394110975413e-07,1.6124492980516323e-05,1.2067910993004807e-07,0.00028506972088481326,7.303307774461091e-09,6.223386129627719e-06,2.2800587850324108e-08,1.0146271565835014e-05,2.354605964962902e-11,4.3634646722111804e-11,4.289020717427522e-07,1.6912287354718232e-07,1.1068018110569034e-12,1.185733367199365e-10,1.7208518600355426e-10
9.440316636762062e-07,0.16628943999999996,0.8585084662769803,0.0,0.0,0.44165282340746653,0.10143796342563359,0.0171331124317832,2.70998962758234e-06,0.0011033649672731708,0.014384502308035925,0.007426194507054973,6.155277400748837e-05,4.550167834074251e-12,0.002363215365385533,6.030336288930657e-11,0.00042729341797518536,2.8648084950427373e-09,1.0779057599530124e-05,5.769089954817396e-10,3.937684957268716e-11,3.613860645449828e-05,3.968023498368449e-06,0.007267424796069291,0.0027836982471532525,0.000298136758219018,9.608605842497567e-07,1.0073026988475692e-08,4.171237572320404e-08,4.977162120178819e-08,7.119225157376077e-11,4.929679997865411e-07,1.617110778654522e-05,1.2141089813615343e-07,0.0002867229162582223,7.304103660658061e-09,6.279156492659357e-06,2.2946329983430575e-08,1.013886924455034e-05,2.3744561674107415e-11,4.391659830110303e-11,4.329120104322796e-07,1.692932427491888e-07,1.1167419919607085e-12,1.1913150609552378e-10,1.7269542959761313e-10
9.487291045406732e-07,0.16628943999999996,0.8585084662769803,0.0,0.0,0.4416616780670614,0.10139337265736866,0.017108677596307124,2.739924803132063e-06,0.0011133261987444137,0.01446694478738959,0.007473212679972948,6.161123083914054e-05,4.6261938967008785e-12,0.002363404935876368,6.046076076043099e-11,0.00042755776009717456,2.869022649523629e-09,1.0828910969171828e-05,5.80922899155511e-10,3.9668369196652574e-11,3.613688015719028e-05,4.003301792196743e-06,0.007264369893177162,0.002775487225595051,0.00029884050106375026,9.60267242276342e-07,1.0059468068986906e-08,4.171042525273447e-08,5.0218439813389935e-08,7.158804729500256e-11,4.955626288294185e-07,1.621828531335238e-05,1.2214264952103298e-07,0.00028837575427404264,7.304836076039671e-09,6.334985253508258e-06,2.309207622217062e-08,1.01314494699389e-05,2.3943577559898385e-11,4.4198197162476864e-11,4.3692709701530815e-07,1.6945848062230748e-07,1.1266931402062033e-12,1.1968489751320518e-10,1.7329564941728173e-10
9.534265454051403e-07,0.16628943999999996,0.8585084662769803,0.0,0.0,0.44167060591312224,0.10134880516026352,0.01708427636069878,2.7699513509485787e-06,0.0011232980655344208,0.014549363534611769,0.007520228619716047,6.166784410189848e-05,4.703051126031514e-12,0.0023635739235088487,6.061513254991374e-11,0.0004278216155299297,2.8731551569830063e-09,1.0878327182741915e-05,5.849404844029568e-10,3.9959823853617445e-11,3.6134257944937596e-05,4.038615882713137e-06,0.00726131779538259,0.0027672018144317195,0.00029954245766670887,9.596288792449049e-07,1.0045839117115084e-08,4.170808972269272e-08,5.0665730829794674e-08,7.198685107901706e-11,4.981782670771377e-07,1.6266030427990368e-05,1.2287435837714247e-07,0.00029002823306269854,7.305506105629231e-09,6.3908706757748426e-06,2.323782523784117e-08,1.012401249633593e-05,2.4143104722834136e-11,4.447944008175704e-11,4.4094719724044823e-07,1.6961866558077696e-07,1.1366549497778439e-12,1.202334992403668e-10,1.7388581741207808e-10
9.581239862696074e-07,0.16628943999999996,0.8585084662769803,0.0,0.0,0.44167960583867416,0.10130426097404856,0.01705990867322032,2.800067388369629e-06,0.0011332799920437335,0.014631758465978069,0.007567241898983421,6.17226420909172e-05,4.780743414744085e-12,0.0023637226799899254,6.076651328310904e-11,0.00042808498594759344,2.8772072192193266e-09,1.0927305259060183e-05,5.889617073824394e-10,4.025120774773813e-11,3.613074516632641e-05,4.073964688999373e-06,0.007258268485289146,0.0027588431189100866,0.0003002426433862953,9.589458039480368e-07,1.0032141974287344e-08,4.170537575140563e-08,5.111346883644343e-08,7.238870809154086e-11,5.008151867658699e-07,1.6314348079857757e-05,1.236060190875675e-07,0.0002916803509393503,7.30611481463632e-09,6.4468110486921395e-06,2.3383575723202464e-08,1.0116558570845658e-05,2.4343140602073345e-11,4.476032392373117e-11,4.4497217878883353e-07,1.6977387501734868e-07,1.1466271191264394e-12,1.2077730010751778e-10,1.7446590677894453e-10
9.628214271340745e-07,0.16628943999999996,0.8585084662769803,0.0,0.0,0.4416886767456103,0.10125974013798267,0.017035574482349162,2.830271029022505e-06,0.0011432714041479015,0.014714129507261987,0.0076142520976490505,6.177565273172114e-05,4.859274641937344e-12,0.0023638515506904482,6.091493788962375e-11,0.00042834787304390495,2.88118002311563e-09,1.0975844267969841e-05,5.929865248164179e-10,4.0542515193084836e-11,3.612634715558285e-05,4.109347146132376e-06,0.007255221945653741,0.002750412235173972,0.0003009410733942947,9.582183252997168e-07,1.0018378445647334e-08,4.1702289844027715e-08,5.156162848301453e-08,7.279366401283467e-11,5.034736634674902e-07,1.636324330210685e-05,1.2433762612438933e-07,0.00029333210639939634,7.306663248854136e-09,6.502804686808309e-06,2.352932639208748e-08,1.0109087933666497e-05,2.4543682659829608e-11,4.5040845640541845e-11,4.490019112510231e-07,1.6992418530981968e-07,1.1566093511131792e-12,1.2131628950050145e-10,1.750358919499314e-10
9.675188679985417e-07,0.16628943999999996,0.8585084662769803,0.0,0.0,0.4416978175446051,0.10121524269085187,0.01701127373677606,2.860560383049793e-06,0.00115327172923947,0.014796476593509002,0.007661258802634425,6.182690358265461e-05,4.938648673176518e-12,0.0023639608747708808,6.106044119059217e-11,0.0004286102785313818,2.8850747407174483e-09,1.1023943329626179e-05,5.970148939832802e-10,4.083374061173802e-11,3.6121069233430365e-05,4.144762204984723e-06,0.00725217815938461,0.002741910250352662,0.0003016377626787188,9.57446752310907e-07,1.0004550300809644e-08,4.169883839472893e-08,5.2010184485193693e-08,7.320176504970749e-11,5.061539761634231e-07,1.6412721213079927e-05,1.2506917404708014e-07,0.0002949834981140635,7.307152435047946e-09,6.558849929670847e-06,2.367507597901874e-08,1.0101600818401018e-05,2.474472838110162e-11,4.532100226981594e-11,4.530362661039812e-07,1.7006967182784594e-07,1.1666013529539735e-12,1.2185045735282386e-10,1.7559574857993467e-10
9.72216308863009e-07,0.16628943999999996,0.8585084662769803,0.0,0.0,0.44170702715503013,0.10117076867096832,0.01698700638540302,2.8909335573327753e-06,0.0011632803962692234,0.014878799668814934,0.007708261607783679,6.187642183742948e-05,5.018869360539773e-12,0.0023640509853042383,6.120305788654763e-11,0.00042887220414052356,2.8888925293155087e-09,1.1071601613795681e-05,6.010467727093036e-10,4.1124878531914914e-11,3.611491670789456e-05,4.1802088320262225e-06,0.007249137109539334,0.002733338242647707,0.00030233272604658927,9.56631394065549e-07,9.990659274596941e-09,4.1695027688834466e-08,5.245911162641315e-08,7.361305794774479e-11,5.088564073197506e-07,1.6462787017774802e-05,1.258006575009297e-07,0.00029663452492608203,7.307583381334985e-09,6.614945141512586e-06,2.3820823238832836e-08,1.0094097452351338e-05,2.4946275273406024e-11,4.560079093283169e-11,4.5707511668814236e-07,1.7021040894001907e-07,1.1766028361641284e-12,1.223797941380985e-10,1.7614545353448982e-10
9.76913749727476e-07,0.16628943999999996,0.8585084662769803,0.0,0.0,0.44171630450487026,0.10112631811616908,0.016962772377341385,2.921388655712483e-06,0.001173296835786711,0.01496109868610854,0.007755260113741069,6.192423432776287e-05,5.09994054266545e-12,0.002364122209396317,6.134282254587261e-11,0.00042913365161903407,2.892634531532894e-09,1.1118818339165401e-05,6.050821193607392e-10,4.141592358612561e-11,3.610789487505789e-05,4.215686009126699e-06,0.007246098779322893,0.002724697281418098,0.000303025978126664,9.557725596969638e-07,9.976707067760404e-09,4.1690863904917933e-08,5.2908384759561e-08,7.402759000374929e-11,5.115812429636395e-07,1.6513446009340906e-05,1.265320712155007e-07,0.00029828518584544447,7.307957077555879e-09,6.671088710939569e-06,2.3966566946311994e-08,1.0086578056800633e-05,2.5148320866512128e-11,4.5880208832722495e-11,4.6111833818457107e-07,1.7034647002118926e-07,1.1866135165033629e-12,1.2290429086260208e-10,1.7668498487762114e-10
9.816111905919432e-07,0.16628943999999996,0.8585084662769803,0.0,0.0,0.44172564853064206,0.10108189106381504,0.01693857166190987,2.9519237792084273e-06,0.0011833204799800458,0.015043373606938203,0.0078022539278307535,6.197036752609855e-05,5.1818660448000435e-12,0.002364174868303291,6.147976959380833e-11,0.00042939462273106435,2.8963018754164083e-09,1.1165592772662243e-05,6.091208928360171e-10,4.170687050935857e-11,3.610000901976656e-05,4.251192733360006e-06,0.007243063152085767,0.0027159884272638705,0.00030371753337210555,9.548705583646427e-07,9.962695347683879e-09,4.168635311684893e-08,5.335797880866031e-08,7.444540907839766e-11,5.143287727611104e-07,1.656470357060652e-05,1.2726341000311316e-07,0.00029993548004524675,7.308274495637939e-09,6.727279050620885e-06,2.4112305895822904e-08,1.0079042847281453e-05,2.535086271217895e-11,4.615925325271704e-11,4.651658075922274e-07,1.704779274600151e-07,1.1966331139211956e-12,1.2342393905794e-10,1.7721432185974737e-10
9.863086314564104e-07,0.16628943999999996,0.8585084662769803,0.0,0.0,0.44173505817731346,0.10103748755079016,0.016914404188632614,2.982537026235015e-06,0.0011933507627149957,0.01512562440126268,0.00784924266393884,6.20148475484059e-05,5.264649678846865e-12,0.0023642092775467425,6.161393330200622e-11,0.0004296551192564734,2.899895674531846e-09,1.1211924228781972e-05,6.131630525580721e-10,4.199771413729504e-11,3.609126441629139e-05,4.286728016809351e-06,0.007240030211322071,0.0027072127321081784,0.0003044074060630973,9.53925699231425e-07,9.948625749072149e-09,4.168150129579649e-08,5.380786877051882e-08,7.486656360912189e-11,5.170992900962021e-07,1.6616565175638072e-05,1.27994668757357e-07,0.00030158540685760874,7.30853658995044e-09,6.7835145969805655e-06,2.425803890096238e-08,1.0071492033831461e-05,2.5553898383894377e-11,4.643792155441471e-11,4.692174037053429e-07,1.7060485266672425e-07,1.2066613525027022e-12,1.2393873077381797e-10,1.7773344490564478e-10
9.910060723208776e-07,0.16628943999999996,0.8585084662769803,0.0,0.0,0.4417445323982247,0.10099310761350043,0.0168902699072373,3.0132264928156573e-06,0.0012033871195733653,0.015207851047245821,0.007896225942397611,6.205770015705085e-05,5.348295243415389e-12,0.002364225747026184,6.174534777860517e-11,0.00042991514299010837,2.903417028062931e-09,1.1257812068927657e-05,6.172085584667837e-10,4.228844940455192e-11,3.6081666328945344e-05,4.32229088637394e-06,0.007236999940667716,0.0026983712392778933,0.000305095610309404,9.529382914410658e-07,9.934499874623717e-09,4.167631431218915e-08,5.425802971634929e-08,7.529110262322159e-11,5.198930921515681e-07,1.6669036391332414e-05,1.2872584245163145e-07,0.0003032349657696749,7.30874429765215e-09,6.839793809891593e-06,2.440376479420982e-08,1.006392582123715e-05,2.575742547661634e-11,4.6716211176095875e-11,4.7327300709091745e-07,1.7072731608107003e-07,1.2166979604146634e-12,1.2444865857091727e-10,1.782423356024672e-10
9.957035131853448e-07,0.16628943999999996,0.8585084662769803,0.0,0.0,0.4417540701550112,0.10094875128787315,0.016866168767653247,3.043990272794594e-06,0.0012134289878906752,0.015290053531055127,0.007943203389871931,6.209895076373368e-05,5.4328065238712165e-12,0.0023642245811291316,6.187404695881851e-11,0.0004301746957411025,2.9068670209136866e-09,1.1303255700757392e-05,6.212573710115311e-10,4.2579071342953144e-11,3.607122001265877e-05,4.357880383577037e-06,0.007233972323898617,0.002689464983582744,0.0003057821600528829,9.519086440961711e-07,9.920319295688501e-09,4.1670797937632856e-08,5.4708436793360714e-08,7.571907575121485e-11,5.227104799905578e-07,1.6722122879043038e-05,1.2945692613771254e-07,0.0003048841564196909,7.308898539031226e-09,6.8961151723721205e-06,2.4549482426586374e-08,1.0056344409266092e-05,2.5961441606516437e-11,4.6994119631066303e-11,4.77332500066343e-07,1.7084538718046944e-07,1.2267426698521214e-12,1.249537155138714e-10,1.7874097668782592e-10
9.999999999999997e-07,0.16628943999999996,0.8585084662769803,0.0,0.0,0.44176284856457315,0.10090820173879635,0.016844153778124198,3.0721916305174396e-06,0.0012226180727362812,0.015365218390243417,0.007986165619389645,6.213529899064148e-05,5.510865510159916e-12,0.002364208327493634,6.198941209056496e-11,0.0004304116833005572,2.9099609637630955e-09,1.1344431034106238e-05,6.249634558199401e-10,4.2844783620626537e-11,3.6060927096610084e-05,4.390454621103508e-06,0.007231205442006429,0.0026812630952292916,0.0003064086717854863,9.509301607385614e-07,9.907302523523142e-09,4.166546882935965e-08,5.5120593429293735e-08,7.611356854480965e-11,5.253082986386011e-07,1.677122175839103e-05,1.30125524598269e-07,0.0003063922563640977,7.30899356852349e-09,6.9476648122567e-06,2.4682754011277427e-08,1.0049396972377645e-05,2.6148469961494714e-11,4.724797116680975e-11,4.810487986621441e-07,1.7094959258014224e-07,1.235936873853213e-12,1.2541139244311366e-10,1.7918806745096148e-10
1.000400954049812e-06,0.16628943999999996,0.8585084662769803,0.0,0.0,0.4417636704175265,0.10090441860935627,0.016842100720009544,3.074826458046427e-06,0.0012234758067931493,0.015372231846664171,0.007990174639247723,6.213862443248797e-05,5.518187292386639e-12,0.002364206078838793,6.200006459601409e-11,0.00043043377933219077,2.9102467238139927e-09,1.1348254577540987e-05,6.25309451143862e-10,4.2869575079828826e-11,3.6059930713514804e-05,4.393495564375432e-06,0.0072309473449289315,0.002680494991393056,0.0003064670690699416,9.508370662365138e-07,9.906085552910739e-09,4.166495784678767e-08,5.515906522632055e-08,7.615053324043401e-11,5.255517586408174e-07,1.6775830396241147e-05,1.3018791494434553e-07,0.0003065329785931554,7.309000217837711e-09,6.9524771902839386e-06,2.4695190667320423e-08,1.0048747992888275e-05,2.616594441072529e-11,4.7271644506034875e-11,4.813957666771612e-07,1.7095913448830653e-07,1.2367952169853354e-12,1.2545389516434073e-10,1.7922935203792476e-10
1.0050983949142791e-06,0.16628943999999996,0.8585084662769803,0.0,0.0,0.4417733321637678,0.10086010961291753,0.01681806571463322,3.1057331386833954e-06,0.00123352701723401,0.015454385995658727,0.008037139329522545,6.217674588273608e-05,5.604441307991774e-12,0.002364170533839426,6.212343425327174e-11,0.0004306923955990432,2.9135571934281054e-09,1.1392808197525497e-05,6.293647603102677e-10,4.3159955836341925e-11,3.604780366924668e-05,4.42913549897039e-06,0.0072279249878093215,0.0026714622807161295,0.00030715035097394995,9.49723866817704e-07,9.891800156857614e-09,4.165879961920431e-08,5.560989031908861e-08,7.658552596887365e-11,5.284172371794638e-07,1.6830164798212487e-05,1.3091880407586354e-07,0.0003081814322190474,7.309050221608796e-09,7.00887839203328e-06,2.4840888403519536e-08,1.0041136762486994e-05,2.6370931547080112e-11,4.75487834595241e-11,4.854626926749616e-07,1.7106862558238888e-07,1.2468553419071744e-12,1.2594919157418398e-10,1.7970744665575816e-10
1.0097958357787463e-06,0.16628943999999996,0.8585084662769803,0.0,0.0,0.44178305437980186,0.10081582433304417,0.0167940637020474,3.136708403260385e-06,0.0012435820620290948,0.015536515987046544,0.008084097105698136,6.221333949239608e-05,5.6915723166262276e-12,0.0023641182346194277,6.22441892954024e-11,0.00043095054638961474,2.916799472465928e-09,1.1436916103309323e-05,6.334232604450672e-10,4.345020892584216e-11,3.603484410969845e-05,4.464799271620106e-06,0.007224905236725257,0.002662367861271288,0.00030783201921760105,9.485693546902347e-07,9.877464588633794e-09,4.165232874112167e-08,5.60608874561226e-08,7.702410545930102e-11,5.313072288198805e-07,1.6885132039791114e-05,1.3164958881083182e-07,0.0003098295173661248,7.309049421987063e-09,7.065317328273996e-06,2.4986574539848532e-08,1.003351090405982e-05,2.6576400693874728e-11,4.782553422031291e-11,4.89533165495425e-07,1.7117392710354432e-07,1.256922788580935e-12,1.2643959927872366e-10,1.8017524665936588e-10
1.0144932766432135e-06,0.16628943999999996,0.8585084662769803,0.0,0.0,0.4417928360596926,0.10077156280374222,0.016770094632969478,3.1677503389777022e-06,0.001253640385891797,0.01561862183707074,0.008131047618674964,6.224842930103574e-05,5.779584051191258e-12,0.0023640494645721976,6.23623628814138e-11,0.0004312082335635112,2.9199745897968144e-09,1.1480577881224732e-05,6.374849139633961e-10,4.3740329752246804e-11,3.6021057257251017e-05,4.500485980453683e-06,0.007221888075995355,0.002653212734563637,0.0003085120870952282,9.473738385788747e-07,9.863080300482322e-09,4.164555060722567e-08,5.65120321039556e-08,7.746632389363148e-11,5.342220510001732e-07,1.694073817713083e-05,1.323802645007154e-07,0.00031147723423929517,7.3089986750317615e-09,7.121792571613174e-06,2.51322479982136e-08,1.0025870599410124e-05,2.678234954961096e-11,4.8101894585910506e-11,4.936070742365203e-07,1.712751047643439e-07,1.266997304788602e-12,1.269251132901026e-10,1.806327392701488e-10
1.0191907175076806e-06,0.16628943999999996,0.8585084662769803,0.0,0.0,0.4418026762054296,0.10072732505853613,0.016746158458309384,3.198857031881607e-06,0.0012637014354673355,0.015700703569026694,0.008177990525148665,6.228203901306913e-05,5.868480231602419e-12,0.002363964502094851,6.247798795740812e-11,0.00043146545899137287,2.9230835605657315e-09,1.1523793160728524e-05,6.415496837542982e-10,4.403031380844778e-11,3.600644832721483e-05,4.536194737286705e-06,0.007218873490069732,0.0026439978939565715,0.0003091905677450748,9.461376270624131e-07,9.848648716372232e-09,4.1638470522371396e-08,5.696329981264591e-08,7.791223412758288e-11,5.371620254733501e-07,1.6996989369515667e-05,1.3311082656857143e-07,0.00031312458317605515,7.308898821523462e-09,7.178302716319234e-06,2.5277907717452315e-08,1.0018216026329488e-05,2.6988775832752697e-11,4.8377862421061484e-11,4.976843096368572e-07,1.7137222335793981e-07,1.2770786420795617e-12,1.2740572909073048e-10,1.8107991280124582e-10
1.0238881583721478e-06,0.16628943999999996,0.8585084662769803,0.0,0.0,0.44181257382685757,0.10068311113046853,0.016722255129167755,3.230026567062634e-06,0.0012737646593663629,0.015782761213082388,0.008224925487508375,6.231419200099175e-05,5.9582645648426336e-12,0.002363863620684808,6.259109724989714e-11,0.0004317222245542721,2.926127386311567e-09,1.1566561613800777e-05,6.456175331739183e-10,4.4320156674745044e-11,3.5991022528191235e-05,4.571924667438387e-06,0.007215861463528406,0.002634724324743062,0.0003098674741515208,9.448610285537587e-07,9.834171232573091e-09,4.1631093703268325e-08,5.7414666217199286e-08,7.836188970561267e-11,5.401274783992633e-07,1.7053891881210132e-05,1.3384127050776466e-07,0.0003147715646429984,7.308750687262104e-09,7.2348463780325625e-06,2.5423552653029404e-08,1.0010547358771615e-05,2.7195677281481516e-11,4.8653435656281033e-11,5.017647640542004e-07,1.7146534676700783e-07,1.28716655571977e-12,1.278814426268173e-10,1.815167566459701e-10
1.028585599236615e-06,0.16628943999999996,0.8585084662769803,0.0,0.0,0.4418225279416075,0.10063892105209972,0.01669838459683425,3.2612570288517026e-06,0.0012838295081979154,0.015864794806102152,0.008271852173736917,6.234491130865016e-05,6.048940745015686e-12,0.002363747089034324,6.270172325952043e-11,0.00043197853214312705,2.929107055087419e-09,1.1608882954351399e-05,6.496884260387926e-10,4.460985401730567e-11,3.597478506240321e-05,4.607674909550352e-06,0.007212851981079706,0.002625393004215762,0.0003105428191472659,9.435443512803698e-07,9.819649218216875e-09,4.162342528013029e-08,5.7866107038964026e-08,7.881534487614822e-11,5.431187404383791e-07,1.7111452083350677e-05,1.3457159188070607e-07,0.00031641817923239217,7.308555083358634e-09,7.2914221934787e-06,2.5569181776738226e-08,1.000286476701791e-05,2.7403051653454887e-11,4.8928612286419694e-11,5.058483314441515e-07,1.7155453797278184e-07,1.297260804641384e-12,1.2835225030199306e-10,1.8194326126630755e-10
1.0332830401010822e-06,0.16628943999999996,0.8585084662769803,0.0,0.0,0.44183253757502794,0.10059475485550762,0.01667454681278571,3.292546501014031e-06,0.001293895434601719,0.01594680439147373,0.008318770257312732,6.23742196545423e-05,6.140512453400096e-12,0.0023636151711230124,6.280989825515319e-11,0.0004322343836581309,2.9320235415826906e-09,1.165075693763431e-05,6.537623266192368e-10,4.489940158664827e-11,3.5957741125997725e-05,4.643444615407066e-06,0.007209845027558733,0.002616004901735963,0.00031121661541547066,9.421879032650402e-07,9.805084015847466e-09,4.161547029829067e-08,5.8317598086999334e-08,7.927265460711859e-11,5.461361468474127e-07,1.7169676455879207e-05,1.3530178631761324e-07,0.0003180644276588166,7.308312806520441e-09,7.348028820184145e-06,2.5714794076407616e-08,9.99516841783532e-06,2.761089672556542e-11,4.9203390369257226e-11,5.099349073390006e-07,1.7163985906417133e-07,1.307361151392867e-12,1.2881814897100979e-10,1.8235941818147843e-10
1.0379804809655493e-06,0.16628943999999996,0.8585084662769803,0.0,0.0,0.44184260176011825,0.10055061257228755,0.016650741728684585,3.3238930669408644e-06,0.0013039618932798437,0.01602879001893856,0.008365679417113633,6.240213943514476e-05,6.2329833585033625e-12,0.002363468126308399,6.291565426838989e-11,0.00043248978100819484,2.9348778072468113e-09,1.169218335966918e-05,6.578391996328286e-10,4.518879521615248e-11,3.593989590932056e-05,4.679232949757932e-06,0.007206840587925833,0.002606560978801433,0.0003118888754918565,9.407919923069943e-07,9.79047694195813e-09,4.1607233719783785e-08,5.87691152594167e-08,7.973387460179569e-11,5.491800375768985e-07,1.7228571589519868e-05,1.3603184951529304e-07,0.00031971031075587195,7.308024639330664e-09,7.4046649361948035e-06,2.5860388555614292e-08,9.987458474626657e-06,2.781921029370338e-11,4.947776802412495e-11,5.140243888267514e-07,1.7172137124695095e-07,1.3174673620895683e-12,1.292791359335258e-10,1.8276521995655734e-10
1.0426779218300165e-06,0.16628943999999996,0.8585084662769803,0.0,0.0,0.4418527195374625,0.10050649423355217,0.01662696929637711,3.355294809839044e-06,0.0013140283410277263,0.016110751744425274,0.008412579337322217,6.242869272826394e-05,6.326357116116502e-12,0.0023633062094145616,6.301902308839105e-11,0.00043274472611040617,2.9376708004144494e-09,1.1733162056670454e-05,6.619190102379839e-10,4.5478030820593186e-11,3.592125459716501e-05,4.715039090141071e-06,0.007203838647265092,0.002597062189113166,0.0003125596117667665,9.393569259633421e-07,9.775829287517088e-09,4.159872042489319e-08,5.922063454469511e-08,8.019906131495631e-11,5.52250757370744e-07,1.7288144187800508e-05,1.3676177723594582e-07,0.000321355829472945,7.307691350521573e-09,7.461329239797094e-06,2.600596423340036e-08,9.979735097573834e-06,2.8027990172519757e-11,4.975174343055606e-11,5.181166745303262e-07,1.7179913485301292e-07,1.327579206364783e-12,1.2973520892796986e-10,1.8316066019116057e-10
1.0473753626944837e-06,0.16628943999999996,0.8585084662769803,0.0,0.0,0.441862889955164,0.10046239986993147,0.0166032294678917,3.386749812918406e-06,0.0013240942367645614,0.016192689629886396,0.008459469707332995,6.245390129640727e-05,6.420637369368932e-12,0.0023631296708188907,6.312003625707984e-11,0.0004329992208894994,2.9404034564320536e-09,1.1773692904483555e-05,6.660017240276203e-10,4.576710439469905e-11,3.5901822368995933e-05,4.750862226708816e-06,0.007200839190782877,0.002587509478641085,0.0003132288364871863,9.378830115308317e-07,9.7611423184817e-09,4.15899352136678e-08,5.967213202297018e-08,8.066827196937122e-11,5.55348655867831e-07,1.7348401069119777e-05,1.374915653059899e-07,0.00032300098487204117,7.307313695242113e-09,7.518020449241773e-06,2.6151520143996075e-08,9.971998443774291e-06,2.8237234195192575e-11,5.0025314826962964e-11,5.222116645869502e-07,1.7187320934967416e-07,1.3376964573212983e-12,1.3018636612548278e-10,1.8354573350819318e-10
1.0520728035589509e-06,0.16628943999999996,0.8585084662769803,0.0,0.0,0.4418731120687808,0.10041832951157269,0.016579522195437277,3.4182561595770423e-06,0.0013341590415630695,0.01627460374313796,0.008506350221661137,6.247778659017187e-05,6.515827748783593e-12,0.0023629387565370333,6.321872506467618e-11,0.00043325326727734217,2.9430766977855808e-09,1.1813775818028137e-05,6.700873070229146e-10,4.6056012011734874e-11,3.588160439915e-05,4.786701562054922e-06,0.0071978422038063905,0.0025779037856887128,0.0003138965617587277,9.363705560279486e-07,9.74641727630138e-09,4.158088280740638e-08,6.012358386729731e-08,8.114156457263279e-11,5.584740877057081e-07,1.740934916886105e-05,1.3822120961490653e-07,0.000324645778124675,7.306892415319809e-09,7.574737302470457e-06,2.6297055336547546e-08,9.964248667370983e-06,2.84469402131939e-11,5.02984805093418e-11,5.26309260627721e-07,1.7194365334902843e-07,1.3478188914834278e-12,1.3063260612393558e-10,1.8392043554266005e-10
1.056770244423418e-06,0.16628943999999996,0.8585084662769803,0.0,0.0,0.4418833849412629,0.10037428318814064,0.016555847431401614,3.4498119335844256e-06,0.0013442222186786444,0.01635649415770232,0.008553220579852817,6.250036975164738e-05,6.61193187233235e-12,0.002362733708306043,6.331512054555676e-11,0.00043350686721243354,2.945691434229265e-09,1.1853410750748186e-05,6.741757256671434e-10,4.634474982210778e-11,3.586060585701368e-05,4.822556311043513e-06,0.007194847671782237,0.002568246040956852,0.0003145627995475747,9.34819866177313e-07,9.731655378409564e-09,4.1571567850111536e-08,6.057496634488935e-08,8.161899793433115e-11,5.616274126264643e-07,1.7470995541554844e-05,1.389507061141049e-07,0.00032629021050882095,7.306428239517105e-09,7.63147855684491e-06,2.6442568874849372e-08,9.956485919676176e-06,2.865710609605978e-11,5.057123883000287e-11,5.30409365757364e-07,1.7201052461733573e-07,1.3579462887495421e-12,1.3107392794202233e-10,1.8428476293054198e-10
1.0614676852878852e-06,0.16628943999999996,0.8585084662769803,0.0,0.0,0.44189370764288927,0.10033026092881774,0.016532205128349704,3.481415219262421e-06,0.0013542832335778935,0.01643836095265377,0.008600080486397179,6.252167161782999e-05,6.7089533454915946e-12,0.002362514763665789,6.3409253474428e-11,0.0004337600226394159,2.9482485629153193e-09,1.1892597694068875e-05,6.78266946819611e-10,4.663331405199654e-11,3.583883190717976e-05,4.858425700639766e-06,0.00719185558027504,0.0025585371676062987,0.00031522756168239434,9.332312483884125e-07,9.716857818704972e-09,4.156199490991345e-08,6.102625581832902e-08,8.210063168358926e-11,5.648089955848174e-07,1.7533347363090707e-05,1.39680050815807e-07,0.000327934283405922,7.305921883782327e-09,7.688242988879104e-06,2.658805983708212e-08,9.948710349289381e-06,2.886772973116134e-11,5.084358819632705e-11,5.345118845341785e-07,1.7207388008444156e-07,1.3680784323450907e-12,1.31510331013426e-10,1.8463871329773492e-10
1.0661651261523524e-06,0.16628943999999996,0.8585084662769803,0.0,0.0,0.4419040792512061,0.10028626276230419,0.016508595239022168,3.513064101664179e-06,0.0013643415539665712,0.016520204212467166,0.008646929650639736,6.254171272404536e-05,6.806895761298067e-12,0.002362282156038663,6.350115436280146e-11,0.0004340127355085993,2.9507489685244166e-09,1.1931336676860017e-05,6.823609377496603e-10,4.6921701002003804e-11,3.581628770958376e-05,4.894308969742374e-06,0.007188865914966058,0.0025487780813196127,0.0003158908598562108,9.31605008740624e-07,9.702025768022446e-09,4.155216848046441e-08,6.14774287467563e-08,8.25865262869633e-11,5.680192068585002e-07,1.759641193298007e-05,1.404092397919503e-07,0.0003295779982979561,7.30537405149533e-09,7.745029393974008e-06,2.6733527315554393e-08,9.940922102209685e-06,2.9078809023478034e-11,5.111552706954701e-11,5.386167229501737e-07,1.721337758532179e-07,1.3782151087761255e-12,1.3194181518105594e-10,1.849822852490528e-10
1.0708625670168196e-06,0.16628943999999996,0.8585084662769803,0.0,0.0,0.4419144988509664,0.1002422887168184,0.016485017716333653,3.544756666750949e-06,0.0013743966498169153,0.016602024026869323,0.008693767786697395,6.256051330737756e-05,6.905762700404854e-12,0.0023620361148076305,6.359085345576e-11,0.00043426500777549805,2.9531935233968534e-09,1.1969627764905992e-05,6.864576661307659e-10,4.720990704583098e-11,3.579297841962103e-05,4.930205369017743e-06,0.007185878661651845,0.0025389696903619858,0.00031655270562824664,9.299414529665644e-07,9.68716037459364e-09,4.154209298230486e-08,6.192846168703103e-08,8.307674306672748e-11,5.712584221610003e-07,1.766019667667137e-05,1.4113826917311043e-07,0.0003312213567645588,7.3047854337080394e-09,7.801836586155242e-06,2.6878970416449627e-08,9.93312132194274e-06,2.929034189537255e-11,5.138705396355374e-11,5.427237884114002e-07,1.7219026720901978e-07,1.3883561077833218e-12,1.3236838069135536e-10,1.853154783573008e-10
1.0755600078812868e-06,0.16628943999999996,0.8585084662769803,0.0,0.0,0.4419249655340692,0.10019833882009728,0.016461472513371246,3.5764910015668013e-06,0.0013844479933943896,0.016683820490693266,0.008740594613374807,6.257809331010186e-05,7.00555773113752e-12,0.002361776865392642,6.367838072900375e-11,0.0004345168414003797,2.9555830876642808e-09,1.2007471060382011e-05,6.905571000347066e-10,4.7497928628975236e-11,3.576890918824562e-05,4.966114160735994e-06,0.007182893806242914,0.002529112895641217,0.00031721311042572927,9.282408864357341e-07,9.67226276449766e-09,4.15317727642012e-08,6.237933129487094e-08,8.357134421954365e-11,5.74527022756728e-07,1.7724709147918933e-05,1.4186713514744027e-07,0.00033286436048020064,7.304156709379879e-09,7.858663397813481e-06,2.7024388259577107e-08,9.925308149602661e-06,2.950232628636806e-11,5.165816744372637e-11,5.468329897184745e-07,1.7224340862914993e-07,1.3985012222965066e-12,1.327900281886774e-10,1.856382931524019e-10
1.080257448745754e-06,0.16628943999999996,0.8585084662769803,0.0,0.0,0.4419354783995011,0.1001544130993967,0.01643795958339293,3.6082651944112904e-06,0.0013944950592838453,0.01676559370373519,0.008787409854082278,6.259447238311848e-05,7.106284409550399e-12,0.002361504629325477,6.376376588616531e-11,0.00043476823834782567,2.9579185093818697e-09,1.2044866701336613e-05,6.946592079258169e-10,4.778576226744843e-11,3.574408516205196e-05,5.002034618608718e-06,0.007179911334762431,0.0025192085907668298,0.00031787208554566557,9.265036141384661e-07,9.657334042102149e-09,4.152121210445666e-08,6.283001432596575e-08,8.407039283553728e-11,5.778253955786859e-07,1.778995703120735e-05,1.4259583395962866e-07,0.00033450701121141835,7.3034885456083934e-09,7.915508679447701e-06,2.7169779978127717e-08,9.917482724009084e-06,2.9714760152925786e-11,5.1928866125786654e-11,5.50944237047303e-07,1.7229325379232599e-07,1.4086502483896845e-12,1.3320675870972885e-10,1.859507311106082e-10
1.084954889610221e-06,0.16628943999999996,0.8585084662769803,0.0,0.0,0.44194603655327674,0.10011051158149181,0.016414478879826038,3.6400773350100493e-06,0.001404537324415102,0.016847343770614108,0.00883421323675498,6.260966988938609e-05,7.207946279482969e-12,0.002361219624323024,6.384703835638405e-11,0.0004350192005863036,2.9602006246608505e-09,1.208181486118025e-05,6.987639586553156e-10,4.8073404546517625e-11,3.5718511483340016e-05,5.037966027628533e-06,0.007176931233344936,0.0025092576621083616,0.0003185296421565833,9.247299406701701e-07,9.642375290494749e-09,4.151041521219515e-08,6.328048763706722e-08,8.457395291778419e-11,5.811539333487031e-07,1.7855948144232375e-05,1.4332436190987438e-07,0.00033614931081409906,7.302781597854939e-09,7.972371299411247e-06,2.7315144718433563e-08,9.909645181779598e-06,2.99276414682268e-11,5.219914867467569e-11,5.550574419300011e-07,1.7233985558814352e-07,1.4188029852365708e-12,1.3361857367807918e-10,1.8625279464375437e-10
1.0896523304746883e-06,0.16628943999999996,0.8585084662769803,0.0,0.0,0.44195663910838173,0.10006663429267776,0.016391030356265712,3.671925514683362e-06,0.0014145742680879536,0.01692907080063414,0.00888100449377359,6.262370490735188e-05,7.310546872616335e-12,0.002360922064359056,6.392822729212922e-11,0.00043526973008775063,2.9624302578012956e-09,1.2118315748179869e-05,7.028713214557083e-10,4.836085211946672e-11,3.5692193290165154e-05,5.073907683910404e-06,0.007173953488235068,0.0024992609888528352,0.0003191857913002427,9.229201702158832e-07,9.627387571905378e-09,4.1499386228619424e-08,6.373072818705526e-08,8.508208940222107e-11,5.845130347002986e-07,1.7922690440440093e-05,1.4405271535287882e-07,0.0003377912612308178,7.302036510165788e-09,8.029250143660692e-06,2.746048163973209e-08,9.901795657417761e-06,3.014096822195242e-11,5.246901380345416e-11,5.591725172360151e-07,1.7238326612652986e-07,1.4289592350666269e-12,1.3402547489873503e-10,1.8654448708860228e-10
1.0943497713391555e-06,0.16628943999999996,0.8585084662769803,0.0,0.0,0.4419672851847148,0.10002278125877015,0.016367613966473384,3.703807826512689e-06,0.0014246053719966147,0.017010774907649413,0.008927783361886236,6.263659623437699e-05,7.414089708529763e-12,0.00236061215973452,6.400736156726218e-11,0.00043551982882716786,2.9646082214250536e-09,1.215436960495937e-05,7.069812659352655e-10,4.864810170637892e-11,3.56651357163731e-05,5.109858894534788e-06,0.00717097808578633,0.0024892194430614525,0.0003198405438933164,9.210746065350928e-07,9.612371928119474e-09,4.148812922824357e-08,6.418071303798113e-08,8.559486817799817e-11,5.879031043042926e-07,1.7990192011626263e-05,1.4478089069685335e-07,0.0003394328644882231,7.301253915388588e-09,8.086144115507587e-06,2.7605789913934046e-08,9.893934283396946e-06,3.035473842006948e-11,5.273846027222431e-11,5.632893771534424e-07,1.7242353674718276e-07,1.439118803121608e-12,1.344274645527773e-10,1.8682581269623185e-10
1.0990472122036226e-06,0.16628943999999996,0.8585084662769803,0.0,0.0,0.4419779739090316,0.09997895250510573,0.016344229664375313,3.7357223655051914e-06,0.0014346301202536017,0.017092456209931467,0.008974549582131766,6.264836239015529e-05,7.518578294757263e-12,0.002360290117146391,6.408446977532828e-11,0.00043576949878222567,2.9667353166087773e-09,1.2189976708005831e-05,7.11093762072571e-10,4.893515009293991e-11,3.563734389162127e-05,5.145818977392518e-06,0.007168005012459851,0.0024791338897255178,0.0003204939107290398,9.191935529468796e-07,9.59732938088239e-09,4.1476648220100805e-08,6.463041935608703e-08,8.611235610827894e-11,5.913245529971943e-07,1.8058461090597333e-05,1.455088844025441e-07,0.0003410741226944752,7.30043443538436e-09,8.143052135372982e-06,2.775106872539555e-08,9.886061190240153e-06,3.056895008461437e-11,5.300748688707393e-11,5.674079371705531e-07,1.7246071802898886e-07,1.4492814976126032e-12,1.348245451920611e-10,1.8709677662151245e-10
1.1037446530680898e-06,0.16628943999999996,0.8585084662769803,0.0,0.0,0.44198870441488863,0.09993514805654305,0.016320877404061067,3.767667228756243e-06,0.0014446479994130652,0.017174114830039205,0.009021302899764282,6.26590216201234e-05,7.624016126844192e-12,0.002359956139755101,6.415958022806926e-11,0.00043601874193287927,2.968812333016925e-09,1.2225137367181434e-05,7.15208780211142e-10,4.922199412926105e-11,3.5608822941386865e-05,5.181787261031527e-06,0.007165034254823189,0.002469005186821632,0.0003211459024788326,9.172773123153075e-07,9.582260932295172e-09,4.1464947148926895e-08,6.507982441280329e-08,8.663462105150232e-11,5.947777979124748e-07,1.8127506053894476e-05,1.46236692982272e-07,0.0003427150380367326,7.299578681235128e-09,8.199973140544825e-06,2.7896317270694064e-08,9.878176506596032e-06,3.078360125348139e-11,5.3276092499041684e-11,5.715281140575145e-07,1.7249485979941834e-07,1.4594471296775942e-12,1.3521671973397682e-10,1.8735738491263607e-10
1.108442093932557e-06,0.16628943999999996,0.8585084662769803,0.0,0.0,0.4419994758425881,0.09989136793746324,0.01629755713978207,3.799640515609963e-06,0.001454658498493576,0.017255750894691224,0.009068043064178922,6.266859189886067e-05,7.730406688403874e-12,0.0023596104272506032,6.423272095414718e-11,0.0004362675602609948,2.970840049034673e-09,1.2259851925240895e-05,7.193262910541174e-10,4.950863072872248e-11,3.5579577986962707e-05,5.2177630845053184e-06,0.007162065799549141,0.002458834185366162,0.0003217965296938918,9.153261870351492e-07,9.567167565201935e-09,4.1453029896320054e-08,6.552890558572269e-08,8.716173188312384e-11,5.982632626147875e-07,1.8197335424582717e-05,1.4696431299898747e-07,0.00034435561277868583,7.298687253447251e-09,8.256906084938137e-06,2.8041534758408003e-08,9.870280359311295e-06,3.099868998021023e-11,5.3544276003103184e-11,5.75649825848317e-07,1.7252601114388893e-07,1.469615513339506e-12,1.3560399145627056e-10,1.876076445007184e-10
1.1131395347970242e-06,0.16628943999999996,0.8585084662769803,0.0,0.0,0.4420102873391227,0.09984761217177084,0.016274268825950136,3.831640327817771e-06,0.0014646611090003677,0.01733736453464062,0.009114769828838867,6.267709093347732e-05,7.83775345117419e-12,0.0023592531759170717,6.430391969807104e-11,0.0004365159557499848,2.9728192319006677e-09,1.2294120757354438e-05,7.234462656590142e-10,4.979505686683588e-11,3.5549614145441345e-05,5.2537457972232425e-06,0.007159099633414563,0.002448621729469015,0.0003224458028067555,9.133404790178321e-07,9.552050243568989e-09,4.144090028187739e-08,6.597764035955241e-08,8.769375851784738e-11,6.017813772372701e-07,1.8267957875107232e-05,1.4769174106534071e-07,0.0003459958492581388,7.297760742150603e-09,8.313849938858079e-06,2.8186720408900215e-08,9.862372873499602e-06,3.121421433377721e-11,5.3812036337177654e-11,5.797729918229041e-07,1.7255422041509676e-07,1.4797864654647677e-12,1.3598636399192399e-10,1.8784756318947233e-10
1.1178369756614913e-06,0.16628943999999996,0.8585084662769803,0.0,0.0,0.44202113805812226,0.09980388078289448,0.01625101241713607,3.8636647696949714e-06,0.0014746553249470502,0.0174189558845521,0.00916148295120354,6.268453616698959e-05,7.946059875074141e-12,0.002358884578696301,6.43732039193181e-11,0.0004367639303844541,2.9747506378395414e-09,1.2327944270636088e-05,7.2756867543255e-10,5.008126958012634e-11,3.55189365296883e-05,5.289734758802548e-06,0.007156135743299232,0.0024383686563867425,0.00032309373213284317,9.113204896777387e-07,9.536909912855984e-09,4.142856206430904e-08,6.642600632704426e-08,8.823077193236208e-11,6.053325786219493e-07,1.8339382230218395e-05,1.484189738427665e-07,0.00034763574988463735,7.296799727293652e-09,8.370803688765764e-06,2.8331873454105028e-08,9.854454172607225e-06,3.1430172398386175e-11,5.4079372481154685e-11,5.838975324895028e-07,1.725795352423099e-07,1.4899598057223724e-12,1.3636384132409197e-10,1.8807714964494284e-10
1.1225344165259585e-06,0.16628943999999996,0.8585084662769803,0.0,0.0,0.4420320271597995,0.09976017379378807,0.016227787868068194,3.895711948275412e-06,0.001484640642876795,0.017500525082881423,0.00920818219265796,6.269094478167984e-05,8.055329408260354e-12,0.002358504825249802,6.444060079164107e-11,0.00043701148614985486,2.976635012194121e-09,1.23613229036773e-05,7.316934921255295e-10,5.0367265965033196e-11,3.5487550248304976e-05,5.325729338922216e-06,0.007153174116184691,0.0024280757965749874,0.00032374032787196296,9.092665199186885e-07,9.521747500379131e-09,4.141601894252998e-08,6.687398118990265e-08,8.877284418859565e-11,6.089173104633946e-07,1.841161746996718e-05,1.4914600804058294e-07,0.0003492753171371421,7.295804778834547e-09,8.427766337046945e-06,2.8476993137318747e-08,9.846524378475538e-06,3.164656227326333e-11,5.4346283455940427e-11,5.880233695671604e-07,1.7260200254061998e-07,1.5001353565434377e-12,1.367364277810968e-10,1.88296413385319e-10
1.1272318573904257e-06,0.16628943999999996,0.8585084662769803,0.0,0.0,0.44204295381089725,0.09971649122693144,0.016204595133630973,3.927779973464175e-06,0.0014946165618829979,0.017582072271757152,0.009254867318443235,6.269633370244087e-05,8.165565487183526e-12,0.00235811410201965,6.450613720255416e-11,0.0004372586250321512,2.9784730895572593e-09,1.2394257126085772e-05,7.358206878277957e-10,5.065304317682954e-11,3.545546040558182e-05,5.361728917178553e-06,0.007150214739153149,0.002417743973740295,0.00032438560010980213,9.071788701208251e-07,9.506563915666857e-09,4.140327455673039e-08,6.732154275967154e-08,8.932004845750524e-11,6.125360234556479e-07,1.8484672732773183e-05,1.4987284041510388e-07,0.000350914553561746,7.29477645692832e-09,8.484736901783468e-06,2.862207871299375e-08,9.838583611400507e-06,3.186338207244954e-11,5.461276832252316e-11,5.921504259684822e-07,1.7262166852014838e-07,1.5103129430812648e-12,1.3710412803147864e-10,1.885053647708106e-10
1.1319292982548929e-06,0.16628943999999996,0.8585084662769803,0.0,0.0,0.4420539171846357,0.09967283310433149,0.01618143416886361,3.959866958188391e-06,0.0015045825836294301,0.017663597596864557,0.00930153809758817,6.270071960010324e-05,8.276771536644752e-12,0.002357712592288094,6.456983975298945e-11,0.00043750534901749213,2.9802655939032607e-09,1.2426747438029349e-05,7.399502349632407e-10,5.093859842855981e-11,3.542267210144248e-05,5.397732882942567e-06,0.007147257599386351,0.002407374004891322,0.00032502955881937956,9.050578401275916e-07,9.491360050807883e-09,4.139033248942478e-08,6.776866895859968e-08,8.98724590434215e-11,6.161891754426637e-07,1.85585573185679e-05,1.5059946776876476e-07,0.00035255346176943576,7.293715312110257e-09,8.541714416527533e-06,2.8767129446535772e-08,9.830631990189357e-06,3.2080629924600577e-11,5.4878826181057444e-11,5.96278625782572e-07,1.7263857869520445e-07,1.5204923931718937e-12,1.3746694707910048e-10,1.8870401499359318e-10
1.13662673911936e-06,0.16628943999999996,0.8585084662769803,0.0,0.0,0.44206491646066004,0.09962919944752326,0.01615830492895865,3.991971018546101e-06,0.0015145382123698803,0.01774510120733177,0.009348194302841959,6.270411889474377e-05,8.388950969851795e-12,0.00235730047623597,6.463173475711644e-11,0.0004377516600918946,2.9820132387187986e-09,1.245879436978502e-05,7.440821062848797e-10,5.122392898999562e-11,3.538919043137941e-05,5.4337406352190845e-06,0.007144302684164515,0.0023969667003894317,0.00032567221386248983,9.029037292332425e-07,9.476136780792025e-09,4.1377196266480427e-08,6.821533782048516e-08,9.043015140895499e-11,6.198772315721492e-07,1.8633280692014678e-05,1.513258869492624e-07,0.00035419204443389626,7.2926218854755445e-09,8.59869793007873e-06,2.8912144614104638e-08,9.822669632214497e-06,3.2298303972779494e-11,5.514445616996698e-11,6.004078942581763e-07,1.726527778933916e-07,1.5306735372951506e-12,1.3782489025830732e-10,1.8889237606782848e-10
1.1413241799838272e-06,0.16628943999999996,0.8585084662769803,0.0,0.0,0.44207595082498957,0.09958559027757101,0.01613520736926066,4.024090273953261e-06,0.0015244829549672975,0.0178265832556181,0.009394835710607913,6.270654775897501e-05,8.50210718847516e-12,0.002356877930999935,6.469184824231812e-11,0.0004379975602409339,2.9837167271333032e-09,1.2490398481292826e-05,7.482162748699808e-10,5.150903218660904e-11,3.5355020486381535e-05,5.469751582507644e-06,0.0071413499808652406,0.002386522863998733,0.0003263135749911012,9.00716836170244e-07,9.460894963843888e-09,4.1363869358126066e-08,6.866152749149918e-08,9.09932022004838e-11,6.236006644531398e-07,1.8708852485807004e-05,1.5205209484870625e-07,0.0003558303042893567,7.291496708855303e-09,8.65568650626388e-06,2.905712350241805e-08,9.814696653464892e-06,3.251640237426327e-11,5.540965746506513e-11,6.045381577870303e-07,1.7266431026465926e-07,1.5408562085361961e-12,1.3817796322913857e-10,1.8907046081975117e-10
1.1460216208482944e-06,0.16628943999999996,0.8585084662769803,0.0,0.0,0.4420870194699658,0.09954200561506925,0.01611214144526481,4.056222847288851e-06,0.001534416320912434,0.01790804389740436,0.009441462100878277,6.270802212121387e-05,8.616243582704104e-12,0.0023564451307285478,6.475020594931555e-11,0.00043824305144944334,2.9853767520487623e-09,1.252156036171466e-05,7.523527141152565e-10,5.1793905398563474e-11,3.5320167352854435e-05,5.505765142665107e-06,0.007138399476962456,0.0023760432929355473,0.0003269536518487595,8.984974590974739e-07,9.445635441749483e-09,4.135035517994021e-08,6.910721623098931e-08,9.156168927424604e-11,6.273599543171293e-07,1.8785282504048347e-05,1.5277808840278333e-07,0.0003574682441284782,7.290340304989002e-09,8.71267922371959e-06,2.9202065408558646e-08,9.806713168594935e-06,3.2734923300333207e-11,5.567442927869341e-11,6.086693438874039e-07,1.7267321929029677e-07,1.5510402425475528e-12,1.3852617197259271e-10,1.8923828287782665e-10
1.1507190617127616e-06,0.16628943999999996,0.8585084662769803,0.0,0.0,0.44209812159420175,0.09949844548014403,0.016089107112615603,4.088366865038113e-06,0.0015443378223420077,0.017989483291485427,0.00948807325716998,6.270855766892898e-05,8.731363531302428e-12,0.0023560022466372317,6.480683333243512e-11,0.0004384881357012217,2.986993996268871e-09,1.25522806289979e-05,7.564913977321092e-10,5.207854605972139e-11,3.528463611253362e-05,5.541780742770022e-06,0.007135451160025369,0.002365528777917341,0.00032759245397192714,8.962458955879498e-07,9.43035904017611e-09,4.133665709382085e-08,6.955238241226233e-08,9.213569172305317e-11,6.311555891833278e-07,1.8862580725716233e-05,1.5350386458993402e-07,0.00035910586680028175,7.289153187693439e-09,8.769675175677588e-06,2.9346969639783958e-08,9.798719290971015e-06,3.29538649360908e-11,5.5938770858876904e-11,6.128013811878517e-07,1.7267954779186729e-07,1.5612254775116219e-12,1.38869522785943e-10,1.8939585666298275e-10
1.1554165025772287e-06,0.16628943999999996,0.8585084662769803,0.0,0.0,0.4421092564025322,0.09945490989245416,0.016066104327105493,4.120520457433959e-06,0.0015542469740563733,0.01807090159966468,0.009534668966461421,6.270816985186566e-05,8.84747040166412e-12,0.0023555494470621358,6.486175556001143e-11,0.0004387328149787492,2.988569132627516e-09,1.2582559929443734e-05,7.606322997419296e-10,5.236295165666897e-11,3.524843184239142e-05,5.577797818988715e-06,0.007132505017717441,0.002354980103211145,0.0003282299907913578,8.939624426178405e-07,9.415066568985516e-09,4.1322778408936e-08,6.999700452334793e-08,9.271528990363264e-11,6.34988065027461e-07,1.8940757308211816e-05,1.5422942043054088e-07,0.00036074317520811653,7.287935862028306e-09,8.826673469752784e-06,2.949183551333942e-08,9.790715132715826e-06,3.3173225480241904e-11,5.6202681488496726e-11,6.169341994111615e-07,1.726833379400799e-07,1.5714117541036926e-12,1.3920802227810441e-10,1.8954319737890828e-10
1.160113943441696e-06,0.16628943999999996,0.8585084662769803,0.0,0.0,0.4421204231059624,0.0994113988711924,0.01604313304467359,4.15268175859652e-06,0.0015641432935367243,0.018152298986650495,0.009581249019130215,6.270687388524771e-05,8.964567549868818e-12,0.002355086897512917,6.491499751491968e-11,0.00043897709126291076,2.9901028241165222e-09,1.2612398937280184e-05,7.647753944714555e-10,5.2647119727757314e-11,3.521155961453773e-05,5.613815816443078e-06,0.007129561037795358,0.002344398046681452,0.00032886627163336503,8.916473965543078e-07,9.399758822540542e-09,4.1308722382655763e-08,7.04410611677411e-08,9.330056546462193e-11,6.388578859551205e-07,1.9019822590996877e-05,1.5495475298612772e-07,0.00036238017230766514,7.2866888244583975e-09,8.883673227734033e-06,2.963666235627425e-08,9.782700804750552e-06,3.339300314492795e-11,5.646616048447905e-11,6.210677293585023e-07,1.72684631263596e-07,1.5815989154554194e-12,1.3954167736504982e-10,1.896803210024328e-10
1.164811384306163e-06,0.16628943999999996,0.8585084662769803,0.0,0.0,0.44213162092162,0.09936791243508683,0.016020193221404386,4.184848906670886e-06,0.0015740263009618228,0.018233675619954738,0.009627813208891858,6.270468475295524e-05,9.082658320737045e-12,0.0023546147607244757,6.496658379523136e-11,0.0004392209665327271,2.991595724012636e-09,1.2641798354239717e-05,7.689206565481763e-10,5.2931047862159594e-11,3.517402449611541e-05,5.6498341890801e-06,0.007126619208108039,0.0023337833798376365,0.0003295013057211906,8.893010531456449e-07,9.384436580005437e-09,4.1294492221466753e-08,7.088453106512788e-08,9.389160137524748e-11,6.427655643786031e-07,1.909978709932255e-05,1.556798593585714e-07,0.00036401686110498977,7.2854125630126036e-09,8.940673585377623e-06,2.978144950526028e-08,9.77467641683504e-06,3.3613196155494016e-11,5.672920719700012e-11,6.252019028937718e-07,1.7268346865776943e-07,1.5917868071187917e-12,1.3987049526527614e-10,1.8980724427396082e-10
1.1695088251706303e-06,0.16628943999999996,0.8585084662769803,0.0,0.0,0.4421428490727044,0.09932445060240225,0.015997284813526445,4.217020043963035e-06,0.0015838955192242659,0.018315031669793126,0.009674361332739297,6.270161721067772e-05,9.201746047885223e-12,0.002354133196707662,6.501653871498736e-11,0.00043946444276509415,2.993048476003716e-09,1.26707589091414e-05,7.730680608957954e-10,5.3214733698944484e-11,3.5135831549190286e-05,5.685852399543047e-06,0.007123679516595634,0.002323136867880907,0.00033013510217617373,8.869237075087288e-07,9.3691006056399e-09,4.128009108186862e-08,7.132739305208767e-08,9.44884819547016e-11,6.467116211991593e-07,1.918066154805242e-05,1.5640473668932163e-07,0.00036565324465461386,7.284107557439677e-09,8.997673692203412e-06,2.992619630641319e-08,9.766642077606038e-06,3.383380275035011e-11,5.699182100870723e-11,6.29336652928142e-07,1.7267989039331756e-07,1.6019752770305621e-12,1.4019448349531773e-10,1.8992398468800825e-10
1.1742062660350974e-06,0.16628943999999996,0.8585084662769803,0.0,0.0,0.4421541067884387,0.09928101339094142,0.015974407777411128,4.249193317073955e-06,0.001593750473946296,0.018396367308987475,0.009720893190883427,6.26976857890418e-05,9.32183405378047e-12,0.0023536423627989753,6.506488630508269e-11,0.00043970752193452827,2.994461714314073e-09,1.2699281357477508e-05,7.77217582729733e-10,5.34981749261649e-11,3.5096985830636854e-05,5.7218699190443685e-06,0.0071207419512885365,0.0023124592697507974,0.0003307676700191596,8.845156541210399e-07,9.353751649087059e-09,4.1265522071253576e-08,7.176962608278292e-08,9.509129290221334e-11,6.506965859920485e-07,1.9262456845581367e-05,1.571293821586353e-07,0.0003672893260576418,7.2827742793609344e-09,9.054672711293688e-06,3.007090211511687e-08,9.7585978946136e-06,3.405482118070021e-11,5.7254001333955e-11,6.334719134048e-07,1.7267393612492186e-07,1.6121641754771653e-12,1.4051364986530872e-10,1.900305604837689e-10
1.1789037068995646e-06,0.16628943999999996,0.8585084662769803,0.0,0.0,0.44216539330402055,0.09923760081804674,0.015951562069571337,4.281366877032011e-06,0.0016035906934951604,0.018477682712869897,0.00976740858669443,6.269290479671318e-05,9.442925649795141e-12,0.0023531424137092816,6.511165031425758e-11,0.00043995020601291895,2.995836063828951e-09,1.2727366481004559e-05,7.81369197552692e-10,5.378136927996237e-11,3.5057492392019085e-05,5.757886227240253e-06,0.0071178065003064325,0.0023017513381712166,0.00033139901817150365,8.82077186806569e-07,9.338390445655489e-09,4.125078824876902e-08,7.2211209229621e-08,9.570012132787432e-11,6.547209971984133e-07,1.9345184097851193e-05,1.5785379298481706e-07,0.00036892510845991334,7.281413192419857e-09,9.111669819094599e-06,3.0215566295850045e-08,9.75054397435573e-06,3.4276249710468785e-11,5.751574761805696e-11,6.376076192838866e-07,1.7266564489975593e-07,1.6223533550600843e-12,1.4082800247459133e-10,1.901269906358165e-10
1.1836011477640318e-06,0.16628943999999996,0.8585084662769803,0.0,0.0,0.4421767078605737,0.09919421290060142,0.015928747646660288,4.3135388794235186e-06,0.0016134157089980241,0.0185589780591886,0.009813907326643967,6.268728832347171e-05,9.565024136261082e-12,0.002352633501571562,6.515685421018908e-11,0.0004401924969692911,2.9971721402181097e-09,1.2755015087338689e-05,7.855228811502536e-10,5.406431454368624e-11,3.5017356279468025e-05,5.793900812106845e-06,0.0071148731518573234,0.0022910138196960764,0.0003320291554566272,8.796085987314555e-07,9.323017716595426e-09,4.1235892626163784e-08,7.26521216839113e-08,9.631505578419764e-11,6.587854023185179e-07,1.942885461247078e-05,1.58577966423473e-07,0.0003705605950501945,7.2800247524287505e-09,9.16866420522028e-06,3.036018822201566e-08,9.742480422311402e-06,3.4498086615937015e-11,5.777705933655171e-11,6.417437065276278e-07,1.7265505516593997e-07,1.6325426706617014e-12,1.4113754970737125e-10,1.9021329484478639e-10
1.188298588628499e-06,0.16628943999999996,0.8585084662769803,0.0,0.0,0.4421880497051004,0.0991508496550312,0.015905964465470247,4.345707484521582e-06,0.0016232250543564517,0.018640253528015856,0.009860389220248188,6.268085024325978e-05,9.68813280252363e-12,0.0023521157759877342,6.520052118067852e-11,0.00044043439676956823,2.9984705500584693e-09,1.2782228009555325e-05,7.896786095865425e-10,5.434700854702799e-11,3.497658253355472e-05,5.829913169818132e-06,0.007111941894236589,0.002280247454754524,0.0003326580906006922,8.771101823856521e-07,9.30763416936931e-09,4.122083816861828e-08,7.309234275648375e-08,9.693618629853814e-11,6.628903581150401e-07,1.951347990294118e-05,1.5930189976676915e-07,0.00037219578905840295,7.2786094075124764e-09,9.225655072259551e-06,3.05047672757724e-08,9.734407342971955e-06,3.472033018581483e-11,5.8037935994483615e-11,6.458801120856609e-07,1.7264220478091955e-07,1.6427319794115868e-12,1.4144230022841772e-10,1.9028949352828314e-10
1.1929960294929661e-06,0.16628943999999996,0.8585084662769803,0.0,0.0,0.442199418090433,0.09910751109730588,0.015883212482931314,4.3778708574132e-06,0.0016330182662604442,0.018721509301657103,0.009906854080011577,6.267360421720282e-05,9.812254926995313e-12,0.002351589384074537,6.524267413492945e-11,0.00044067590737635105,2.9997318909558125e-09,1.2809006105793096e-05,7.938363591999018e-10,5.462944916516983e-11,3.4935176189161524e-05,5.865922804625429e-06,0.007109012715826045,0.002269452977695754,0.0003332858322345665,8.745822295864015e-07,9.292240497916698e-09,4.12056277955591e-08,7.353185187832067e-08,9.756360440615571e-11,6.670364308133813e-07,1.959907169298946e-05,1.6002559034270884e-07,0.000373830693753867,7.27716759824933e-09,9.282641635585218e-06,3.064930284786928e-08,9.726324839870995e-06,3.4942978720660757e-11,5.829837712569775e-11,6.500167738805519e-07,1.7262713101976845e-07,1.6529211406532782e-12,1.417422629788107e-10,1.9035560781161538e-10
1.1976934703574333e-06,0.16628943999999996,0.8585084662769803,0.0,0.0,0.44221081227518705,0.09906419724294079,0.01586049165611024,4.410027168124631e-06,0.00164279488420207,0.01880274556456275,0.00995330172137153,6.266556369660208e-05,9.937393777209216e-12,0.0023510544705085236,6.528333570491171e-11,0.0004409170307486903,3.0009567516655147e-09,1.2835350258861928e-05,7.979961065986707e-10,5.491163431794772e-11,3.489314227534787e-05,5.901929228738523e-06,0.007106085605093022,0.0022586311168334722,0.0003339123888937609,8.720250314489747e-07,9.276837382913844e-09,4.1190264381457964e-08,7.397062860112287e-08,9.819740318433942e-11,6.712241963190456e-07,1.9685641921006586e-05,1.6074903551440427e-07,0.0003754653124436194,7.275699757809148e-09,9.339623123165933e-06,3.0793794337481595e-08,9.718233015612885e-06,3.51660305332952e-11,5.855838229214839e-11,6.541536307935045e-07,1.7260987058341352e-07,1.6631100159114619e-12,1.4203744717172966e-10,1.904116595190032e-10
1.2019211671354536e-06,0.16628943999999996,0.8585084662769803,0.0,0.0,0.4422210884918388,0.09902523590784376,0.015840069514734854,4.438960301205563e-06,0.0016515792741703518,0.01887584167360615,0.009995089726639827,6.265765888598536e-05,1.0050890734802311e-11,0.002350565879929618,6.531867446740038e-11,0.00044113371231447446,3.0020284153127226e-09,1.2858689724431414e-05,8.01741568245076e-10,5.516538084863899e-11,3.485477933278082e-05,5.934331868458688e-06,0.007103452963834016,0.0022488686260279077,0.0003344752837136519,8.696987884184122e-07,9.262967057267968e-09,4.117630879882095e-08,7.436488464772257e-08,9.877335575648559e-11,6.750293165729476e-07,1.976440173436221e-05,1.613999241966471e-07,0.0003769362274918344,7.274356796908505e-09,9.390901494146227e-06,3.0923798497690025e-08,9.710942488266376e-06,3.5367120581733585e-11,5.879201385214676e-11,6.578769190877776e-07,1.725924964604789e-07,1.6722796464102028e-12,1.4229903510938637e-10,1.904535211467636e-10
1.2061488639134739e-06,0.16628943999999996,0.8585084662769803,0.0,0.0,0.44223138447772525,0.09898629460534313,0.015819672543716357,4.467884908902937e-06,0.0016603495205619518,0.01894892226733233,0.010036863507310869,6.264913077927e-05,1.0165216244993336e-11,0.0023500706041808318,6.535283942831365e-11,0.0004413500832268641,3.003071416808033e-09,1.2881679108309354e-05,8.054886126847912e-10,5.541891734773916e-11,3.4815915785400344e-05,5.966731174130235e-06,0.007100821979832131,0.002239085061951202,0.00033503723163446627,8.673493031483478e-07,9.249090101203834e-09,4.11622335792462e-08,7.475851625071748e-08,9.935462343900198e-11,6.788691164024371e-07,1.9843972945069745e-05,1.620506101191699e-07,0.00037840691604382377,7.2729934013514654e-09,9.442174593033665e-06,3.105376604465293e-08,9.703644566705745e-06,3.556853471406968e-11,5.902529166697734e-11,6.616002734525375e-07,1.725734063627598e-07,1.6814488368958845e-12,1.4255676718638558e-10,1.904872672000998e-10
1.2099537910136921e-06,0.16628943999999996,0.8585084662769803,0.0,0.0,0.44224066733071904,0.09895126456954205,0.015801336764815682,4.4939086728469715e-06,0.001668230376907436,0.019014681650598664,0.010074447641502659,6.264093032181509e-05,1.026881956702265e-11,0.0023496192233411965,6.538259746149932e-11,0.0004415445526130128,3.0039859520584448e-09,1.290207080664355e-05,8.088622923212714e-10,5.5646919440012596e-11,3.478051359538361e-05,5.995887417901483e-06,0.007098455504379347,0.0022302622653178924,0.00033554218015006406,8.652150684928007e-07,9.236595560077764e-09,4.1149465249898204e-08,7.511223868118946e-08,9.988236759527176e-11,6.823549514719843e-07,1.9916288353256773e-05,1.6263605255862654e-07,0.00037973034413775264,7.271749122524308e-09,9.488315430091424e-06,3.117070518442386e-08,9.69707017557145e-06,3.57500835279164e-11,5.923493902997881e-11,6.649513136336726e-07,1.7255477927748944e-07,1.6897006522997757e-12,1.4278543529606571e-10,1.9051071414285992e-10
1.2137587181139104e-06,0.16628943999999996,0.8585084662769803,0.0,0.0,0.44224996538571115,0.09891625077590845,0.01578302132622448,4.519923497076899e-06,0.0016760992706074222,0.019080428680542612,0.010112020056968355,6.263223934441979e-05,1.0373097643376138e-11,0.0023491625812793377,6.541142910855319e-11,0.00044173877255329315,3.0048779001904722e-09,1.2922180016147292e-05,8.122372287275193e-10,5.587474922925242e-11,3.4744711535446534e-05,6.025040441917447e-06,0.007096090358670433,0.002221423194804415,0.0003360463709181305,8.630623316620325e-07,9.224096365613258e-09,4.113660308182894e-08,7.54654328150828e-08,1.0041452731259132e-10,6.8586956008821e-07,1.9989275205759824e-05,1.6322132792673173e-07,0.00038105359260449907,7.270488751659802e-09,9.534451175047733e-06,3.128761402283945e-08,9.690489907056846e-06,3.5931892998394584e-11,5.944429946513093e-11,6.683023421446933e-07,1.725348013997415e-07,1.6979519636307127e-12,1.4301099145431072e-10,1.9052761443190702e-10
1.2175636452141286e-06,0.16628943999999996,0.8585084662769803,0.0,0.0,0.4422592782622639,0.09888125323160851,0.015764726205446278,4.545928421723754e-06,0.0016839559637364505,0.019146163459772672,0.010149580662306595,6.262306451151785e-05,1.0478052184797437e-11,0.0023487007493115317,6.543934574191542e-11,0.00044193274407895825,3.005747553638196e-09,1.2942007262653719e-05,8.156134100925035e-10,5.6102405711796424e-11,3.470851226336049e-05,6.054190005281328e-06,0.0070937265367756585,0.0022125682232726996,0.00033654980825535143,8.608912456563617e-07,9.211592849361035e-09,4.112364849984303e-08,7.581808807871795e-08,1.0095115599197912e-10,6.894132729899552e-07,2.006294039319233e-05,1.638064349017784e-07,0.00038237666328122603,7.269212502058284e-09,9.580581446632132e-06,3.140449225976953e-08,9.68390381362952e-06,3.611396225614515e-11,5.965337280273254e-11,6.716533287132199e-07,1.7251349090935131e-07,1.7062027023209958e-12,1.432334411831355e-10,1.9053798128371815e-10
1.2213685723143468e-06,0.16628943999999996,0.8585084662769803,0.0,0.0,0.44226860558231895,0.0988462719436167,0.015746451380040712,4.571922489324668e-06,0.001691800219603943,0.019211886091625736,0.01018712936725478,6.261341240398705e-05,1.0583684897468999e-11,0.0023482337978022122,6.546635861842792e-11,0.00044212646821926,3.0065952012998792e-09,1.296155308173212e-05,8.189908247118321e-10,5.6329887901353756e-11,3.467191843406386e-05,6.08333587025674e-06,0.007091364032800016,0.0022036977210877317,0.0003370524964402254,8.587019631574948e-07,9.199085337730973e-09,4.111060291114991e-08,7.617019395165299e-08,1.0149230778562534e-10,6.929864256146267e-07,2.013729090982326e-05,1.643913721755273e-07,0.00038369955801758173,7.267920584133353e-09,9.626705868576127e-06,3.1521339598346e-08,9.677311947413968e-06,3.629629043658058e-11,5.986215888363408e-11,6.750042434475925e-07,1.7249086575759283e-07,1.7144528006686613e-12,1.4345279011218585e-10,1.9054182819483225e-10
1.225173499414565e-06,0.16628943999999996,0.8585084662769803,0.0,0.0,0.4422779469701819,0.09881130691871652,0.01572819682762309,4.597904744862981e-06,0.001699631802758117,0.019277596680139484,0.010224666082671311,6.260328952012953e-05,1.0689997483029853e-11,0.002347761796177855,6.549247887996168e-11,0.000442319946001398,3.007421128577733e-09,1.2980818018559975e-05,8.223694609863061e-10,5.655719482874188e-11,3.463493269961345e-05,6.1124778022296485e-06,0.007089002840882907,0.0021948120561323036,0.00033755443971351484,8.564946365365339e-07,9.186574152070518e-09,4.109746770561148e-08,7.652173996686296e-08,1.0203803760853733e-10,6.965893581773915e-07,2.021233385540458e-05,1.6497613845300352e-07,0.00038502227867517034,7.2666132054544635e-09,9.672824069552981e-06,3.163815574491085e-08,9.67071436019891e-06,3.64788766793542e-11,6.007065755905288e-11,6.783550568322899e-07,1.7246694366987133e-07,1.722702191827018e-12,1.4366904397736322e-10,1.9053916893921556e-10
1.2289784265147833e-06,0.16628943999999996,0.8585084662769803,0.0,0.0,0.4422873020525051,0.098776358163501,0.015709962525864023,4.6238742358077185e-06,0.001707450478989706,0.019343295330025625,0.010262190720518032,6.259270227664083e-05,1.0796991638593318e-11,0.0023472848129405663,6.551771755406526e-11,0.0004425131784504494,3.008225617417319e-09,1.2999802627796396e-05,8.257493074204714e-10,5.678432554162851e-11,3.4597557709132464e-05,6.141615569670908e-06,0.007086642955197846,0.0021859115938217327,0.00033805564227843945,8.542694178371755e-07,9.174059608739058e-09,4.108424425598319e-08,7.687271571087763e-08,1.0258840115124594e-10,7.002224157652535e-07,2.028807643704942e-05,1.6556073245231074e-07,0.0003863448271270377,7.265290570788655e-09,9.71893568311841e-06,3.1754940408964034e-08,9.664111103444246e-06,3.666172012891899e-11,6.02788686904334e-11,6.817057397234169e-07,1.7244174214838518e-07,1.7309508097942842e-12,1.438822086194633e-10,1.9053001756541558e-10
1.2327833536150016e-06,0.16628943999999996,0.8585084662769803,0.0,0.0,0.44229667045827215,0.09874142568437344,0.01569174845248902,4.649830012152785e-06,0.0017152560153355961,0.0194089821466432,0.010299703193842795,6.258165700957321e-05,1.0904669056764738e-11,0.0023468029156815374,6.554208555462267e-11,0.0004427061665893185,3.0090089463469047e-09,1.3018507473456321e-05,8.291303526212972e-10,5.7011279104275565e-11,3.455979610876126e-05,6.170748944099082e-06,0.007084284369952159,0.00217699669711853,0.0003385561083012093,8.520264587683348e-07,9.16154201919023e-09,4.107093391815749e-08,7.722311082396255e-08,1.031434549005322e-10,7.038859484330693e-07,2.0364525971122928e-05,1.6614515290431326e-07,0.00038766720525715834,7.26395288214166e-09,9.765040347651734e-06,3.187169330311141e-08,9.657502228287814e-06,3.684481993471691e-11,6.048679214912813e-11,6.850562633442234e-07,1.7241527847477086e-07,1.7391985894033445e-12,1.4409228998282233e-10,1.9051438839283978e-10
1.2365882807152198e-06,0.16628943999999996,0.8585084662769803,0.0,0.0,0.4423060518187819,0.09870650948754811,0.01567355458527811,4.675771126455621e-06,0.0017230481800823635,0.019474657235972526,0.010337203416762312,6.257015997528838e-05,1.1013031425658897e-11,0.00234631617109423,6.556559368252936e-11,0.000442898911438664,3.0097713905161357e-09,1.303693312878599e-05,8.325125852969034e-10,5.723805459728758e-11,3.4521650541604334e-05,6.199877700043785e-06,0.007081927079386691,0.0021680677265468714,0.0003390558419111977,8.497659107280625e-07,9.14902169004904e-09,4.105753803140234e-08,7.75729150003015e-08,1.0370325615121112e-10,7.075803112784493e-07,2.0441689885167452e-05,1.6672939855241511e-07,0.0003889894149599357,7.2626003387983005e-09,9.811137706297816e-06,3.198841414301533e-08,9.65088778555184e-06,3.702817524983578e-11,6.06944278161676e-11,6.884065992806878e-07,1.7238756971271914e-07,1.7474454663117105e-12,1.442992941139803e-10,1.9049229600960588e-10
1.2400127151054163e-06,0.16628943999999996,0.8585084662769803,0.0,0.0,0.44231450581666687,0.09867509883675789,0.015657197362737435,4.699104812316864e-06,0.001730049505135881,0.019533754877610367,0.010370943073158613,6.255943149087485e-05,1.1111144582153405e-11,0.002345874010909014,6.558602464295877e-11,0.0004430721746322573,3.0104399585172887e-09,1.305327799197948e-05,8.355576007434312e-10,5.744199954455252e-11,3.4486993421601316e-05,6.226089447637012e-06,0.007079806620096185,0.0021600199158946305,0.0003395049793308944,8.477165037887336e-07,9.137751301054247e-09,4.1045409682672334e-08,7.788722503385081e-08,1.0421118439849472e-10,7.109318952690602e-07,2.0511754432721265e-05,1.6725506914984284e-07,0.00039017926126079137,7.2613705115719866e-09,9.852618791399747e-06,3.209343525996881e-08,9.64493006856416e-06,3.719341279740652e-11,6.088105376415163e-11,6.914217179580402e-07,1.723615812058247e-07,1.7548668311976345e-12,1.4448297187726318e-10,1.90466899091388e-10
1.2434371494956127e-06,0.16628943999999996,0.8585084662769803,0.0,0.0,0.4423229697455523,0.0986437013837785,0.015640856473113023,4.722425169606835e-06,0.0017370396453697504,0.019592843184553184,0.010404672676874888,6.254834652944702e-05,1.1209815136828085e-11,0.0023454280250744647,6.560577548040363e-11,0.00044324524232700155,3.011092025931715e-09,1.3069397613359814e-05,8.386035608864808e-10,5.764579887601268e-11,3.445202934936023e-05,6.2522971138366105e-06,0.007077687200706824,0.0021519612548871253,0.0003399535297709096,8.456530820378012e-07,9.126479154365143e-09,4.103321406420573e-08,7.820104066793589e-08,1.0472304812295377e-10,7.143090096786202e-07,2.058240931145971e-05,1.6778059624959896e-07,0.0003913689740727071,7.260128952818198e-09,9.894093419942347e-06,3.2198429982025484e-08,9.638967919369903e-06,3.7358856014540936e-11,6.106744643909497e-11,6.944366416741897e-07,1.7233460996217471e-07,1.762287367673808e-12,1.4466416661104647e-10,1.904362900114461e-10
1.2468615838858092e-06,0.16628943999999996,0.8585084662769803,0.0,0.0,0.44233144334140073,0.09861231713274989,0.015624531900318291,4.74573151311727e-06,0.00174401843447481,0.01965192223524971,0.010438392167455266,6.253690949006723e-05,1.130904431105755e-11,0.002344978260396276,6.562485383673267e-11,0.00044341811526208265,3.0117277864767935e-09,1.3085292429513284e-05,8.416504576988552e-10,5.7849451954400305e-11,3.441676024519553e-05,6.278500540387045e-06,0.007075568817088644,0.00214389200133804,0.0003404014961666124,8.435757551502196e-07,9.115205463771342e-09,4.1020952118711494e-08,7.851435450221983e-08,1.0523889084017532e-10,7.177119242521745e-07,2.0653660175082177e-05,1.68305978960759e-07,0.00039255855479641453,7.25887580231971e-09,9.935561341452192e-06,3.230339810805208e-08,9.633001374386976e-06,3.7524504293006727e-11,6.125360577359706e-11,6.974513504516361e-07,1.7230666797866374e-07,1.769707030508218e-12,1.4484288293033023e-10,1.9040047995032538e-10
1.249943574836986e-06,0.16628943999999996,0.8585084662769803,0.0,0.0,0.44233907762588226,0.09858408259781508,0.015609853722424903,4.76669467560119e-06,0.001750289502667042,0.01970508553190194,0.010468731012811053,6.252631872353552e-05,1.1398829194709697e-11,0.0023445702795103353,6.564145564374857e-11,0.0004435735349937834,3.0122861869911242e-09,1.3099405921057356e-05,8.443934590984699e-10,5.8032614160022253e-11,3.4384758834585264e-05,6.302079870104622e-06,0.007073663154020359,0.0021366208283434434,0.0003408041689721762,8.416943625369843e-07,9.105057996472023e-09,4.100986042895628e-08,7.879590182658267e-08,1.0570658772751325e-10,7.207968323034907e-07,2.0718300255082117e-05,1.6877869921860668e-07,0.00039362906567458285,7.257738170099619e-09,9.972876531688307e-06,3.239784651715118e-08,9.627627755447364e-06,3.767376257029289e-11,6.142094961793194e-11,7.001643882505041e-07,1.7228070001625213e-07,1.7763839431274913e-12,1.4500161243899552e-10,1.9036381343469473e-10
1.2530255657881629e-06,0.16628943999999996,0.8585084662769803,0.0,0.0,0.4423467193375246,0.0985558587625605,0.01559518873648342,4.787645436342023e-06,0.0017565511223337476,0.019758241452483026,0.010499061574941652,6.251544943352388e-05,1.1489068433461311e-11,0.002344159308563259,6.565752434159408e-11,0.0004437287981041714,3.012831672378535e-09,1.3113338004990834e-05,8.471372069853769e-10,5.821565694224974e-11,3.435251329875944e-05,6.325655526323351e-06,0.007071758323617769,0.0021293414687009993,0.00034120637316788736,8.398018750649491e-07,9.09490960100268e-09,4.0998716442250444e-08,7.907703138318405e-08,1.0617757580569003e-10,7.239030615361296e-07,2.0783431957873974e-05,1.6925130116786477e-07,0.00039469947172935364,7.256591359961745e-09,1.0010185910352989e-05,3.249227307807832e-08,9.622250631541295e-06,3.782318601740762e-11,6.158810436632427e-11,7.028772217062596e-07,1.7225396391563695e-07,1.7830600796271073e-12,1.4515834167542206e-10,1.9032295170660927e-10
1.2561075567393397e-06,0.16628943999999996,0.8585084662769803,0.0,0.0,0.4423543682868988,0.09852764562975062,0.015580536930838662,4.808583299553266e-06,0.0017628031739595662,0.01981139005487132,0.010529383811126045,6.250430472417505e-05,1.1579762911681095e-11,0.002343745380532281,6.567306535164864e-11,0.00044388390512871157,3.013364379492548e-09,1.3127089011402027e-05,8.498816956370039e-10,5.839857985726282e-11,3.4320025033167146e-05,6.349227397555559e-06,0.007069854322913974,0.0021220541071236263,0.00034160811084568265,8.378983722262752e-07,9.084760427085622e-09,4.098752082459804e-08,7.935773785157155e-08,1.0665188800046045e-10,7.270308160939873e-07,2.084905956958601e-05,1.697237841747566e-07,0.00039576977399304633,7.255435470342644e-09,1.0047489300992926e-05,3.2586677648060916e-08,9.61687002882367e-06,3.7972774196602205e-11,6.1755069981656e-11,7.055898367227662e-07,1.7222646814153947e-07,1.7897354080953026e-12,1.4531307413501272e-10,1.9027790326476082e-10
1.258881348595399e-06,0.16628943999999996,0.8585084662769803,0.0,0.0,0.4423612583738011,0.09850226296303274,0.015567361565297172,4.827415940258415e-06,0.0017684217414088515,0.019859217587963846,0.010556666670033401,6.249404154217544e-05,1.1661777901234433e-11,0.0023433703439692424,6.568660553078233e-11,0.00044402336843906614,3.0138330024910766e-09,1.313931037164646e-05,8.523523640797437e-10,5.856310763263293e-11,3.4290579212357945e-05,6.370438754323929e-06,0.007068141429231871,0.002115488791900332,0.0003419692775998364,8.361758671222448e-07,9.075625627199466e-09,4.097740116940695e-08,7.96100075542766e-08,1.0708163860330657e-10,7.298643700318421e-07,2.0908552007914293e-05,1.7014891666547827e-07,0.00039673295814478845,7.254387487226909e-09,1.0081057088500353e-05,3.267162284173981e-08,9.612024533513769e-06,3.8107544043203717e-11,6.190517729925521e-11,7.080309919381489e-07,1.7220107935005216e-07,1.7957424867395623e-12,1.4545062902601095e-10,1.9023378713887953e-10
1.2616551404514582e-06,0.16628943999999996,0.8585084662769803,0.0,0.0,0.442368154033845,0.09847688896937333,0.015554196857908447,4.84623737362947e-06,0.0017740323760242693,0.019907039282833893,0.01058394272009335,6.24835599774458e-05,1.1744162991618037e-11,0.002342992962140819,6.569972652289814e-11,0.00044416270614149126,3.0142914827142533e-09,1.3151385575164578e-05,8.548236238230055e-10,5.87275376466278e-11,3.426093892481545e-05,6.391646876329271e-06,0.007066429203069919,0.002108917277143716,0.0003423300696609376,8.344445615851708e-07,9.066490423005614e-09,4.096724070362384e-08,7.98619264196178e-08,1.0751413326034096e-10,7.327156790963605e-07,2.0968452848219555e-05,1.7057395184835748e-07,0.0003976960598214885,7.253332298865911e-09,1.01146197583493e-05,3.2756550005638945e-08,9.60717626035252e-06,3.8242446653051344e-11,6.205513137043656e-11,7.104719488436809e-07,1.721750880579297e-07,1.801748862493059e-12,1.4558657199667778e-10,1.9018629309386576e-10
1.2644289323075175e-06,0.16628943999999996,0.8585084662769803,0.0,0.0,0.4423750551309057,0.09845152365062296,0.01554104280022226,4.865047240763977e-06,0.0017796349918166201,0.019954855182075258,0.010611211931013389,6.24728622274386e-05,1.1826918823627687e-11,0.0023426132583628883,6.57124321836913e-11,0.00044430191862400144,3.0147399171437118e-09,1.3163314870086121e-05,8.572954707769708e-10,5.88918695888098e-11,3.423110518478485e-05,6.412851684768626e-06,0.007064717642293386,0.0021023396954190383,0.00034269048852324214,8.327045132607321e-07,9.057354919770219e-09,4.0957039899293454e-08,8.011349061803676e-08,1.0794939678822441e-10,7.355848972515424e-07,2.1028765327925575e-05,1.7099888927131066e-07,0.0003986590797820523,7.252269974826618e-09,1.0148177185817119e-05,3.28414590381013e-08,9.602325228159567e-06,3.8377481710567566e-11,6.220493217579965e-11,7.12912697460998e-07,1.7214850025696584e-07,1.8077545127686245e-12,1.4572090567838213e-10,1.9013542754794016e-10
1.2669253449779708e-06,0.16628943999999996,0.8585084662769803,0.0,0.0,0.4423812706548979,0.0984287022822826,0.015529213246827944,4.881965936074731e-06,0.0017846704191563422,0.01999788457142778,0.01063574834855115,6.246305121385747e-05,1.1901716585155251e-11,0.002342269558786104,6.572351533256523e-11,0.00044442710311531485,3.0151349984357147e-09,1.3173926690612139e-05,8.595206317408833e-10,5.903968423205489e-11,3.420409025436325e-05,6.431933114751994e-06,0.007063177804741749,0.0020964147936471857,0.0003430145476416262,8.311310422496598e-07,9.049132797216878e-09,4.0947825072728946e-08,8.033959200379987e-08,1.083435220750895e-10,7.381826344631984e-07,2.1083401216586557e-05,1.71381248996014e-07,0.00039952572850796247,7.251307839137423e-09,1.0178374286196352e-05,3.291786158151996e-08,9.597956955706919e-06,3.8499126245221223e-11,6.233962184416478e-11,7.151091849574216e-07,1.7212406612854015e-07,1.8131589592337089e-12,1.45840432245427e-10,1.900867712835921e-10
1.2694217576484242e-06,0.16628943999999996,0.8585084662769803,0.0,0.0,0.4423874903747395,0.09840588794335182,0.01551739230671993,4.898874712190874e-06,0.0017896992197119425,0.020040909332128633,0.010660279180344423,6.245306842716932e-05,1.1976815630863602e-11,0.0023419240138183015,6.573426793021108e-11,0.0004445521867739596,3.0155220899777848e-09,1.3184420712172022e-05,8.617462621072713e-10,5.918741896830665e-11,3.417692018616642e-05,6.451011741164692e-06,0.007061638502886361,0.002090485180199751,0.00034333830674742515,8.295505780775212e-07,9.040910591801323e-09,4.0938578289212774e-08,8.056540025019558e-08,1.087399289380219e-10,7.407951187165271e-07,2.1138375597139684e-05,1.7176352884607994e-07,0.0004003923122157255,7.250340029114055e-09,1.0208566950982228e-05,3.29942492836715e-08,9.59358647723382e-06,3.8620877579405226e-11,6.247418734242001e-11,7.173054885879171e-07,1.7209915792654523e-07,1.818562783764049e-12,1.459586593950376e-10,1.900353941338173e-10
1.2719181703188775e-06,0.16628943999999996,0.8585084662769803,0.0,0.0,0.4423937141924665,0.09838308063507246,0.01550557997376799,4.915773309174686e-06,0.0017947213315470687,0.020083929495462106,0.010684804404847925,6.244291542749423e-05,1.2052216425349193e-11,0.0023415766399962224,6.57446927251118e-11,0.0004446771698812021,3.0159012606889584e-09,1.3194797120421124e-05,8.639723589467612e-10,5.933507357956681e-11,3.4149595717521205e-05,6.470087508138298e-06,0.007060099735189099,0.0020845509503633185,0.00034366176691016617,8.27963162564417e-07,9.032688377804518e-09,4.0929299884300684e-08,8.07909125978392e-08,1.0913863603148231e-10,7.434224657701751e-07,2.1193690906706143e-05,1.7214572849812655e-07,0.00040125883146218305,7.249366594077092e-09,1.0238755091750901e-05,3.307062207197767e-08,9.589213806303475e-06,3.874273548533971e-11,6.260862866112493e-11,7.195016012684397e-07,1.7207377990466687e-07,1.823965970325711e-12,1.460755890984784e-10,1.8998130091985304e-10
1.2744145829893309e-06,0.16628943999999996,0.8585084662769803,0.0,0.0,0.4423999420105122,0.09836028035865269,0.015493776241851286,4.932661467634705e-06,0.0017997366929627875,0.020126945092780565,0.01070932400068225,6.243259376196534e-05,1.21279194324093e-11,0.0023412274537140416,6.575479244626863e-11,0.00044480205271779297,3.0162725789350028e-09,1.320505610249168e-05,8.661989193461147e-10,5.948264785040562e-11,3.412211758509188e-05,6.489160360294695e-06,0.00705856150011749,0.0020786121990006147,0.0003439849291932121,8.263688374639699e-07,9.024466228747633e-09,4.091999019089546e-08,8.101612629759733e-08,1.0953966219347825e-10,7.460647925241931e-07,2.12493496073501e-05,1.7252784763066518e-07,0.0004021252868052042,7.248387582915747e-09,1.0268938620854577e-05,3.3146979874331346e-08,9.584838956430814e-06,3.886469973603036e-11,6.274294579227153e-11,7.216975159740018e-07,1.7204793628109004e-07,1.829368503018932e-12,1.4619122334343624e-10,1.8992449650716313e-10
1.2769109956597842e-06,0.16628943999999996,0.8585084662769803,0.0,0.0,0.4424061737317053,0.09833748711526707,0.015481981104858307,4.9495389287298285e-06,0.0018047452424978794,0.02016995615550176,0.010733837946631995,6.242210496483246e-05,1.2203925115043975e-11,0.0023408764712247033,6.576456980329706e-11,0.00044492683556396204,3.0166361125326888e-09,1.3215197846979056e-05,8.684259404080673e-10,5.963014156793541e-11,3.409448652487402e-05,6.508230242742211e-06,0.007057023796144663,0.0020726690205521924,0.0003443077946537922,8.24767644464352e-07,9.016244217399765e-09,4.091064953927193e-08,8.124103861060204e-08,1.0994302644736966e-10,7.487222170333867e-07,2.1305354186382077e-05,1.72909885924078e-07,0.00040299167880363467,7.247403044091956e-09,1.0299117451415292e-05,3.322332261909109e-08,9.58046194108303e-06,3.898677010519833e-11,6.287713872926627e-11,7.238932257382028e-07,1.7202163123878382e-07,1.834770366077056e-12,1.4630556413387299e-10,1.8986498580509161e-10
1.2794074083302376e-06,0.16628943999999996,0.8585084662769803,0.0,0.0,0.44241240925926795,0.09831470090605676,0.015470194556686847,4.966405434173377e-06,0.0018097469189291295,0.020212962715106204,0.01075834622164385,6.241145055756548e-05,1.2280233935457964e-11,0.002340523708641254,6.577402748652295e-11,0.00044505151869941265,3.0169919287540795e-09,1.322522254392808e-05,8.706534192511649e-10,5.977755452178462e-11,3.406670327218847e-05,6.5272971010717095e-06,0.00705548662174933,0.0020667215090381173,0.00034463036434303747,8.231596251913876e-07,9.008022415784792e-09,4.090127825710014e-08,8.146564680825818e-08,1.1034874800193978e-10,7.513948585195038e-07,2.1361707156668774e-05,1.7329184306060457e-07,0.0004038580080172465,7.2464130256444495e-09,1.0329291497318825e-05,3.3299650235075685e-08,9.576082773680022e-06,3.9108946367123274e-11,6.301120746692792e-11,7.260887236527607e-07,1.719948689257844e-07,1.8401715438654645e-12,1.464186134898779e-10,1.8980277376674628e-10
1.281903821000691e-06,0.16628943999999996,0.8585084662769803,0.0,0.0,0.4424186484968137,0.09829192173212944,0.015458416591243945,4.9832607262371525e-06,0.0018147416612716099,0.020255964803134588,0.010782848804824744,6.240063204895678e-05,1.2356846355062607e-11,0.0023401691819381564,6.578316816707926e-11,0.00044517610240331676,3.0173400943307004e-09,1.3235130384819489e-05,8.728813530096145e-10,5.992488650407194e-11,3.403876856167544e-05,6.546360881352752e-06,0.00705394997541574,0.00206076975805966,0.0003449526393060223,8.215448212036217e-07,8.999800895189333e-09,4.0891876669469245e-08,8.168994817226139e-08,1.1075684625655742e-10,7.540828373890807e-07,2.141841105694104e-05,1.7367371872430077e-07,0.00040472427500668775,7.2454175751927794e-09,1.0359460673208629e-05,3.337596265155833e-08,9.571701467594916e-06,3.9231228296858495e-11,6.31451520014457e-11,7.282840028670495e-07,1.719676534554766e-07,1.845572020880514e-12,1.4653037344752122e-10,1.8973786538851992e-10
1.2844002336711443e-06,0.16628943999999996,0.8585084662769803,0.0,0.0,0.44242489134834534,0.09826914959455953,0.015446647202445856,5.000104547755442e-06,0.0018197294087789553,0.020298962451185214,0.010807345675439986,6.23896509352232e-05,1.2433762834477748e-11,0.002339812906952589,6.579199449700306e-11,0.00044530058695431,3.017680675457713e-09,1.3244921562556375e-05,8.751097388331377e-10,6.007213730938051e-11,3.401068312728832e-05,6.565421530129819e-06,0.0070524138556336555,0.0020548138608009726,0.0003452746205817992,8.199232739926629e-07,8.991579726170463e-09,4.088244509891241e-08,8.191393999461371e-08,1.1116734080366775e-10,7.567862752478682e-07,2.1475468452109135e-05,1.7405551260101353e-07,0.0004055904803334329,7.244416739941282e-09,1.038962489447973e-05,3.345225979826123e-08,9.567318036154497e-06,3.935361567019181e-11,6.327897233035694e-11,7.304790565876374e-07,1.719399889068731e-07,1.850971781748492e-12,1.466408460587086e-10,1.8967026570968027e-10
1.2868966463415976e-06,0.16628943999999996,0.8585084662769803,0.0,0.0,0.4424311377182535,0.09824638449438816,0.015434886384218003,5.016936642128997e-06,0.0018247101009436332,0.020341955690911427,0.010831836812911392,6.237850870010723e-05,1.2510983833533632e-11,0.0023394548993857407,6.580050910933292e-11,0.00044542497263048655,3.0180137377981512e-09,1.3254596271450755e-05,8.773385738868085e-10,6.021930673473254e-11,3.398244770228797e-05,6.584478994418478e-06,0.007050878260898307,0.0020488539100307736,0.0003455963092034303,8.1829502498822e-07,8.983358978562076e-09,4.08729838654289e-08,8.213761957762686e-08,1.1158025142770327e-10,7.595052949123371e-07,2.15328819335868e-05,1.7443722437837357e-07,0.00040645662455973414,7.24341056668302e-09,1.0419784077272792e-05,3.3528541605350325e-08,9.56293249263969e-06,3.947610826339996e-11,6.341266845255524e-11,7.326738780778299e-07,1.7191187932489208e-07,1.8563708112245777e-12,1.4675003339103632e-10,1.8959997981233245e-10
1.289393059012051e-06,0.16628943999999996,0.8585084662769803,0.0,0.0,0.44243738751131395,0.09822362643262346,0.01542313413049493,5.0337567533289886e-06,0.0018296836774972058,0.020384944554019107,0.010856322196815446,6.236720681497748e-05,1.2588509811272757e-11,0.002339095174804079,6.580871461820697e-11,0.0004455492597093943,3.0183393464870164e-09,1.3264154707210218e-05,8.795678553509e-10,6.036639457956403e-11,3.39540630192367e-05,6.603533221701645e-06,0.007049343189710369,0.0020428899981040243,0.00034591770619802524,8.166601155521306e-07,8.97513872148261e-09,4.086349328650718e-08,8.236098423394003e-08,1.1199559811089972e-10,7.622400204288891e-07,2.15906541196127e-05,1.7481885374575205e-07,0.0004073227082485731,7.242399101803713e-09,1.0449938138468181e-05,3.360480800342947e-08,9.558544850285986e-06,3.959870585351419e-11,6.354624036824513e-11,7.348684606572168e-07,1.7188332872063314e-07,1.8617690941917986e-12,1.4685793752764664e-10,1.8952701282095667e-10
1.2918894716825043e-06,0.16628943999999996,0.8585084662769803,0.0,0.0,0.4424436406326864,0.09820087541024042,0.015411390435220286,5.050564625900923e-06,0.0018346500784105857,0.020427929072264154,0.010880801806881463,6.235574673892854e-05,1.2666341225951757e-11,0.0023387337486406225,6.581661361896099e-11,0.00044567344846802986,3.0186575661353494e-09,1.3273597066924632e-05,8.817975804207365e-10,6.051340064569983e-11,3.3925529809992364e-05,6.622584159925888e-06,0.007047808640575926,0.0020369222169636042,0.00034623881258677815,8.150185869775228e-07,8.966919023342833e-09,4.085397367714987e-08,8.258403128653788e-08,1.12413401036859e-10,7.649905770897417e-07,2.164878765557937e-05,1.75200400394231e-07,0.000408188731963612,7.241382391285557e-09,1.0480086995680018e-05,3.3681058923535104e-08,9.554155122283886e-06,3.972140821833403e-11,6.367968807891304e-11,7.370627977012219e-07,1.7185434107165088e-07,1.8671666156600166e-12,1.4696456056708532e-10,1.8945136990191238e-10
1.2943858843529577e-06,0.16628943999999996,0.8585084662769803,0.0,0.0,0.44244989698791176,0.09817813142818119,0.01539965529234675,5.067360004968523e-06,0.0018396092438942861,0.020470909277450076,0.010905275622989765,6.234412991888007e-05,1.2744478535043241e-11,0.0023383706361961836,6.582420868822715e-11,0.00044579753918283385,3.0189684608343876e-09,1.3282923549052922e-05,8.840277463065417e-10,6.066032473732867e-11,3.3896848805702586e-05,6.641631757497702e-06,0.007046274612006428,0.002030950658141985,0.000346559629384999,8.133704804964011e-07,8.958699951851689e-09,4.084442534989465e-08,8.280675806874902e-08,1.128336805878869e-10,7.677570914434247e-07,2.1707285214373265e-05,1.7558186401660433e-07,0.0004090546962691464,7.240360480711059e-09,1.0510230567250369e-05,3.3757294297131115e-08,9.549763321779314e-06,3.984421513606522e-11,6.38130115873483e-11,7.392568826406574e-07,1.7182492032222644e-07,1.8725633607649093e-12,1.4706990462315872e-10,1.8937305626348566e-10
1.296882297023411e-06,0.16628943999999996,0.8585084662769803,0.0,0.0,0.4424561564829109,0.09815539448735497,0.015387928695836007,5.084142636237586e-06,0.0018445611143986622,0.020513885201425486,0.01092974362516984,6.233235778967535e-05,1.282292219523763e-11,0.00233800585264061,6.583150238403284e-11,0.00044592153212968683,3.019272094159617e-09,1.329213435340994e-05,8.862583502332807e-10,6.080716666097873e-11,3.386802073679896e-05,6.660675963279826e-06,0.007044741102518676,0.0020249754127628964,0.0003468801576021478,8.117158372726726e-07,8.95048157402366e-09,4.083484861483636e-08,8.302916192426232e-08,1.132564573513739e-10,7.70539691315362e-07,2.1766149496710185e-05,1.7596324430733173e-07,0.000409920601730059,7.2393334152668365e-09,1.0540368772243462e-05,3.3833514056103036e-08,9.545369461874036e-06,3.9967126385635725e-11,6.394621089759513e-11,7.414507089612797e-07,1.7179507038363824e-07,1.8779593147669525e-12,1.4717397182479191e-10,1.8929207715546594e-10
1.2993787096938644e-06,0.16628943999999996,0.8585084662769803,0.0,0.0,0.4424624190239821,0.09813266458863831,0.015376210639658713,5.10091226599981e-06,0.0018495056306141488,0.020556856876081706,0.010954205793598557,6.232043177417906e-05,1.2901672662444979e-11,0.002337639413014006,6.583849724589976e-11,0.0004460454275839038,3.0195685291747277e-09,1.3301229681153401e-05,8.884893894405133e-10,6.095392622549308e-11,3.383904633299123e-05,6.679716726587664e-06,0.007043208110634767,0.00201899657154301,0.00034720039824187305,8.100546983992189e-07,8.942263956186833e-09,4.0825243779652295e-08,8.325124020715067e-08,1.1368175212513139e-10,7.733385058257967e-07,2.182538323147703e-05,1.7634454096250319e-07,0.0004107864489117722,7.2383012397473355e-09,1.0570501530439876e-05,3.390971813275274e-08,9.540973555626063e-06,4.009014174680234e-11,6.407928601491227e-11,7.436442702033508e-07,1.7176479513442977e-07,1.8833544630504267e-12,1.4727676431588795e-10,1.8920843786853197e-10
1.3018751223643177e-06,0.16628943999999996,0.8585084662769803,0.0,0.0,0.442468684517799,0.09810994173287506,0.01536450111779445,5.117668641136586e-06,0.0018544427334714882,0.020599824333350388,0.010978662108598325,6.230835328337429e-05,1.2980730391796792e-11,0.002337271332227956,6.584519579494352e-11,0.0004461692258202306,3.019857828435695e-09,1.331020973477088e-05,8.907208611822438e-10,6.110060324200554e-11,3.380992632326159e-05,6.698753997185632e-06,0.007041675634882079,0.002013014224793586,0.00034752035230204076,8.083871049087975e-07,8.934047163988198e-09,4.0815611149622135e-08,8.347299028186215e-08,1.141095859126347e-10,7.761536653988158e-07,2.188498917608932e-05,1.7672575367984862e-07,0.00041165223838020174,7.237263998558532e-09,1.0600628762330847e-05,3.398590645979347e-08,9.536575616050033e-06,4.021326099963647e-11,6.421223694580979e-11,7.458375599612014e-07,1.717340984206758e-07,1.888748791122431e-12,1.473782842551879e-10,1.8912214373438138e-10
1.304371535034771e-06,0.16628943999999996,0.8585084662769803,0.0,0.0,0.44247495287140937,0.0980872259208765,0.015352800124231684,5.134411509122764e-06,0.0018593723641419588,0.020642787605201118,0.01100311255063533,6.229612371645913e-05,1.3060095837647815e-11,0.0023369016250667104,6.585160053397341e-11,0.0004462929271128387,3.0201400539947822e-09,1.3319074718066897e-05,8.929527627267679e-10,6.124719752391662e-11,3.378066143585907e-05,6.717787725283556e-06,0.007040143673793228,0.002007028462422154,0.00034784002077476773,8.067130977664125e-07,8.925831262400513e-09,4.0805951027648376e-08,8.369440952323399e-08,1.1453997992962691e-10,7.789853017841546e-07,2.1944970116842065e-05,1.7710688215869148e-07,0.0004125179707017118,7.236221735721636e-09,1.063075038911266e-05,3.4062078970344106e-08,9.532175656117596e-06,4.033648392487662e-11,6.43450636980015e-11,7.480305718827992e-07,1.7170298405624689e-07,1.894142284611877e-12,1.4747853381613097e-10,1.890332001253892e-10
1.3068679477052244e-06,0.16628943999999996,0.8585084662769803,0.0,0.0,0.4424812239922323,0.09806451715342147,0.015341107652967723,5.151140618030381e-06,0.0018642944640375873,0.02068574672363911,0.011027557100317715,6.228374446094246e-05,1.3139769453577815e-11,0.002336530306188385,6.585771394759213e-11,0.0004464165317353219,3.020415267404402e-09,1.3327824836150077e-05,8.951850913565216e-10,6.139370888686976e-11,3.3751252398293816e-05,6.736817861533193e-06,0.007038612225906037,0.0020010393739341775,0.0003481594046464616,8.050327178630452e-07,8.91761631573081e-09,4.079626371428281e-08,8.391549531652547e-08,1.1497295561223465e-10,7.818335480779937e-07,2.200532886926433e-05,1.774879260999035e-07,0.00041338364644306956,7.2351744948766874e-09,1.0660866332680927e-05,3.413823559792367e-08,9.527773688757804e-06,4.04598103041845e-11,6.447776628034606e-11,7.502232996693185e-07,1.7167145582307228e-07,1.8995349292685267e-12,1.4757751518671613e-10,1.8894161245383812e-10
1.3093643603756778e-06,0.16628943999999996,0.8585084662769803,0.0,0.0,0.4424874977880564,0.09804181543125645,0.015329423698008679,5.167855716532377e-06,0.0018692089748113614,0.020728701720702854,0.011051995738393812,6.227121689273893e-05,1.3219751692393356e-11,0.0023361573901261364,6.586353850229593e-11,0.00044654003996069116,3.0206835297210964e-09,1.3336460295420364e-05,8.974178443679349e-10,6.154013714872767e-11,3.372169993733154e-05,6.75584435702466e-06,0.007037081289763499,0.001995047048434707,0.00034847850489784656,8.033460060306968e-07,8.90940238762516e-09,4.078654950774531e-08,8.413624505740064e-08,1.1540853460955772e-10,7.846985387299842e-07,2.2066068278495046e-05,1.778688852059255e-07,0.0004142492661714003,7.234122319286133e-09,1.069097651562506e-05,3.421437627644683e-08,9.523369726857442e-06,4.058323991943916e-11,6.461034470290334e-11,7.524157370747141e-07,1.7163951747140043e-07,1.904926710962035e-12,1.4767523056936447e-10,1.888473861721173e-10
1.311860773046131e-06,0.16628943999999996,0.8585084662769803,0.0,0.0,0.44249377416703817,0.09801912075509558,0.015317748253369437,5.184556553906252e-06,0.00187411583835744,0.020771652628461822,0.011076428445750354,6.22585423762636e-05,1.330004300612955e-11,0.0023357828912893243,6.586907664657531e-11,0.0004466634520613709,3.0209449015095e-09,1.334498130355633e-05,8.996510190712789e-10,6.168648212954889e-11,3.369200477898798e-05,6.774867163282891e-06,0.007035550863913757,0.001989051574630046,0.0003487973225039944,8.016530030348157e-07,8.901189541074862e-09,4.077680870394177e-08,8.435665615193568e-08,1.1584673878980153e-10,7.875804095659029e-07,2.212719121965083e-05,1.7824975918072088e-07,0.00041511483045414334,7.233065251838443e-09,1.072108086122279e-05,3.429050094021791e-08,9.518963783261423e-06,4.07067725530958e-11,6.47427989768918e-11,7.546078779053002e-07,1.7160717272005805e-07,1.9103176156809494e-12,1.477716821807815e-10,1.887505267725195e-10
1.3143571857165845e-06,0.16628943999999996,0.8585084662769803,0.0,0.0,0.44250005303769985,0.09799643312562094,0.015306081313073617,5.2012428800377285e-06,0.0018790149968113453,0.020814599479014234,0.011100855203410706,6.224572226452549e-05,1.3380643846051786e-11,0.0023354068239646642,6.587433081101494e-11,0.0004467867683091948,3.0211994428461133e-09,1.3353388069502537e-05,9.018846127905168e-10,6.18327436515646e-11,3.366216764852333e-05,6.793886232264275e-06,0.0070340209469100514,0.0019830530408294243,0.0003491158584343685,7.999537495629778e-07,8.892977838425574e-09,4.0767041596492864e-08,8.457672601666761e-08,1.1628759025258552e-10,7.904792978124256e-07,2.218870059819312e-05,1.7863054772971865e-07,0.00041598033985900784,7.232003335051593e-09,1.0751179293434568e-05,3.4366609523925483e-08,9.514555870773094e-06,4.083040798866896e-11,6.487512911460222e-11,7.567997160193285e-07,1.7157442525670684e-07,1.915707629531788e-12,1.4786687225182131e-10,1.8865103978627728e-10
1.3168535983870378e-06,0.16628943999999996,0.8585084662769803,0.0,0.0,0.44250633430892666,0.0979737525434824,0.015294422871153505,5.217914445424359e-06,0.0018839063925501609,0.020857542304484767,0.011125275992533106,6.223275789922097e-05,1.3461554662657492e-11,0.0023350292023173783,6.58793034083947e-11,0.00044690998897540233,3.0214472133231753e-09,1.3361680803456983e-05,9.041186228631558e-10,6.197892153915549e-11,3.3632189270436976e-05,6.812901516353162e-06,0.0070324915373106995,0.0019770515349466357,0.000349434113652846,7.982482862448786e-07,8.88476734138164e-09,4.075724847675177e-08,8.479645207856683e-08,1.167311113183714e-10,7.933953421016481e-07,2.2250599350323317e-05,1.790112505598454e-07,0.00041684579495392994,7.230936611076512e-09,1.0781271736898168e-05,3.4442701962637996e-08,9.51014600215462e-06,4.095414600979557e-11,6.500733512947673e-11,7.589912453265743e-07,1.7154127873809926e-07,1.9210967387380984e-12,1.4796080302735086e-10,1.8854893078379962e-10
1.3191003697904458e-06,0.16628943999999996,0.8585084662769803,0.0,0.0,0.4425119894304996,0.09795334604554151,0.015283937534611306,5.232906028117574e-06,0.0018883019641631603,0.020896187432533863,0.011147249584177888,6.222096773351645e-05,1.353463979938559e-11,0.002334688025499512,6.588353998609459e-11,0.00044702080607640356,3.0216644665334705e-09,1.336904694139187e-05,9.061295857209357e-10,6.211040998711886e-11,3.3605088561623896e-05,6.830011996937849e-06,0.0070311155013145195,0.0019716477108652846,0.0003497203041329689,7.967080933684072e-07,8.877378975320495e-09,4.07484126674617e-08,8.499390946464736e-08,1.171325814175841e-10,7.96034566108796e-07,2.2306643593504706e-05,1.7935380957627066e-07,0.0004176246585739068,7.22997248389776e-09,1.080834975389045e-05,3.451117130014402e-08,9.506175458421682e-06,4.1065597761003893e-11,6.5126214429852e-11,7.60963352680918e-07,1.7151110867670648e-07,1.9259461522599973e-12,1.4804426589423382e-10,1.8845479549323812e-10
1.3213471411938538e-06,0.16628943999999996,0.8585084662769803,0.0,0.0,0.44251764635710633,0.09793294525687227,0.015273459072588315,5.247885271990926e-06,0.0018926911598317604,0.020934829349758908,0.01116921831260365,6.220906276245814e-05,1.3607976708843765e-11,0.002334345611214245,6.588755216852862e-11,0.0004471315461724016,3.021876325996624e-09,1.3376321039653448e-05,9.081408817570181e-10,6.224183042562389e-11,3.3577874555537934e-05,6.847119339418829e-06,0.007029739874108282,0.001966241613824124,0.00035000626870756,7.951629328909524e-07,8.869991679357789e-09,4.0739556231628806e-08,8.519108443372544e-08,1.1753624875835442e-10,7.986879030538351e-07,2.23630078174123e-05,1.7969629871254957e-07,0.00041840347907726383,7.229004526962457e-09,1.0835422805501675e-05,3.4579627461100635e-08,9.502203349773792e-06,4.117713227502694e-11,6.524499321382281e-11,7.629352006420457e-07,1.71480620940443e-07,1.9307948120747715e-12,1.4812671221730813e-10,1.8835854502854677e-10
1.3235939125972618e-06,0.16628943999999996,0.8585084662769803,0.0,0.0,0.44252330502307186,0.09791255017788217,0.015262987480751972,5.262851996442513e-06,0.0018970739380514672,0.02097346807962499,0.011191182164347965,6.219704394100534e-05,1.368156571785582e-11,0.0023340019695400607,6.589134167802235e-11,0.00044724220945987906,3.0220828341644528e-09,1.33835032540307e-05,9.101525090579909e-10,6.237318273101952e-11,3.3550547778736774e-05,6.864223509959951e-06,0.007028364654651413,0.0019608333070973657,0.00035029200806781387,7.936128342868049e-07,8.862605497170706e-09,4.073067937702361e-08,8.538797513181525e-08,1.179421300986343e-10,8.013554570087923e-07,2.2419694227949338e-05,1.800387177579787e-07,0.0004191822568783274,7.228032770249757e-09,1.086249083817858e-05,3.4648070398940054e-08,9.498229685430243e-06,4.128874939548129e-11,6.536367149339813e-11,7.649067848755934e-07,1.714498181318671e-07,1.9356427083787915e-12,1.482081436616604e-10,1.882601835303243e-10
1.3258406840006699e-06,0.16628943999999996,0.8585084662769803,0.0,0.0,0.4425289653629546,0.097892160808958,0.015252522754775334,5.277806021280692e-06,0.0019014502574767223,0.021012103645609105,0.011213141126032526,6.218491221692319e-05,1.3755407152745898e-11,0.0023336571104785107,6.589491022547115e-11,0.0004473527961349182,3.022284033180589e-09,1.33905937411041e-05,9.121644657189602e-10,6.250446678100863e-11,3.352310875726558e-05,6.881324474997312e-06,0.007026989841906583,0.001955422853703903,0.0003505775229013314,7.920578269976893e-07,8.855220472028368e-09,4.072178230996824e-08,8.558457971174976e-08,1.1835024234116876e-10,8.040373330110734e-07,2.247670505217965e-05,1.8038106650278593e-07,0.0004199609923914668,7.22705724350653e-09,1.0889553798799105e-05,3.4716500067330495e-08,9.494254474584086e-06,4.140044896583204e-11,6.54822492813483e-11,7.668781010799831e-07,1.71418702833883e-07,1.9404898314428466e-12,1.4828856190123665e-10,1.881597151648649e-10
1.3280874554040779e-06,0.16628943999999996,0.8585084662769803,0.0,0.0,0.4425346273115454,0.09787177715046576,0.01524206489033703,5.292747166726144e-06,0.0019058200769210027,0.02105073607119889,0.011235095184362111,6.217266853083604e-05,1.3829501339339471e-11,0.002333311043954851,6.589825951039979e-11,0.00044746330639320014,3.022479964882628e-09,1.3397592658238384e-05,9.141767498434596e-10,6.263568245463482e-11,3.3495558016653925e-05,6.898422201237459e-06,0.007025615434839691,0.0019500103164083247,0.00035086281389215204,7.90497940403103e-07,8.847836646800574e-09,4.0712865235364266e-08,8.578089633327974e-08,1.1876060255918338e-10,8.067336370936986e-07,2.2534042538550795e-05,1.807233447380419e-07,0.0004207396860310697,7.226077976249359e-09,1.0916611634669119e-05,3.478491642017247e-08,9.49027772640232e-06,4.151223083070886e-11,6.560072659103114e-11,7.688491449861853e-07,1.7138727760988648e-07,1.9453361716116413e-12,1.4836796861876544e-10,1.8805714412280768e-10
1.330109549667145e-06,0.16628943999999996,0.8585084662769803,0.0,0.0,0.44253972438701333,0.09785343674052784,0.015232658675390713,5.306183037492541e-06,0.0019097473230246917,0.02108550258861266,0.011254849633567895,6.216155425755666e-05,1.3896402478873839e-11,0.0023329985598457012,6.59010877929222e-11,0.0004475627004507312,3.022651834194703e-09,1.3403813522049562e-05,9.159880839761196e-10,6.275371800020787e-11,3.347066726417061e-05,6.913807358381385e-06,0.007024378814482026,0.0019451373027767483,0.0003511193849608847,7.890898949147467e-07,8.841192265135038e-09,4.0704822929986016e-08,8.595733357281655e-08,1.1913186301230235e-10,8.091727352101737e-07,2.2585927448196443e-05,1.8103133469215212e-07,0.00042144047484732593,7.225193461789739e-09,1.0940959262081113e-05,3.4846479715020775e-08,9.486697346172447e-06,4.161290474243877e-11,6.570727027241754e-11,7.706228481845077e-07,1.713587320245894e-07,1.949697200467193e-12,1.4843857121098181e-10,1.8796303587952676e-10
1.3319294345039054e-06,0.16628943999999996,0.8585084662769803,0.0,0.0,0.4425443127850201,0.09783693432677926,0.015224197828311175,5.318266169497e-06,0.0019132772899101316,0.021116790309839727,0.011272625224967131,6.215147507745537e-05,1.395678896869658e-11,0.0023327165006343633,6.590348357712002e-11,0.00044765210243275823,3.022802922320747e-09,1.340934908794489e-05,9.176185090396531e-10,6.285990248296717e-11,3.344818889548435e-05,6.9276517141584415e-06,0.007023266135779053,0.0019407502281199418,0.00035135014477983076,7.878193127936326e-07,8.835213207425272e-09,4.0697571261685486e-08,8.61159252922391e-08,1.1946757665385026e-10,8.113780548323789e-07,2.2632853048655795e-05,1.8130847655052944e-07,0.00042207115631907714,7.2243948460890495e-09,1.0962868510144895e-05,3.490187739942184e-08,9.483473951108058e-06,4.170356805476526e-11,6.580309001801678e-11,7.722189870136367e-07,1.713328296427223e-07,1.953621571873822e-12,1.4850141520963375e-10,1.878768877241938e-10
1.3337493193406658e-06,0.16628943999999996,0.8585084662769803,0.0,0.0,0.44254890212331166,0.0978204356602281,0.015215741475421617,5.330340533041256e-06,0.0019168029194491637,0.021148076012444346,0.01129039757590314,6.214132408839257e-05,1.4017341866609335e-11,0.0023324336666075926,6.590573848800168e-11,0.000447741454624349,3.022950627957932e-09,1.341482485713792e-05,9.19249145607225e-10,6.296604189326151e-11,3.342563816057157e-05,6.94149388664078e-06,0.007022153721413194,0.0019363618969832775,0.0003515807589402202,7.865455814676263e-07,8.829235011904914e-09,4.069030682614161e-08,8.627432483269427e-08,1.1980479606645907e-10,8.135930325235814e-07,2.267999704139146e-05,1.8158557177899018e-07,0.00042270181105433333,7.223593827972909e-09,1.0984774303555933e-05,3.4957266266273944e-08,9.480249563612405e-06,4.179428508465492e-11,6.58988438658038e-11,7.738149397030056e-07,1.7130672841295575e-07,1.9575454126951715e-12,1.485635985690186e-10,1.8778936753428724e-10
1.3355692041774262e-06,0.16628943999999996,0.8585084662769803,0.0,0.0,0.4425534923676743,0.09780394074102927,0.01520728961443612,5.34240603338427e-06,0.0019203241900595197,0.02117935970892376,0.011308166679465437,6.213110177676732e-05,1.4078061344815339e-11,0.002332150062896296,6.590785340718288e-11,0.0004478307571287149,3.02309497276205e-09,1.3420240914733907e-05,9.208799926867827e-10,6.307213616932859e-11,3.340301533771639e-05,6.955333858645982e-06,0.007021041570841,0.0019319723422381516,0.0003518112277988103,7.852687164608671e-07,8.823257700603748e-09,4.0683029729571686e-08,8.643253122947358e-08,1.2014353064086337e-10,8.158177265776713e-07,2.272736066351752e-05,1.8186262026814015e-07,0.000423332439273247,7.2227904226935245e-09,1.1006676615119048e-05,3.501264629151201e-08,9.477024188507899e-06,4.188505575032088e-11,6.599453182409299e-11,7.754107040453787e-07,1.712804296607391e-07,1.9614687179397297e-12,1.4862512219993932e-10,1.877004775832178e-10
1.3373890890141865e-06,0.16628943999999996,0.8585084662769803,0.0,0.0,0.4425580834839914,0.09778744956932883,0.01519884224307112,5.354462575966427e-06,0.0019238410802275676,0.021210641411777423,0.011325932528777316,6.212080862600639e-05,1.4138947575305016e-11,0.002331865694599759,6.590982921150076e-11,0.0004479200100488907,3.0232359782613254e-09,1.342559734616186e-05,9.225110492897312e-10,6.317818524995827e-11,3.338032070497522e-05,6.9691716131042125e-06,0.007019929683520372,0.0019275815966483638,0.0003520415517108488,7.839887333005016e-07,8.817281295382692e-09,4.0675740077593316e-08,8.659054352077317e-08,1.2048378982220684e-10,8.180521957208632e-07,2.2774945161862024e-05,1.821396219089919e-07,0.0004239630411959321,7.221984645407612e-09,1.1028575417817471e-05,3.50680174511659e-08,9.47379783060606e-06,4.197587996911377e-11,6.609015390158533e-11,7.770062778470811e-07,1.7125393470340218e-07,1.9653914826467658e-12,1.4868598701682772e-10,1.8761022015532605e-10
1.33882313193197e-06,0.16628943999999996,0.8585084662769803,0.0,0.0,0.4425617018091932,0.09777445740468287,0.015192188997903014,5.36395658494689e-06,0.001926609238931834,0.021235289544750176,0.011339929464015816,6.211264818393268e-05,1.4187042625584126e-11,0.002331641081201096,6.591128868786785e-11,0.00044799030519610065,3.023344750185197e-09,1.3429776188892332e-05,9.237964452459808e-10,6.326171851316248e-11,3.336238725794192e-05,6.980073990122e-06,0.007019053717495026,0.0019241209351457667,0.00035222294174432767,7.82977938636443e-07,8.812572627046226e-09,4.0669987161387264e-08,8.671491755380635e-08,1.2075298938277885e-10,8.198198499031616e-07,2.281259747732531e-05,1.823578621201747e-07,0.00042445992800585664,7.22134804346188e-09,1.1045828868061416e-05,3.5111642862730945e-08,9.471254818072897e-06,4.204748581167407e-11,6.616545631087296e-11,7.782634312602135e-07,1.712329197004536e-07,1.9684821804616423e-12,1.4873348410895171e-10,1.875381367867336e-10
1.3402571748497534e-06,0.16628943999999996,0.8585084662769803,0.0,0.0,0.44256532063808246,0.0977614675670869,0.015185538537903824,5.373444927162356e-06,0.0019293746539471614,0.021259936453717845,0.011353924371037707,6.210444428852988e-05,1.4235241406509496e-11,0.002331415998668557,6.59126627510687e-11,0.0004480605696695532,3.0234514723711464e-09,1.3433918103804434e-05,9.25081970207436e-10,6.334522364644164e-11,3.3344409530976064e-05,6.990974971437877e-06,0.007018177914328371,0.0019206595704330835,0.000352404242169541,7.819652250319249e-07,8.807864545333663e-09,4.066422656562214e-08,8.683916999941042e-08,1.2102314621447522e-10,8.215936395480229e-07,2.2850388338720003e-05,1.8257607312173405e-07,0.00042495679873219176,7.220709985369522e-09,1.1063080109853466e-05,3.515526274299649e-08,9.468711200625245e-06,4.211912481598118e-11,6.624071782335205e-11,7.795204639477591e-07,1.71211784319771e-07,1.9715725371845935e-12,1.487805731501784e-10,1.8746520687452702e-10
1.3416912177675368e-06,0.16628943999999996,0.8585084662769803,0.0,0.0,0.4425689399540942,0.09774848005660083,0.015178890861959334,5.382927556586676e-06,0.0019321373148375586,0.02128458214479798,0.01136791724652186,6.209619717246981e-05,1.4283544001953605e-11,0.002331190449456119,6.591395182389883e-11,0.000448130803519427,3.0235561551868582e-09,1.3438023133115616e-05,9.263676236948658e-10,6.342870062056115e-11,3.332638765982295e-05,7.001874548846242e-06,0.007017302273756929,0.001917197518400546,0.0003525854531583506,7.809506000528513e-07,8.803157060726202e-09,4.065845834120696e-08,8.696330039090083e-08,1.2129426503756527e-10,8.233735939890747e-07,2.288831836903283e-05,1.827942548607808e-07,0.00042545365348256435,7.220070478422723e-09,1.1080329130206474e-05,3.519887708035542e-08,9.466166980603117e-06,4.219079694206437e-11,6.631593844360418e-11,7.807773748540072e-07,1.711905291953558e-07,1.9746625504284103e-12,1.4882725459261943e-10,1.8739143154982607e-10
1.3431252606853202e-06,0.16628943999999996,0.8585084662769803,0.0,0.0,0.44257255974070014,0.09773549487328131,0.015172245968956237,5.392404427264585e-06,0.0019348972111935348,0.02130922662410841,0.0113819080871597,6.208790706730277e-05,1.4331950495707337e-11,0.002330964436005863,6.591515632734007e-11,0.00044820100679583144,3.0236588089518883e-09,1.344209131916479e-05,9.276534052303311e-10,6.351214940649319e-11,3.3308321780138674e-05,7.012772714184041e-06,0.007016426795517731,0.001913734794897385,0.0003527665748820488,7.799340712564769e-07,8.79845018364306e-09,4.065268253882985e-08,8.708730826274753e-08,1.2156635060225444e-10,8.251597427387491e-07,2.292638819511659e-05,1.8301240728455404e-07,0.00042595049236457557,7.219429529877777e-09,1.1097575916200633e-05,3.524248586323566e-08,9.463622160342392e-06,4.226250215005513e-11,6.63911181763025e-11,7.820341629283668e-07,1.7116915495814606e-07,1.977752217817512e-12,1.4887352888975056e-10,1.873168119476657e-10
1.3445593036031036e-06,0.16628943999999996,0.8585084662769803,0.0,0.0,0.4425761799814089,0.09772251201718156,0.01516560385778211,5.401875493311908e-06,0.0019376543326321079,0.021333869897767106,0.011395896889655064,6.207957420346307e-05,1.4380460971480067e-11,0.0023307379607480283,6.591627668056704e-11,0.0004482711795488067,3.0237594439378697e-09,1.3446122704411593e-05,9.289393143371752e-10,6.359556997541554e-11,3.329021202748984e-05,7.023669459330578e-06,0.007015551479348321,0.001910271415731929,0.0003529476075113585,7.789156461926148e-07,8.793743924441523e-09,4.0646899208958036e-08,8.721119315056787e-08,1.2183940768756092e-10,8.269521154889583e-07,2.2964598447719625e-05,1.8323053034042e-07,0.000426447315485798,7.218787146955231e-09,1.1114820454983135e-05,3.528608908009956e-08,9.461076742174853e-06,4.233424040013758e-11,6.646625702621831e-11,7.832908271253418e-07,1.7114766223603135e-07,1.98084153698789e-12,1.4891939649640256e-10,1.8724134920690482e-10
1.345993346520887e-06,0.16628943999999996,0.8585084662769803,0.0,0.0,0.4425798006597662,0.09770953148835147,0.015158964527325439,5.4113407089157655e-06,0.0019404086687968133,0.021358511971892067,0.011409883650724142,6.207119881027407e-05,1.4429075512899769e-11,0.0023305110261010865,6.591731330095324e-11,0.0004483413218283235,3.0238580703687094e-09,1.3450117331435673e-05,9.302253505400145e-10,6.367896229871021e-11,3.327205853735327e-05,7.034564776207305e-06,0.0070146763249867424,0.0019068073966717134,0.0003531285512164368,7.778953324036333e-07,8.789038293417248e-09,4.06411084018387e-08,8.733495459112709e-08,1.2211344110155366e-10,8.287507421124419e-07,2.300294976151471e-05,1.8344862397587216e-07,0.00042694412295377396,7.2181433368401395e-09,1.1132062733767904e-05,3.5329686719443897e-08,9.458530728428185e-06,4.2406011652548184e-11,6.654135499822102e-11,7.845473664045085e-07,1.7112605165386697e-07,1.9839305055870544e-12,1.489648578687544e-10,1.8716504447031214e-10
1.3474273894386705e-06,0.16628943999999996,0.8585084662769803,0.0,0.0,0.442583421759354,0.09769655328683753,0.015152327976475597,5.420800028334762e-06,0.0019431602093577082,0.02138315285260119,0.011423868367095318,6.206278111595362e-05,1.4477794203513108e-11,0.0023302836344717957,6.591826660407755e-11,0.0004484114336842825,3.023954698420826e-09,1.3454075242935955e-05,9.315115133647293e-10,6.376232634796219e-11,3.3253861445115756e-05,7.045458656777633e-06,0.007013801332171555,0.0019033427534435802,0.0003533094061668758,7.768731374244528e-07,8.784333300804633e-09,4.063531016750028e-08,8.745859212233842e-08,1.2238845568157012e-10,8.305556526641374e-07,2.304144277512816e-05,1.8366668813852817e-07,0.0004274409148760124,7.217498106682206e-09,1.1149302739835265e-05,3.53732787697993e-08,9.455984121425997e-06,4.247781586757518e-11,6.661641209727633e-11,7.858037797304916e-07,1.7110432383348868e-07,1.9870191212739787e-12,1.490099134643245e-10,1.870878988845167e-10
1.350295475274237e-06,0.16628943999999996,0.8585084662769803,0.0,0.0,0.44259066515673257,0.09767060386592759,0.015139063209158327,5.439700796011328e-06,0.0019486548624809623,0.021432431058242274,0.011451831652718032,6.204581973129363e-05,1.4575544366101346e-11,0.002329827489835014,6.59199249119204e-11,0.0004485515663247812,3.024141999858443e-09,1.3461881090752835e-05,9.340842169895743e-10,6.392896951168477e-11,3.321733699543272e-05,7.067242077061387e-06,0.007012051830137079,0.0018964116571880945,0.0003536708504793912,7.748231339979145e-07,8.774925271447674e-09,4.062369161619296e-08,8.770549361411409e-08,1.229414478366946e-10,8.341844466912294e-07,2.311885647626121e-05,1.8410272783653922e-07,0.00042843445251313303,7.216203414661108e-09,1.1183775883269296e-05,3.546044605783397e-08,9.450889136929204e-06,4.262152302688743e-11,6.676640369688528e-11,7.883162244065112e-07,1.7106051895042123e-07,1.9931952846040032e-12,1.4909880916184563e-10,1.8693108977103616e-10
1.3531635611098037e-06,0.16628943999999996,0.8585084662769803,0.0,0.0,0.4425979100429301,0.0976446637547571,0.015125809546963064,5.4585774318480686e-06,0.0019541382098930836,0.021481704563626948,0.011479786720590737,6.202869185331468e-05,1.4673712125995463e-11,0.00232936954585989,6.592125489307236e-11,0.00044869157786810805,3.024321428720589e-09,1.3469540591811618e-05,9.366574214436852e-10,6.409549924327278e-11,3.31806397597223e-05,7.089019656721035e-06,0.007010302971163353,0.0018894782519703272,0.0003540319417944127,7.727656960433085e-07,8.765519917033579e-09,4.061204395093224e-08,8.795189395217918e-08,1.234984234455047e-10,8.378387417065163e-07,2.3196844740328383e-05,1.8453864901783484e-07,0.00042942792925648087,7.214903127390105e-09,1.1218239784844488e-05,3.554759085311603e-08,9.445791807192406e-06,4.2765361561397816e-11,6.691623186666621e-11,7.908281529704879e-07,1.710162525016677e-07,1.9993700084770344e-12,1.491860872756126e-10,1.8677093111611392e-10
1.3588997327809372e-06,0.16628943999999996,0.8585084662769803,0.0,0.0,0.44261240376220806,0.0975928114625906,0.015099335502540267,5.49625685581801e-06,0.001965070661273186,0.021580237669323155,0.011535672100296485,6.199394374611888e-05,1.4871303098232023e-11,0.0023284483350682014,6.592294288985246e-11,0.0004489712392488229,3.0246569868749995e-09,1.3484421938741021e-05,9.418053178655038e-10,6.442821753258717e-11,3.3106731248039224e-05,7.132557043614493e-06,0.00700680717411171,0.0018756050114486496,0.0003547530707694404,7.686287564746726e-07,8.746717550905204e-09,4.058866284503967e-08,8.844317656430025e-08,1.2462448461597174e-10,8.452248263181193e-07,2.3354566040968455e-05,1.8541013417325405e-07,0.00043141470349567233,7.212285990330235e-09,1.128713946586204e-05,3.572181260367697e-08,9.435590185709635e-06,4.30534314932813e-11,6.721539809060512e-11,7.958504294264297e-07,1.7092635432991363e-07,2.0117150647470743e-12,1.4935580560291077e-10,1.8644060248394892e-10
1.363343157786235e-06,0.16628943999999996,0.8585084662769803,0.0,0.0,0.44262363414712275,0.09755267058939057,0.015078858310209458,5.5253753769891084e-06,0.001973507573066019,0.02165655207584025,0.01157893993775982,6.19665828447442e-05,1.5025516823047564e-11,0.002327729934394544,6.592337310389354e-11,0.0004491875442010134,3.0248958953955393e-09,1.3495549875082627e-05,9.457943934914822e-10,6.468563836465178e-11,3.3049012708121625e-05,7.166265973405112e-06,0.007004100967930149,0.0018648529696630432,0.0003553107205914563,7.654041775841003e-07,8.73216059862422e-09,4.0570474084190765e-08,8.882233368555078e-08,1.25508035668394e-10,8.510183994397974e-07,2.347836345953706e-05,1.8608488581620415e-07,0.00043295356269421287,7.210243721568436e-09,1.134048521790297e-05,3.5856707887295676e-08,9.42768137421833e-06,4.327693855586029e-11,6.744669298953887e-11,7.997393661239364e-07,1.7085548504116746e-07,2.021273846778253e-12,1.494828567977534e-10,1.86175583453525e-10
1.3677865827915327e-06,0.16628943999999996,0.8585084662769803,0.0,0.0,0.4426348666968321,0.09751255206334856,0.015058407676243734,5.554432031995866e-06,0.0019819164650736842,0.0217328557346248,0.011622187773280272,6.193884149438332e-05,1.5180740115049223e-11,0.002327007417080282,6.592305031589547e-11,0.00044940356280214594,3.0251167641027038e-09,1.3506330358474018e-05,9.497846306644365e-10,6.494278459129529e-11,3.2990891205195356e-05,7.199960211388457e-06,0.0070013962827490395,0.0018540967312338633,0.00035586753756224027,7.621624071048661e-07,8.717610918676745e-09,4.055221966285703e-08,8.920024837528191e-08,1.2640159198144214e-10,8.568759399887135e-07,2.3603598648635554e-05,1.8675934849976074e-07,0.00043449228509381967,7.208188623180308e-09,1.1393807722239304e-05,3.5991548204320596e-08,9.41976713377491e-06,4.350075751403336e-11,6.76775961192074e-11,8.036269770844025e-07,1.7078356012603765e-07,2.0308289772213495e-12,1.496060663188528e-10,1.859026276187911e-10
1.3722300077968304e-06,0.16628943999999996,0.8585084662769803,0.0,0.0,0.4426461009379234,0.09747245588445919,0.015037983567972276,5.583425490822827e-06,0.0019902970411792725,0.021809148827252375,0.011665415514333926,6.191072603554659e-05,1.5336975425711602e-11,0.0023262808499897357,6.59219861536673e-11,0.00044961929650677557,3.0253198764358127e-09,1.3516764707049152e-05,9.537760157823866e-10,6.519965544853324e-11,3.293237072802111e-05,7.233639535539697e-06,0.006998693110996702,0.0018433367472226942,0.00035642352649482134,7.589036660524615e-07,8.703068790825623e-09,4.053390098091617e-08,8.957690737143157e-08,1.2730531052687948e-10,8.627984233743928e-07,2.3730292369368195e-05,1.8743352071316385e-07,0.0004360308738713801,7.206120893583356e-09,1.1447106627467386e-05,3.612633322682456e-08,9.411847531834687e-06,4.3724887206662826e-11,6.7908107664818e-11,8.075132335581052e-07,1.7071059685794108e-07,2.040380391091921e-12,1.497254483157358e-10,1.8562177066509765e-10
1.3766734328021282e-06,0.16628943999999996,0.8585084662769803,0.0,0.0,0.4426573364001613,0.09743238205241785,0.015017585952803376,5.612354430336028e-06,0.001998649007719964,0.021885431535115768,0.011708623069365444,6.18822427144434e-05,1.549422519914893e-11,0.002325550298996652,6.592019208895155e-11,0.00044983474676277166,3.025505511773289e-09,1.3526854248881204e-05,9.577685353461324e-10,6.545625018921742e-11,3.2873455256651654e-05,7.267303727424533e-06,0.006995991445144938,0.0018325734650961943,0.0003569786921527399,7.556281747554238e-07,8.688534489681699e-09,4.05155194197576e-08,8.995229751827289e-08,1.2821935133206058e-10,8.687868440115467e-07,2.3858465794440326e-05,1.8810740095482615e-07,0.0004375693321973461,7.204040728208457e-09,1.1500381587866318e-05,3.626106262953705e-08,9.403922635497993e-06,4.39493264766548e-11,6.813822781902249e-11,8.113981072270872e-07,1.7063661225277334e-07,2.0499280243859198e-12,1.498410170499972e-10,1.8533304861058262e-10
1.381116857807426e-06,0.16628943999999996,0.8585084662769803,0.0,0.0,0.44266857261644815,0.09739233056662266,0.014997214798223807,5.641217534336534e-06,0.0020069720734883956,0.021961704039393504,0.011751810347757961,6.185339768438349e-05,1.5652491872139322e-11,0.0023248158290003896,6.591767943920058e-11,0.00045004991501127373,3.025673945491234e-09,1.3536600321786504e-05,9.617621759566061e-10,6.571256808269084e-11,3.281414876236076e-05,7.300952572148214e-06,0.006993291277708412,0.0018218073287562025,0.0003575330392505133,7.523361528558e-07,8.674008284793867e-09,4.0497076342590376e-08,9.032640576649088e-08,1.2914387755394188e-10,8.748422157781107e-07,2.3988140517960838e-05,1.887809877319077e-07,0.0004391076632351156,7.201948319549044e-09,1.1553632263317456e-05,3.639573608975285e-08,9.395992511513779e-06,4.417407417082395e-11,6.836795678164365e-11,8.152815701989827e-07,1.705616230727425e-07,2.059471814065725e-12,1.4995278689317704e-10,1.850364978019128e-10
1.3855602828127237e-06,0.16628943999999996,0.8585084662769803,0.0,0.0,0.44267980912278343,0.0973523014261763,0.014976870071798253,5.670013493612832e-06,0.00201526594973384,0.02203796652101913,0.011794977259803099,6.182419700714913e-05,1.581177787414817e-11,0.002324077503941692,6.59144593693424e-11,0.00045026480268664987,3.025825449020604e-09,1.3546004273131625e-05,9.657569243123046e-10,6.596860841444861e-11,3.275445520757565e-05,7.334585858305896e-06,0.006990592601244043,0.0018110387785698818,0.0003580865724540752,7.49027819310056e-07,8.659490440736585e-09,4.047857309474687e-08,9.069921917325574e-08,1.3007905555632912e-10,8.809655724912564e-07,2.411933856556765e-05,1.8945427955982952e-07,0.0004406458701404308,7.199843857209164e-09,1.1606858319225477e-05,3.6530353287242875e-08,9.38805722628298e-06,4.4399129139738546e-11,6.859729475941688e-11,8.19163595000974e-07,1.7048564583012457e-07,2.0690116980463796e-12,1.5006077232466452e-10,1.8473215491024108e-10
1.3900037078180215e-06,0.16628943999999996,0.8585084662769803,0.0,0.0,0.4426910454582243,0.09731229462988797,0.01495655174116872,5.698741005992896e-06,0.0020235303501633262,0.022114219160650796,0.011838123716670798,6.17946466543586e-05,1.597208562735122e-11,0.0023233353868183145,6.591054289354247e-11,0.00045047941121645633,3.0259602899040615e-09,1.3555067459641422e-05,9.697527672066047e-10,6.622437048580133e-11,3.269437854581102e-05,7.368203377933275e-06,0.006987895408350385,0.0018002682514000588,0.000358639296381237,7.457033923902317e-07,8.644981217196198e-09,4.0460011003981776e-08,9.107072490229504e-08,1.310250549892175e-10,8.871579683961809e-07,2.4252082404829008e-05,1.9012727496178432e-07,0.00044218395606077923,7.197727527950755e-09,1.166005942644007e-05,3.666491390416364e-08,9.380116845861825e-06,4.462449023756618e-11,6.882624196573131e-11,8.230441545737898e-07,1.704086967909949e-07,2.0785476151818513e-12,1.5016498792961209e-10,1.8442005692717897e-10
1.3944471328233192e-06,0.16628943999999996,0.8585084662769803,0.0,0.0,0.44270228116484395,0.09727231017627526,0.014936259774053953,5.727398776395113e-06,0.002031764990942572,0.022190462138641707,0.011881249630379386,6.176475250880124e-05,1.613341754665678e-11,0.0023225895397002505,6.590594087695428e-11,0.0004506937420213986,3.0260787318520655e-09,1.3563791247210187e-05,9.737496915250499e-10,6.647985361354404e-11,3.263392272160642e-05,7.401804926457879e-06,0.006985199691667035,0.0017894961806355423,0.0003591912156021596,7.423630896847395e-07,8.630480869055757e-09,4.04413913807621e-08,9.144091022394824e-08,1.319820488684722e-10,8.934204786614501e-07,2.438639495591252e-05,1.9079997246837893e-07,0.0004437219241348109,7.195599515739577e-09,1.1713235261179788e-05,3.679941762496381e-08,9.372171435965009e-06,4.4850156321958985e-11,6.905479862034638e-11,8.269232222658324e-07,1.7033079197888064e-07,2.088079505251866e-12,1.502654483968941e-10,1.8410024116061756e-10
1.398890557828617e-06,0.16628943999999996,0.8585084662769803,0.0,0.0,0.4427135157876908,0.0972323480635661,0.014915994138248888,5.755985516878908e-06,0.0020399695906968764,0.022266695635010738,0.011924354913765416,6.173452036576353e-05,1.6295776039727623e-11,0.0023218400237448263,6.590066403746509e-11,0.0004509077965152943,3.0261810347983286e-09,1.3572177010713827e-05,9.777476842427627e-10,6.67350571296274e-11,3.25730916704655e-05,7.435390302651266e-06,0.006982505443874011,0.00177872299622167,0.00035974233463976455,7.390071280998906e-07,8.615989646478742e-09,4.04227155185626e-08,9.180976251522356e-08,1.3295021365924995e-10,8.997541998940512e-07,2.452229960256232e-05,1.914723706171558e-07,0.000445259777491759,7.1934600017914975e-09,1.176638550495594e-05,3.69338641362942e-08,9.364221061968729e-06,4.507612625390323e-11,6.928296494914332e-11,8.308007718273472e-07,1.7025194717838673e-07,2.0976073089487404e-12,1.5036216851706667e-10,1.837727452309064e-10
1.4033339828339147e-06,0.16628943999999996,0.8585084662769803,0.0,0.0,0.44272474887474655,0.09719240828970054,0.014895754801624054,5.78449994669428e-06,0.002048143870511828,0.02234291982941397,0.011967439480453597,6.17039559343279e-05,1.6459163507001967e-11,0.002321086899211401,6.589472294742879e-11,0.0004511215761050385,3.0262674549536813e-09,1.3580226133825002e-05,9.817467324218448e-10,6.698998038083441e-11,3.251188931879861e-05,7.468959308582632e-06,0.006979812657691136,0.0017679491246909269,0.00036029265797014355,7.356357238622958e-07,8.601507794989587e-09,4.040398469415488e-08,9.217726925986412e-08,1.3392972936440068e-10,9.061602506780589e-07,2.4659820203407863e-05,1.9214446795193465e-07,0.00044679751925087496,7.191309164617113e-09,1.1819509844497736e-05,3.706825312692123e-08,9.356265788913663e-06,4.530239889750765e-11,6.951074118390216e-11,8.346767774047166e-07,1.701721779387493e-07,2.107130967864055e-12,1.504551631803428e-10,1.8343760706738586e-10
1.4077774078392125e-06,0.16628943999999996,0.8585084662769803,0.0,0.0,0.4427359799768843,0.09715249085233292,0.014875541732125056,5.812940792331042e-06,0.002056287553933971,0.022419134901116373,0.012010503244826531,6.167306483866207e-05,1.6623582341714143e-11,0.0023203302254759493,6.588812803539345e-11,0.00045133508219056834,3.026338244860418e-09,1.3587940008829333e-05,9.85746823208539e-10,6.72446227284591e-11,3.2450319583867504e-05,7.50251174957149e-06,0.0069771213258774155,0.0017571749891937983,0.0003608421900230297,7.322490925200094e-07,8.587035555554291e-09,4.0385200167881095e-08,9.254341804839016e-08,1.3492077961077874e-10,9.12639772112429e-07,2.479898110361117e-05,1.9281626302251564e-07,0.00044833515252086823,7.189147180064881e-09,1.1872607971679308e-05,3.720258428762906e-08,9.348305681507814e-06,4.5528973119900727e-11,6.973812756200488e-11,8.385512135347957e-07,1.7009149957736243e-07,2.116650424475921e-12,1.5054444737460926e-10,1.8309486490429654e-10
1.4122208328445102e-06,0.16628943999999996,0.8585084662769803,0.0,0.0,0.4427472086478251,0.09711259574883357,0.014855354897771995,5.841306787567045e-06,0.0020644003669713145,0.022495341028964257,0.012053546121994507,6.164185261928288e-05,1.6789034929914373e-11,0.0023195700610452665,6.588088958781503e-11,0.00045154831616483186,3.0263936534458813e-09,1.3595320036444485e-05,9.897479438305342e-10,6.749898354798999e-11,3.2388386373733316e-05,7.5360474341415615e-06,0.006974431441230409,0.0017464010095296842,0.00036139093518222003,7.288474489437245e-07,8.572573164660528e-09,4.036636318393271e-08,9.290819657811989e-08,1.3592355173649204e-10,9.191939283607946e-07,2.4939807146838945e-05,1.934877543844568e-07,0.0004498726803993578,7.186974221364771e-09,1.19256795834481e-05,3.7336857311123304e-08,9.340340804129279e-06,4.575584779117488e-11,6.996512432614903e-11,8.424240551393653e-07,1.70009927183232e-07,2.1261656221370252e-12,1.5063003618348042e-10,1.8274455727664256e-10
1.416664257849808e-06,0.16628943999999996,0.8585084662769803,0.0,0.0,0.4427584344440957,0.09707272297629088,0.014835194266658951,5.869596673516129e-06,0.0020724820380937977,0.022571538391358,0.01209656802776508,6.161032473431094e-05,1.695552365048818e-11,0.002318806463571063,6.587301775076576e-11,0.0004517612794137559,3.026433926073832e-09,1.3602367625640243e-05,9.937500815944996e-10,6.775306222879568e-11,3.232609358720669e-05,7.569566173977677e-06,0.006971742996585595,0.0017356276021780876,0.000361938897785907,7.25431007331908e-07,8.558120854393354e-09,4.0347474970649064e-08,9.327159265324834e-08,1.3693823689267893e-10,9.258239072565394e-07,2.5082323687555446e-05,1.9415894059795519e-07,0.00045141010597232707,7.184790459172557e-09,1.1978724381751095e-05,3.747107189195566e-08,9.332371220828941e-06,4.598302178402759e-11,7.019173172422849e-11,8.462952775196251e-07,1.6992747562040617e-07,2.135676505061205e-12,1.5071194478429003e-10,1.823867230179657e-10
1.420663340354576e-06,0.16628943999999996,0.8585084662769803,0.0,0.0,0.4427685348385913,0.09703685657133833,0.014817072076116357,5.894991462909349e-06,0.002079728693331417,0.022640108670116576,0.01213526974336662,6.158168418946502e-05,1.7106251352573956e-11,0.0023181163375630104,6.586539982336395e-11,0.00045195271600740965,3.02645743015797e-09,1.3608427392091291e-05,9.973528648087345e-10,6.79814913191641e-11,3.226972585639325e-05,7.5997183989508295e-06,0.006969324621715719,0.0017259323664585411,0.00036243139859341026,7.223437340543502e-07,8.545122582418935e-09,4.0330432780249306e-08,9.359745712849e-08,1.378618003047931e-10,9.318567178949329e-07,2.521205532663053e-05,1.9476274610193664e-07,0.0004527937040575483,7.182815975216488e-09,1.2026441532344814e-05,3.7591814795177184e-08,9.325194624971922e-06,4.618773336789715e-11,7.03953456832901e-11,8.497779731130019e-07,1.698525296311419e-07,2.144232565170038e-12,1.5078252856522035e-10,1.8205826924869735e-10
1.424662422859344e-06,0.16628943999999996,0.8585084662769803,0.0,0.0,0.44277863222819613,0.09700100824935974,0.014798971061257545,5.92032268276513e-06,0.0020869497111964783,0.022708672122350126,0.012173954344023949,6.155279617623198e-05,1.7257821967143213e-11,0.002317423517657687,6.585728415866555e-11,0.00045214393543081897,3.0264690439736504e-09,1.3614220069630456e-05,1.0009564525398386e-09,6.820969096731411e-11,3.2213072848317003e-05,7.629856615755105e-06,0.006966907402303733,0.001716238227997807,0.000362923272107563,7.192448025301256e-07,8.532132823380084e-09,4.0313350950044235e-08,9.392218328334343e-08,1.3879531617650748e-10,9.37952827129918e-07,2.5343196459047463e-05,1.953663022298776e-07,0.00045417722399729337,7.180832997471995e-09,1.2074136516224792e-05,3.771250989355146e-08,9.318014315173893e-06,4.6392685672982436e-11,7.059864464789332e-11,8.53259319949664e-07,1.6977689390148026e-07,2.152785046363689e-12,1.5085015493805797e-10,1.8172377932324888e-10
1.4286615053641121e-06,0.16628943999999996,0.8585084662769803,0.0,0.0,0.44278872629527044,0.09696517800765453,0.014780891198974662,5.945589430782794e-06,0.0020941448988597085,0.02277722887708116,0.01221262176968796,6.152366450724604e-05,1.7410237213589814e-11,0.002316728044160777,6.584867786820527e-11,0.0004523349386796234,3.0264689391923913e-09,1.361974670184125e-05,1.0045608356872037e-09,6.843766075570693e-11,3.215613738581505e-05,7.65998069349859e-06,0.006964491333202948,0.001706545483636904,0.0003634145213978667,7.161343675204518e-07,8.519151737619946e-09,4.029623034359473e-08,9.424576244920907e-08,1.3973893215881106e-10,9.441131524408725e-07,2.5475766680878142e-05,1.9596960794069952e-07,0.00045556066801497036,7.178841645159369e-09,1.2121809126224168e-05,3.783315696784678e-08,9.310830337458224e-06,4.6597877882526985e-11,7.080162880837847e-11,8.567393007911931e-07,1.69700578813198e-07,2.161333909715858e-12,1.5091483515423796e-10,1.8138328215613155e-10
1.4326605878688802e-06,0.16628943999999996,0.8585084662769803,0.0,0.0,0.44279881672390337,0.09692936584334198,0.014762832466207076,5.970790809590223e-06,0.0021013140651076827,0.02284577906297462,0.012251271960690582,6.149429294409547e-05,1.756349880665097e-11,0.002316029956850514,6.583958797560072e-11,0.0004525257267447871,3.0264572852738883e-09,1.3625008337285725e-05,1.0081660051951827e-09,6.866540027514718e-11,3.209892228554924e-05,7.690090503254518e-06,0.006962076409289933,0.0016968544281174534,0.00036390514950488984,7.1301258335266e-07,8.506179482776435e-09,4.0279071814715125e-08,9.456818602769954e-08,1.4069279865542212e-10,9.503386283784676e-07,2.5609785956245248e-05,1.965726621951646e-07,0.00045694403832504874,7.176842035909454e-09,1.2169459158285012e-05,3.795375579980617e-08,9.303642737639787e-06,4.680330918103251e-11,7.100429835785808e-11,8.602178986348885e-07,1.6962359460871466e-07,2.1698791168347838e-12,1.5097658052193718e-10,1.8103680684984446e-10
1.4366596703736482e-06,0.16628943999999996,0.8585084662769803,0.0,0.0,0.442808903199886,0.09689357175336251,0.014744794839941075,5.995925926770294e-06,0.002108457020342841,0.02291432280832318,0.012289904857726465,6.146468519801132e-05,1.771760845641665e-11,0.0023153292949852854,6.583002141752644e-11,0.00045271630061258363,3.0264342494964194e-09,1.3630006029404193e-05,1.0117719520512147e-09,6.889290912460655e-11,3.2041430357985787e-05,7.720185918034185e-06,0.006959662625464161,0.0016871653541006204,0.00036439515944055814,7.098796039190251e-07,8.493216213826799e-09,4.0261876207606776e-08,9.488944549060366e-08,1.4165706887562782e-10,9.566302069252664e-07,2.5745274625693526e-05,1.9717546395627955e-07,0.00045832733713276145,7.17483428578565e-09,1.2217086411421565e-05,3.807430617207179e-08,9.296451561326355e-06,4.700897875446099e-11,7.120665349193506e-11,8.636950967107504e-07,1.6954595139297359e-07,2.1784206298577077e-12,1.5103540240504473e-10,1.8068438269074317e-10
1.4406587528784163e-06,0.16628943999999996,0.8585084662769803,0.0,0.0,0.4428189854106837,0.0968577957344786,0.014726778297209576,6.02099389488718e-06,0.0021155735765834858,0.02298286024103265,0.01232852040183453,6.143484493055087e-05,1.7872567868338765e-11,0.00231462609731118,6.581998504468578e-11,0.000452906661264582,3.026399996985847e-09,1.3634740836415499e-05,1.0153786672842272e-09,6.91201869110484e-11,3.198366440737569e-05,7.75026681276489e-06,0.006957249976647581,0.0016774785521862466,0.0003648845541883387,7.067355826815142e-07,8.480262083131525e-09,4.024464435705981e-08,9.520953237988832e-08,1.4263189890250575e-10,9.629888579171957e-07,2.58822534147581e-05,1.9777801218857423e-07,0.00045971056663380905,7.1728185093129444e-09,1.2264690687678939e-05,3.819480786814729e-08,9.289256853919932e-06,4.7214885790133927e-11,7.14086944087064e-11,8.671708784784834e-07,1.694676591353091e-07,2.1869584114446715e-12,1.5109131222204973e-10,1.803260391473525e-10
1.4442579271327074e-06,0.16628943999999996,0.8585084662769803,0.0,0.0,0.44282805549668597,0.0968256127654518,0.014710581416228259,6.043496924312118e-06,0.0021219557519949507,0.02304453863855594,0.012363259506310025,6.140779287083576e-05,1.801275929153771e-11,0.0023139910829045054,6.581055621108982e-11,0.00045307780435933855,3.026359714181156e-09,1.3638778274350318e-05,1.018625360574022e-09,6.932453904142443e-11,3.193144307481359e-05,7.777327101534471e-06,0.006955079558966333,0.0016687626116457023,0.00036532448591871335,7.03896649319847e-07,8.468611302554552e-09,4.022910538589372e-08,9.549660109589554e-08,1.435184059479037e-10,9.687698070617786e-07,2.600682582396764e-05,1.9832008797494317e-07,0.00046095541573438895,7.170997541386323e-09,1.2307514729880264e-05,3.83032175982003e-08,9.282778635529606e-06,4.7400404481258275e-11,7.159026274370473e-11,8.702978576382299e-07,1.6939664930438316e-07,2.194639194046739e-12,1.5113915072129017e-10,1.799984933900998e-10
1.4478571013869986e-06,0.16628943999999996,0.8585084662769803,0.0,0.0,0.4428371216505322,0.09679344442863898,0.014694401577666147,6.065944208357907e-06,0.0021283162585019645,0.02310621211878978,0.0123979844648838,6.138055799563818e-05,1.8153641636507567e-11,0.0023133540730071642,6.580075718276399e-11,0.00045324877624945887,3.0263105952508482e-09,1.3642604414269648e-05,1.0218726625304416e-09,6.95287034231093e-11,3.18790040854897e-05,7.804375440760254e-06,0.006952910052876189,0.0016600489542227333,0.0003657639238758406,7.010490073300768e-07,8.456968152739026e-09,4.021353832174425e-08,9.578270716628043e-08,1.4441371324189252e-10,9.746066182991257e-07,2.6132638006096772e-05,1.9886195681096422e-07,0.000462200212053776,7.169170245004937e-09,1.2350319862773252e-05,3.841158756910407e-08,9.276297626374764e-06,4.758611426785667e-11,7.177157687267987e-11,8.734236646341684e-07,1.6932512879663362e-07,2.202316897854484e-12,1.511846481380075e-10,1.7966619869032968e-10
1.4510963582158607e-06,0.16628943999999996,0.8585084662769803,0.0,0.0,0.44284527764145376,0.09676450543380076,0.01467985428046906,6.086098575572865e-06,0.0021340220769350735,0.02316171412307861,0.01242922479785542,6.135589242440741e-05,1.8281027504786528e-11,0.0023127790804511406,6.579162552509162e-11,0.0004534025051539609,3.0262589292399495e-09,1.3645867925815083e-05,1.0247957493613201e-09,6.971229061773835e-11,3.183162457754045e-05,7.828708657030566e-06,0.006950958273782861,0.0016522087862501356,0.00036615899761091884,6.98478775400083e-07,8.446495929672948e-09,4.0199504431890205e-08,9.603937459113071e-08,1.4522711318156357e-10,9.79908126618652e-07,2.624694214822547e-05,1.9934946119854923e-07,0.00046332048491908126,7.167520333879987e-09,1.2388828200689396e-05,3.8509086419675e-08,9.270462359040873e-06,4.775341597457924e-11,7.19345423656755e-11,8.762358791465162e-07,1.6926032949253658e-07,2.209224177281961e-12,1.512236011569036e-10,1.793630911760599e-10
1.4543356150447228e-06,0.16628943999999996,0.8585084662769803,0.0,0.0,0.4428534301025665,0.09673557828678515,0.014665320762031652,6.1062068117381675e-06,0.0021397101385397825,0.0232172122863451,0.012460453607605651,6.133108270484323e-05,1.8408974916265654e-11,0.002312202513208372,6.578220138993068e-11,0.0004535560964667213,3.02620028359839e-09,1.3648961489867242e-05,1.0277193192856447e-09,6.989572532273992e-11,3.1784071891023536e-05,7.853032060641316e-06,0.006949007227459946,0.001644370786276009,0.00036655367463482504,6.959016601076541e-07,8.436030049223071e-09,4.018544869006177e-08,9.629525303963126e-08,1.4604782745994605e-10,9.852560396762052e-07,2.6362275231773868e-05,1.998367967972317e-07,0.00046444071745806805,7.1658654197440985e-09,1.2427321010724775e-05,3.8606552825124545e-08,9.264624881385863e-06,4.792087156021528e-11,7.209730218192901e-11,8.790471264633461e-07,1.6919512724516467e-07,2.2161289228409378e-12,1.512606709002635e-10,1.7905617073666206e-10
1.457574871873585e-06,0.16628943999999996,0.8585084662769803,0.0,0.0,0.44286157887160676,0.09670666298545287,0.014650801010258233,6.126268457355009e-06,0.002145380347291512,0.023272706675542928,0.012491670863503194,6.130613066801787e-05,1.853748476621736e-11,0.00231162439068869,6.57724882180335e-11,0.00045370955069801573,3.026134741096766e-09,1.3651885679632665e-05,1.0306433676245395e-09,7.007900734727938e-11,3.173634750122012e-05,7.87734558956339e-06,0.006947056911260087,0.0016365351039187334,0.00036694795646616843,6.933177419929525e-07,8.425570586333382e-09,4.017137151822445e-08,9.65503381853834e-08,1.4687594638675557e-10,9.906509185332305e-07,2.6478649254733532e-05,2.00323963058131e-07,0.0004655609108128554,7.164205559901534e-09,1.246579819470469e-05,3.870398667207568e-08,9.258785217052819e-06,4.8088480595011837e-11,7.225985643167687e-11,8.818573983265267e-07,1.691295270391462e-07,2.223031115895214e-12,1.51295863560317e-10,1.7874545346254364e-10
1.4604902030195607e-06,0.16628943999999996,0.8585084662769803,0.0,0.0,0.44286890947343704,0.09668064934048544,0.014637744994178433,6.1442837254908665e-06,0.0021504681921747574,0.023322648454169332,0.012519756490034334,6.128355365099124e-05,1.8653625254416403e-11,0.0023111027665371335,6.576350205265261e-11,0.00045384754272161554,3.026069923744722e-09,1.3654373110638988e-05,1.0332754163181023e-09,7.024383047229703e-11,3.169324996122595e-05,7.899219272088139e-06,0.006945302248754429,0.0016294850943407676,0.00036730247347037837,6.909864656992388e-07,8.41616261785176e-09,4.0158684086669636e-08,9.677923299132004e-08,1.4762766016877259e-10,9.955469359973499e-07,2.658428594596695e-05,2.0076226745533415e-07,0.000466569052269796,7.162707504331011e-09,1.250041421984981e-05,3.879164920329971e-08,9.25352766901533e-06,4.8239459570350116e-11,7.240597958879751e-11,8.843858022394902e-07,1.6907015067518368e-07,2.2292408920182548e-12,1.5132593718297588e-10,1.7846257498159246e-10
1.4634055341655365e-06,0.16628943999999996,0.8585084662769803,0.0,0.0,0.4428762368364077,0.0966546452870657,0.0146247001105242,6.162260553007929e-06,0.0021555414300079064,0.02337258727839779,0.012547832711030353,6.126086413108211e-05,1.877022269121468e-11,0.002310579912032241,6.575428698583675e-11,0.0004539854244899846,3.025999645411947e-09,1.3656724234683338e-05,1.0359078453570997e-09,7.040852963915692e-11,3.1650015606020616e-05,7.921084862355974e-06,0.006943548173593454,0.0016224371904320766,0.00036765667267967645,6.886498026752461e-07,8.406759960639702e-09,4.014597993799151e-08,9.700747863082144e-08,1.4838551383889251e-10,1.0004818786656916e-06,2.6690784681326796e-05,2.012004338437483e-07,0.0004675771637346205,7.161205529571373e-09,1.2535017439494469e-05,3.887928518816148e-08,9.248268385965506e-06,4.839056217860301e-11,7.255193640831298e-11,8.869134035296914e-07,1.6901045951615467e-07,2.235448572394003e-12,1.5135449994445238e-10,1.781766459947329e-10
1.4663208653115123e-06,0.16628943999999996,0.8585084662769803,0.0,0.0,0.44288356084356617,0.09662865082348157,0.014611666350517924,6.180198609525601e-06,0.0021605999922335076,0.023422523196615773,0.01257589950436493,6.123806340229737e-05,1.8887277725159885e-11,0.0023100558409047543,6.574484545421275e-11,0.000454123196370842,3.0259239646631973e-09,1.36589394733794e-05,1.038540651358387e-09,7.057310471494914e-11,3.160664550545593e-05,7.942942316732546e-06,0.006941794683865111,0.0016153914995289962,0.0003680105551768026,6.863078112651213e-07,8.39736266720195e-09,4.01332593721688e-08,9.723507201278045e-08,1.4914957620224916e-10,1.0054561739614428e-06,2.679815460370543e-05,2.016384618228063e-07,0.0004685852460298496,7.1596996761354335e-09,1.2569607784577611e-05,3.89668945444547e-08,9.243007384961892e-06,4.8541788106979184e-11,7.269772697200662e-11,8.894401963666984e-07,1.68950457084345e-07,2.241654143867526e-12,1.5138155640193703e-10,1.778876783871705e-10
1.469236196457488e-06,0.16628943999999996,0.8585084662769803,0.0,0.0,0.442890881378369,0.0966026659479734,0.01459864370539454,6.198097566124546e-06,0.002165643810750173,0.02347245625707194,0.012603956847967748,6.121515274601321e-05,1.9004791003505797e-11,0.0023095305667559934,6.573517987216803e-11,0.00045426085873055336,3.0258429395142455e-09,1.3661019249484078e-05,1.0411738309468202e-09,7.073755556865262e-11,3.15631407276037e-05,7.964791592074638e-06,0.00694004177766281,0.0016083481284285476,0.00036836412203689284,6.83960549698138e-07,8.38797078938605e-09,4.0120522686830766e-08,9.746201006594419e-08,1.4991991703742768e-10,1.0104702553352303e-06,2.69064049856393e-05,2.020763509915763e-07,0.0004695932999747019,7.15818998414597e-09,1.260418518681494e-05,3.9054477190089675e-08,9.237744683007565e-06,4.8693137042744885e-11,7.284335136206391e-11,8.919661749788259e-07,1.688901468675574e-07,2.2478575934169993e-12,1.5140711112577368e-10,1.7759568409271327e-10
1.4721515276034638e-06,0.16628943999999996,0.8585084662769803,0.0,0.0,0.44289819832467503,0.09657669065873412,0.014585632166401503,6.215957095351627e-06,0.002170672817912526,0.023522386507873503,0.012632004719820454,6.119213343110085e-05,1.9122763172213423e-11,0.0023090041030592134,6.572529263203795e-11,0.00045439841193412896,3.025756627436784e-09,1.3662963986878766e-05,1.0438073807548743e-09,7.090188207110118e-11,3.151950233875507e-05,7.986632645725545e-06,0.006938289453085331,0.0016013071833926526,0.00036871737432752233,6.816080760891421e-07,8.378584378390029e-09,4.010777017728568e-08,9.768828973890808e-08,1.5069660711233115e-10,1.0155245623663267e-06,2.701554523153143e-05,2.0251410094875766e-07,0.0004706013263850383,7.156676493339837e-09,1.263874957869195e-05,3.914203304307924e-08,9.23248029705033e-06,4.8844608673231043e-11,7.298880966103305e-11,8.944913336525842e-07,1.6882953231945398e-07,2.254058908152659e-12,1.5143116869925857e-10,1.7730067509373242e-10
1.4750668587494396e-06,0.16628943999999996,0.8585084662769803,0.0,0.0,0.44290551156673974,0.09655072495390946,0.014572631724798705,6.233776871224823e-06,0.002175686946531154,0.023572313996983632,0.012660043097952557,6.116900671405044e-05,1.9241194875952084e-11,0.0023084764631609504,6.57151861042922e-11,0.0004545358563452226,3.0256650853637265e-09,1.3664774110550831e-05,1.046441297422311e-09,7.106608409494973e-11,3.147573140342008e-05,8.008465435510237e-06,0.006936537708236744,0.0015942687701523837,0.0003690703131087492,6.792504484385109e-07,8.369203484770919e-09,4.009500213654944e-08,9.7913908000099e-08,1.514797181980009e-10,1.0206195408624318e-06,2.71255848799266e-05,2.029517112927648e-07,0.00047160932607330687,7.155159243072616e-09,1.2673300893457376e-05,3.9229562021522274e-08,9.227214243982958e-06,4.899620268592924e-11,7.313410195177089e-11,8.970156667321351e-07,1.6876861685989456e-07,2.2602580753161135e-12,1.5145373371845641e-10,1.770026634198728e-10
1.4779821898954154e-06,0.16628943999999996,0.8585084662769803,0.0,0.0,0.44291282098920814,0.09652476883159831,0.014559642371858434,6.2515565692381085e-06,0.002180686129872552,0.023622238772218845,0.012688071960437333,6.114577383909422e-05,1.9360086758100436e-11,0.0023079476602823417,6.570486263771989e-11,0.00045467319232612925,3.0255683696948087e-09,1.3666450046575198e-05,1.0490755775957942e-09,7.123016151464053e-11,3.143182898432764e-05,8.030289919731513e-06,0.006934786541226301,0.0015872329939122399,0.0003694229394331408,6.768877246340761e-07,8.359828158450468e-09,4.0082218855374645e-08,9.813886183780025e-08,1.522693230908389e-10,1.0257556429779993e-06,2.7236533605811197e-05,2.033891816214276e-07,0.00047261729984848886,7.1536382723219e-09,1.2707839065115667e-05,3.931706404359621e-08,9.221946540643413e-06,4.9147918768315693e-11,7.327922831745128e-11,8.995391686187531e-07,1.6870740387527213e-07,2.2664550822783283e-12,1.5147481079197513e-10,1.7670166114850683e-10
1.4808975210413912e-06,0.16628943999999996,0.8585084662769803,0.0,0.0,0.44292012647710816,0.09649882228985286,0.014546664098865328,6.2692958663663226e-06,0.0021856703016590773,0.023672160881246528,0.012716091285387664,6.112243603832861e-05,1.9479439460747407e-11,0.002307417707520442,6.569432455961403e-11,0.0004548104202377837,3.025466536301365e-09,1.3667992222096067e-05,1.0517102179284887e-09,7.139411420636973e-11,3.138779614242572e-05,8.052106057165674e-06,0.00693303595016836,0.0015801999593544535,0.0003697752543458137,6.745199624518221e-07,8.350458448722155e-09,4.006942062227851e-08,9.836314826014936e-08,1.53065495630363e-10,1.0309333273229936e-06,2.7348401222966444e-05,2.0382651153195216e-07,0.00047362524851604453,7.152113619691115e-09,1.2742364028420124e-05,3.94045390275435e-08,9.216677203815072e-06,4.929975660782514e-11,7.34241888415312e-11,9.020618337702892e-07,1.6864589671884526e-07,2.2726499165385057e-12,1.5149440454076503e-10,1.7639768040514072e-10
1.483812852187367e-06,0.16628943999999996,0.8585084662769803,0.0,0.0,0.4429274279158438,0.09647288532667897,0.014533696897116321,6.2869944410699986e-06,0.0021906393960688855,0.023722080371582296,0.01274410105095189,6.109899453183516e-05,1.9599253624693126e-11,0.0023068866178495274,6.568357417595465e-11,0.00045494754043975873,3.0253596405313287e-09,1.3669401065308777e-05,1.0543452150796962e-09,7.155794204805378e-11,3.134363393688174e-05,8.073913807057523e-06,0.006931285933182292,0.0015731697706433342,0.0003701272588844809,6.721472195554484e-07,8.341094404260222e-09,4.00566077235707e-08,9.858676429511102e-08,1.538683107119429e-10,1.03615305906519e-06,2.7461197686382008e-05,2.0426370062109144e-07,0.0004746331728778582,7.150585323414353e-09,1.2776875718866748e-05,3.949198689165274e-08,9.211406250226918e-06,4.9451715892020266e-11,7.356898360768153e-11,9.045836567006404e-07,1.685840987110683e-07,2.2788425657237465e-12,1.5151251959794885e-10,1.7609073336164837e-10
1.4867281833333428e-06,0.16628943999999996,0.8585084662769803,0.0,0.0,0.44293472519118854,0.09644695794003623,0.014520740757920569,6.30465197330017e-06,0.0021955933477358844,0.023771997290587564,0.012772101235309578,6.107545052780012e-05,1.9719529889449684e-11,0.002306354404122376,6.567261377159084e-11,0.00045508455329026405,3.0252477372148195e-09,1.367067700544183e-05,1.0569805657144871e-09,7.172164491929614e-11,3.1299343425083476e-05,8.095713129116766e-06,0.006929536488392374,0.001566142531429646,0.00037047895407947334,6.697695534986321e-07,8.33173607312483e-09,4.004378044338235e-08,9.880970699050743e-08,1.5467784431118018e-10,1.0414153100575594e-06,2.757493309469756e-05,2.047007484847913e-07,0.0004756410737321848,7.149053421359421e-09,1.2811374072686848e-05,3.9579407554251794e-08,9.2061336965538e-06,4.960379630838072e-11,7.37136126998039e-11,9.071046319792245e-07,1.6852201313991666e-07,2.2850330175868745e-12,1.5152916060859697e-10,1.757808322367296e-10
1.4896435144793186e-06,0.16628943999999996,0.8585084662769803,0.0,0.0,0.44294201818927836,0.09642104012783839,0.014507795672599435,6.322268144503145e-06,0.0022005320917496754,0.023821911685467073,0.012800091816667268,6.105180522263305e-05,1.9840268893241918e-11,0.0023058210790715414,6.56614456104217e-11,0.0004552214591461443,3.0251308806688645e-09,1.3671820472739052e-05,1.059616266503289e-09,7.188522270135399e-11,3.12549256626402e-05,8.11750398351399e-06,0.006927787613927714,0.0015591183448550136,0.0003708303409537761,6.673870217261159e-07,8.322383502768337e-09,4.003093906369367e-08,9.90319734140219e-08,1.5549417350434843e-10,1.046720558956185e-06,2.7689617692702416e-05,2.0513765471809617e-07,0.0004766489518735974,7.14751795103126e-09,1.2845859026840182e-05,3.966680093369531e-08,9.200859559416596e-06,4.975599754421796e-11,7.385807620200578e-11,9.0962475423046e-07,1.6845964326121023e-07,2.2912212600051735e-12,1.5154433222952323e-10,1.7546798929701544e-10
1.4925588456252943e-06,0.16628943999999996,0.8585084662769803,0.0,0.0,0.44294930679660466,0.09639513188795348,0.014494861632486415,6.3398426376252605e-06,0.0022054555636554945,0.023871823603266354,0.012828072773254219,6.102805980108436e-05,1.9961471273008073e-11,0.002305286655310611,6.565007193557614e-11,0.00045535825836287835,3.0250091247020568e-09,1.3672831898441915e-05,1.0622523141214976e-09,7.20486752771052e-11,3.121038170338408e-05,8.139286330875494e-06,0.00692603930792214,0.0015520973135563743,0.0003711814205230797,6.649996815727155e-07,8.313036740044912e-09,4.0018083864360685e-08,9.925356065315905e-08,1.5631737647933038e-10,1.0520692913245804e-06,2.7805261873904674e-05,2.0557441891543554e-07,0.0004776568080929328,7.1459789495770475e-09,1.2880330519009336e-05,3.9754166948342766e-08,9.19558385538246e-06,4.990831928694845e-11,7.400237419851106e-11,9.12144018133251e-07,1.6839699229893296e-07,2.2974072809804937e-12,1.5155803912913355e-10,1.7515221685466012e-10
1.4954741767712701e-06,0.16628943999999996,0.8585084662769803,0.0,0.0,0.44295659090000716,0.09636923321820424,0.014481938628927087,6.357375137117604e-06,0.002210363699454162,0.023921733090869375,0.012856044083318051,6.100421543636125e-05,2.008313766440038e-11,0.0023047511453354453,6.563849496959149e-11,0.0004554949512945773,3.0248825226200616e-09,1.3673711714771986e-05,1.0648887052490986e-09,7.221200253101512e-11,3.116571259937201e-05,8.161060132279907e-06,0.006924291568514115,0.0015450795396704587,0.0003715321937957964,6.626075902659154e-07,8.303695831215254e-09,4.000521512314398e-08,9.947446581528021e-08,1.5714753256212893e-10,1.0574619997705903e-06,2.7921876183122772e-05,2.0601104067021473e-07,0.0004786646431772401,7.144436453789028e-09,1.2914788487592454e-05,3.984150551655213e-08,9.190306600964998e-06,5.006076122385239e-11,7.414650677368534e-11,9.146624184204755e-07,1.6833406344554938e-07,2.3035910686369367e-12,1.5157028598720113e-10,1.7483352726762703e-10
1.498389507917246e-06,0.16628943999999996,0.8585084662769803,0.0,0.0,0.44296387038666685,0.09634334411636808,0.014469026653279073,6.374865328940731e-06,0.0022152564356020202,0.02397164019499611,0.012884005725120414,6.098027329024313e-05,2.020526870178562e-11,0.0023042145615254123,6.562671691459118e-11,0.0004556315382939838,3.024751127230373e-09,1.3674460354913535e-05,1.0675254365702615e-09,7.237520434910387e-11,3.112091940088775e-05,8.182825349254565e-06,0.006922544393846633,0.0015380651248383041,0.00037188266177309214,6.602108049275935e-07,8.294360821951802e-09,3.999233311573691e-08,9.969468602761729e-08,1.579847222413299e-10,1.0628991840754313e-06,2.8039471319134854e-05,2.0644751957462432e-07,0.00047967245790972684,7.142890500107394e-09,1.2949232871696292e-05,3.992881655666942e-08,9.185027812624497e-06,5.021332304188096e-11,7.42904740120266e-11,9.17179949878481e-07,1.6827085986231827e-07,2.309772611219274e-12,1.5158107749465512e-10,1.745119329419305e-10
1.5013048390632217e-06,0.16628943999999996,0.8585084662769803,0.0,0.0,0.4429711451440985,0.09631746458017756,0.014456125696911988,6.392312900569339e-06,0.002220133709010886,0.024021544962200096,0.012911957676932574,6.0956234513195617e-05,2.032786501824551e-11,0.002303676916144604,6.561473995246102e-11,0.0004557680197124705,3.024614990846624e-09,1.3675078252996292e-05,1.0701625047729278e-09,7.253828061891319e-11,3.107600315644434e-05,8.204581943770111e-06,0.006920797782067128,0.0015310541702098224,0.0003722328254489419,6.578093825722642e-07,8.285031757349174e-09,3.997943811579059e-08,9.991421843721685e-08,1.5882902717624414e-10,1.0683813512989866e-06,2.8158058137415265e-05,2.068838552200775e-07,0.0004806802530697074,7.14134112462576e-09,1.2983663611131149e-05,4.001609998700272e-08,9.179747506768123e-06,5.0366004428072426e-11,7.443427599805021e-11,9.196966073465818e-07,1.6820738467960276e-07,2.3159518970936524e-12,1.5159041835344997e-10,1.7418744632839585e-10
1.5042201702091975e-06,0.16628943999999996,0.8585084662769803,0.0,0.0,0.44297841506014335,0.09629159460732069,0.014443235751207376,6.409717540996928e-06,0.00222499545704799,0.024071447438866155,0.012939899917030958,6.093210024448349e-05,2.0450927245577157e-11,0.0023031382213430365,6.560256624502463e-11,0.00045590439590003897,3.0244741652939554e-09,1.3675565844078316e-05,1.0727999065484148e-09,7.270123122947373e-11,3.103096491278695e-05,8.226329878237238e-06,0.006919051731327362,0.0015240467764484017,0.00037258268581014245,6.554033801099267e-07,8.275708681928652e-09,3.996653039494215e-08,1.0013306021097899e-07,1.5968053022509e-10,1.0739090159263807e-06,2.827764765289119e-05,2.073200471967593e-07,0.0004816880294325506,7.139788363093873e-09,1.3018080646403799e-05,4.0103355725816e-08,9.174465699750114e-06,5.051880506930384e-11,7.457791281631892e-11,9.222123857165633e-07,1.681436409971783e-07,2.3221289147451723e-12,1.5159831327634422e-10,1.7386007992238978e-10
1.5068439682405757e-06,0.16628943999999996,0.8585084662769803,0.0,0.0,0.44298495375275593,0.09626831980645292,0.014431644207076084,6.425344755385601e-06,0.0022293577046894955,0.024116357747654877,0.012965039611650318,6.091029868993408e-05,2.0562082125116307e-11,0.002302652508717885,6.559144346181299e-11,0.0004560270447845863,3.0243434555008116e-09,1.3675893623876686e-05,1.0751738506188878e-09,7.284777924977841e-11,3.099032704787998e-05,8.245895584200953e-06,0.006917480763826403,0.001517743249414348,0.00037289730161101916,6.532341088565139e-07,8.267323071138367e-09,3.99549027927164e-08,1.0032942498819207e-07,1.604531068298158e-10,1.0789232456906617e-06,2.838614475746656e-05,2.0771249679897595e-07,0.0004825950127251794,7.138388011913846e-09,1.3049044212474835e-05,4.018186214690295e-08,9.16971080341499e-06,5.065642735021738e-11,7.470704480427743e-11,9.244758304406088e-07,1.680860446533012e-07,2.327686281878034e-12,1.5160418633537278e-10,1.7356299830128467e-10
1.509467766271954e-06,0.16628943999999996,0.8585084662769803,0.0,0.0,0.44299148835193597,0.0962450527482287,0.014420061568343972,6.440936720245564e-06,0.002233707281398338,0.02416126627211293,0.012990171406347539,6.0888421515932934e-05,2.067361536194781e-11,0.002302165964511103,6.558016459793535e-11,0.0004561496089676975,3.024209026169238e-09,1.3676116526570078e-05,1.0775480597975942e-09,7.299422531851961e-11,3.094959197063721e-05,8.265454218641335e-06,0.006915910247932538,0.0015114427605374028,0.0003732116732298794,6.510612150731801e-07,8.258942378847471e-09,3.9943265300221965e-08,1.0052522603430188e-07,1.6123164415562774e-10,1.0839751370034149e-06,2.8495471360634603e-05,2.0810482939572007e-07,0.0004835019819765178,7.136984972297669e-09,1.3079996588140914e-05,4.0260346011933e-08,9.164954716191258e-06,5.07941457450325e-11,7.483604313654147e-11,9.267385553486474e-07,1.6802823552821748e-07,2.333241794289192e-12,1.5160889546266016e-10,1.7326360338360588e-10
1.5120915643033322e-06,0.16628943999999996,0.8585084662769803,0.0,0.0,0.442998018776568,0.09622179343087064,0.014408487828752809,6.456493212027082e-06,0.002238044142461222,0.02420617304569493,0.013015295285278887,6.086646953017555e-05,2.0785527413983672e-11,0.0023016785973477573,6.556873118836957e-11,0.00045627208870167125,3.0240709140830743e-09,1.3676234871177389e-05,1.0799225316778675e-09,7.314056935776397e-11,3.090876044047615e-05,8.285005755053809e-06,0.006914340182307009,0.001505145382208925,0.0003735258013713299,6.488847400329247e-07,8.250566636347623e-09,3.993161811140449e-08,1.0072046132519482e-07,1.620162051781088e-10,1.0890650808710354e-06,2.860563583496566e-05,2.0849704468569444e-07,0.0004844089377434063,7.135579269607026e-09,1.3110937731454205e-05,4.0338807261165374e-08,9.160197449891985e-06,5.093196002521765e-11,7.496490787468478e-11,9.290005568238576e-07,1.6797021581931705e-07,2.3387954438281626e-12,1.5161244411554035e-10,1.729619043714663e-10
1.5147153623347105e-06,0.16628943999999996,0.8585084662769803,0.0,0.0,0.4430045449457318,0.09619854185257282,0.01439692298205209,6.472014008188429e-06,0.0022423682434635234,0.024251078101738956,0.01304041123259267,6.0844443533283684e-05,2.089781873829351e-11,0.0023011904157810006,6.555714475536089e-11,0.00045639448423790416,3.023929155717752e-09,1.3676248977284828e-05,1.0822972638542186e-09,7.328681129047351e-11,3.08678332156635e-05,8.304550167214375e-06,0.006912770565613653,0.0014988511865127784,0.00037383968673531987,6.46704724946375e-07,8.242195874565207e-09,3.991996141896094e-08,1.0091512884984858e-07,1.6280685373197602e-10,1.0941934735368162e-06,2.8716646664867034e-05,2.0888914236599486e-07,0.0004853158805799683,7.1341709289842865e-09,1.3141867600906772e-05,4.041724583480873e-08,9.155439016296003e-06,5.1069869961430914e-11,7.509363908033967e-11,9.312618312826339e-07,1.6791198770466948e-07,2.3443472224175726e-12,1.5161483575790234e-10,1.726579105013991e-10
1.5173391603660887e-06,0.16628943999999996,0.8585084662769803,0.0,0.0,0.4430110667786979,0.09617529801150061,0.014385367021998998,6.4874988871986005e-06,0.0022466795402892674,0.024295981473465265,0.013065519232426482,6.082234431886923e-05,2.1010489791104547e-11,0.0023007014282927407,6.554540680852253e-11,0.0004565167958268904,3.0237837872422185e-09,1.367615916503618e-05,1.0846722539220806e-09,7.343295104048651e-11,3.082681105331776e-05,8.324087429175106e-06,0.006911201396518836,0.0014925602452281696,0.00037415333001720834,6.445212109571425e-07,8.233830124071793e-09,3.990829541434928e-08,1.0110922661022664e-07,1.6360365450020194e-10,1.0993607165221344e-06,2.8828512448425717e-05,2.0928112213306962e-07,0.0004862228110375796,7.132759975357726e-09,1.3172786155429293e-05,4.049566167299018e-08,9.150679427148037e-06,5.120787532436518e-11,7.522223681501426e-11,9.335223751743041e-07,1.678535533431974e-07,2.3498971220561024e-12,1.5161607386018992e-10,1.723516310397217e-10
1.5197005785943292e-06,0.16628943999999996,0.8585084662769803,0.0,0.0,0.4430169326543452,0.0961543851683245,0.01437497425088143,6.501404386864727e-06,0.002250548723640267,0.02433639309528779,0.013088109624060417,6.0802393075235655e-05,2.1112218782895924e-11,0.002300260657443837,6.553471434963817e-11,0.0004566268046883879,3.023649898618783e-09,1.367598974885852e-05,1.086809963493564e-09,7.356438938703587e-11,3.078981056045116e-05,8.341664830293235e-06,0.0069097895259299874,0.0014869012396761655,0.00037443540256173173,6.425530907566136e-07,8.226305258265216e-09,3.989778820554518e-08,1.0128342580520184e-07,1.6432608948633337e-10,1.1040447884149292e-06,2.892992983838223e-05,2.0963380285611646e-07,0.0004870390383189013,7.13148790340846e-09,1.3200603146641624e-05,4.056621643897491e-08,9.146394818597517e-06,5.13321615515402e-11,7.53378607092572e-11,9.355562371336216e-07,1.6780078784589343e-07,2.354890418675395e-12,1.5161620474901768e-10,1.7207403302102657e-10
1.5220619968225696e-06,0.16628943999999996,0.8585084662769803,0.0,0.0,0.4430227948938388,0.09613347858941494,0.014364588668357733,6.515280454952407e-06,0.0022544074683763134,0.02437680340367362,0.013110693553791538,6.0782383731404625e-05,2.1214256055037753e-11,0.0022998192466960107,6.552390146010397e-11,0.00045673674593612197,3.02351314079816e-09,1.3675736652723391e-05,1.088947878257852e-09,7.369574485027715e-11,3.0752734330848956e-05,8.359236400422278e-06,0.00690837801584892,0.0014812449799979888,0.00037471728007972764,6.405821996210706e-07,8.218784497873608e-09,3.988727374583088e-08,1.0145716044501596e-07,1.650536092428551e-10,1.108760959000019e-06,2.903205323074535e-05,2.0998638759998622e-07,0.000487855256415658,7.130213752820774e-09,1.3228410910517478e-05,4.063675269689559e-08,9.14210929204963e-06,5.145652472136296e-11,7.545337658643961e-11,9.375895019413765e-07,1.677478585692516e-07,2.3598821811951327e-12,1.5161540662560118e-10,1.717945979926901e-10
1.52442341505081e-06,0.16628943999999996,0.8585084662769803,0.0,0.0,0.44302865343870346,0.09611257827337592,0.01435421026989278,6.529126932076177e-06,0.0022582557429572524,0.0244172124225902,0.01313327101002273,6.0762316851604983e-05,2.1316601938369135e-11,0.0022993772020872016,6.551296921457809e-11,0.0004568466197508263,3.0233735395221644e-09,1.3675400111136001e-05,1.0910859964629116e-09,7.382701737643244e-11,3.071558291407682e-05,8.376802121213259e-06,0.006906966865308417,0.0014755915178991824,0.00037499896306858606,6.386085674135816e-07,8.211267864453557e-09,3.987675217227466e-08,1.0163042910019403e-07,1.6578626276889008e-10,1.113509532346747e-06,2.9134889137067513e-05,2.103388761407594e-07,0.000488671465723974,7.128937541327034e-09,1.3256209418012276e-05,4.07072704029234e-08,9.13782285599582e-06,5.158096466575403e-11,7.556878449124706e-11,9.396221670764531e-07,1.6769476704802512e-07,2.364872403934036e-12,1.5161368203298034e-10,1.7151333277584816e-10
1.5267848332790504e-06,0.16628943999999996,0.8585084662769803,0.0,0.0,0.443034508230578,0.09609168421879304,0.014343839050956401,6.542943659520428e-06,0.0022620935160388134,0.02445762017592433,0.013155841981142781,6.074219299562191e-05,2.1419256763176264e-11,0.002298934529610252,6.550191867967719e-11,0.00045695642631264063,3.023231120337756e-09,1.3674980358943663e-05,1.093224316356665e-09,7.395820691225091e-11,3.0678356858954937e-05,8.394361974490583e-06,0.00690555607334276,0.001469940904892641,0.0003752804520227528,6.366322239508802e-07,8.203755379344501e-09,3.986622362115841e-08,1.0180323034971338e-07,1.6652409963087567e-10,1.1182908161842056e-06,2.9238444148210408e-05,2.1069126825456724e-07,0.0004894876666380967,7.127659286527492e-09,1.328399864036276e-05,4.0777769513136145e-08,9.133535518905452e-06,5.170548121762316e-11,7.56840844681238e-11,9.416542300386571e-07,1.6764151480482725e-07,2.369861081261621e-12,1.5161103351833273e-10,1.7123024419920722e-10
1.528589382858419e-06,0.16628943999999996,0.8585084662769803,0.0,0.0,0.44303897978192175,0.09607572161114263,0.014335918405225393,6.553481980405163e-06,0.00226501916893122,0.024488498151629155,0.013173085896710653,6.072677667767191e-05,2.1497912025439465e-11,0.0022985958284348373,6.549339499900685e-11,0.0004570402931154141,3.0231204026550785e-09,1.3674603648316422e-05,1.0948585134217398e-09,7.405840341258894e-11,3.064985946493002e-05,8.407776904251506e-06,0.00690447821485016,0.0014656247694452814,0.00037549542988186307,6.35120131874759e-07,8.198017294695875e-09,3.9858173289313246e-08,1.0193496573708536e-07,1.6709146523393273e-10,1.121966822387916e-06,2.9318067732199735e-05,2.1096049426976522e-07,0.0004901113859829304,7.126681102741448e-09,1.3305228343441901e-05,4.083163099065976e-08,9.130258617716466e-06,5.180068586363281e-11,7.577212172917715e-11,9.432066853206444e-07,1.676007130829243e-07,2.3736722856131425e-12,1.516083883658335e-10,1.7101268862385294e-10
1.5303939324377877e-06,0.16628943999999996,0.8585084662769803,0.0,0.0,0.4430434490816528,0.09605976265852276,0.014328001947475886,6.564002765747545e-06,0.0022679386572280733,0.0245193754127641,0.013190326013172082,6.0711327657775466e-05,2.157674804028187e-11,0.002298256766713556,6.548480332836111e-11,0.0004571241208291545,3.0230080654432863e-09,1.3674178587467028e-05,1.0964928264619353e-09,7.415855139477684e-11,3.062131904858892e-05,8.421188389072365e-06,0.006903400564762255,0.001461310350590044,0.00037571029493538554,6.336064871683509e-07,8.192281654209005e-09,3.985011902211215e-08,1.0206642672086803e-07,1.676619097011605e-10,1.1256622529377122e-06,2.939811815644002e-05,2.1122966374176357e-07,0.0004907351008292917,7.125701743662545e-09,1.3326452595012096e-05,4.0885481563412736e-08,9.126981199042079e-06,5.189593507293837e-11,7.586009600914983e-11,9.44758786404018e-07,1.6755981905570928e-07,2.377482581750631e-12,1.516052062986197e-10,1.707940753278163e-10
1.5321984820171564e-06,0.16628943999999996,0.8585084662769803,0.0,0.0,0.4430479161038538,0.09604380736028077,0.014320089675692099,6.574505945513579e-06,0.0022708519671729922,0.024550251969892068,0.013207562325325176,6.069584618057091e-05,2.165576495444359e-11,0.0022979173470683203,6.547614413435378e-11,0.0004572079095335502,3.0228941198768376e-09,1.3673705281590712e-05,1.0981272546949874e-09,7.425865083564909e-11,3.0592735853972355e-05,8.434596421047874e-06,0.006902323122649774,0.0014569976710912915,0.00037592504740045795,6.320913030916622e-07,8.186548467143378e-09,3.984206087948104e-08,1.0219761267703317e-07,1.6823545588328476e-10,1.1293772496505813e-06,2.9478598458276626e-05,2.114987765694223e-07,0.000491358811350862,7.124721216985749e-09,1.3347671382561719e-05,4.093932121170394e-08,9.12370326663586e-06,5.1991228770494647e-11,7.5948007327787e-11,9.463105321974123e-07,1.6751883338853463e-07,2.3812919672158966e-12,1.5160148845798235e-10,1.7057440738297018e-10
1.534003031596525e-06,0.16628943999999996,0.8585084662769803,0.0,0.0,0.44305238082264237,0.09602785571575781,0.014312181587859943,6.584991449899607e-06,0.0022737590850763897,0.02458112783354756,0.013224794827961154,6.0680332489224265e-05,2.173496291447596e-11,0.0022975775721061197,6.546741788092516e-11,0.00045729165930808666,3.0227785770658238e-09,1.3673183835992813e-05,1.099761797338427e-09,7.435870171220634e-11,3.056411012486943e-05,8.448000992331444e-06,0.006901245888083913,0.0014526867536498141,0.0003761396874932099,6.305745928915058e-07,8.180817742683696e-09,3.983399892109409e-08,1.0232852298447058e-07,1.6881212684679395e-10,1.133111955671395e-06,2.9559511703516317e-05,2.1176783265126454e-07,0.0004919825177206613,7.123739530360728e-09,1.3368884693671611e-05,4.0993149915812347e-08,9.120424824243904e-06,5.208656688113502e-11,7.603585570479591e-11,9.478619216164056e-07,1.674777567427298e-07,2.385100439566436e-12,1.5159723598650458e-10,1.7035368786861187e-10
1.5358075811758936e-06,0.16628943999999996,0.8585084662769803,0.0,0.0,0.44305684321217076,0.09601190772428897,0.014304277681967001,6.595459209332704e-06,0.002276659997315467,0.024612003014236467,0.013242023515863904,6.066478682543821e-05,2.1814342066741497e-11,0.0022972374444191123,6.54586250293565e-11,0.00045737537023204683,3.022661448056357e-09,1.367261435608735e-05,1.101396453609539e-09,7.44587040016124e-11,3.053544210481849e-05,8.461402095134677e-06,0.006900168860636315,0.0014483776209032989,0.00037635421542876675,6.290563698014436e-07,8.175089489940816e-09,3.982593320637516e-08,1.0245915702498519e-07,1.693919458752008e-10,1.136866515487182e-06,2.964086098674971e-05,2.1203683188549357e-07,0.0004926062201110435,7.122756691392341e-09,1.3390092516014739e-05,4.1046967655984504e-08,9.117145875604874e-06,5.2181949329620005e-11,7.612364115983773e-11,9.494129535834816e-07,1.674365897756257e-07,2.3889079963754168e-12,1.5159245002805158e-10,1.7013191987073957e-10
1.5376121307552623e-06,0.16628943999999996,0.8585084662769803,0.0,0.0,0.443061303246624,0.09599596338520319,0.014296377956002533,6.6059091544710965e-06,0.0022795546903342134,0.024642877522435876,0.013259248383809489,6.064920942946132e-05,2.1893902557413846e-11,0.0022968969665847216,6.544976603828495e-11,0.00045745904238451095,3.0225427438308608e-09,1.3671996947395668e-05,1.1030312227253177e-09,7.455865768119127e-11,3.0506732037107712e-05,8.47479972172705e-06,0.006899092039879074,0.0014440702954268039,0.000376568631421253,6.275366470419289e-07,8.169363717952222e-09,3.981786379450022e-08,1.0258951418329703e-07,1.6997493647160577e-10,1.1406410749424316e-06,2.972264943167791e-05,2.1230577416998342e-07,0.0004932299186936911,7.12177270764089e-09,1.3411294837355692e-05,4.11007744124331e-08,9.113866424449997e-06,5.227737604063091e-11,7.621136371252488e-11,9.509636270279875e-07,1.673953331405794e-07,2.3927146352315853e-12,1.515871317277552e-10,1.6990910648176927e-10
1.539416680334631e-06,0.16628943999999996,0.8585084662769803,0.0,0.0,0.44306576090022015,0.09598002269782333,0.014288482407957463,6.6163412162045806e-06,0.0022824431506434074,0.02467375136859391,0.013276469426565712,6.0633600540096954e-05,2.197364453247768e-11,0.0022965561411657323,6.54408413637179e-11,0.0004575426758443565,3.0224224753084924e-09,1.3671331715545021e-05,1.104666103902426e-09,7.465856272842419e-11,3.0477980164775813e-05,8.48819386443561e-06,0.0068980154253847166,0.001439764799733233,0.00037678293568379334,6.260154378204377e-07,8.163640435682536e-09,3.9809790744399775e-08,1.0271959384704191e-07,1.705611223611845e-10,1.1444357812545898e-06,2.980488019144198e-05,2.1257465940227084e-07,0.0004938536136396116,7.120787586622418e-09,1.3432491645550165e-05,4.1154570165335506e-08,9.110586474503085e-06,5.237284693876834e-11,7.629902338241831e-11,9.525139408860954e-07,1.6735398748699885e-07,2.39652035373918e-12,1.5158128223199845e-10,1.696852508007615e-10
1.5430257794933682e-06,0.16628943999999996,0.8585084662769803,0.0,0.0,0.4430746689618709,0.09594815227544261,0.014272703837597546,6.637151414176271e-06,0.002288201319510181,0.024735497116432144,0.013310900015537041,6.060228922924751e-05,2.2133673518773342e-11,0.002295873457752472,6.542279677506538e-11,0.0004577098270006884,3.02217728873581e-09,1.3669858205397276e-05,1.1079361993053594e-09,7.485822683654559e-11,3.042035197716079e-05,8.514971667795439e-06,0.00689586281347684,0.0014311593874385968,0.00037721120986655254,6.229686127573803e-07,8.152201375797172e-09,3.979363396403144e-08,1.0297891825595168e-07,1.7174317604634594e-10,1.1520862302786982e-06,2.997068141725202e-05,2.131122582986433e-07,0.0004951009933018963,7.118813962628935e-09,1.3474868674375011e-05,4.1262128581025423e-08,9.104025093091492e-06,5.2563920994403566e-11,7.647415415179214e-11,9.556134856216882e-07,1.6727103170226612e-07,2.40412902020252e-12,1.5156799424580105e-10,1.6923442499174115e-10
1.5466348786521055e-06,0.16628943999999996,0.8585084662769803,0.0,0.0,0.4430835671914873,0.09591629645160908,0.014256941954847946,6.657889255012978e-06,0.002293934397337752,0.02479724034074887,0.013345315240736726,6.057085477475451e-05,2.2294430189724067e-11,0.0022951894143924114,6.540449485941464e-11,0.0004578768243280067,3.0219259744409517e-09,1.3668194672728562e-05,1.1112067335433411e-09,7.505769614885896e-11,3.0362559481322536e-05,8.541735444969906e-06,0.006893711021501134,0.001422561562897844,0.00037763903966213884,6.199160000178437e-07,8.140772380563757e-09,3.9777463331894996e-08,1.0323712541111737e-07,1.7293830127154287e-10,1.1598190683591367e-06,3.0138290490886e-05,2.1364962774780688e-07,0.0004963483604522761,7.116835878665454e-09,1.3517223507138103e-05,4.136964274370861e-08,9.097461761013032e-06,5.275517089160011e-11,7.664903362330433e-11,9.587115794146135e-07,1.6718772753862877e-07,2.4117339769057334e-12,1.5155259526497096e-10,1.6877946736770993e-10
1.5502439778108428e-06,0.16628943999999996,0.8585084662769803,0.0,0.0,0.4430924553839013,0.09588445522068915,0.014241196743695825,6.678554194211184e-06,0.002299642278616685,0.02485898112406561,0.01337971505996062,6.053929903593019e-05,2.245591570639711e-11,0.0022945040310703955,6.538593917162902e-11,0.0004580436684500294,3.0216686175386732e-09,1.3666341966230826e-05,1.1144777003332452e-09,7.525697049057298e-11,3.030460461266812e-05,8.568485136615798e-06,0.006891560046052279,0.00141397150402599,0.0003780664267397947,6.168577048088301e-07,8.12935351912761e-09,3.9761279310839625e-08,1.03494210518603e-07,1.7414669609784372e-10,1.1676355242880845e-06,3.0307733731891606e-05,2.1418676691697212e-07,0.0004975957164340278,7.114853393294859e-09,1.355955604991435e-05,4.1477112493375745e-08,9.09089650779313e-06,5.294659602394709e-11,7.682366195128845e-11,9.618082139958857e-07,1.6710408005164475e-07,2.4193352052312095e-12,1.5153509450407223e-10,1.6832040295802578e-10
1.55385307696958e-06,0.16628943999999996,0.8585084662769803,0.0,0.0,0.44310133333438695,0.09585262857695423,0.014225468188154738,6.699145691011782e-06,0.0023053248589061863,0.024920719548421642,0.01341409943082588,6.05076238498142e-05,2.2618131226828332e-11,0.0022938173275459657,6.536713322587477e-11,0.0004582103599872273,3.0214053021678344e-09,1.366430093616064e-05,1.1177490933823836e-09,7.545604968912791e-11,3.0246489302689398e-05,8.595220684281143e-06,0.006889409883730842,0.001405389387790463,0.0003784933727529774,6.137938321435201e-07,8.117944859515997e-09,3.9745082360014535e-08,1.0375016883114299e-07,1.7536856239335878e-10,1.1755368503836984e-06,3.0479037964003513e-05,2.1472367496706865e-07,0.0004988430625791802,7.112866564397945e-09,1.3601866210189211e-05,4.1584537669303544e-08,9.084329362840202e-06,5.313819578345087e-11,7.699803928897161e-11,9.649033812019406e-07,1.670200942359872e-07,2.426932686800609e-12,1.5151550119624663e-10,1.6785725689757825e-10
1.5574621761283174e-06,0.16628943999999996,0.8585084662769803,0.0,0.0,0.4431102008386309,0.09582081651458133,0.014209756272264515,6.719663208413238e-06,0.0023109820348341634,0.024982455695367917,0.013448468310755059,6.047583103144992e-05,2.27810779060187e-11,0.002293129323356263,6.53480804960719e-11,0.0004583768995568226,3.021136111503215e-09,1.3662072434296866e-05,1.121020906387044e-09,7.565493357410009e-11,3.0188215478991566e-05,8.621942030395523e-06,0.0068872605311429014,0.0013968153902271822,0.00037891987933942264,6.107244868461678e-07,8.106546468653568e-09,3.9728872934944767e-08,1.0400499564815111e-07,1.766041059223442e-10,1.183524323037401e-06,3.065223052678218e-05,2.1526035105244324e-07,0.0005000904002083677,7.110875449181894e-09,1.3644153896843391e-05,4.169191811000339e-08,9.077760355446179e-06,5.33299695604363e-11,7.717216578837911e-11,9.67997072973407e-07,1.6693577502619331e-07,2.4345264034720584e-12,1.5149382459274304e-10,1.67390054426932e-10
1.5610712752870547e-06,0.16628943999999996,0.8585084662769803,0.0,0.0,0.4431190576927054,0.09578901902765395,0.014194060980091145,6.74010621318478e-06,0.0023166137040973225,0.02504418964596109,0.01348282165695987,6.04439223741576e-05,2.294475689593054e-11,0.002292440037818885,6.532878441634145e-11,0.00045854328777278873,3.020861127767188e-09,1.3659657313898797e-05,1.1242931330309996e-09,7.585362197710675e-11,3.0129785065323316e-05,8.64864911826051e-06,0.006885111984899685,0.00138824968645686,0.00037934594812120525,6.076497735571512e-07,8.095158412377596e-09,3.971265148760685e-08,1.0425868631573147e-07,1.778535364366682e-10,1.191599243275418e-06,3.0827339287548857e-05,2.1579679432054641e-07,0.0005013377306306812,7.108880104188597e-09,1.3686419020137694e-05,4.179925365316908e-08,9.071189514787032e-06,5.3521916743443834e-11,7.734604160023776e-11,9.710892813538881e-07,1.6685112729740322e-07,2.4421163373373738e-12,1.5147007396245303e-10,1.6691882089256975e-10
1.564680374445792e-06,0.16628943999999996,0.8585084662769803,0.0,0.0,0.4431279036930381,0.09575723611016287,0.014178382295726683,6.7604741758796055e-06,0.0023222197654612846,0.025105921480757493,0.013517159426424716,6.0411899649804254e-05,2.310916934548332e-11,0.002291749490034708,6.530924838144848e-11,0.0004587095252458484,3.0205804322412777e-09,1.365705642966484e-05,1.1275657669839953e-09,7.605211473171004e-11,3.007119998160862e-05,8.675341892040252e-06,0.0068829642416171925,0.0013796924507015601,0.00037977158070479826,6.045697967381816e-07,8.083780755452988e-09,3.969641846650438e-08,1.0451123622669013e-07,1.7911706776974728e-10,1.1997629373354317e-06,3.1004392653641924e-05,2.1633300391161428e-07,0.000502585055143521,7.10688058530288e-09,1.3728661491698112e-05,4.190654413562373e-08,9.064616869923274e-06,5.371403671912546e-11,7.75196668738779e-11,9.741799984887632e-07,1.6676615586609048e-07,2.4497024707193243e-12,1.5144425859145147e-10,1.6644358174718626e-10
1.5682894736045292e-06,0.16628943999999996,0.8585084662769803,0.0,0.0,0.4431367386363835,0.09572546775600663,0.014162720203289143,6.780766570848136e-06,0.0023278001187607466,0.02516765127980726,0.013551481575889862,6.037976460907031e-05,2.3274316400549152e-11,0.0022910576988906845,6.528947574724107e-11,0.0004588756125834743,3.0202941052775833e-09,1.3654270637691651e-05,1.1308388019002076e-09,7.625041167332111e-11,3.001246214398025e-05,8.70202029675215e-06,0.006880817297915815,0.001371143856301528,0.0003801967786811302,6.014846606776883e-07,8.07241356158713e-09,3.968017431674394e-08,1.0476264082054873e-07,1.8039491793310166e-10,1.208016757259278e-06,3.118341958501311e-05,2.168689789583443e-07,0.0005038323750324472,7.104876947760622e-09,1.3770881224501097e-05,4.2013789393265265e-08,9.05804244980048e-06,5.390632887213836e-11,7.769304175713466e-11,9.77269216623997e-07,1.666808654907835e-07,2.457284786168914e-12,1.5141638778254217e-10,1.6596436255003477e-10
1.5718985727632665e-06,0.16628943999999996,0.8585084662769803,0.0,0.0,0.4431455623197924,0.09569371395899262,0.014147074686922403,6.800982876251305e-06,0.0023333546648996654,0.025229379122648322,0.013585788061834355,6.034751898171294e-05,2.3440199203947807e-11,0.0022903646830625866,6.526946983108546e-11,0.0004590415503898872,3.0200022263100645e-09,1.36513007954339e-05,1.1341122314166729e-09,7.644851263910351e-11,2.9953573464815117e-05,8.728684278257695e-06,0.006878671150419943,0.0013626040757322825,0.00038062154362563907,5.983944694963712e-07,8.061056893444465e-09,3.966391948011066e-08,1.0501289558355874e-07,1.8168730921556323e-10,1.2163620815018184e-06,3.136444960716616e-05,2.174047185855648e-07,0.0005050796915710303,7.102869246156726e-09,1.3813078132859022e-05,4.21209892610113e-08,9.05146628324981e-06,5.409879258503644e-11,7.786616639624746e-11,9.803569281049637e-07,1.6659526087277775e-07,2.464863266462692e-12,1.5138647085480958e-10,1.6548118896733708e-10
1.5755076719220038e-06,0.16628943999999996,0.8585084662769803,0.0,0.0,0.443154374540581,0.09566197471283762,0.014131445730796107,6.821122574073929e-06,0.002338883305851489,0.025291105088300632,0.013620078840458563,6.031516447682622e-05,2.3606818895441348e-11,0.0022896704610177294,6.524923391229676e-11,0.00045920733926605605,3.0197048738656952e-09,1.3648147761664431e-05,1.1373860491516871e-09,7.664641746787647e-11,2.9894535852771367e-05,8.755333783253404e-06,0.006876525795757568,0.0013540732806219852,0.0003810458770983238,5.952993271529258e-07,8.049710812660924e-09,3.9647654395144127e-08,1.0526199604871803e-07,1.8299446828516465e-10,1.2248003155561463e-06,3.154751282443961e-05,2.1794022190989546e-07,0.0005063270060207022,7.100857534452975e-09,1.3855252132405856e-05,4.222814357274258e-08,9.044888398988504e-06,5.4291427238159216e-11,7.80390409357586e-11,9.834431253752824e-07,1.6650934665683817e-07,2.4724378946001063e-12,1.51354517143175e-10,1.6499408677274823e-10
1.579116771080741e-06,0.16628943999999996,0.8585084662769803,0.0,0.0,0.44316317509629977,0.09563025001116864,0.01411583331910557,6.841185150138105e-06,0.0023443859446594215,0.025352829255260226,0.013654353867666412,6.0282702783098206e-05,2.3774176611728426e-11,0.002288975051017653,6.522877123256598e-11,0.00045937297980969724,3.019402125575499e-09,1.3644812396435058e-05,1.1406602487031743e-09,7.684412600001736e-11,2.9835351212827394e-05,8.781968759261874e-06,0.0068743812305598765,0.001345551641769088,0.00038146978064379375,5.921993374499484e-07,8.038375379858148e-09,3.963137949721437e-08,1.0550993779578857e-07,1.8431662629382044e-10,1.2333328925957716e-06,3.173263993364704e-05,2.1847548803940005e-07,0.000507574319630605,7.098841865985816e-09,1.3897403140083014e-05,4.233525216124538e-08,9.038308825620395e-06,5.448423220951786e-11,7.821166551840988e-11,9.865278009756693e-07,1.6642312743189407e-07,2.4800086538008615e-12,1.5132053599795924e-10,1.6450308184788385e-10
1.5827258702394784e-06,0.16628943999999996,0.8585084662769803,0.0,0.0,0.44317196378470125,0.09559853984752356,0.014100237436071686,6.861170094116714e-06,0.0023498624854367267,0.025414551701493412,0.01368861309904732,6.025013556906467e-05,2.3942273486438084e-11,0.002288278471120771,6.520808499638311e-11,0.0004595384726152746,3.0190940581854425e-09,1.3641295561037786e-05,1.143934823647029e-09,7.704163807736411e-11,2.9776021446322627e-05,8.808589154622997e-06,0.006872237451460844,0.0013370393291602784,0.0003818932557913161,5.890946040400258e-07,8.027050654657477e-09,3.9615095218597824e-08,1.0575671645131574e-07,1.856540189849153e-10,1.2419612741345392e-06,3.191986223809207e-05,2.1901051607323155e-07,0.00050882163363744,7.096822293473952e-09,1.393953107412544e-05,4.244231485815282e-08,9.031727591636424e-06,5.4677206874679096e-11,7.838404028503835e-11,9.896109475427953e-07,1.6633660773172404e-07,2.4875755275023215e-12,1.5128453678444983e-10,1.640082001829085e-10
1.5863349693982157e-06,0.16628943999999996,0.8585084662769803,0.0,0.0,0.44318074040370686,0.09556684421535215,0.01408465806594084,6.881076899546987e-06,0.0023553128333670824,0.02547627250443095,0.013722856489857672,6.021746448336021e-05,2.4111110650123135e-11,0.002287580739184988,6.518717837145582e-11,0.00045970381827399836,3.0187807475672246e-09,1.3637598117966606e-05,1.1472097675354168e-09,7.72389535431165e-11,2.9716548451000372e-05,8.835194918485236e-06,0.006870094455096804,0.00132853651198874,0.00038231630405485915,5.8598523043202e-07,8.015736695693818e-09,3.959880198855372e-08,1.0600232768864982e-07,1.8700688680387264e-10,1.2506869507047393e-06,3.2109211661968226e-05,2.1954530510126863e-07,0.0005100689492653137,7.094798869025905e-09,1.3981635854047792e-05,4.25493314938848e-08,9.025144725415138e-06,5.487035060664611e-11,7.855616537447025e-11,9.926925578081637e-07,1.662497920356332e-07,2.4951384993569323e-12,1.512465288824738e-10,1.6350946787719037e-10
1.589944068556953e-06,0.16628943999999996,0.8585084662769803,0.0,0.0,0.4431895047513741,0.09553516310801657,0.014069095192984828,6.900905063844159e-06,0.0023607368947049755,0.025537991740962246,0.013757083995002051,6.0184691154965805e-05,2.4280689230253193e-11,0.002286881872870282,6.516605448912476e-11,0.00045986901737382515,3.0184622687289186e-09,1.363372093087979e-05,1.1504850738950483e-09,7.74360722417375e-11,2.9656934121052487e-05,8.861786000797075e-06,0.006867952238106024,0.0013200433586727145,0.0003827389269331347,5.828713199975395e-07,8.004433560629251e-09,3.95825002334004e-08,1.0624676722796915e-07,1.8837547501178265e-10,1.2595114425538365e-06,3.230072076515092e-05,2.2007985420374583e-07,0.0005113162677255869,7.092771644147397e-09,1.4023717400630928e-05,4.265630189758679e-08,9.018560255223207e-06,5.506366277573706e-11,7.872804092341327e-11,9.95772624596992e-07,1.6616268476912095e-07,2.5026975532296694e-12,1.5120652168597611e-10,1.6300691114002084e-10
1.5935531677156902e-06,0.16628943999999996,0.8585084662769803,0.0,0.0,0.44319825662586143,0.09550349651879228,0.014053548801500759,6.920654088315232e-06,0.0023661345767761414,0.02559970948742956,0.013791295569013977,6.01518171934538e-05,2.4451010351207128e-11,0.002286181889641256,6.514471644477458e-11,0.0004600340704994579,3.0181386958255124e-09,1.3629664864562724e-05,1.153760736225417e-09,7.763299401885345e-11,2.959718034716624e-05,8.888362352298549e-06,0.006865810797128263,0.0013115600368743964,0.0003831611259096368,5.797529759776178e-07,7.9931413061665e-09,3.9566190376592184e-08,1.0649003083630494e-07,1.897600338021852e-10,1.2684363003603771e-06,3.24944227583934e-05,2.2061416245087127e-07,0.0005125635902167169,7.0907406697486704e-09,1.4065775635908493e-05,4.2763225897067216e-08,9.01197420921592e-06,5.52571427494604e-11,7.889966706634736e-11,9.988511408271108e-07,1.66075290304541e-07,2.51025267319551e-12,1.5116452460260325e-10,1.6250055629139946e-10
1.5971622668744275e-06,0.16628943999999996,0.8585084662769803,0.0,0.0,0.44320699582539425,0.09547184444086874,0.014038018875810989,6.940323478172845e-06,0.0023715057879780655,0.025661425819622257,0.013825491166036331,6.011884418922957e-05,2.4622075134265172e-11,0.0022854808067696605,6.512316729824101e-11,0.0004601989782323455,3.0178101021693155e-09,1.362543078489125e-05,1.1570367479969995e-09,7.78297187211539e-11,2.9537289016573073e-05,8.914923924512907e-06,0.006863670128804326,0.0013030867135191584,0.000383582902452678,5.766303014895958e-07,7.981859988062229e-09,3.954987283879628e-08,1.067321143275691e-07,1.9116081842111469e-10,1.277463105969779e-06,3.269035151894211e-05,2.21148228902438e-07,0.0005138109179241049,7.088705996151688e-09,1.4107810483153717e-05,4.2870103318733696e-08,9.005386615437704e-06,5.545078989238702e-11,7.907104393541352e-11,1.00192809950787e-06,1.6598761296175267e-07,2.517803843536941e-12,1.511205470532926e-10,1.619904297628919e-10
1.6007713660331648e-06,0.16628943999999996,0.8585084662769803,0.0,0.0,0.4432157221482279,0.09544020686735023,0.014022505400263022,6.959912742549249e-06,0.0023768504377805243,0.025723140812770974,0.013859670739801318,6.0085773713770574e-05,2.4793884697600526e-11,0.0022847786413368776,6.510141007421423e-11,0.0004603637411506823,3.0174765602402507e-09,1.3621019558795556e-05,1.160313102649417e-09,7.802624619629052e-11,2.947726201309962e-05,8.941470669738398e-06,0.006861530229775604,0.0012946235548151328,0.00038400425801542344,5.735033995342131e-07,7.970589661140088e-09,3.9533548037970035e-08,1.0697301356258288e-07,1.925780892905188e-10,1.2865934731506487e-06,3.2888541606584635e-05,2.2168205260742447e-07,0.0005150582520199367,7.086667673097186e-09,1.4149821866866416e-05,4.297693398752749e-08,8.998797501822624e-06,5.5644603566020056e-11,7.924217166030112e-11,1.0050034937390633e-06,1.6589965700876366e-07,2.525351048741469e-12,1.5107459847186658e-10,1.6147655809855302e-10
1.6043804651919021e-06,0.16628943999999996,0.8585084662769803,0.0,0.0,0.4432244353926123,0.09540858379125662,0.014007008359229469,6.9794213945104355e-06,0.0023821684367261904,0.0257848545415419,0.013893834243610036,6.005260731986226e-05,2.4966440156270443e-11,0.0022840754102363835,6.507944776263837e-11,0.0004605283598294083,3.01713814169603e-09,1.3616432054224557e-05,1.163589793589563e-09,7.82225762927753e-11,2.9417101217220816e-05,8.968002541040144e-06,0.00685939109668361,0.0012861707262731435,0.00038442519403592137,5.703723730029262e-07,7.959330379303693e-09,3.951721638943874e-08,1.0721272444910928e-07,1.9401211213513046e-10,1.2958290483721222e-06,3.308902828014145e-05,2.222156326035866e-07,0.0005163055936630247,7.084625749751706e-09,1.4191809712760154e-05,4.3083717726856895e-08,8.992206896194887e-06,5.5838583128660604e-11,7.941305036813282e-11,1.0080773167098539e-06,1.6581142666236514e-07,2.5328942734991815e-12,1.510266883046332e-10,1.6095896795593048e-10
1.6079895643506394e-06,0.16628943999999996,0.8585084662769803,0.0,0.0,0.4432331353567537,0.09537697520552406,0.013991527737107934,6.998848951070373e-06,0.0023874596964312926,0.025846567080030976,0.013927981630311595,6.001934654183123e-05,2.5139742622206917e-11,0.0022833711301761717,6.505728331910698e-11,0.0004606928348402085,3.0167949173822123e-09,1.3611669140110836e-05,1.1668668141896855e-09,7.841870885987788e-11,2.935680850611523e-05,8.99451949224217e-06,0.006857252726169501,0.0012777283927270127,0.0003848457119371313,5.672373246854372e-07,7.948082195549317e-09,3.9500878305973465e-08,1.0745124294188664e-07,1.954631581129145e-10,1.3051715116029294e-06,3.3291847514413857e-05,2.22748967917039e-07,0.0005175529439986473,7.082580274714417e-09,1.4233773947749586e-05,4.319045435852902e-08,8.985614826269347e-06,5.603272793527129e-11,7.958368018334809e-11,1.0111495616977182e-06,1.6572292608875834e-07,2.5404335027003116e-12,1.50976826009991e-10,1.604376861071363e-10
1.6115986635093767e-06,0.16628943999999996,0.8585084662769803,0.0,0.0,0.4432418218387763,0.09534538110300583,0.013976063518320979,7.018194933205421e-06,0.002392724129586336,0.025908278501758142,0.013962112852281805,5.998599289577563e-05,2.531379320420679e-11,0.0022826658176811556,6.503491966525468e-11,0.0004608571667515134,3.0164469573421454e-09,1.3606731686336124e-05,1.1701441577854348e-09,7.861464374752215e-11,2.929638575372269e-05,9.021021477919507e-06,0.006855115114873589,0.0012692967183542477,0.0003852658131269492,5.640983572774675e-07,7.936845161978513e-09,3.948453419786968e-08,1.076885650426654e-07,1.9693150394919534e-10,1.3146225771328335e-06,3.349703601760399e-05,2.2328205756182533e-07,0.0005188003041583883,7.080531296023924e-09,1.4275714499937998e-05,4.3297143702679875e-08,8.979021319652025e-06,5.6227037337335096e-11,7.975406122758421e-11,1.0142202220673995e-06,1.656341594041731e-07,2.547968721432834e-12,1.509250210580405e-10,1.5991273943999878e-10
1.615207762668114e-06,0.16628943999999996,0.8585084662769803,0.0,0.0,0.44325049463668387,0.0953138014764732,0.013960615687316033,7.037458865868884e-06,0.0023979616499568875,0.025969988879661544,0.013996227861401355,5.9952547879792605e-05,2.5488593007921375e-11,0.002281959489095535,6.501235968914533e-11,0.0004610213561284978,3.016094330826797e-09,1.360162056369728e-05,1.1734218176738595e-09,7.881038080618182e-11,2.923583483080425e-05,9.047508453390427e-06,0.006852978259434844,0.0012608758666971269,0.00038568549899822976,5.609555733887559e-07,7.925619329810494e-09,3.946818447302612e-08,1.0792468680024729e-07,1.9841743207459263e-10,1.3241839944172447e-06,3.3704631249222024e-05,2.238149005394792e-07,0.0005200476752599711,7.078478861164921e-09,1.431763129860499e-05,4.3403785577703056e-08,8.972426403840613e-06,5.6421510682711945e-11,7.992419361955539e-11,1.0172892912698691e-06,1.6554513067547872e-07,2.55549991498008e-12,1.5087128293020058e-10,1.5938415495929276e-10
1.6188168618268513e-06,0.16628943999999996,0.8585084662769803,0.0,0.0,0.4432591535483183,0.09528223631861603,0.013945184228565334,7.056640278005751e-06,0.002403172172384424,0.026031698286091767,0.014030326609033554,5.991901297420312e-05,2.5664143135845577e-11,0.0022812521605851386,6.498960624565601e-11,0.0004611854035330819,3.015737106304476e-09,1.3596336643872819e-05,1.1766997871113684e-09,7.900591988677481e-11,2.917515760500452e-05,9.073980374708796e-06,0.006850842156490384,0.0012524660006841912,0.00038610477092880594,5.578090755513139e-07,7.914404749394386e-09,3.9451829537024166e-08,1.081596043105273e-07,1.999212307668714e-10,1.3338575489455977e-06,3.3914671438494276e-05,2.2434749583857285e-07,0.0005212950584070962,7.076423017074754e-09,1.4359524274194392e-05,4.35103798001766e-08,8.965830106224969e-06,5.661614731549095e-11,8.009407747492955e-11,1.0203567628413007e-06,1.654558439207865e-07,2.5630270688183785e-12,1.5081562111882995e-10,1.5885195978804957e-10
1.6224259609855885e-06,0.16628943999999996,0.8585084662769803,0.0,0.0,0.44326779837132013,0.09525068562204367,0.01392976912656588,7.0757387025676e-06,0.0024083556127872554,0.026093406792805984,0.014064409046001529,5.988538964177402e-05,2.5840444687306464e-11,0.0022805438481397376,6.496666215685744e-11,0.0004613493095239299,3.0153753514704365e-09,1.3590880799390011e-05,1.1799780593116368e-09,7.920126084055692e-11,2.91143559409165e-05,9.100437198656514e-06,0.006848706802674957,0.0012440672826521588,0.0003865236302815049,5.54658966227918e-07,7.903201470221325e-09,3.943546979320794e-08,1.0839331371653846e-07,2.0144319429682758e-10,1.3436450631342742e-06,3.4127195603287033e-05,2.2487984243425547e-07,0.0005225424546892706,7.074363810149916e-09,1.4401393358302287e-05,4.361692618478838e-08,8.959232454087637e-06,5.681094657583911e-11,8.026371290620277e-11,1.0234226304020524e-06,1.6536630311004537e-07,2.5705501686147177e-12,1.5075804512685604e-10,1.583161811689539e-10
1.6260350601443258e-06,0.16628943999999996,0.8585084662769803,0.0,0.0,0.44327642890308516,0.09521914937928577,0.013914370365839345,7.094753676527719e-06,0.0024135118881615097,0.026155114470962186,0.014098475122564954,5.9851679327937416e-05,2.6017498758451265e-11,0.002279834567575327,6.49435302123907e-11,0.00046151307465645044,3.015009133256381e-09,1.3585253903592461e-05,1.1832566274434753e-09,7.939640351901426e-11,2.905343170014881e-05,9.126878882736095e-06,0.006846572194620404,0.0012356798743682741,0.00038694207840416146,5.515053478208713e-07,7.89200954093636e-09,3.94191056427647e-08,1.0862581120849958e-07,2.0298362307834937e-10,1.353548397244833e-06,3.434224356956254e-05,2.2541193928777896e-07,0.0005237898651816402,7.07230128625238e-09,1.4443238483665272e-05,4.372342454425944e-08,8.95263347460437e-06,5.700590779984647e-11,8.043310002257141e-11,1.0264868876556611e-06,1.6527651216562878e-07,2.5780692002244253e-12,1.506985644674067e-10,1.5777684646582035e-10
1.6296441593030631e-06,0.16628943999999996,0.8585084662769803,0.0,0.0,0.4432850449407221,0.09518762758279296,0.01389898793093205,7.11368474089641e-06,0.0024186409165822065,0.026216821391113324,0.014132524788396189,5.9817883461007353e-05,2.6195306442234852e-11,0.0022791243345363856,6.492021316984013e-11,0.000461676699482796,3.0146385178398495e-09,1.3579456830608286e-05,1.1865354846286436e-09,7.959134777375457e-11,2.899238674139564e-05,9.153305385163326e-06,0.006844438328955125,0.0012273039370531073,0.0003873601166296279,5.483483226810277e-07,7.880829009350226e-09,3.940273748480613e-08,1.0885709302386624e-07,2.0454282382277025e-10,1.3635694503283564e-06,3.4559855991384354e-05,2.2594378534601117e-07,0.0005250372909448161,7.070235490715883e-09,1.448505958414885e-05,4.382987468926567e-08,8.946033194844628e-06,5.7201030319366467e-11,8.060223892980157e-11,1.0295495283878436e-06,1.6518647496291455e-07,2.585584149688867e-12,1.5063718866344987e-10,1.5723398316516498e-10
1.6332532584618004e-06,0.16628943999999996,0.8585084662769803,0.0,0.0,0.443293646281008,0.09515612022493776,0.013883621806414892,7.132531440736536e-06,0.0024237426172043952,0.026278527623201438,0.014166557992555917,5.978400345239398e-05,2.63738688284066e-11,0.002278413164498112,6.489671375510256e-11,0.00046184018455186287,3.01426357065351e-09,1.3573490455318799e-05,1.189814623939615e-09,7.978609345639705e-11,2.893122292050923e-05,9.179716664860069e-06,0.006842305202303505,0.0012189396314038212,0.0003877777462757809,5.451879931170888e-07,7.86965992245098e-09,3.938636571645023e-08,1.090871554473847e-07,2.061211096976655e-10,1.3737101611967242e-06,3.478007437148856e-05,2.2647537954093773e-07,0.0005262847330247027,7.06816646835211e-09,1.4526856594736001e-05,4.393627642835764e-08,8.939431641772084e-06,5.7396313461853336e-11,8.077112973009636e-11,1.0326105464655117e-06,1.6509619533085682e-07,2.593095003233175e-12,1.5057392724743746e-10,1.5668761887786017e-10
1.6368623576205377e-06,0.16628943999999996,0.8585084662769803,0.0,0.0,0.4433022327203439,0.09512462729801532,0.013868271976883305,7.151293325179274e-06,0.0024288169102643807,0.026340233236551776,0.014200574683468185,5.975004069681505e-05,2.6553187003496663e-11,0.0022777010727686236,6.487303466275312e-11,0.0004620035304092903,3.013884356394339e-09,1.3567355653327771e-05,1.1930940383972897e-09,7.998064041846148e-11,2.886994209057512e-05,9.206112681447135e-06,0.006840172811285362,0.0012105871176179136,0.0003881949686455251,5.420244614051829e-07,7.858502326415445e-09,3.93699907329038e-08,1.093159948111496e-07,2.0771880049021526e-10,1.3839725094216127e-06,3.500294108243736e-05,2.2700672078915037e-07,0.0005275321924523181,7.066094263456764e-09,1.4568629451515953e-05,4.404262956787837e-08,8.93282884224517e-06,5.7591756550194355e-11,8.09397725219599e-11,1.0356699358357915e-06,1.6500567705255176e-07,2.600601747263988e-12,1.5050878976095565e-10,1.561377813408895e-10
1.6401105468634013e-06,0.16628943999999996,0.8585084662769803,0.0,0.0,0.44330994760681913,0.09509629599580288,0.013854471049805389,7.168106134660927e-06,0.0024333602755003386,0.026395767816341877,0.014231175543301904,5.971940460758648e-05,2.6715220456014658e-11,0.0022770594146853374,6.485157205739252e-11,0.00046215042310336965,3.013539468100191e-09,1.356169105095085e-05,1.1960457408479973e-09,8.015556265533725e-11,2.8814690830305798e-05,9.229856013601027e-06,0.006838254285537785,0.0012030800692735214,0.0003885701216217508,5.391746295407331e-07,7.848470352192285e-09,3.9355250823888365e-08,1.0952090152912788e-07,2.0917358317944853e-10,1.3933142925377588e-06,3.520582118420653e-05,2.2748471073482886e-07,0.0005286549216094805,7.064226594185771e-09,1.4606204319173173e-05,4.41383056789107e-08,8.92688527906653e-06,5.776779151995301e-11,8.10913390657518e-11,1.0384219887853995e-06,1.6492400964975064e-07,2.6073542921672606e-12,1.5044856987608025e-10,1.5563998095684462e-10
1.643358736106265e-06,0.16628943999999996,0.8585084662769803,0.0,0.0,0.4433176501092171,0.09506797637061884,0.013840683298012463,7.184849558856072e-06,0.0024378813202574046,0.02645130200026044,0.0142617629465437,5.968870360334742e-05,2.6877867762542534e-11,0.002276417033226888,6.482996799165722e-11,0.00046229720386853324,3.013191221439334e-09,1.3555891372016676e-05,1.1989976553055383e-09,8.033032369948952e-11,2.8759347638693152e-05,9.253586922023307e-06,0.006836336350439389,0.001195582817843532,0.0003889449466760365,5.363223612955686e-07,7.838447754867271e-09,3.93405089147906e-08,1.0972481202902924e-07,2.106445911756286e-10,1.4027577418685127e-06,3.541091363792412e-05,2.2796249409066128e-07,0.0005297776663714995,7.062356414107534e-09,1.464375952631066e-05,4.4233942121111946e-08,8.920940747362905e-06,5.794395499315551e-11,8.124270486570693e-11,1.0411727133418535e-06,1.6484215466551804e-07,2.614103487840727e-12,1.5038684507790973e-10,1.5513941021295995e-10
1.6466069253491286e-06,0.16628943999999996,0.8585084662769803,0.0,0.0,0.4433253400781444,0.09503966841668884,0.013826908710325379,7.201523277598274e-06,0.002442379988639749,0.026506835837540405,0.014292336854168785,5.965793866699212e-05,2.7041129708413885e-11,0.0022757739392143786,6.480822436624934e-11,0.00046244387309578376,3.012839662083259e-09,1.3549957256222511e-05,1.2019497765655474e-09,8.050492344201761e-11,2.870391386120599e-05,9.277305378702112e-06,0.006834419003514162,0.001188095479171553,0.00038931944472708443,5.33467731201342e-07,7.828434566462556e-09,3.932576529007943e-08,1.0992772373557558e-07,2.1213207203813791e-10,1.4123043893706033e-06,3.5618251228510675e-05,2.2844007003271232e-07,0.0005309004274583399,7.060483754465166e-09,1.4681295028592101e-05,4.432953874837935e-08,8.914995266497451e-06,5.812024646600066e-11,8.139386998539115e-11,1.0439221052554288e-06,1.6476011476465464e-07,2.6208493247430587e-12,1.503236223398809e-10,1.546360895990466e-10
1.6498551145919923e-06,0.16628943999999996,0.8585084662769803,0.0,0.0,0.4433330173638416,0.09501137212818977,0.013813147275580992,7.218126973431157e-06,0.00244685622546453,0.026562369376995146,0.014322897226668796,5.9627110770975336e-05,2.720500707681234e-11,0.0022751301433646454,6.4786343062211e-11,0.00046259043117398625,3.012484835243061e-09,1.3543889343666257e-05,1.2049020993837892e-09,8.067936177366996e-11,2.864839084170237e-05,9.301011356067062e-06,0.006832502242281582,0.001180618168835628,0.0003896936166837618,5.306108137940323e-07,7.818430818495736e-09,3.931102023318089e-08,1.1012963410471896e-07,2.1363627810622714e-10,1.4219557964109582e-06,3.5827867368023265e-05,2.2891743772556806e-07,0.0005320232055797432,7.058608646177837e-09,1.4718810782379937e-05,4.442509541294454e-08,8.909048855765573e-06,5.8296665431232e-11,8.154483448558773e-11,1.0466701603266424e-06,1.646778925832385e-07,2.6275917934464935e-12,1.502589086405852e-10,1.5413003969273315e-10
1.653103303834856e-06,0.16628943999999996,0.8585084662769803,0.0,0.0,0.4433406818161527,0.09498308749925022,0.013799398982632133,7.234660331618468e-06,0.002451309976262872,0.02661790266701484,0.014353444024035308,5.95962208774302e-05,2.7369500648761652e-11,0.0022744856562914866,6.476432594112994e-11,0.0004627368784898669,3.0121267856745737e-09,1.3537688274829853e-05,1.2078546184746457e-09,8.085363858477434e-11,2.8592779922482256e-05,9.324704826985373e-06,0.0068305860642562536,0.0011731510021637174,0.00039006746344509715,5.277516836203795e-07,7.808436541986263e-09,3.929627402652836e-08,1.1033054062368624e-07,2.151574666077956e-10,1.4317135544369274e-06,3.603979610992335e-05,2.293945963221147e-07,0.0005331460014351143,7.056731119844119e-09,1.4756306744729171e-05,4.452061196531901e-08,8.90310153439522e-06,5.847321137807566e-11,8.169559842420902e-11,1.0494168744057013e-06,1.6459549072893774e-07,2.634330884635549e-12,1.5019271096357766e-10,1.5362128116057304e-10
1.6563514930777196e-06,0.16628943999999996,0.8585084662769803,0.0,0.0,0.4433483332844947,0.09495481452395108,0.01378566382034758,7.251123040154318e-06,0.0024557411872808974,0.026673435755562917,0.014383977205743003,5.956526993828481e-05,2.7534611203115473e-11,0.0022738404885068795,6.474217484534368e-11,0.00046288321542801303,3.011765557683462e-09,1.3531354690563027e-05,1.210807328509579e-09,8.102775376516718e-11,2.8537082444341882e-05,9.348385764758017e-06,0.006828670466947514,0.0011656940942494864,0.00039044098590026375,5.248904152446444e-07,7.798451767461717e-09,3.928152695161496e-08,1.1053044081102568e-07,2.1669589977458452e-10,1.441579285674158e-06,3.625407216370265e-05,2.2987154496302434e-07,0.0005342688157134075,7.054851205745222e-09,1.4793782873381321e-05,4.46160882542383e-08,8.897153321547195e-06,5.864988379208e-11,8.184616185620615e-11,1.0521622433919518e-06,1.645129117813199e-07,2.641066589105764e-12,1.5012503629718972e-10,1.5310983475939184e-10
1.6595996823205832e-06,0.16628943999999996,0.8585084662769803,0.0,0.0,0.4433559716178262,0.09492655319632583,0.01377194177761205,7.267514789773597e-06,0.0024601498054808183,0.026728968690172335,0.01441449673073242,5.953425889537754e-05,2.7700339516546725e-11,0.0022731946504221936,6.471989159814148e-11,0.0004630294423708726,3.0114011951302563e-09,1.3524889232067293e-05,1.213760224115552e-09,8.12017072041219e-11,2.84812997466298e-05,9.372054143115922e-06,0.006826755447859044,0.0011582475599684278,0.0003908141849285706,5.220270832555238e-07,7.788476524963965e-09,3.926677928904657e-08,1.1072933221665616e-07,2.1825184495914149e-10,1.4515546438372206e-06,3.647073090991437e-05,2.3034828277639708e-07,0.0005353916490930098,7.052968933848232e-09,1.483123912675839e-05,4.471152412660504e-08,8.891204236315482e-06,5.882668215496543e-11,8.199652483347671e-11,1.0549062632333377e-06,1.6443015829215806e-07,2.6477988977624097e-12,1.500558916343454e-10,1.5259572133819465e-10
1.6628478715634468e-06,0.16628943999999996,0.8585084662769803,0.0,0.0,0.44336359666461544,0.09489830351036119,0.013758232843326185,7.283835273962553e-06,0.0024645357785420775,0.026784501517941987,0.014445002557392282,5.9503188680571224e-05,2.7866686363536638e-11,0.0022725481523493828,6.469747800396468e-11,0.000463175559698753,3.011033741435341e-09,1.3518292540880287e-05,1.2167132998734108e-09,8.137549879027662e-11,2.8425433167304593e-05,9.395709936216243e-06,0.006824841004488468,0.0011508115139943248,0.0003911870613994524,5.191617622730817e-07,7.778510844055422e-09,3.9252031318592775e-08,1.1092721242191848e-07,2.1982557475136002e-10,1.4616413148530126e-06,3.668980841561033e-05,2.30824808877585e-07,0.0005365145022416226,7.051084333809335e-09,1.486867546395697e-05,4.4806919427430497e-08,8.885254297727546e-06,5.900360594460655e-11,8.214668740477092e-11,1.0576489299258553e-06,1.643472327857327e-07,2.654527801619243e-12,1.4998528397237934e-10,1.5207896183900621e-10
1.6660960608063105e-06,0.16628943999999996,0.8585084662769803,0.0,0.0,0.44337120827280724,0.0948700654599976,0.01374453700640653,7.300084188969549e-06,0.002468899054862554,0.026840034285532947,0.014475494643541507,5.94720602158661e-05,2.8033652516363346e-11,0.0022719010045021727,6.46749358486055e-11,0.0004633215677898212,3.010663239583899e-09,1.3511565258860396e-05,1.2196665503162342e-09,8.154912841156042e-11,2.8369484042994426e-05,9.419353118638685e-06,0.006822927134326938,0.0011433860708160292,0.0003915596161724482,5.162945269561042e-07,7.768554753825071e-09,3.923728331924114e-08,1.1112407903962967e-07,2.214173671033736e-10,1.471841017615776e-06,3.6911341450147954e-05,2.3130112236863105e-07,0.0005376373758161427,7.049197434976915e-09,1.490609184474241e-05,4.4902273999774804e-08,8.87930352474466e-06,5.918065463485163e-11,8.229664961559554e-11,1.0603902395130206e-06,1.6426413775913066e-07,2.661253291797278e-12,1.4991322031285938e-10,1.515595772984598e-10
1.6693442500491741e-06,0.16628943999999996,0.8585084662769803,0.0,0.0,0.4433788062897899,0.09484183903912961,0.013730854255785527,7.316261233816055e-06,0.0024732395835598245,0.026895567039164705,0.01450597294641076,5.944087441351145e-05,2.8201238745090153e-11,0.0022712532169972344,6.465226689940341e-11,0.00046346746702010245,3.0102897321308055e-09,1.3504708028171689e-05,1.2226199699276524e-09,8.172259595511912e-11,2.831345370905843e-05,9.442983665381859e-06,0.006821013834858722,0.0011359713447545627,0.0003919318500971842,5.134254520096402e-07,7.758608282894435e-09,3.9222535569253224e-08,1.1131992971413885e-07,2.230275054571314e-10,1.4821555047554775e-06,3.713536750139778e-05,2.317772223378369e-07,0.0005387602704625384,7.0473082663946254e-09,1.4943488229543092e-05,4.499758768468588e-08,8.873351936262215e-06,5.935782769530616e-11,8.244641150811611e-11,1.0631301880853348e-06,1.641808756825403e-07,2.6679753595235108e-12,1.4983970766141175e-10,1.5103758885052285e-10
1.6725924392920378e-06,0.16628943999999996,0.8585084662769803,0.0,0.0,0.4433863905623604,0.09481362424160653,0.013717184580411521,7.332366110307816e-06,0.0024775573144724984,0.02695109982461145,0.014536437422623588,5.940963217611612e-05,2.8369445817553313e-11,0.002270604799855341,6.462947290544028e-11,0.00046361325776347954,3.0099132612054628e-09,1.3497721491269193e-05,1.2255735531401195e-09,8.189590130723944e-11,2.8257343499650027e-05,9.466601551859749e-06,0.006819101103560771,0.001128567449980594,0.0003923037640133598,5.105546121924196e-07,7.748671459423624e-09,3.920778834621625e-08,1.1151476212138658e-07,2.246562788687563e-10,1.4925865634171855e-06,3.736192479240398e-05,2.3225310785963216e-07,0.0005398831868157252,7.045416856804495e-09,1.498086457944476e-05,4.5092860321136965e-08,8.867399551110037e-06,5.953512459138091e-11,8.259597312105684e-11,1.0658687717797564e-06,1.6409744899954232e-07,2.674693996129693e-12,1.4976475302754869e-10,1.5051301772679995e-10
1.6758406285349014e-06,0.16628943999999996,0.8585084662769803,0.0,0.0,0.44339396093668954,0.09478542106123265,0.013703527969248725,7.3483985230462265e-06,0.0024818521981616057,0.027006632687198183,0.014566888028177115,5.9378334396757734e-05,2.8538274499349466e-11,0.0022699557630025237,6.460655559773352e-11,0.00046375894039169235,3.0095338685166022e-09,1.349060629088446e-05,1.2285272943331429e-09,8.206904435327249e-11,2.820115474778218e-05,9.490206753898147e-06,0.006817188937902279,0.0011211745005322944,0.000392675358750717,5.076820823248488e-07,7.738744311117182e-09,3.919304192709869e-08,1.117085739689671e-07,2.263039821438544e-10,1.5031360160786257e-06,3.7591052298478624e-05,2.3272877799395735e-07,0.0005410061254994402,7.0435232346498815e-09,1.5018220856184961e-05,4.518809174596236e-08,8.861446388052736e-06,5.971254478410159e-11,8.274533448959863e-11,1.0686059867791735e-06,1.6401386012739817e-07,2.6814091930511444e-12,1.4968836342450107e-10,1.4998588525815093e-10
1.679088817777765e-06,0.16628943999999996,0.8585084662769803,0.0,0.0,0.44340151725828547,0.09475722949176817,0.013689884411277244,7.364358179439945e-06,0.002486124185912062,0.02706216567179691,0.014597324718422297,5.93469819590909e-05,2.8707725553822574e-11,0.002269306116271211,6.458351668942728e-11,0.000463904515274336,3.009151595357036e-09,1.3483363070011479e-05,1.231481187831481e-09,8.22420249775559e-11,2.8144888785394603e-05,9.513799247731219e-06,0.0068152773353442365,0.0011137926103335432,0.000393046635129017,5.04807937297289e-07,7.728826865229807e-09,3.91782965883111e-08,1.1190136299619225e-07,2.279709159776889e-10,1.5138057213833414e-06,3.782278976472468e-05,2.3320423178574055e-07,0.0005421290871261115,7.041627428078389e-09,1.5055557022147573e-05,4.5283281793791893e-08,8.855492465789987e-06,5.989008772978057e-11,8.289449564527459e-11,1.0713418293118852e-06,1.6393011145733426e-07,2.6881209418254783e-12,1.4961054586905302e-10,1.494562128788256e-10
1.6823370070206287e-06,0.16628943999999996,0.8585084662769803,0.0,0.0,0.44340905937195774,0.09472904952692925,0.013676253895493045,7.380244789716744e-06,0.0024903732297341993,0.027117698822822663,0.014627747448043706,5.931557573745415e-05,2.8877799742050496e-11,0.0022686558694013535,6.456035787598238e-11,0.00046404998277886075,3.008766482608356e-09,1.347599247189287e-05,1.2344352279032967e-09,8.241484306333482e-11,2.8088546943422992e-05,9.537379009998103e-06,0.006813366293338972,0.0011064218932125178,0.0003934175939580221,5.019322520779618e-07,7.718919148572254e-09,3.916355260575783e-08,1.120931269741592e-07,2.2965738708744577e-10,1.5245975749802916e-06,3.8057177724028885e-05,2.3367946826483945e-07,0.0005432520722967272,7.039729464944868e-09,1.5092873040357393e-05,4.537843029698404e-08,8.849537802956892e-06,6.006775288016238e-11,8.304345661586366e-11,1.0740762956510824e-06,1.6384620535482324e-07,2.6948292340914053e-12,1.495313073813797e-10,1.4892402212598296e-10
1.6855851962634923e-06,0.16628943999999996,0.8585084662769803,0.0,0.0,0.44341658712177895,0.09470088116038887,0.013662636410907984,7.396058066935557e-06,0.0024945992823653678,0.027173232184229623,0.014658156171038845,5.928411659697571e-05,2.9048497822831075e-11,0.0022680050320415444,6.453708083536405e-11,0.00046419534327057016,3.008378570745593e-09,1.3468495140006441e-05,1.2373894087582622e-09,8.258749849268165e-11,2.8032130551870392e-05,9.560946017739539e-06,0.0068114558093296815,0.001099062462920693,0.0003937882360374551,4.990551017216206e-07,7.709021187516973e-09,3.914881025489354e-08,1.1228386370582201e-07,2.3136370835816555e-10,1.5355135104080692e-06,3.8294257515524377e-05,2.3415448644536572e-07,0.0005443750816007022,7.0378293728142154e-09,1.5130168874474845e-05,4.5473537085556735e-08,8.843582418124279e-06,6.024553968225144e-11,8.319221742528137e-11,1.076809382114333e-06,1.637621441598614e-07,2.7015340615875738e-12,1.494506549848891e-10,1.4838933464087323e-10
1.6885085665820696e-06,0.16628943999999996,0.8585084662769803,0.0,0.0,0.44342334968602687,0.09467553954178391,0.013650391807387773,7.410227081802291e-06,0.002498383033789734,0.02722321242532538,0.014685512007477565,5.925575883262479e-05,2.920266014896391e-11,0.002267418781450627,6.451603178746117e-11,0.00046432607651734393,3.0080270899552107e-09,1.3461639715950694e-05,1.240048287062956e-09,8.274274920936809e-11,2.7981293158135054e-05,9.582145400932743e-06,0.006809736848686938,0.0010924487198661378,0.00039412154374091556,4.964644758185084e-07,7.700121385055134e-09,3.9135543761564825e-08,1.1245464667859762e-07,2.329166330827889e-10,1.5454455715767645e-06,3.850996567585261e-05,2.345818153344698e-07,0.0005453858110860177,7.036117492154985e-09,1.5163717838254987e-05,4.555909738684079e-08,8.838221969762621e-06,6.04056513550239e-11,8.33259310325213e-11,1.079267977129151e-06,1.636863583940442e-07,2.7075654372075058e-12,1.4937686474333806e-10,1.4790599917399665e-10
1.6914319369006468e-06,0.16628943999999996,0.8585084662769803,0.0,0.0,0.4434301003738371,0.09465020730796872,0.013638157742263323,7.424336261606829e-06,0.0025021480912301016,0.027273192903441275,0.014712856426165806,5.92273595153086e-05,2.935732899075406e-11,0.0022668320672125063,6.449488951965076e-11,0.0004644567236411732,3.007673403284644e-09,1.3454682628339776e-05,1.2427072703553413e-09,8.289786799001807e-11,2.79303974242563e-05,9.603334418507649e-06,0.006808018336064366,0.0010858442940923979,0.00039445459608564024,4.938727788813313e-07,7.691229524261804e-09,3.912227901301376e-08,1.1262459427150412e-07,2.344861320869814e-10,1.555481201399782e-06,3.8727919684597165e-05,2.3500896584811375e-07,0.0005463965610003893,7.03440392879512e-09,1.5197250398389037e-05,4.5644623632285556e-08,8.832860965020234e-06,6.056586070315406e-11,8.34594825371272e-11,1.0817254488741858e-06,1.6361045054885415e-07,2.7135939938678797e-12,1.4930194005140087e-10,1.4742067490401358e-10
1.694355307219224e-06,0.16628943999999996,0.8585084662769803,0.0,0.0,0.44343683906985143,0.09462488445424287,0.01362593420755727,7.438385403101023e-06,0.0025058944217493536,0.027323173649646267,0.01474018939205472,5.919891925698412e-05,2.9512504896569693e-11,0.0022662448961755866,6.447365521955728e-11,0.0004645872849038993,3.0073175394137747e-09,1.3447624346706156e-05,1.2453663542849282e-09,8.305285474589823e-11,2.787944431816661e-05,9.624513054548332e-06,0.006806300269577137,0.001079249268443216,0.00039478739363364804,4.912800658401269e-07,7.682345623474152e-09,3.91090162093502e-08,1.1279370494938222e-07,2.360724468740301e-10,1.5656218917753062e-06,3.894815142976114e-05,2.3543593723326893e-07,0.0005474073317489021,7.0326887022381705e-09,1.5230766529685432e-05,4.573011569282718e-08,8.827499417303079e-06,6.072616731305173e-11,8.359287194805799e-11,1.0841817947551175e-06,1.635344222783015e-07,2.7196197257489708e-12,1.4922588603524878e-10,1.46933377833419e-10
1.6972786775378012e-06,0.16628943999999996,0.8585084662769803,0.0,0.0,0.44344356565812915,0.09459957097587886,0.01361372119530267,7.4523743049259205e-06,0.0025096219928918244,0.02737315469469673,0.014767510869590094,5.917043866382269e-05,2.9668188413245605e-11,0.002265657275131063,6.445233006378478e-11,0.0004647177605659517,3.0069595267670877e-09,1.3440465340705044e-05,1.2480255344578654e-09,8.320770938729808e-11,2.78284348073775e-05,9.645681293394294e-06,0.0068045826473331975,0.0010726637257618705,0.0003951199369402708,4.886863917050885e-07,7.673469700755407e-09,3.909575555055068e-08,1.1296197719816663e-07,2.376758233896693e-10,1.5758691618030265e-06,3.917069337732366e-05,2.3586272872487112e-07,0.0005484181237286967,7.03097183180419e-09,1.526426620735691e-05,4.5815573437684454e-08,8.822137339975761e-06,6.08865707670451e-11,8.372609927145219e-11,1.0866370122054755e-06,1.6345827522035332e-07,2.725642627093606e-12,1.491487078227999e-10,1.46444124044144e-10
1.7002020478563784e-06,0.16628943999999996,0.8585084662769803,0.0,0.0,0.4434502800221214,0.09457426686812224,0.013601518697543013,7.4663027676196075e-06,0.0025133307726844588,0.027423136069033998,0.014794820822698703,5.9141918336269417e-05,2.982438008607356e-11,0.0022650692108135495,6.443091521802327e-11,0.0004648481508863469,3.006599393516321e-09,1.3433206080107328e-05,1.2506848064356833e-09,8.336243182347887e-11,2.7777369859027775e-05,9.666839119638678e-06,0.006802865467432957,0.0010660877489035907,0.0003954522265541591,4.860918115715138e-07,7.664601773898251e-09,3.908249723648747e-08,1.1312940952493714e-07,2.392965121033488e-10,1.5862245583389372e-06,3.939557858358881e-05,2.3628933954638476e-07,0.0005494289373288821,7.029253336631453e-09,1.5297749407017568e-05,4.590099673431396e-08,8.816774746361774e-06,6.104707064378584e-11,8.385916451055574e-11,1.0890910986863463e-06,1.6338201099708863e-07,2.7316626922064477e-12,1.4907041054363416e-10,1.4595292969622919e-10
1.7031254181749556e-06,0.16628943999999996,0.8585084662769803,0.0,0.0,0.44345698204464584,0.09454897212619212,0.013589326706332236,7.480170593625244e-06,0.002517020729638034,0.02747311780278182,0.01482211921477432,5.911335886910194e-05,2.998108045879259e-11,0.002264480709901713,6.440941183715387e-11,0.0004649784561226877,3.0062371675830553e-09,1.3425847034792801e-05,1.2533441657340276e-09,8.351702196262147e-11,2.772625043993351e-05,9.687986518126435e-06,0.006801148727968968,0.001059521420748227,0.0003957842630172543,4.834963806246039e-07,7.65574186042827e-09,3.9069241466939225e-08,1.1329600045797688e-07,2.409347680856858e-10,1.5966896565833523e-06,3.962284070784002e-05,2.367157689099696e-07,0.0005504397729304473,7.027533235678171e-09,1.5331216104680052e-05,4.598638544836298e-08,8.81141164974367e-06,6.120766651920736e-11,8.399206766564883e-11,1.0915440516860798e-06,1.6330563121485065e-07,2.7376799154534137e-12,1.489909993289097e-10,1.4545981101644847e-10
1.7060487884935329e-06,0.16628943999999996,0.8585084662769803,0.0,0.0,0.443463671607861,0.0945236867452814,0.013577145213734718,7.493977587299252e-06,0.0025206918327484134,0.027523099925743828,0.014849406008663479,5.9084760851488765e-05,3.013829007357884e-11,0.0022638917790188894,6.438782106535352e-11,0.0004651086765311617,3.0058728766412928e-09,1.34183886747435e-05,1.2560036078213551e-09,8.36714797117737e-11,2.7675077516638902e-05,9.709123473952501e-06,0.006799432427025608,0.0010529648242131816,0.0003961160468647104,4.809001541478066e-07,7.646889977606527e-09,3.9055988441664914e-08,1.1346174854682156e-07,2.4259085115428815e-10,1.6072660607573226e-06,3.9852514025213016e-05,2.371420160142838e-07,0.0005514506309061703,7.025811547723602e-09,1.5364666276752795e-05,4.607173944362155e-08,8.80604806336327e-06,6.136835796460224e-11,8.412480873397311e-11,1.0939958687199946e-06,1.6322913746439834e-07,2.7436942912609306e-12,1.4891047931128536e-10,1.449647843157431e-10
1.7086798217802525e-06,0.16628943999999996,0.8585084662769803,0.0,0.0,0.44346968146409677,0.09450093790213936,0.013566190840160936,7.5063517098113075e-06,0.0025239796802788337,0.027568084193560445,0.014873954175554462,5.905899015747914e-05,3.0280214575694835e-11,0.0022633613790292465,6.436831558860551e-11,0.00046522580258156007,3.005543271886547e-09,1.3411591625118309e-05,1.2583971727001253e-09,8.381037841478874e-11,2.7628976938253432e-05,9.72813779360135e-06,0.006797888129521607,0.001047072276438899,0.00039641443677790127,4.785629159163194e-07,7.63893016332672e-09,3.9044063230405534e-08,1.1361020001335176e-07,2.440967867211256e-10,1.6168813408239896e-06,4.006131041610681e-05,2.3752548190379572e-07,0.0005523604225156375,7.024260687056465e-09,1.5394757283057224e-05,4.614852824067685e-08,8.801220427785866e-06,6.151306161927398e-11,8.424413710648866e-11,1.0962015307676607e-06,1.631601969484901e-07,2.7491047903684786e-12,1.488370675122345e-10,1.44517642486694e-10
1.711310855066972e-06,0.16628943999999996,0.8585084662769803,0.0,0.0,0.44347568104539437,0.09447819663396755,0.013555244958274185,7.518676261308468e-06,0.0025272522095609613,0.02761306882179061,0.014898492889479089,5.9033189132058494e-05,3.042255239479657e-11,0.0022628306408354294,6.434874106263812e-11,0.00046534286031251593,3.005212036523278e-09,1.3404714854068786e-05,1.2607907975553794e-09,8.394916973619019e-11,2.758283450852508e-05,9.74714363230523e-06,0.006796344184252077,0.0010411877390081416,0.00039671262288101615,4.762251186195875e-07,7.630976879859269e-09,3.903214054949159e-08,1.1375796659113451e-07,2.4561757286443594e-10,1.6265893136626098e-06,4.027211402746675e-05,2.3790879890267364e-07,0.0005532702328033959,7.0227085694273136e-09,1.5424834868196545e-05,4.6225288701626326e-08,8.796392415790399e-06,6.165784201677788e-11,8.436333417751306e-11,1.0984062689180997e-06,1.6309116653235556e-07,2.7545129746044334e-12,1.4876276548510115e-10,1.4406898045226744e-10
1.7134188945706596e-06,0.16628943999999996,0.8585084662769803,0.0,0.0,0.4434804805636586,0.09445998131264706,0.013546481009869027,7.528515089276614e-06,0.0025298631611963356,0.02764911173140986,0.014918146985766545,5.901249519993798e-05,3.0536894974057893e-11,0.0022624051613063315,6.433300826093585e-11,0.0004654366002671715,3.0049454803766908e-09,1.3399147744621103e-05,1.2627086613876425e-09,8.406029474503357e-11,2.7545834493201714e-05,9.762365385430414e-06,0.006795107395869914,0.0010364787441711773,0.0003969513890786336,4.7435164988019917e-07,7.624609261649308e-09,3.902258976944403e-08,1.1387586540718194e-07,2.468469092643738e-10,1.6344352623511263e-06,4.044248044405033e-05,2.382158127386076e-07,0.0005539992056938718,7.021464081935371e-09,1.5448923969809655e-05,4.628677028948134e-08,8.792523845318899e-06,6.177389829432152e-11,8.445874263993825e-11,1.1001720838870058e-06,1.6303579379259043e-07,2.75884445313267e-12,1.4870259327463847e-10,1.4370841409181427e-10
1.715526934074347e-06,0.16628943999999996,0.8585084662769803,0.0,0.0,0.44348527338460764,0.09444177084999811,0.013537722506086487,7.538321935153186e-06,0.0025324642543802277,0.027685154896644085,0.014937794980795161,5.899178227825962e-05,3.065150333711306e-11,0.002261979470102831,6.431723206894913e-11,0.0004655302965759305,3.0046779001275626e-09,1.3393529853989257e-05,1.2646265597674659e-09,8.417135073796441e-11,2.7508808425501036e-05,9.777581682267432e-06,0.0067938708319678475,0.0010317749616889482,0.00039719002487204264,4.724778691441713e-07,7.618245849784821e-09,3.901304078229592e-08,1.1399332339017031e-07,2.4808601141554904e-10,1.6423421496316416e-06,4.0614166034231375e-05,2.3852273028290096e-07,0.000554728190866558,7.020218802886746e-09,1.5473004436798387e-05,4.6348233566722426e-08,8.78865504425741e-06,6.189000346459958e-11,8.455406680172055e-11,1.1019373037317237e-06,1.6298036464068129e-07,2.763174441077521e-12,1.4864185390767135e-10,1.4334688580398498e-10
1.7176349735780345e-06,0.16628943999999996,0.8585084662769803,0.0,0.0,0.443490059462852,0.09442356524417654,0.013528969443968244,7.548096728760774e-06,0.002535055478290304,0.02772119832813091,0.014957436859669057,5.897105057897356e-05,3.0766377684641324e-11,0.002261553569620208,6.430141289856364e-11,0.00046562394933252266,3.0044093057569737e-09,1.3387861358538133e-05,1.2665444909121606e-09,8.428233767802778e-11,2.7471756667628872e-05,9.792792517630715e-06,0.006792634491812676,0.0010270764227731466,0.0003974285304506938,4.706037973273025e-07,7.611886650317495e-09,3.900349366305247e-08,1.1411034003141498e-07,2.4933498495772206e-10,1.6503106274701253e-06,4.0787184721488866e-05,2.388295512136659e-07,0.0005554571884473274,7.01897273903578e-09,1.549707626095507e-05,4.640967847900636e-08,8.784786017505077e-06,6.200615736064943e-11,8.46493066564897e-11,1.103701927563636e-06,1.629248796481436e-07,2.7675029364455254e-12,1.4858054931086752e-10,1.4298440183684361e-10
1.719743013081722e-06,0.16628943999999996,0.8585084662769803,0.0,0.0,0.443494838752785,0.09440536449333158,0.013520221820558813,7.557839400451686e-06,0.0025376368222374047,0.02775724203641761,0.014977072607322731,5.8950300312593617e-05,3.088151821688374e-11,0.002261127462239647,6.428555115891512e-11,0.0004657175586302925,3.0041397071826345e-09,1.3382142434651686e-05,1.2684624530243042e-09,8.439325552788381e-11,2.743467958179603e-05,9.807997886399942e-06,0.006791398374668498,0.0010223831586651062,0.00039766690600215765,4.6872945538125453e-07,7.605531669231763e-09,3.899394848677977e-08,1.1422691482806225e-07,2.50593936972195e-10,1.658341356608077e-06,4.096155061555012e-05,2.391362752050808e-07,0.0005561861985596953,7.017725897090493e-09,1.5521139434175238e-05,4.647110497141587e-08,8.780916769950333e-06,6.212235981378419e-11,8.474446219694108e-11,1.1054659545010094e-06,1.628693393824859e-07,2.7718299372585556e-12,1.4851868141119616e-10,1.4262096846564438e-10
1.7218510525854095e-06,0.16628943999999996,0.8585084662769803,0.0,0.0,0.44349961120857606,0.09438716859560586,0.013511479632905565,7.567549881109742e-06,0.0025402082756658343,0.027793286031960553,0.014996702208517902,5.8929531688207795e-05,3.099692513364078e-11,0.002260701150328353,6.426964725640898e-11,0.00046581112456220056,3.0038691142593753e-09,1.3376373258731862e-05,1.2703804442914471e-09,8.450410424979621e-11,2.7397577530229873e-05,9.823197783519686e-06,0.006790162479796637,0.0010176952006386685,0.0003979051517121265,4.6685486429447115e-07,7.599180912445494e-09,3.8984405328600596e-08,1.1434304728310436e-07,2.518629759948756e-10,1.6664350066993834e-06,4.1137278015314725e-05,2.3944290192744927e-07,0.000556915221324803,7.016478283712887e-09,1.554519394845713e-05,4.653251298844879e-08,8.777047306470921e-06,6.223861065410141e-11,8.483953341481945e-11,1.1072293836689391e-06,1.6281374440723747e-07,2.7761554415537347e-12,1.4845625213591294e-10,1.4225659199245803e-10
1.723959092089097e-06,0.16628943999999996,0.8585084662769803,0.0,0.0,0.44350437678416504,0.09436897754913554,0.01350274287805872,7.5772281021521124e-06,0.0025427698281536883,0.027829330325124697,0.015016325647840242,5.89087449134892e-05,3.111259863427005e-11,0.0022602746362396643,6.425370159473934e-11,0.00046590464722082154,3.0035975367796197e-09,1.3370554007197537e-05,1.2722984628858154e-09,8.461488380562103e-11,2.7360450875186083e-05,9.838392203999119e-06,0.0067889268064555775,0.0010130125800030848,0.00039814326776441107,4.649800450935687e-07,7.592834385810578e-09,3.897486426369989e-08,1.1445873690539413e-07,2.5314221203958315e-10,1.6745922564516044e-06,4.131438141182553e-05,2.397494310471327e-07,0.0005576442568613932,7.01522990551922e-09,1.5569239795901217e-05,4.659390247400717e-08,8.77317763193396e-06,6.235490971046794e-11,8.493452030090183e-11,1.1089922141992933e-06,1.6275809528197542e-07,2.780479447383305e-12,1.4839326341254697e-10,1.4189127874229998e-10
1.7260671315927845e-06,0.16628943999999996,0.8585084662769803,0.0,0.0,0.4435091354332563,0.09435079135205028,0.013494011553071342,7.586873995531201e-06,0.0025453214694131712,0.027865374926182955,0.015035942909696108,5.888794019470642e-05,3.122853891768377e-11,0.0022598479223131674,6.423771457490841e-11,0.000465998126698345,3.003324984473852e-09,1.3364684856483537e-05,1.2742165069640099e-09,8.472559415679469e-11,2.7323299978960897e-05,9.853581142911695e-06,0.00678769135390088,0.0010083353281059478,0.00039838125434092826,4.6310501884473807e-07,7.586492095113484e-09,3.8965325367334915e-08,1.1457398320965827e-07,2.544317566216345e-10,1.6828137937691777e-06,4.149287549127975e-05,2.4005586222647974e-07,0.000558373305285793,7.013980769080269e-09,1.5593276968709714e-05,4.6655273371386295e-08,8.76930775119597e-06,6.247125681048791e-11,8.502942284498059e-11,1.1107544452306583e-06,1.6270239256235173e-07,2.784801952814499e-12,1.4832971716888831e-10,1.4152503506527627e-10
1.728175171096472e-06,0.16628943999999996,0.8585084662769803,0.0,0.0,0.44351388710931283,0.09433261000247342,0.013485285654999356,7.596487493736552e-06,0.0025478631892909324,0.027901419845315707,0.015055553978309221,5.886711773673412e-05,3.134474618234632e-11,0.0022594210108748164,6.422168659524534e-11,0.00046609156308657457,3.003051467011099e-09,1.3358765983039643e-05,1.2761345746667058e-09,8.483623526432246e-11,2.7286125203903376e-05,9.868764595394855e-06,0.006786456121385114,0.001003663476336162,0.0003986191116216917,4.612298066551651e-07,7.580154046075841e-09,3.8955788714842656e-08,1.14688785716512e-07,2.557317227818411e-10,1.691100315899115e-06,4.1672775138088776e-05,2.403621951237533e-07,0.0005591023667118911,7.012730880921594e-09,1.561730545918611e-05,4.671662562326365e-08,8.76543766910292e-06,6.258765178048484e-11,8.512424103584649e-11,1.1125160759082824e-06,1.6264663680012004e-07,2.789122955929408e-12,1.4826561533297533e-10,1.4115786733667972e-10
1.7302832106001595e-06,0.16628943999999996,0.8585084662769803,0.0,0.0,0.4435186317655497,0.09431443349852191,0.013476565180901559,7.606068529796778e-06,0.0025503949777684037,0.027937465092610164,0.015075158837717262,5.884627774306342e-05,3.1461220626271755e-11,0.0022589939042370415,6.420561805142519e-11,0.0004661849564769272,3.00277699399939e-09,1.3352797563329642e-05,1.278052664118342e-09,8.494680708876633e-11,2.7248926912427964e-05,9.883942556649735e-06,0.006785221108157782,0.0009989970561269698,0.00039885683978480604,4.5935442967448944e-07,7.573820244355e-09,3.8946254381648626e-08,1.1480314395247362e-07,2.5704222511098076e-10,1.6994525295794212e-06,4.185409543799625e-05,2.4066842939305777e-07,0.0005598314412511177,7.011480247523794e-09,1.5641325259734692e-05,4.677795917168752e-08,8.761567390490275e-06,6.270409444547531e-11,8.521897486127081e-11,1.1142771053840222e-06,1.625908285431623e-07,2.7934424548248497e-12,1.482009598330826e-10,1.4078978195720284e-10
1.732391250103847e-06,0.16628943999999996,0.8585084662769803,0.0,0.0,0.4435233693549277,0.09429626183830657,0.0134678501278396,7.615617037281516e-06,0.0025529168249621504,0.027973510678059855,0.015094757471768425,5.8825420415812325e-05,3.157796244702113e-11,0.002258566604698863,6.418950933648783e-11,0.0004662783069604337,3.0025015749862237e-09,1.3346779773830383e-05,1.2799707734268035e-09,8.505730959023303e-11,2.7211705467027217e-05,9.899115021940861e-06,0.006783986313465234,0.0009943360989590237,0.0003990944390064588,4.574789090962904e-07,7.56749069554458e-09,3.8936722443275275e-08,1.1491705744997927e-07,2.5836337977470613e-10,1.707871151190251e-06,4.203685168125369e-05,2.4097456468426504e-07,0.0005605605290124222,7.010228875322748e-09,1.566533636286009e-05,4.683927395806538e-08,8.757696920183026e-06,6.282058462914562e-11,8.531362430798771e-11,1.1160375328162877e-06,1.6253496833551503e-07,2.7977604476122307e-12,1.4813575259770863e-10,1.4042078535345143e-10
1.7344992896075345e-06,0.16628943999999996,0.8585084662769803,0.0,0.0,0.44352809983014746,0.09427809501993192,0.013459140492878002,7.6251329503034304e-06,0.002555428721124223,0.02800955661156397,0.015114349864117931,5.880454595573604e-05,3.1694971841700065e-11,0.0022581391145460074,6.417336084085661e-11,0.00046637161462773785,3.00222521945904e-09,1.3340712791030917e-05,1.2818889006831042e-09,8.51677427283617e-11,2.71744612302848e-05,9.914281986595871e-06,0.006782751736550594,0.0009896806363635096,0.00039933190946091045,4.55603266159593e-07,7.561165405175038e-09,3.892719297535089e-08,1.150305257473985e-07,2.596953045388869e-10,1.7163569069076392e-06,4.222105936584917e-05,2.4128060064294005e-07,0.0005612896301022527,7.008976770709883e-09,1.5689338761166818e-05,4.6900569923152327e-08,8.753826262995745e-06,6.293712215382669e-11,8.54081893616762e-11,1.1177973573699854e-06,1.6247905671739567e-07,2.8020769324174262e-12,1.4806999555556491e-10,1.4005088397831431e-10
1.736607329111222e-06,0.16628943999999996,0.8585084662769803,0.0,0.0,0.4435328231436427,0.0942599330414964,0.013450436273084164,7.634616203520225e-06,0.0025579306566425306,0.028045602902926826,0.015133935998224452,5.8783654562237104e-05,3.1812249006955875e-11,0.0022577114360510164,6.415717295235692e-11,0.00046646487956909576,3.0019479368456736e-09,1.3334596791431584e-05,1.2838070439610644e-09,8.527810646231166e-11,2.713719456488875e-05,9.92944344600523e-06,0.006781517376653676,0.0009850306999253044,0.0003995692513204855,4.5372752215039984e-07,7.55484437871422e-09,3.891766605361815e-08,1.1514354838904982e-07,2.610381187953919e-10,1.7249105328598294e-06,4.240673420078918e-05,2.415865369102635e-07,0.0005620187446245325,7.00772394003241e-09,1.5713332447358813e-05,4.696184700703909e-08,8.74995542373262e-06,6.30537068404691e-11,8.550267000694178e-11,1.1195565782164678e-06,1.6242309422522825e-07,2.806391907380641e-12,1.48003690635564e-10,1.3968008431136128e-10
1.7387153686149095e-06,0.16628943999999996,0.8585084662769803,0.0,0.0,0.4435375392475732,0.09424177590109242,0.013441737465528365,7.644066732136715e-06,0.0025604226220412116,0.028081649561857235,0.015153515857346507,5.876274643337569e-05,3.192979413897499e-11,0.00225728357147336,6.414094605623471e-11,0.00046655810187437547,3.001669736514811e-09,1.3328431951543199e-05,1.2857252013169739e-09,8.538840075074962e-11,2.7099905833644983e-05,9.94459939562194e-06,0.006780283233010916,0.000980386321286188,0.0003998064647555635,4.5185169840325347e-07,7.54852762156791e-09,3.890814175394319e-08,1.1525612492521681e-07,2.623919435883256e-10,1.7335327752863355e-06,4.259389210943714e-05,2.418923731229537e-07,0.0005627478726806384,7.006470389593571e-09,1.5737317414239002e-05,4.70231051491399e-08,8.746084407187519e-06,6.317033850861732e-11,8.55970662272976e-11,1.121315194533475e-06,1.623670813916693e-07,2.8107053706562787e-12,1.479368397668086e-10,1.3930839285926572e-10
1.740823408118597e-06,0.16628943999999996,0.8585084662769803,0.0,0.0,0.44354224809381904,0.09422362359680642,0.01343304406728377,7.653484471906919e-06,0.0025629046079810184,0.028117696597967905,0.01517308942453879,5.874182176587959e-05,3.204760743348007e-11,0.002256855523059549,6.412468053517492e-11,0.0004666512816330573,3.001390627776455e-09,1.332221844788625e-05,1.2876433707892629e-09,8.549862555183716e-11,2.7062595399490977e-05,9.959749830961278e-06,0.006779049304855269,0.0009757475321481066,0.0004000435499345695,4.4997581630282394e-07,7.542215139080374e-09,3.889862015232456e-08,1.1536825491216465e-07,2.6375690164073893e-10,1.742224390699852e-06,4.278254923291137e-05,2.4219810891318765e-07,0.000563477014369378,7.005216125652881e-09,1.576129365470886e-05,4.708434428818023e-08,8.742213218143984e-06,6.328701697638388e-11,8.569137800514584e-11,1.1230732055050823e-06,1.6231101874563325e-07,2.8150173204128137e-12,1.478694448785812e-10,1.389358161562261e-10
1.7429314476222845e-06,0.16628943999999996,0.8585084662769803,0.0,0.0,0.44354694963397273,0.09420547612671884,0.013424356075426429,7.662869359136175e-06,0.0025653766052597146,0.028153744020774817,0.01519265668264842,5.8720880755154315e-05,3.216568908572727e-11,0.0022564272930432417,6.410837676931968e-11,0.00046674441893423247,3.001110619882371e-09,1.3315956456990105e-05,1.2895615503981585e-09,8.560878082321764e-11,2.702526362550981e-05,9.974894747600505e-06,0.006777815591416143,0.0009711143642764825,0.00040028050702396435,4.4809989728552755e-07,7.535906936534906e-09,3.888910132490229e-08,1.1547993791215693e-07,2.6513311738181804e-10,1.7509861460510265e-06,4.2972721933542225e-05,2.425037439085205e-07,0.000564206169786966,7.00396115442636e-09,1.5785261161767985e-05,4.7145564362184324e-08,8.738341861375342e-06,6.340374206042284e-11,8.578560532175813e-11,1.1248306103216456e-06,1.6225490681231764e-07,2.8193277548326555e-12,1.4780150790033302e-10,1.3856236076439792e-10
1.745039487125972e-06,0.16628943999999996,0.8585084662769803,0.0,0.0,0.4435516438193333,0.09418733348890439,0.013415673487035292,7.672221330683316e-06,0.002567838604812476,0.028189791839696623,0.015212217614311156,5.869992359529305e-05,3.228403929050332e-11,0.0022559988836453595,6.409203513628656e-11,0.0004668375138666028,3.0008297220265394e-09,1.3309646155392271e-05,1.291479738145338e-09,8.571886652200338e-11,2.6987910874944364e-05,9.99003414117861e-06,0.006776582091919302,0.0009664868495035777,0.0004005173361882344,4.462239628411703e-07,7.529603019154367e-09,3.8879585347967347e-08,1.1559117349347306e-07,2.665207169745497e-10,1.759818818896081e-06,4.316442679838823e-05,2.428092777318039e-07,0.0005649353390270016,7.002705482086784e-09,1.5809219928513657e-05,4.720676530846238e-08,8.73447034164469e-06,6.352051357590297e-11,8.587974815725638e-11,1.1265874081797472e-06,1.6219874611322836e-07,2.8236366721120257e-12,1.4773303076167473e-10,1.3818803327433831e-10
1.7471475266296595e-06,0.16628943999999996,0.8585084662769803,0.0,0.0,0.44355633060089816,0.09416919568143191,0.013406996299192212,7.68154032396286e-06,0.002570290597712306,0.028225840064053976,0.015231772201947547,5.8678950479086526e-05,3.240265824212254e-11,0.002255570297074193,6.407565601118658e-11,0.0004669305665184808,3.0005479433456067e-09,1.3303287719637682e-05,1.293397932013576e-09,8.582888260476213e-11,2.6950537511211882e-05,1.0005168007396046e-05,0.006775348805586782,0.0009618650197319051,0.0004007540375898809,4.4434803451462296e-07,7.523303392101725e-09,3.887007229797075e-08,1.1570196123042575e-07,2.6791982834387953e-10,1.768723197567364e-06,4.3357680642812435e-05,2.4311471000110215e-07,0.0005656645221804428,7.001449114763892e-09,1.583316994814043e-05,4.726794706359764e-08,8.73059866370498e-06,6.363733133648033e-11,8.597380649059265e-11,1.1283435982821408e-06,1.6214253716620416e-07,2.8279440704608134e-12,1.4766401539236576e-10,1.3781284030545366e-10
1.749255566133347e-06,0.16628943999999996,0.8585084662769803,0.0,0.0,0.44356100992935676,0.09415106270236452,0.013398324508981948,7.690826276947251e-06,0.0025727325751704598,0.02826188870306894,0.015251320427758978,5.8657961598032894e-05,3.2521546134423915e-11,0.0022551415355255115,6.405923976664221e-11,0.0004670235769777884,3.0002652929193304e-09,1.3296881326277997e-05,1.295316129966387e-09,8.593882902750397e-11,2.6913143897918695e-05,1.0020296342014466e-05,0.006774115731636807,0.0009572489069376955,0.00040099061138940974,4.424721339075243e-07,7.517008060480577e-09,3.8860562251533275e-08,1.1581230070337928e-07,2.693305812053658e-10,1.7777000813468843e-06,4.355250051412086e-05,2.4342004032960776e-07,0.0005663937193355845,7.000192058544626e-09,1.5857111213939734e-05,4.7329109563433305e-08,8.726726832299046e-06,6.375419515427032e-11,8.606778029952894e-11,1.1300991798376998e-06,1.6208628048544178e-07,2.8322499481024616e-12,1.4759446372230546e-10,1.3743678850646452e-10
1.7513636056370345e-06,0.16628943999999996,0.8585084662769803,0.0,0.0,0.44356568175508326,0.09413293454975981,0.013389658113492171,7.700079128169116e-06,0.0025751645285368723,0.028297937765864277,0.015270862273723729,5.863695714234747e-05,3.264070316076802e-11,0.002254712601182676,6.404278677280522e-11,0.0004671165453320571,2.9999817797710222e-09,1.3290427151870957e-05,1.2972343299476632e-09,8.604870574566738e-11,2.6875730398875282e-05,1.0035419140856457e-05,0.0067728828692837,0.0009526385431744151,0.0004012270577453204,4.405962826800144e-07,7.510717029335708e-09,3.885105528545502e-08,1.1592219149876784e-07,2.7075310709435203e-10,1.7867502806429281e-06,4.374890369526433e-05,2.437252683255557e-07,0.0005671229305780319,6.998934319473373e-09,1.5881043719299427e-05,4.739025274305918e-08,8.722854852159651e-06,6.387110483981975e-11,8.61616695606171e-11,1.1318541520613606e-06,1.6202997658151966e-07,2.8365543032738206e-12,1.4752437768152358e-10,1.3705988455587256e-10
1.753471645140722e-06,0.16628943999999996,0.8585084662769803,0.0,0.0,0.4435703460281288,0.09411481122166965,0.013380997109813473,7.709298816723605e-06,0.0025775864493006134,0.02833398726146285,0.015290397721592882,5.8615937300972473e-05,3.27601295140339e-11,0.002254283496216741,6.402629739737439e-11,0.00046720947166842665,2.9996974128679925e-09,1.3283925372979769e-05,1.299152529881301e-09,8.615851271410577e-11,2.683829737811161e-05,1.005053639980531e-05,0.006771650217737777,0.0009480339605763416,0.0004014633768140946,4.3872050255250077e-07,7.504430303653573e-09,3.884155147672513e-08,1.1603163320911488e-07,2.7218753939565204e-10,1.79587461716975e-06,4.394690770860423e-05,2.440303935921351e-07,0.0005678521559906768,6.997675903552155e-09,1.5904967457703453e-05,4.745137653679795e-08,8.718982728009524e-06,6.398806020207762e-11,8.625547424917746e-11,1.1336085141740695e-06,1.6197362596142295e-07,2.840857134225025e-12,1.4745375920017163e-10,1.366821351624441e-10
1.7555796846444095e-06,0.16628943999999996,0.8585084662769803,0.0,0.0,0.443575002698214,0.09409669271614052,0.01337234149503938,7.718485282270709e-06,0.0025799983290903323,0.02837003719878693,0.01530992675288623,5.859490226158665e-05,3.287982538661586e-11,0.00225385422278657,6.400977200561332e-11,0.00046730235607364567,2.999412201121986e-09,1.3277376166172503e-05,1.3010707276708272e-09,8.626824988707332e-11,2.680084519989269e-05,1.0065648114804752e-05,0.0067704177762052805,0.0009434351913621903,0.00040169956875018463,4.3684481530745155e-07,7.498147888362877e-09,3.8832050902531746e-08,1.1614062543305209e-07,2.7363401337376634e-10,1.8050739241304271e-06,4.4146530319743123e-05,2.443354157274012e-07,0.0005685813956536707,6.9964168167408815e-09,1.592888242273139e-05,4.751248087819162e-08,8.71511046456143e-06,6.41050610483662e-11,8.634919433927827e-11,1.135362265402731e-06,1.6191722912856694e-07,2.8451584392193634e-12,1.4738261020851427e-10,1.363035470656988e-10
1.757687724148097e-06,0.16628943999999996,0.8585084662769803,0.0,0.0,0.44357965171472175,0.09407857903121337,0.013363691266266345,7.727638465037667e-06,0.0025824001596747295,0.028406087586657497,0.015329449348888078,5.8573852210614885e-05,3.2999790970420336e-11,0.002253424783038936,6.399321096036776e-11,0.00046739519863406976,2.9991261533896238e-09,1.3270779708021533e-05,1.3029889211990173e-09,8.637791721821086e-11,2.676337422873451e-05,1.0080754281858701e-05,0.006769185543888263,0.0009388422678388,0.00040193563370600154,4.3496924279122336e-07,7.491869788335048e-09,3.882255364027201e-08,1.1624916777533954e-07,2.7509266620363197e-10,1.8143490464028944e-06,4.434778954142136e-05,2.4464033432418364e-07,0.0005693106496444006,6.995157064957538e-09,1.5952788608058103e-05,4.757356569998715e-08,8.711238066518195e-06,6.422210718435101e-11,8.644282980371367e-11,1.1371154049801493e-06,1.6186078658282104e-07,2.849458216533141e-12,1.47310932636921e-10,1.3592412703641065e-10
1.7597957636517845e-06,0.16628943999999996,0.8585084662769803,0.0,0.0,0.443584293026689,0.0940604701649239,0.013355046420593769,7.736758305821397e-06,0.0025847919329630314,0.028442138433793594,0.015348965490642982,5.855278733323769e-05,3.31200264568625e-11,0.0022529951791086344,6.397661462208325e-11,0.00046748799943566156,2.9988392784728323e-09,1.3264136175103014e-05,1.3049071083275053e-09,8.648751466053155e-11,2.6725884829420165e-05,1.009585489703104e-05,0.006767953519984498,0.0009342552224048756,0.0004021715718319032,4.330938069159207e-07,7.485596008384786e-09,3.881305976756226e-08,1.1635725984688592e-07,2.7656363700192275e-10,1.82370084072927e-06,4.45507036374813e-05,2.4494514896999546e-07,0.0005700399180374615,6.9938966540784105e-09,1.5976686007453342e-05,4.7634630934122463e-08,8.707365538572755e-06,6.433919841401063e-11,8.653638061398216e-11,1.1388679321449809e-06,1.6180429882053213e-07,2.853756464455552e-12,1.4723872841585845e-10,1.3554388187712073e-10
1.761903803155472e-06,0.16628943999999996,0.8585084662769803,0.0,0.0,0.4435889265827991,0.09404236611530242,0.013346406955123994,7.745844745990963e-06,0.0025871736410054773,0.028478189748811618,0.015368475158951435,5.8531707813400664e-05,3.3240532036863e-11,0.0022525654131185877,6.395998334882244e-11,0.0004675807585639906,2.9985515851192808e-09,1.325744574399639e-05,1.3068252868963876e-09,8.659704216640627e-11,2.6688377367016358e-05,1.0110949956445383e-05,0.006766721703687393,0.0009296740875547867,0.00040240738327618165,4.312185296612872e-07,7.47932655327057e-09,3.880356936224833e-08,1.1646490126476925e-07,2.7804706685890696e-10,1.8331301759084917e-06,4.475529112690004e-05,2.452498592469386e-07,0.0005707692009046296,6.992635589938302e-09,1.6000574614781405e-05,4.769567651171173e-08,8.703492885408216e-06,6.445633453960599e-11,8.662984674026443e-11,1.1406198461416747e-06,1.6174776633454847e-07,2.858053181288554e-12,1.4716599947588266e-10,1.3516281842265635e-10
1.7640118426591595e-06,0.16628943999999996,0.8585084662769803,0.0,0.0,0.4435935523313735,0.09402426688037407,0.013337772866962333,7.754897727490087e-06,0.002589545275993824,0.028514241540224593,0.015387978334365471,5.8510613833823994e-05,3.3361307900844426e-11,0.00225213548717995,6.394331749628222e-11,0.00046767347610423144,2.9982630820228115e-09,1.3250708591283936e-05,1.3087434547238265e-09,8.670649968754886e-11,2.6650852206890153e-05,1.0126039456284815e-05,0.006765490094185876,0.000925098895882428,0.00040264306818504984,4.293434330766313e-07,7.473061427695166e-09,3.879408250241594e-08,1.1657209165225847e-07,2.7954309887086735e-10,1.8426379329923246e-06,4.4961570787891614e-05,2.455544647316095e-07,0.0005714984983148366,6.991373878330733e-09,1.6024454424000712e-05,4.775670236303078e-08,8.69962011169789e-06,6.457351536164888e-11,8.672322815140078e-11,1.1423711462204223e-06,1.616911896142422e-07,2.8623483653467236e-12,1.47092747747632e-10,1.3478094354066583e-10
1.766119882162847e-06,0.16628943999999996,0.8585084662769803,0.0,0.0,0.443598170220364,0.09400617245815882,0.013329144153217056,7.763917192839719e-06,0.002591906830261849,0.028550293816441488,0.015407474997184176,5.848950557601165e-05,3.348235423872797e-11,0.0022517054033922173,6.392661741781105e-11,0.00046776615214116435,2.9979737778238665e-09,1.3243924893550316e-05,1.3106616096056363e-09,8.681588717500129e-11,2.6613309714726034e-05,1.0141123392791693e-05,0.006764258690664304,0.0009205296800851387,0.0004028786267026289,4.2746853928278327e-07,7.466800636306152e-09,3.8784599266401465e-08,1.1667883063883476e-07,2.810518781731042e-10,1.8522250054848137e-06,4.516956166207992e-05,2.458589649950018e-07,0.0005722278103341401,6.990111525008138e-09,1.6048325429163492e-05,4.781770841750194e-08,8.69574722210534e-06,6.469074067887014e-11,8.681652481486811e-11,1.1441218316371023e-06,1.616345691455328e-07,2.866642014957138e-12,1.470189751618203e-10,1.3439826413216154e-10
1.7682279216665345e-06,0.16628943999999996,0.8585084662769803,0.0,0.0,0.4436027801973444,0.09398808284667158,0.013320520810999404,7.77290308514061e-06,0.0025942582962858777,0.028586346585766465,0.015426965127449168,5.846838322026078e-05,3.360367123992976e-11,0.0022512751638433296,6.3909883464426e-11,0.00046785878675917374,2.9976836811099173e-09,1.3237094827382207e-05,1.3125797493148727e-09,8.692520457911826e-11,2.6575750256543336e-05,1.015620176226741e-05,0.0067630274923023625,0.0009159664729676819,0.00040311405897093495,4.255938704740909e-07,7.460544183696406e-09,3.8775119732802544e-08,1.1678511786021415e-07,2.8257355197352135e-10,1.8618922995452296e-06,4.5379283058743776e-05,2.461633596024082e-07,0.0005729571370256972,6.988848535682086e-09,1.607218762441541e-05,4.7878694603678935e-08,8.691874221284433e-06,6.480801028818742e-11,8.690973669675683e-11,1.1458719016532286e-06,1.6157790541090962e-07,2.8709341284592323e-12,1.4694468364923019e-10,1.340147871320731e-10
1.770335961170222e-06,0.16628943999999996,0.8585084662769803,0.0,0.0,0.4436073822095017,0.09396999804392225,0.013311902837423603,7.781855348076002e-06,0.002596599666685322,0.028622399856398157,0.015446448704939955,5.844724694567089e-05,3.372525909335732e-11,0.0022508447706097784,6.389311598482959e-11,0.00046795138004224776,2.9973928004158834e-09,1.3230218569367946e-05,1.3144978716014068e-09,8.703445184955197e-11,2.6538174198713887e-05,1.0171274561072179e-05,0.00676179649827495,0.0009114093074462869,0.00040334936512986466,4.2371944892044656e-07,7.454292074404632e-09,3.876564398048906e-08,1.1689095295837022e-07,2.8410826958680784e-10,1.8716407341945518e-06,4.5590754559134985e-05,2.464676481133201e-07,0.0005736864784497349,6.987584916023456e-09,1.6096041003995223e-05,4.7939660849231165e-08,8.688001113879397e-06,6.492532398467188e-11,8.700286376174707e-11,1.1476213555358946e-06,1.6152119888945446e-07,2.875224704204676e-12,1.4686987514070706e-10,1.3363051950981548e-10
1.7724440006739095e-06,0.16628943999999996,0.8585084662769803,0.0,0.0,0.44361197620362763,0.09395191804791589,0.013303290229606881,7.79077392591428e-06,0.002598930934223219,0.028658453636428924,0.01546592570916926,5.8426096930153024e-05,3.384711798740586e-11,0.0022504142257567116,6.387631532542678e-11,0.0004680439320739776,2.9971011442245616e-09,1.3223296296097174e-05,1.3164159741915005e-09,8.714362893523645e-11,2.6500581907980057e-05,1.0186341785624813e-05,0.006760565707752093,0.0009068582165527566,0.00040358454531718135,4.218452969693492e-07,7.44804431291585e-09,3.875617208861426e-08,1.1699633558155713e-07,2.856561824692346e-10,1.8814712415256022e-06,4.580399602087091e-05,2.467718300813262e-07,0.0005744158346635217,6.9863206716626444e-09,1.6119885562234433e-05,4.800060708092816e-08,8.684127904524849e-06,6.504268156151507e-11,8.709590597308479e-11,1.1493701925577198e-06,1.6146445005686388e-07,2.8795137405572368e-12,1.4679455156715314e-10,1.3324546826986444e-10
1.774552040177597e-06,0.16628943999999996,0.8585084662769803,0.0,0.0,0.44361656212611084,0.09393384285665253,0.01329468298466945,7.799658763511746e-06,0.0026012520918068,0.02869450793384408,0.015485396119378223,5.840493335043887e-05,3.3969248109954494e-11,0.0022499835313380366,6.385948183034173e-11,0.0004681364429375568,2.9968087209670426e-09,1.321632818416059e-05,1.3183340547873675e-09,8.725273578437175e-11,2.64629737514731e-05,1.0201403432402519e-05,0.006759335119898818,0.0009023132334386357,0.0004038195996685007,4.1997143704800707e-07,7.441800903661898e-09,3.8746704136625827e-08,1.1710126538433406e-07,2.872174442540626e-10,1.8913847669168202e-06,4.601902758240251e-05,2.4707590505400897e-07,0.0005751452057213383,6.985055808189767e-09,1.614372129355697e-05,4.806153322462342e-08,8.68025459784587e-06,6.516008280999452e-11,8.718886329255726e-11,1.1511184119967988e-06,1.6140765938547148e-07,2.883801235892649e-12,1.4671871485952206e-10,1.328596404523473e-10
1.7766600796812845e-06,0.16628943999999996,0.8585084662769803,0.0,0.0,0.44362113992292634,0.09391577246812755,0.013286081099734547,7.808509806315365e-06,0.0026035631324880567,0.028730562756521118,0.015504859914531571,5.8383756382089815e-05,3.4091649648362495e-11,0.0022495526893965266,6.384261584143442e-11,0.00046822891271578067,2.996515539023129e-09,1.3209314410149647e-05,1.3202521110667319e-09,8.736177234440783e-11,2.6425350096731846e-05,1.021645949794069e-05,0.0067581047338750614,0.0008977743913794453,0.00040405452831727506,4.180978916654726e-07,7.435561851021935e-09,3.873724020427744e-08,1.1720574202758863e-07,2.887922107875816e-10,1.901382269249796e-06,4.623586966755929e-05,2.4737987257283917e-07,0.0005758745916744464,6.983790331154809e-09,1.6167548192478847e-05,4.812243920523809e-08,8.676381198458024e-06,6.527752751943917e-11,8.728173568046835e-11,1.1528660131366438e-06,1.613508273442696e-07,2.8880871885984794e-12,1.4664236694881352e-10,1.3247304313364311e-10
1.778768119184972e-06,0.16628943999999996,0.8585084662769803,0.0,0.0,0.44362570953962827,0.09389770688033162,0.013277484571928415,7.817327000365662e-06,0.0026058640494643296,0.028766618112228987,0.015524317073312685,5.8362566199505976e-05,3.421432278946536e-11,0.0022491217019639242,6.382571769831739e-11,0.00046832134149104476,2.9962216067217572e-09,1.320225515065639e-05,1.3221701406823777e-09,8.747073856202834e-11,2.6387711311721665e-05,1.0231509978832697e-05,0.006756874548835542,0.0008932417237789858,0.00040428933139477935,4.162246834148155e-07,7.42932715932293e-09,3.8727780371640295e-08,1.1730976517856269e-07,2.9038064016579377e-10,1.9114647211306037e-06,4.6454542990172376e-05,2.4768373217306963e-07,0.0005766039925710601,6.9825242460678655e-09,1.6191366253607833e-05,4.818332494674453e-08,8.672507710967438e-06,6.539501547719427e-11,8.737452309561328e-11,1.154612995266135e-06,1.612939543989315e-07,2.892371597073999e-12,1.465655097660689e-10,1.3208568342699583e-10
1.7808761586886595e-06,0.16628943999999996,0.8585084662769803,0.0,0.0,0.44363027092133944,0.09387964609125074,0.013268893398380346,7.826110292299534e-06,0.0026081548360789076,0.028802674008627207,0.015543767574118557,5.83413629759351e-05,3.433726771957084e-11,0.002248690571061044,6.38087877383721e-11,0.0004684137293453448,2.995926932341404e-09,1.3195150582273228e-05,1.3240881412616884e-09,8.7579634383134e-11,2.635005776485389e-05,1.0246554871729703e-05,0.006755644563929663,0.0008887152641737042,0.0004045240090300947,4.1435183497533555e-07,7.423096832840164e-09,3.87183247191148e-08,1.1741333451087723e-07,2.9198289277174286e-10,1.921633109114996e-06,4.6675068558776796e-05,2.479874833836259e-07,0.0005773334084563136,6.981257558399275e-09,1.621517547164318e-05,4.824419037214926e-08,8.668634139970834e-06,6.551254646858523e-11,8.746722549525295e-11,1.1563593576794616e-06,1.6123704101183246e-07,2.896654459730045e-12,1.4648814524236662e-10,1.3169756848314029e-10
1.782984198192347e-06,0.16628943999999996,0.8585084662769803,0.0,0.0,0.4436348240127428,0.09386159009886642,0.013260307576222654,7.834859629353265e-06,0.0026104354858216376,0.02883873045326513,0.015563211395054722,5.832014688348145e-05,3.446048462445491e-11,0.0022482592986978783,6.379182629676537e-11,0.00046850607636027584,2.995631524110506e-09,1.3188000881592823e-05,1.326006110406185e-09,8.768845975282595e-11,2.631238982500548e-05,1.0261594173340455e-05,0.00675441477830139,0.0008841950462371305,0.0004047585613500926,4.1247936911481313e-07,7.4168708757977e-09,3.87088733274425e-08,1.1751644970455845e-07,2.9359913131350796e-10,1.9318884339375286e-06,4.689746768139458e-05,2.4829112572699563e-07,0.0005780628393722297,6.97999027357982e-09,1.6238975841375258e-05,4.830503540347597e-08,8.664760490055587e-06,6.563012027688132e-11,8.755984283508805e-11,1.1581050996760747e-06,1.6118008764207135e-07,2.9009357749888895e-12,1.4641027530881793e-10,1.3130870549094028e-10
1.7850922376960345e-06,0.16628943999999996,0.8585084662769803,0.0,0.0,0.4436393687580721,0.09384353890115564,0.013251727102590713,7.843574959365445e-06,0.0026127059923295574,0.028874787453581116,0.015582648513930063,5.8298918093114706e-05,3.458397368935765e-11,0.0022478278868736986,6.377483370646577e-11,0.000468598382617031,2.9953353902078677e-09,1.3180806225207945e-05,1.3279240456910497e-09,8.779721461538853e-11,2.6274707861539095e-05,1.0276627880431092e-05,0.0067531851910891325,0.000879681103784386,0.0004049929884794189,4.1060730869179777e-07,7.4106492923689e-09,3.86994262777182e-08,1.176191104460649e-07,2.952295208628725e-10,1.9422317107446888e-06,4.7121761970399664e-05,2.4859465871911735e-07,0.0005787922853576886,6.978722397000918e-09,1.6262767357685296e-05,4.83658599617481e-08,8.660886765799769e-06,6.574773668325871e-11,8.765237506923251e-11,1.159850220560627e-06,1.6112309474549178e-07,2.9052155412841076e-12,1.463319018965637e-10,1.3091910167803766e-10
1.787200277199722e-06,0.16628943999999996,0.8585084662769803,0.0,0.0,0.44364390510110124,0.09382549249609105,0.01324315197462296,7.85225623078006e-06,0.002614966349387526,0.028910845016901693,0.015602078908251547,5.827767677467865e-05,3.470773509897911e-11,0.002247396337577158,6.375781029825975e-11,0.00046869064819640114,2.9950385387630723e-09,1.3173566789711443e-05,1.3298419446646466e-09,8.790589891427235e-11,2.6237012244323526e-05,1.0291655989824988e-05,0.0067519558014256425,0.0008751734707767584,0.0004052272905404767,4.0873567665793727e-07,7.404432086676888e-09,3.868998365140219e-08,1.1772131642831374e-07,2.96874228894678e-10,1.9526639693320784e-06,4.7347973347466014e-05,2.4889808186926485e-07,0.0005795217464483953,6.977453934014759e-09,1.6286550015545075e-05,4.8426663966971e-08,8.657012971772206e-06,6.58653954667625e-11,8.774482215018663e-11,1.1615947196429243e-06,1.61066062774703e-07,2.9094937570604406e-12,1.462530269367708e-10,1.3052876431151841e-10
1.7893083167034095e-06,0.16628943999999996,0.8585084662769803,0.0,0.0,0.4436484329851358,0.09380745088164093,0.013234582189460902,7.860903392649573e-06,0.0026172165509288875,0.02894690315044069,0.015621502555218861,5.82564230969e-05,3.4831769037474957e-11,0.002246964652786399,6.374075640076794e-11,0.00046878287317877305,2.994740977856889e-09,1.3166282751696181e-05,1.3317598048480308e-09,8.801451259207635e-11,2.619930334375446e-05,1.0306678498402527e-05,0.0067507266084378716,0.0008706721813263515,0.00040546146765340913,4.0686449606034886e-07,7.39821926279505e-09,3.868054553033278e-08,1.1782306735070921e-07,2.9853342532687087e-10,1.963186254385715e-06,4.757612404860036e-05,2.492013946799321e-07,0.0005802512226768454,6.976184889934513e-09,1.6310323810016643e-05,4.848744733811407e-08,8.653139112532539e-06,6.598309640426837e-11,8.783718402880996e-11,1.1633385962378682e-06,1.6100899217910086e-07,2.91377042077366e-12,1.461736523606291e-10,1.301377006985887e-10
1.791416356207097e-06,0.16628943999999996,0.8585084662769803,0.0,0.0,0.4436529523530023,0.09378941405576932,0.013226017744249138,7.869516394638068e-06,0.002619456591036135,0.02898296186129844,0.015640919431718983,5.8235157227396996e-05,3.495607568845217e-11,0.002246532834469148,6.372367234046095e-11,0.0004688750576441297,2.9944427155216747e-09,1.3158954287755057e-05,1.3336776237344537e-09,8.81230555905305e-11,2.6161581530775668e-05,1.0321695403100966e-05,0.006749497611246869,0.0008661772697008055,0.0004056955199360824,4.0499379004402656e-07,7.392010824747502e-09,3.867111199673883e-08,1.1792436291917091e-07,3.0020728256126475e-10,1.9737996257275533e-06,4.7806236629260676e-05,2.4950459664671447e-07,0.0005809807140722923,6.974915270034468e-09,1.633408873625203e-05,4.8548209993092353e-08,8.649265192631253e-06,6.610083927044396e-11,8.792946065429332e-11,1.165081849665403e-06,1.6095188340488789e-07,2.9180455308904415e-12,1.460937800993494e-10,1.2974591818726177e-10
1.7935243957107845e-06,0.16628943999999996,0.8585084662769803,0.0,0.0,0.44365746314703863,0.09377138201643616,0.013217458636135356,7.878095187024468e-06,0.0026216864639415968,0.02901902115646087,0.015660329514320642,5.8213879332688064e-05,3.508065523496466e-11,0.0022461008845828245,6.370655844167566e-11,0.00046896720167204846,2.994143759741788e-09,1.3151581574481036e-05,1.335595398788855e-09,8.823152785047723e-11,2.612384717690054e-05,1.0336706700914235e-05,0.006748268808967643,0.000861688770328094,0.0004059294475040676,4.0312358185429757e-07,7.385806776509577e-09,3.866168313325267e-08,1.180252028461627e-07,3.018959755250179e-10,1.984505158565243e-06,4.803833396956199e-05,2.498076872581899e-07,0.000581710220660713,6.973645079550216e-09,1.635784478949297e-05,4.860895184874803e-08,8.645391216609754e-06,6.621862383770869e-11,8.80216519741307e-11,1.1668244792504627e-06,1.6089473689509448e-07,2.9223190858882195e-12,1.4601341208416072e-10,1.2935342416706837e-10
1.795632435214472e-06,0.16628943999999996,0.8585084662769803,0.0,0.0,0.44366196530908325,0.0937533547615973,0.013208904862270358,7.886639720705793e-06,0.0026239061640281345,0.029055081042798622,0.015679732779268683,5.819258957820042e-05,3.520550785950867e-11,0.002245668805074639,6.368941502663089e-11,0.00046905930534170046,2.99384411845398e-09,1.3144164788467251e-05,1.3375131274473497e-09,8.83399293118536e-11,2.608610065423401e-05,1.0351712388892786e-05,0.006747040200709047,0.0008572067178013923,0.00040616325047062245,4.0125389483931437e-07,7.379607122008298e-09,3.865225902292309e-08,1.181255868507223e-07,3.035996817128451e-10,1.995303943746238e-06,4.827243927957062e-05,2.5011066599579553e-07,0.0005824397424647736,6.97237432367879e-09,1.638159196507067e-05,4.866967282083132e-08,8.641517189000408e-06,6.633644987619395e-11,8.811375793409056e-11,1.1685664843229162e-06,1.6083755308959832e-07,2.926591084255059e-12,1.4593255024630915e-10,1.2896022606976646e-10
1.7977404747181595e-06,0.16628943999999996,0.8585084662769803,0.0,0.0,0.4436664587804655,0.09373533228920453,0.013200356419808074,7.895149947200488e-06,0.002626115685829856,0.02909114152706617,0.015699129202478353,5.817128812827853e-05,3.5330633744018284e-11,0.0022452365978816945,6.367224241544322e-11,0.0004691513687318493,2.9935437995478026e-09,1.313670410630711e-05,1.3394308071167055e-09,8.844825991367248e-11,2.6048342335494864e-05,1.0366712464143416e-05,0.006745811785573647,0.0008527311468840249,0.00040639692894667225,3.9938475245259337e-07,7.37341186512286e-09,3.864283974922856e-08,1.1822551465849176e-07,3.053185812299735e-10,2.0061970880162825e-06,4.8508576104688325e-05,2.50413532333705e-07,0.0005831692795037926,6.9711030075788535e-09,1.6405330258405496e-05,4.87303728239814e-08,8.6376431143266e-06,6.645431715370154e-11,8.820577847818687e-11,1.1703078642175115e-06,1.6078033242514476e-07,2.930861524489515e-12,1.4585119651705606e-10,1.2856633137007922e-10
1.799848514221847e-06,0.16628943999999996,0.8585084662769803,0.0,0.0,0.44367094350199393,0.09371731459720585,0.013191813305905551,7.903625818651799e-06,0.002628315024032849,0.029127202615900894,0.01571851875952952,5.8149975146192603e-05,3.545603306986063e-11,0.0022448042649310966,6.365504092614282e-11,0.00046924339192085075,2.9932428108660066e-09,1.3129199704594464e-05,1.3413484351738122e-09,8.85565195940037e-11,2.601057259403847e-05,1.038170692382913e-05,0.006744583562657586,0.0008482620925144889,0.000406630483040791,3.9751617825559487e-07,7.367221009685098e-09,3.8633425396090797e-08,1.183249860017482e-07,3.0705285683585844e-10,2.0171857142824054e-06,4.8746768331127756e-05,2.5071628573870207e-07,0.0005838988317937061,6.969831136370822e-09,1.642905966500677e-05,4.879105177170679e-08,8.633768997102792e-06,6.657222543566258e-11,8.829771354864955e-11,1.1720486182738264e-06,1.6072307533536659e-07,2.9351304051004995e-12,1.4576935282767727e-10,1.281717475864361e-10
1.8019565537255344e-06,0.16628943999999996,0.8585084662769803,0.0,0.0,0.4436754194139472,0.09369930168354532,0.013183275517723003,7.912067287831223e-06,0.002630504173475926,0.029163264315822193,0.01573790142566072,5.812865079414708e-05,3.558170601783126e-11,0.0022443718081400403,6.363781087468894e-11,0.00046933537498665076,2.99294116020494e-09,1.3121651759923816e-05,1.3432660089651431e-09,8.866470828995498e-11,2.5972791803879914e-05,1.039669576516895e-05,0.006743355531050466,0.0008437995898115556,0.0004068639128591822,3.956481959203514e-07,7.361034559479958e-09,3.86240160478882e-08,1.1842400061943582e-07,3.0880269398866274e-10,2.0282709618804036e-06,4.898704019148049e-05,2.5101892567005277e-07,0.000584628399347031,6.968558715137047e-09,1.6452780180472483e-05,4.885170957636555e-08,8.629894841834566e-06,6.669017448509473e-11,8.838956308589413e-11,1.173788745836208e-06,1.6066578225080354e-07,2.9393977246071426e-12,1.4568702110946287e-10,1.2777648228173583e-10
1.804064593229222e-06,0.16628943999999996,0.8585084662769803,0.0,0.0,0.4436798864560613,0.0936812935461633,0.013174743052423802,7.920474308141996e-06,0.0026326831291513834,0.029199326633230493,0.01575727717576317,5.810731523328891e-05,3.57076527681492e-11,0.002243939229415925,6.362055257498557e-11,0.0004694273180067847,2.9926388553149396e-09,1.3114060448890554e-05,1.3451835258062027e-09,8.877282593765249e-11,2.5935000339717503e-05,1.0411678985437804e-05,0.0067421276898352,0.0008393436740794516,0.00040709721850565854,3.937808292321346e-07,7.354852518245976e-09,3.8614611789469876e-08,1.1852255825719772e-07,3.105682808905243e-10,2.039453986846992e-06,4.922941627037901e-05,2.5132145157937474e-07,0.0005853579821728274,6.967285748921936e-09,1.6476491800489116e-05,4.891234614914481e-08,8.626020653018695e-06,6.680816406255924e-11,8.84813270284915e-11,1.1755282462537213e-06,1.60608453598922e-07,2.94366348153866e-12,1.4560420329371655e-10,1.273805430641198e-10
1.8061726327329094e-06,0.16628943999999996,0.8585084662769803,0.0,0.0,0.44368434456751993,0.0936632901829965,0.01316621590717449,7.928846833622695e-06,0.002634851886205782,0.029235389574406315,0.01577664598437469,5.808596862371596e-05,3.583387350045207e-11,0.0022435065306564477,6.360326633889688e-11,0.00046951922105837695,2.9923359039007306e-09,1.3106425948091239e-05,1.3471009829809708e-09,8.888087247222104e-11,2.589719857695674e-05,1.0426656581966349e-05,0.0067409000380878855,0.0008348943808131226,0.0004073304000816211,3.919141020921764e-07,7.348674889675731e-09,3.860521270616963e-08,1.1862065866740915e-07,3.123498085336129e-10,2.050735962196582e-06,4.947392151025426e-05,2.516238629105061e-07,0.0005860875802766611,6.966012242732118e-09,1.6500194520831335e-05,4.897296140004061e-08,8.622146435143182e-06,6.692619392611709e-11,8.857300531313684e-11,1.177267118880096e-06,1.6055108980413396e-07,2.9479276744342063e-12,1.4552090131175615e-10,1.2698393758776213e-10
1.808280672236597e-06,0.16628943999999996,0.8585084662769803,0.0,0.0,0.4436887936869423,0.09364529159197803,0.013157694079144798,7.937184818950836e-06,0.0026370104399407457,0.02927145314550935,0.015796007825673454,5.8064611124485244e-05,3.5960368393791005e-11,0.0022430737137497055,6.358595247626261e-11,0.00046961108421813863,2.9920323136218213e-09,1.3098748434123944e-05,1.3490183777413382e-09,8.898884782776425e-11,2.5859386891734698e-05,1.0441628552140856e-05,0.006739672574877659,0.0008304517457035738,0.0004075634576860392,3.9004803852042615e-07,7.342501677416313e-09,3.8595818883820255e-08,1.1871830160921129e-07,3.1414747074699584e-10,2.062118078202856e-06,4.972058121718957e-05,2.519261590993704e-07,0.0005868171936605647,6.964738201536573e-09,1.6523888337361825e-05,4.9033555237836675e-08,8.618272192687336e-06,6.704426383128457e-11,8.8664597874618e-11,1.1790053630736685e-06,1.6049369128781616e-07,2.952190301842745e-12,1.4543711709491476e-10,1.2658667355367452e-10
1.8103887117402844e-06,0.16628943999999996,0.8585084662769803,0.0,0.0,0.44369323375237213,0.09362729777103752,0.013149177565507672,7.945488219446576e-06,0.0026391587858137673,0.02930751735257741,0.015815362673471733,5.804324289362115e-05,3.6087137626625564e-11,0.0022426407805743015,6.356861129491337e-11,0.0004697029075623673,2.9917280920928872e-09,1.3091028083588615e-05,1.3509357073065268e-09,8.909675193734402e-11,2.5821565660944828e-05,1.0456594893403047e-05,0.006738445299266558,0.0008260158046433003,0.00040779639141542864,3.8818266265836387e-07,7.336332885069811e-09,3.8586430408768105e-08,1.1881548684854536e-07,3.159614642443274e-10,2.0736015426851436e-06,4.9969421066873204e-05,2.522283395738406e-07,0.000587546822322999,6.963463630266794e-09,1.654757324603105e-05,4.90941275700834e-08,8.614397930121811e-06,6.716237353098795e-11,8.875610464578378e-11,1.1807429781973303e-06,1.60436258468329e-07,2.9564513623229066e-12,1.453528525745412e-10,1.261887587105266e-10
1.812496751243972e-06,0.16628943999999996,0.8585084662769803,0.0,0.0,0.4436976647012656,0.0936093087181012,0.01314066636343927,7.953756991076502e-06,0.002641296919439046,0.029343582201525435,0.01583471050120945,5.802186408812372e-05,3.621418137681855e-11,0.002242207732999436,6.355124310068594e-11,0.0004697946911669451,2.9914232468841713e-09,1.3083265073087486e-05,1.3528529688625046e-09,8.920458473296008e-11,2.5783735262262215e-05,1.0471555603249984e-05,0.0067372182103093824,0.0008215865937317951,0.00040802920136383014,3.863179987718563e-07,7.330168516193729e-09,3.8577047367887764e-08,1.1891221415818815e-07,3.1779198867236185e-10,2.0851875812997037e-06,5.022046711065019e-05,2.525304037536001e-07,0.0005882764662588121,6.962188533816884e-09,1.6571249242877047e-05,4.9154678303076186e-08,8.610523651908675e-06,6.728052277551747e-11,8.884752555751085e-11,1.1824799636184697e-06,1.6037879176103522e-07,2.960710854442846e-12,1.4526810968200216e-10,1.2579020085548068e-10
1.8146047907476594e-06,0.16628943999999996,0.8585084662769803,0.0,0.0,0.4437020864704801,0.09359132443109194,0.01313216047011899,7.961991090457438e-06,0.002643424836588329,0.02937964769814453,0.0158540512819477,5.800047486397664e-05,3.6341499821630625e-11,0.002241774572885016,6.353384819743825e-11,0.0004698864351073384,2.9911177855218665e-09,1.3075459579225536e-05,1.3547701595613916e-09,8.931234614552898e-11,2.5745896074169247e-05,1.0486510679233938e-05,0.006735991307053544,0.000817164149281146,0.00040826188762278694,3.844540712540635e-07,7.324008574301503e-09,3.856766984859709e-08,1.190084833177877e-07,3.196392466603203e-10,2.0968774378359673e-06,5.047374578167505e-05,2.5283235105000223e-07,0.0005890061254592009,6.9609129170437296e-09,1.659491632402523e-05,4.921520734183347e-08,8.606649362501459e-06,6.739871131248047e-11,8.89388605386713e-11,1.1842163187089203e-06,1.603212915783185e-07,2.9649687767801122e-12,1.451828903486839e-10,1.2539100783504561e-10
1.816712830251347e-06,0.16628943999999996,0.8585084662769803,0.0,0.0,0.44370649899626186,0.09357334490792946,0.013123659882729477,7.970190474860351e-06,0.002645542533191779,0.029415713848100877,0.015873384988362098,5.797907537615548e-05,3.6469093137714984e-11,0.002241341302081752,6.351642688706474e-11,0.0004699781394585957,2.9908117154885066e-09,1.3067611778610983e-05,1.3566872765208538e-09,8.942003610486278e-11,2.5708048475981826e-05,1.0501460118962259e-05,0.006734764588538921,0.000812748507821717,0.0004084944502813223,3.825909046283887e-07,7.317853062862914e-09,3.855829793887234e-08,1.1910429411389994e-07,3.215034438701161e-10,2.108672374517851e-06,5.072928390116702e-05,2.531341808659272e-07,0.0005897357999116674,6.959636784767112e-09,1.6618574485688197e-05,4.927571459007454e-08,8.602775066345224e-06,6.751693888675427e-11,8.90301095160987e-11,1.1859520428449025e-06,1.602637583296016e-07,2.9692251279214956e-12,1.4509719650599497e-10,1.2499118754594067e-10
1.8188208697550344e-06,0.16628943999999996,0.8585084662769803,0.0,0.0,0.4437109022142332,0.09355537014653022,0.01311516459845665,7.978355102214332e-06,0.002647650005338862,0.029451780656934715,0.015892711592736104,5.795766577863565e-05,3.659696150111178e-11,0.002240907922431257,6.34989794695111e-11,0.00047006980429534646,2.9905050442233494e-09,1.3059721847855854e-05,1.3586043168234886e-09,8.952765453964761e-11,2.5670192847875913e-05,1.0516403920097257e-05,0.006733538053797702,0.0008083397061079187,0.0004087268894259166,3.807285235514907e-07,7.311701985304568e-09,3.85489317272637e-08,1.1919964634002631e-07,3.233847890474447e-10,2.1205736723101473e-06,5.098710868476897e-05,2.5343589259563653e-07,0.0005904654895999788,6.958360141769837e-09,1.6642223724165524e-05,4.9336199950196835e-08,8.598900767876622e-06,6.763520524043733e-11,8.912127241455426e-11,1.1876871354069696e-06,1.6020619242136454e-07,2.9734799064628957e-12,1.4501103008536906e-10,1.2459074793598428e-10
1.820928909258722e-06,0.16628943999999996,0.8585084662769803,0.0,0.0,0.4437152960593813,0.09353740014480771,0.0131066746144897,7.986484931110625e-06,0.0026497472492792444,0.029487848130059263,0.015912031066954137,5.793624622440046e-05,3.6725105087242594e-11,0.0022404744357661507,6.348150624278936e-11,0.00047016142969180045,2.990197779122768e-09,1.3051789963576542e-05,1.360521277516199e-09,8.963520137742158e-11,2.5632329570914634e-05,1.0531342080356107e-05,0.006732311701854249,0.0008039377811240649,0.00040895920514048286,3.7886695281633066e-07,7.30555534501034e-09,3.853957130291094e-08,1.1929453979665172e-07,3.252834940737655e-10,2.132582631230133e-06,5.124724774901137e-05,2.537374856246256e-07,0.0005911951945041238,6.957082992797854e-09,1.666586403584362e-05,4.93966633232528e-08,8.595026471523944e-06,6.775351011280048e-11,8.921234915669179e-11,1.1894215957799531e-06,1.6014859425716283e-07,2.9777331110091772e-12,1.4492439301826815e-10,1.24189697004989e-10
1.8230369487624094e-06,0.16628943999999996,0.8585084662769803,0.0,0.0,0.44371968046604454,0.09351943490067248,0.013098189928021132,7.994579920806766e-06,0.002651834261423718,0.029523916272759597,0.015931343382494675,5.791481686544906e-05,3.685352407090468e-11,0.0022400408439101566,6.346400750299268e-11,0.0004702530157217455,2.9898899275406285e-09,1.3043816302394468e-05,1.3624381556095604e-09,8.974267654455274e-11,2.559445902707585e-05,1.0546274597510717e-05,0.006731085531724923,0.000799542770090321,0.0004091913975063434,3.7700621735528056e-07,7.299413145321845e-09,3.853021675555939e-08,1.1938897429128377e-07,3.2719977401918274e-10,2.14470057066444e-06,5.1509729117882895e-05,2.540389593294739e-07,0.0005919249146002697,6.955805342560389e-09,1.6689495417195514e-05,4.945710460892674e-08,8.591152181707187e-06,6.78718532402371e-11,8.930333966302309e-11,1.1911554233529045e-06,1.600909642376448e-07,2.981984740174022e-12,1.4483728723618693e-10,1.2378804280568404e-10
1.825144988266097e-06,0.16628943999999996,0.8585084662769803,0.0,0.0,0.44372405536790027,0.0935014744120321,0.013089710536246761,8.002640031230752e-06,0.002653911038345139,0.029559985090191657,0.015950648510423177,5.789337785280438e-05,3.698221862626515e-11,0.0022396071486782045,6.34464835443102e-11,0.000470344562458547,2.9895814967886797e-09,1.3035801040936754e-05,1.3643549480771743e-09,8.98500799662163e-11,2.555658159928015e-05,1.056120146938764e-05,0.006729859542417943,0.0007951547104687415,0.0004094234666022052,3.7514634224328235e-07,7.293275389538885e-09,3.852086817557607e-08,1.1948294963849255e-07,3.2913384719622754e-10,2.1569288296912317e-06,5.17745812295088e-05,2.5434031307769284e-07,0.0005926546498607178,6.9545271957300655e-09,1.671311786478074e-05,4.9517523705510805e-08,8.58727790283812e-06,6.799023435621222e-11,8.939424385188178e-11,1.1928886175190429e-06,1.6003330276056962e-07,2.9862347925798008e-12,1.447497146706565e-10,1.233857934446445e-10
1.8272530277697844e-06,0.16628943999999996,0.8585084662769803,0.0,0.0,0.4437284206979513,0.09348351867679149,0.013081236436365743,8.010665222985308e-06,0.0026559775767793924,0.02959605458738101,0.015969946421384922,5.7871929336520976e-05,3.7111188926855116e-11,0.0022391733518765293,6.342893465904163e-11,0.0004704360699751455,2.989272494136928e-09,1.3027744355836962e-05,1.3662716518550104e-09,8.995741156637187e-11,2.551869767141941e-05,1.0576122693867971e-05,0.006728633732933217,0.0007907736399694008,0.00040965541250413435,3.732873527010525e-07,7.287142080919888e-09,3.851152565396624e-08,1.195764656599512e-07,3.3108593521458174e-10,2.169268767407846e-06,5.204183294293865e-05,2.546415462275709e-07,0.0005933844002538594,6.953248556942996e-09,1.6736731375245143e-05,4.957792050988094e-08,8.583403639320334e-06,6.810865319121128e-11,8.948506163938717e-11,1.1946211776756939e-06,1.599756102208245e-07,2.9904832668574056e-12,1.446616772532496e-10,1.2298295708324644e-10
1.829361067273472e-06,0.16628943999999996,0.8585084662769803,0.0,0.0,0.4437327763885134,0.09346556769285273,0.013072767625580581,8.018655457352262e-06,0.0026580338736263706,0.029632124769221748,0.01598923708559774,5.785047146569291e-05,3.724043514556358e-11,0.00223873945530277,6.341136113761202e-11,0.00047052753834405617,2.9889629268140233e-09,1.3019646423735847e-05,1.3681882638407449e-09,9.006467126774009e-11,2.5480807628385826e-05,1.059103826888726e-05,0.006727408102262182,0.000786399596556614,0.0004098872352855308,3.714292740983511e-07,7.281013222682368e-09,3.850218928239e-08,1.1966952218447758e-07,3.3305626303671917e-10,2.181721763263836e-06,5.231151354504471e-05,2.549426581280172e-07,0.0005941141657441297,6.951969430798914e-09,1.6760335945320745e-05,4.9638294917472365e-08,8.579529395549324e-06,6.822710947268747e-11,8.957579293940731e-11,1.196353103224238e-06,1.599178870104419e-07,2.9947301616461325e-12,1.4457317691558556e-10,1.225795419386341e-10
1.8314691067771594e-06,0.16628943999999996,0.8585084662769803,0.0,0.0,0.44373712237120094,0.09344762145811542,0.01306430410109716,8.026610696296928e-06,0.0026600799259509714,0.02966819564047538,0.016008520472844578,5.7829004388461564e-05,3.7369957454631425e-11,0.002238305460746074,6.339376326858626e-11,0.00047061896763736673,2.988652802007639e-09,1.3011507421282219e-05,1.3701047808930784e-09,9.017185899177899e-11,2.5442911856101414e-05,1.0605948192435402e-05,0.006726182649387641,0.0007820326184552562,0.0004101189350171021,3.695721319572899e-07,7.2748888180033825e-09,3.84928591531794e-08,1.197621190480764e-07,3.350450590345189e-10,2.1942892173996734e-06,5.258365275753234e-05,2.5524364811840134e-07,0.0005948439462919612,6.950689821861283e-09,1.67839315718256e-05,4.9698646822254494e-08,8.575655175912523e-06,6.834560292500915e-11,8.966643766352176e-11,1.198084393570052e-06,1.5986013351861697e-07,2.9989754755935154e-12,1.4448421558933642e-10,1.221755562847049e-10
1.833577146280847e-06,0.16628943999999996,0.8585084662769803,0.0,0.0,0.4437414585769141,0.09342967997047659,0.013055845860124753,8.034530902472642e-06,0.002662115730984125,0.02970426720576959,0.01602779655246604,5.780752825202329e-05,3.7499756025645056e-11,0.0022378713699871926,6.337614133868359e-11,0.00047071035792673637,2.9883421268648443e-09,1.3003327525133793e-05,1.372021199831052e-09,9.027897465866001e-11,2.540501074154805e-05,1.0620852462556579e-05,0.006724957373283589,0.0007776727441571712,0.0004103505117668371,3.677159519557111e-07,7.268768870019964e-09,3.848353535935556e-08,1.198542560939827e-07,3.3705255504682835e-10,2.206972550990966e-06,5.285828074406363e-05,2.555445155283929e-07,0.0005955737418537368,6.949409734657393e-09,1.6807518251663657e-05,4.975897611670578e-08,8.571780984789397e-06,6.846413326940522e-11,8.975699572098339e-11,1.1998150481224514e-06,1.5980235013172375e-07,3.003219207355188e-12,1.44394795206233e-10,1.217710084531182e-10
1.8356851857845344e-06,0.16628943999999996,0.8585084662769803,0.0,0.0,0.4437457849358245,0.0934117432278309,0.01304739289987604,8.042416039225321e-06,0.002664141286123836,0.029740339469597064,0.016047065293352706,5.778604320263726e-05,3.7629831029530125e-11,0.0022374371847985845,6.33584956327921e-11,0.0004708017092833935,2.988030908492488e-09,1.2995106911958113e-05,1.3739375174333463e-09,9.038601818724369e-11,2.5367104672798088e-05,1.0635751077349172e-05,0.006723732272915054,0.000773320012427681,0.00041058196559997826,3.658607599306058e-07,7.262653381829576e-09,3.8474217994646316e-08,1.1994593317270608e-07,3.3907898643800677e-10,2.2197732065984672e-06,5.313542811749584e-05,2.558452596777962e-07,0.0005963035523817424,6.948129173678471e-09,1.6831095981824663e-05,4.981928269178784e-08,8.567906826551482e-06,6.858270022391099e-11,8.984746701867993e-11,1.2015450662946345e-06,1.5974453723333266e-07,3.0074613555947417e-12,1.4430491769807152e-10,1.213659068343111e-10
1.837793225288222e-06,0.16628943999999996,0.8585084662769803,0.0,0.0,0.4437501013773615,0.09339381122807067,0.013038945217567134,8.050266070598158e-06,0.0026661565889362433,0.029776412436314292,0.016066326663937407,5.776454938563306e-05,3.776018263654503e-11,0.0022370029069445152,6.33408264339829e-11,0.000470893021778135,2.9877191539575747e-09,1.298684575843354e-05,1.3758537304375713e-09,9.049298949505488e-11,2.5329194039045385e-05,1.0650644034965676e-05,0.006722507347237914,0.0007689744623121888,0.0004108132965789943,3.6400658188159896e-07,7.256542356490565e-09,3.846490715350397e-08,1.2003715014207516e-07,3.4112459215747195e-10,2.232692648523798e-06,5.341512594723584e-05,2.5614587987638445e-07,0.000597033377824117,6.946848143379782e-09,1.6854664759384005e-05,4.98795664369193e-08,8.564032705562467e-06,6.870130350331177e-11,8.993785146109477e-11,1.2032744475036254e-06,1.596866952042266e-07,3.011701918983566e-12,1.4421458499672115e-10,1.209602598785472e-10
1.8399012647919094e-06,0.16628943999999996,0.8585084662769803,0.0,0.0,0.4437544078301973,0.093375883969086,0.013030502810417606,8.058080961336349e-06,0.002668161637156713,0.029812486110140313,0.016085580632187336,5.7743046945418364e-05,3.789081101627434e-11,0.0022365685381811563,6.332313402352471e-11,0.0004709842954813243,2.98740687028764e-09,1.2978544241250262e-05,1.3777698355395479e-09,9.059988849825761e-11,2.5291279230636967e-05,1.0665531333612644e-05,0.006721282595198728,0.0007646361331428812,0.00041104450476355214,3.6215344397448456e-07,7.250435797022584e-09,3.845560293112338e-08,1.201279068672842e-07,3.431896148002291e-10,2.2457323631710445e-06,5.369740576671173e-05,2.564463754237298e-07,0.0005977632181248042,6.945566648180718e-09,1.6878224581502643e-05,4.993982723994929e-08,8.560158626178252e-06,6.881994281908708e-11,9.002814895026694e-11,1.205003191170217e-06,1.596288244224174e-07,3.0159408962007117e-12,1.4412379903413169e-10,1.2055407609696838e-10
1.842009304295597e-06,0.16628943999999996,0.8585084662769803,0.0,0.0,0.4437587042222333,0.0933579614487649,0.013022065675650493,8.065860676891944e-06,0.0026701564286909407,0.029848560495155448,0.016104827165596053,5.772153602548655e-05,3.802171633762211e-11,0.002236134080256688,6.33054186808979e-11,0.00047107553046288895,2.987094064471123e-09,1.2970202537111378e-05,1.3796858293925701e-09,9.070671511162952e-11,2.525336063910518e-05,1.0680412971550627e-05,0.006720058015734549,0.0007603050645455297,0.00041127559021048775,3.603013725448199e-07,7.244333706407068e-09,3.844630542346039e-08,1.2021820322093967e-07,3.45274300668443e-10,2.258893859414245e-06,5.3982299580963124e-05,2.56746745609033e-07,0.0005984930732235009,6.9442846924649e-09,1.6901775445426962e-05,5.0000064987130455e-08,8.556284592747018e-06,6.893861787935266e-11,9.011835938575126e-11,1.2067312967189095e-06,1.5957092526316214e-07,3.020178285932736e-12,1.4403256174234175e-10,1.2014736406267914e-10
1.8441173437992844e-06,0.16628943999999996,0.8585084662769803,0.0,0.0,0.44376299048058454,0.09334004366499331,0.013013633810492318,8.073605183428782e-06,0.0026721409616160866,0.02988463559530007,0.01612406623117538,5.77000167684242e-05,3.815289876880502e-11,0.002235699534911395,6.328768068380867e-11,0.0004711667267923203,2.9867807434577426e-09,1.2961820822734025e-05,1.381601708606668e-09,9.08134692485362e-11,2.521543865720045e-05,1.0695288947094101e-05,0.006718833607772758,0.0007559812964463912,0.00041150655297377713,3.5845039410157766e-07,7.238236087587634e-09,3.84370147272504e-08,1.2030803908310812e-07,3.473788998340141e-10,2.272178668970865e-06,5.4269839874351135e-05,2.5704698971094876e-07,0.0005992229430556061,6.9430022805802655e-09,1.692531734848873e-05,5.006027956309154e-08,8.552410609609289e-06,6.905732838880264e-11,9.020848266457682e-11,1.2084587635778594e-06,1.5951299809897895e-07,3.0244140868735557e-12,1.439408750534879e-10,1.1974013241183983e-10
1.846225383302972e-06,0.16628943999999996,0.8585084662769803,0.0,0.0,0.4437672665315655,0.09332213061565525,0.013005207212173136,8.081314447827497e-06,0.0026741152341819264,0.02992071141437323,0.016143297795447126,5.7678489315918695e-05,3.828435847734551e-11,0.002235264903877772,6.32699203082032e-11,0.00047125788453867065,2.986466914158871e-09,1.2953399274850558e-05,1.3835174697478453e-09,9.09201508209046e-11,2.5177513678924517e-05,1.0710159258611428e-05,0.006717609370230863,0.0007516648690792079,0.00041173739310450686,3.5660053533085153e-07,7.232142943470562e-09,3.8427730940027455e-08,1.2039741434136498e-07,3.495036662022278e-10,2.2855883467813515e-06,5.456005961838948e-05,2.573471069974086e-07,0.0005999528275521696,6.941719416839154e-09,1.694885028810498e-05,5.0120470850809516e-08,8.548536681098008e-06,6.917607404865007e-11,9.029851868120555e-11,1.2101855911788137e-06,1.594550432996632e-07,3.028648297724292e-12,1.4384874089981363e-10,1.1933238984478575e-10
1.8483334228066594e-06,0.16628943999999996,0.8585084662769803,0.0,0.0,0.44377153230067407,0.09330422229863293,0.012996785877926523,8.088988437690613e-06,0.0026760792448120288,0.029956787956031416,0.01616252182443474,5.7656953808765705e-05,3.8416095630064606e-11,0.002234830188880624,6.325213782828175e-11,0.00047134900377055193,2.9861525834479067e-09,1.2944938070209781e-05,1.3854331093373171e-09,9.102675973919661e-11,2.513958609956433e-05,1.0725023904524798e-05,0.0067163853020163235,0.0007473558229923121,0.00041196811065084273,3.5475182309963105e-07,7.2260542769252215e-09,3.841845416014348e-08,1.2048632889084444e-07,3.5164885757642663e-10,2.2991244713947352e-06,5.485299227969786e-05,2.576470967254427e-07,0.0006006827266398383,6.9404361055184044e-09,1.6972374261777937e-05,5.018063873158133e-08,8.544662811538593e-06,6.929485455656687e-11,9.038846732749028e-11,1.2119117789570568e-06,1.5939706123230296e-07,3.0328809171931215e-12,1.4375616121367957e-10,1.189241451271624e-10
1.8504414623103469e-06,0.16628943999999996,0.8585084662769803,0.0,0.0,0.4437757877125769,0.09328631871180686,0.012988369804989623,8.096627121347766e-06,0.0026780329921049614,0.02999286522378716,0.016181738283654788,5.763541038687659e-05,3.854811039307482e-11,0.0022343953916371608,6.323433351651251e-11,0.0004714400845561338,2.9858377581606444e-09,1.2936437385578239e-05,1.387348623850728e-09,9.113329591238174e-11,2.5101656315726456e-05,1.0739882883310187e-05,0.0067151614020263565,0.0007430541990558293,0.0004121987056579997,3.5290428445961884e-07,7.2199700907844965e-09,3.840918448678782e-08,1.2057478263429026e-07,3.538147357237822e-10,2.3127886453605005e-06,5.514867182807841e-05,2.579469581409982e-07,0.0006014126402408022,6.9391523508594124e-09,1.699588926709497e-05,5.024078308499529e-08,8.540789005249015e-06,6.941366960662337e-11,9.047832849263139e-11,1.213637326351349e-06,1.5933905226129455e-07,3.0371119439951212e-12,1.4366313792757394e-10,1.185154070910786e-10
1.8525495018140344e-06,0.16628943999999996,0.8585084662769803,0.0,0.0,0.44378003269109384,0.09326841985305587,0.01297995899060316,8.10423046786099e-06,0.002679976474835506,0.030028943221007687,0.016200947138108355,5.761385918928588e-05,3.8680402931772756e-11,0.0022339605138571037,6.321650764364557e-11,0.0004715311269631417,2.985522445095645e-09,1.2927897397741555e-05,1.389264009717361e-09,9.123975924790972e-11,2.506372472537208e-05,1.0754736193497334e-05,0.006713937669147749,0.0007387600384689867,0.00041242917816820997,3.510579466511244e-07,7.213890387845242e-09,3.8399922020007145e-08,1.2066277548210765e-07,3.5600156644213005e-10,2.326582495626634e-06,5.5447132744717073e-05,2.5824669047875476e-07,0.0006021425682727396,6.937868157068241e-09,1.7019395301728526e-05,5.0300903788901864e-08,8.536915266539876e-06,6.953251888922573e-11,9.056810206313371e-11,1.2153622328038682e-06,1.5928101674835812e-07,3.0413413768521253e-12,1.4356967297412345e-10,1.1810618463628892e-10
1.8546575413177219e-06,0.16628943999999996,0.8585084662769803,0.0,0.0,0.4437842671591809,0.09325052572025726,0.012971553432011463,8.111798447030088e-06,0.0026819096919559154,0.030065021950913533,0.016220148352272257,5.7592300354158625e-05,3.881297341083176e-11,0.002233525557242787,6.319866047872688e-11,0.0004716221310588551,2.9852066510146103e-09,1.2919318283505838e-05,1.391179263319335e-09,9.13461496516825e-11,2.5025791727852656e-05,1.0769583833669686e-05,0.00671271410225665,0.0007344733827675241,0.00041265952822069094,3.4921283710700706e-07,7.20781517086872e-09,3.839066686072576e-08,1.207503073524157e-07,3.582096196279006e-10,2.340507673944028e-06,5.574841003051016e-05,2.585462929619378e-07,0.0006028725106487622,6.936583528315674e-09,1.7042892363436055e-05,5.036100071938413e-08,8.53304159971446e-06,6.965140209105398e-11,9.065778792276241e-11,1.2170864977601521e-06,1.5922295505255264e-07,3.0455692144925523e-12,1.4347576828610496e-10,1.176964867313802e-10
1.8567655808214094e-06,0.16628943999999996,0.8585084662769803,0.0,0.0,0.4437884910389158,0.09323263631128696,0.012963153126462493,8.119331029398137e-06,0.002683832642597186,0.03010110141657713,0.016239341890090145,5.7570734018797796e-05,3.894582199419422e-11,0.002233090523489255,6.318079228911195e-11,0.0004717130969101058,2.9848903826427507e-09,1.2910700219699123e-05,1.3930943809907898e-09,9.145246702802602e-11,2.4987857723946033e-05,1.0784425802464392e-05,0.006711490700218395,0.0007301942738312104,0.0004128897558516129,3.473689834566851e-07,7.2017444425810355e-09,3.838141911076598e-08,1.2083737817110204e-07,3.604391693451651e-10,2.354565857277229e-06,5.605253921451775e-05,2.5884576480212967e-07,0.0006036024672773568,6.935298468737299e-09,1.706638045006e-05,5.0421073750727695e-08,8.529168009068813e-06,6.977031889499762e-11,9.074738595249795e-11,1.2188101206690355e-06,1.5916486753029088e-07,3.0497954556512676e-12,1.4338142579645767e-10,1.1728632241499615e-10
1.8588736203250969e-06,0.16628943999999996,0.8585084662769803,0.0,0.0,0.4437927042514805,0.09321475162401957,0.012954758071207863,8.126828186257063e-06,0.0026857453260703545,0.03013718162092137,0.01625852771496353,5.754916031965152e-05,3.907894884506392e-11,0.0022326554142843634,6.316290334047959e-11,0.000471804024583275,2.984573646669152e-09,1.2902043383172898e-05,1.3950093590170571e-09,9.155871127966117e-11,2.4949923115893348e-05,1.0799262098572266e-05,0.006710267461887274,0.0007259227538914638,0.0004131198610940651,3.4552641353020044e-07,7.19567820567356e-09,3.837217887286905e-08,1.209239878718772e-07,3.6269049389578776e-10,2.36875874822164e-06,5.635955636254455e-05,2.5914510519907785e-07,0.0006043324380623295,6.9340129824335684e-09,1.708985955952774e-05,5.048112275539033e-08,8.525294498891833e-06,6.988926898009172e-11,9.083689603049092e-11,1.2205331009825917e-06,1.5910675453535455e-07,3.054020099069414e-12,1.4328664743829598e-10,1.1687570079706647e-10
1.8609816598287844e-06,0.16628943999999996,0.8585084662769803,0.0,0.0,0.4437969067171447,0.0931968716563284,0.012946368263502869,8.134289889653329e-06,0.002687647741867826,0.030173262566718154,0.016277705789742566,5.752757939232046e-05,3.9212354125898177e-11,0.0022322202313088844,6.31449938968457e-11,0.00047189491414429243,2.984256449747145e-09,1.2893347950803654e-05,1.3969241936338198e-09,9.166488230767483e-11,2.49119883074364e-05,1.0814092720737794e-05,0.006709044386106359,0.0007216588655390786,0.0004133498439780224,3.436851553623513e-07,7.189616462803391e-09,3.836294625071642e-08,1.2101013639633094e-07,3.649638758907161e-10,2.383088075427197e-06,5.666949808584937e-05,2.5944431334049997e-07,0.0006050624229027463,6.932727073469885e-09,1.7113329689851605e-05,5.0541147603970894e-08,8.521421073465317e-06,7.000825202145081e-11,9.092631803201592e-11,1.2222554381560741e-06,1.5904861641890877e-07,3.0582431434942648e-12,1.4319143514492254e-10,1.1646463106007125e-10
1.8630896993324719e-06,0.16628943999999996,0.8585084662769803,0.0,0.0,0.4438010983552498,0.09317899640608573,0.012937983700606507,8.14171611239372e-06,0.002689539889664725,0.03020934425658691,0.016296876076716805,5.7505991371565046e-05,3.934603799839984e-11,0.0022317849762366047,6.312706422057674e-11,0.00047198576565863335,2.9839387984946793e-09,1.288461409949453e-05,1.3988388810262618e-09,9.177098001148995e-11,2.4874053703855696e-05,1.0828917667759088e-05,0.00670782147170727,0.0007174026517320558,0.000413579704530311,3.418452371968822e-07,7.183559216593765e-09,3.835372134895107e-08,1.2109582369398945e-07,3.672596023224062e-10,2.397555594028596e-06,5.698240154998387e-05,2.5974338840188815e-07,0.0006057924216928726,6.931440745876648e-09,1.7136790839128806e-05,5.060114816517817e-08,8.517547737064047e-06,7.012726769020324e-11,9.101565182942498e-11,1.223977131647853e-06,1.5899045352951693e-07,3.0624645876790596e-12,1.4309579084984238e-10,1.16053122460311e-10
1.8651977388361594e-06,0.16628943999999996,0.8585084662769803,0.0,0.0,0.44380527908419076,0.09316112587116288,0.012929604379781509,8.149106828051231e-06,0.0026914217693202696,0.030245426692993075,0.01631603853760575,5.748439639131263e-05,3.948000062350914e-11,0.0022313496507344287,6.310911457240349e-11,0.00047207657919131745,2.9836206994946815e-09,1.2875842006176987e-05,1.400753417328201e-09,9.187700428883558e-11,2.4836119712009173e-05,1.0843736938487924e-05,0.006706598717509984,0.0007131541558035441,0.000413809442774573,3.400066874907392e-07,7.177506469634507e-09,3.834450427319956e-08,1.211810497223735e-07,3.6957796463840194e-10,2.4121630860821144e-06,5.7298304483761696e-05,2.6004232954630784e-07,0.0006065224343221153,6.9301540036493175e-09,1.7160243005541452e-05,5.066112430579876e-08,8.513674493955859e-06,7.024631565342299e-11,9.110489729209998e-11,1.2256981809193557e-06,1.5893226621315454e-07,3.0666844303828416e-12,1.4299971648677756e-10,1.1564118432921235e-10
1.8673057783398469e-06,0.16628943999999996,0.8585084662769803,0.0,0.0,0.44380944882140017,0.0931432600494301,0.012921230298294359,8.156462010971065e-06,0.0026932933808791817,0.030281509878246578,0.016335193133549305,5.7462794584664795e-05,3.9614242161395506e-11,0.002230914256462481,6.309114521143444e-11,0.0004721673548069055,2.9833021592954286e-09,1.286703184781256e-05,1.40266779862121e-09,9.198295503571631e-11,2.479818674037149e-05,1.0858550531829708e-05,0.006705376122322606,0.0007089134214698833,0.000414039058731231,3.3816953491838337e-07,7.171458224482465e-09,3.833529513009411e-08,1.2126581444705823e-07,3.719192588160765e-10,2.4269123610090843e-06,5.761724518835843e-05,2.603411359241981e-07,0.0006072524606749589,6.928866850748501e-09,1.7183686187356574e-05,5.072107589066502e-08,8.509801348401736e-06,7.03653955740621e-11,9.119405428640487e-11,1.2274185854350046e-06,1.588740548132242e-07,3.0709026703703106e-12,1.4290321398968242e-10,1.1522882607464592e-10
1.8694138178435344e-06,0.16628943999999996,0.8585084662769803,0.0,0.0,0.4438136074833293,0.09312539893875697,0.012912861453415324,8.163781636276736e-06,0.0026951547245731124,0.03031759381450027,0.016354339825098065,5.744118608390446e-05,3.974876277144897e-11,0.0022304787950742063,6.307315639516934e-11,0.00047225809256949794,2.9829831844109134e-09,1.2858183801394668e-05,1.404582020933728e-09,9.208883214638098e-11,2.476025519907397e-05,1.0873358446743505e-05,0.006704153684941167,0.0007046804928387574,0.00041426855241745203,3.3633380837617087e-07,7.165414483661919e-09,3.832609402729518e-08,1.213501178417333e-07,3.742837854385498e-10,2.4418052560460744e-06,5.793926254654321e-05,2.6063980667316474e-07,0.0006079825006309033,6.9275792910999626e-09,1.72071203829261e-05,5.078100278262214e-08,8.50592830465587e-06,7.048450711088144e-11,9.128312267563676e-11,1.2291383446621582e-06,1.5881581967056913e-07,3.075119306411647e-12,1.4280628529275883e-10,1.1481605718226283e-10
1.8715218573472219e-06,0.16628943999999996,0.8585084662769803,0.0,0.0,0.4438177549854312,0.09310754253701244,0.012904497842418497,8.171065679876277e-06,0.002697005800822108,0.030353678503748358,0.016373478572203514,5.741957102050295e-05,3.98835626122718e-11,0.002230043268216473,6.305514837951256e-11,0.00047234879254273287,2.9826637813212076e-09,1.284929804395046e-05,1.4064960802401561e-09,9.219463551329151e-11,2.4722325499945284e-05,1.0888160682242038e-05,0.006702931404149397,0.000700455414417454,0.0004144979238471109,3.3449953698680063e-07,7.159375249665063e-09,3.831690107351433e-08,1.214339598882651e-07,3.7667184977177283e-10,2.456843636701752e-06,5.826439603204271e-05,2.609383409177752e-07,0.0006087125540644023,6.926291328594719e-09,1.72305455906869e-05,5.0840904842494976e-08,8.502055366965733e-06,7.060364991837987e-11,9.137210231997692e-11,1.2308574580710455e-06,1.587575611234873e-07,3.0793343372823586e-12,1.4270893233047328e-10,1.1440288721686937e-10
1.8736298968509094e-06,0.16628943999999996,0.8585084662769803,0.0,0.0,0.4438218912421427,0.09308969084206473,0.012896139462581793,8.178314118468578e-06,0.0026988466102360943,0.030389763947824774,0.016392609334208007,5.739794952512727e-05,4.0018641841669636e-11,0.0022296076775296767,6.303712141878652e-11,0.0004724394547897824,2.982343956472835e-09,1.2840374752542789e-05,1.408409972459941e-09,9.230036502709069e-11,2.4684398056552668e-05,1.090295723739172e-05,0.006701709278718491,0.0006962382311212313,0.000414727173030752,3.326667501038095e-07,7.153340524952385e-09,3.830771637853754e-08,1.215173405767596e-07,3.790837618428285e-10,2.472029397220629e-06,5.8592685719037695e-05,2.6123673776934806e-07,0.0006094426208447964,6.925002967089064e-09,1.725396180916081e-05,5.090078192905434e-08,8.498182539572171e-06,7.072282364672464e-11,9.146099307644042e-11,1.232575925134707e-06,1.5869927950774531e-07,3.0835477617631162e-12,1.4261115703757378e-10,1.1398932582379601e-10
1.8757379363545969e-06,0.16628943999999996,0.8585084662769803,0.0,0.0,0.4438260161668658,0.09307184385178173,0.012887786311187005,8.185526929549787e-06,0.00270067715361639,0.030425850148401566,0.016411732069834702,5.737632172764699e-05,4.015400061664269e-11,0.002229172024647843,6.301907576574497e-11,0.0004725300793733524,2.9820237162791303e-09,1.2831414104272145e-05,1.4103236934566437e-09,9.240602057656975e-11,2.4646473284243923e-05,1.0917748111312664e-05,0.006700487307406909,0.0006920289882817915,0.0004149562999755521,3.3083547731615253e-07,7.147310311953135e-09,3.8298540053248796e-08,1.2160025990562628e-07,3.8151983651941165e-10,2.487364461053508e-06,5.892417229179302e-05,2.615349963257412e-07,0.0006101727008362495,6.923714210404632e-09,1.7277369036954655e-05,5.0960633898982776e-08,8.494309826709483e-06,7.084202794167789e-11,9.154979479882575e-11,1.2342937453289284e-06,1.5864097515659184e-07,3.087759578639586e-12,1.4251296134910708e-10,1.1357538273031759e-10
1.8778459758582844e-06,0.16628943999999996,0.8585084662769803,0.0,0.0,0.4438301296719491,0.09305400156403086,0.012879438385519828,8.192704091419896e-06,0.0027024974319572593,0.030461937106987216,0.01643084673717729,5.735468775714146e-05,4.028963909337668e-11,0.0022287363111987255,6.300101167158628e-11,0.000472620666355678,2.9817030671206045e-09,1.2822416276278774e-05,1.4122372390370005e-09,9.251160204863546e-11,2.4608551600189995e-05,1.093253330317873e-05,0.006699265488960125,0.0006878277316558633,0.0004151853046852813,3.2900574845282925e-07,7.1412846130657394e-09,3.8289372209653955e-08,1.2168271788164422e-07,3.839803935905188e-10,2.5028507813348684e-06,5.925889705442092e-05,2.6183311567113717e-07,0.000610902793897681,6.92242506232843e-09,1.7300767272760335e-05,5.102046060684002e-08,8.49043723260549e-06,7.0961262444525e-11,9.163850733766325e-11,1.2360109181321826e-06,1.585826484007712e-07,3.091969786702269e-12,1.424143472004379e-10,1.1316106774707257e-10
1.8799540153619719e-06,0.16628943999999996,0.8585084662769803,0.0,0.0,0.44383423166866975,0.09303616397667946,0.012871095682869874,8.199845583189391e-06,0.0027043074464474814,0.03049802482492494,0.01644995329368963,5.733304774190669e-05,4.042555742723373e-11,0.002228300538803918,6.298292938596656e-11,0.0004727112157985226,2.981382015345315e-09,1.2813381445744752e-05,1.414150604949966e-09,9.261710932827667e-11,2.457063342342834e-05,1.0947312812217542e-05,0.0066980438221104,0.0006836345074338896,0.00041541418716026414,3.27177593587583e-07,7.135263430658248e-09,3.828021296090526e-08,1.2176471452002812e-07,3.8646575784837485e-10,2.5184903413670813e-06,5.959690194077829e-05,2.6213109487582733e-07,0.000611632899882698,6.921135526612897e-09,1.7324156515354824e-05,5.108026190502778e-08,8.486564761481621e-06,7.108052679200033e-11,9.172713054016342e-11,1.2377274430255609e-06,1.585242995685367e-07,3.0961783847463324e-12,1.4231531652726743e-10,1.1274639076951475e-10
1.8820620548656594e-06,0.16628943999999996,0.8585084662769803,0.0,0.0,0.44383832206721363,0.09301833108759455,0.012862758200530715,8.20695138478602e-06,0.0027061071984719547,0.030534113303391,0.016469051696175192,5.731140180946247e-05,4.056175577274293e-11,0.002227864709078952,6.296482915701304e-11,0.00047280172776317515,2.98106056726923e-09,1.280430978989621e-05,1.4160637868857443e-09,9.272254229853041e-11,2.453271917490688e-05,1.096208663771055e-05,0.006696822305576551,0.0006794493622488229,0.00041564294739733943,3.2535104304366106e-07,7.1292467670687435e-09,3.8271062421325946e-08,1.218462498444967e-07,3.8897625917155057e-10,2.5342851551115513e-06,5.9938229524497784e-05,2.624289329959909e-07,0.0006123630186395275,6.9198456069759314e-09,1.73475367636003e-05,5.1140037643754194e-08,8.482692417553e-06,7.119982061621256e-11,9.181566425016403e-11,1.239443319492715e-06,1.584659289856639e-07,3.1003853715714426e-12,1.4221587126565332e-10,1.1233136177938813e-10
1.8841700943693469e-06,0.16628943999999996,0.8585084662769803,0.0,0.0,0.4438424007766568,0.09300050289464326,0.012854425935799925,8.21402147696172e-06,0.0027078966896133356,0.03057020254339295,0.01648814190077641,5.728975008655928e-05,4.069823428359093e-11,0.0022274288236334024,6.294671123133707e-11,0.0004728922023104469,2.9807387291765857e-09,1.279520148600555e-05,1.4179767804748044e-09,9.282790084044742e-11,2.449480927752874e-05,1.097685477899306e-05,0.006695600938063709,0.0006752723431850261,0.0004158715853898199,3.235261273986422e-07,7.123234624605808e-09,3.826192070643534e-08,1.2192732388734188e-07,3.9151223260933466e-10,2.550237267686756e-06,6.028292302915292e-05,2.6272662907347447e-07,0.0006130931500109463,6.918555307100944e-09,1.7370908016444174e-05,5.1199787670997726e-08,8.478820205028527e-06,7.131914354456913e-11,9.190410830807678e-11,1.241158547019788e-06,1.584075369754637e-07,3.1045907459815992e-12,1.421160133520301e-10,1.1191599084621683e-10
1.8862781338730343e-06,0.16628943999999996,0.8585084662769803,0.0,0.0,0.4438464677049458,0.09298267939569271,0.012846098885979082,8.221055841299619e-06,0.0027096759216537016,0.030606292545767837,0.01650722386296391,5.7268092699185216e-05,4.083499311261221e-11,0.0022269928840709893,6.292857585404715e-11,0.0004729826395006699,2.980416507320261e-09,1.2786056711393798e-05,1.4198895812868924e-09,9.293318483305721e-11,2.4456904156197616e-05,1.09916172354543e-05,0.006694379718263075,0.0006711034977872804,0.00041610010112745095,3.2170287748931694e-07,7.1172270055489125e-09,3.8252787932974254e-08,1.2200793668949937e-07,3.940740184673346e-10,2.566348755873273e-06,6.063102633855692e-05,2.6302418213556827e-07,0.0006138232938342098,6.917264630636863e-09,1.7394270272919208e-05,5.1259511832470734e-08,8.474948128110964e-06,7.143849519970027e-11,9.199246255083353e-11,1.2428731250953522e-06,1.5834912385879493e-07,3.1087945067849594e-12,1.4201574472323016e-10,1.1150028812882154e-10
1.8883861733767218e-06,0.16628943999999996,0.8585084662769803,0.0,0.0,0.44385052275887754,0.09296486058861038,0.012837777048373822,8.2280544602212e-06,0.002711444896576248,0.03064238331118043,0.016526297537525506,5.724642977257296e-05,4.09720324117793e-11,0.002226556891989688,6.291042326876207e-11,0.0004730730393936933,2.980093907922135e-09,1.2776875643432974e-05,1.421802184830019e-09,9.303839415333272e-11,2.44190042378639e-05,1.1006374006537486e-05,0.006693158644851683,0.0006669428740698974,0.0004163284945963694,3.198813244166511e-07,7.11122391214888e-09,3.824366421893097e-08,1.2208808830062068e-07,3.966619623943026e-10,2.582621728625674e-06,6.098258400719537e-05,2.633215911947783e-07,0.0006145534499409803,6.915973581198208e-09,1.7417623532143584e-05,5.131920997158225e-08,8.47107619099701e-06,7.15578751993808e-11,9.20807268118315e-11,1.2445870532103442e-06,1.5829068995407748e-07,3.1129966527936784e-12,1.4191506731650576e-10,1.1108426387685944e-10
1.8904942128804093e-06,0.16628943999999996,0.8585084662769803,0.0,0.0,0.4438545658440799,0.09294704647126385,0.012829460420293867,8.235017316993544e-06,0.0027132036165670153,0.03067847484012136,0.01654536287855519,5.722476143120661e-05,4.110935233219277e-11,0.002226120848981829,6.289225371762389e-11,0.0004731634020488817,2.9797709371734523e-09,1.2767658459548557e-05,1.4237145865494374e-09,9.314352867615423e-11,2.4381109951571542e-05,1.1021125091739865e-05,0.006691937716492137,0.0006627905205259349,0.00041655676577906034,3.180614995507886e-07,7.105225346628305e-09,3.823454968356734e-08,1.221677787791459e-07,3.9927641547022545e-10,2.5990583275914576e-06,6.133764127079185e-05,2.636188552485998e-07,0.0006152836181572532,6.914682162365091e-09,1.7440967793321034e-05,5.137888192940076e-08,8.467204397877408e-06,7.167728315645256e-11,9.216890092087812e-11,1.246300330858001e-06,1.5823223557730472e-07,3.1171971828237275e-12,1.418139830695517e-10,1.1066792843238558e-10
1.8926022523840968e-06,0.16628943999999996,0.8585084662769803,0.0,0.0,0.4438585968649916,0.09292923704152133,0.01282114899905306,8.241944395736761e-06,0.002714952084016653,0.030714567132905293,0.01656441983944185,5.720308779882869e-05,4.1246953024071006e-11,0.002225684756634207,6.287406744131084e-11,0.0004732537275251117,2.979447601235192e-09,1.2758405337222012e-05,1.4256267818266124e-09,9.324858827427295e-11,2.4343221728505552e-05,1.1035870490612823e-05,0.006690716931832373,0.0006586464861365171,0.0004167849146543155,3.162434345361409e-07,7.099231311181991e-09,3.822544444744546e-08,1.222470081923792e-07,4.019177342956476e-10,2.6156607276368444e-06,6.169624405700666e-05,2.639159732792848e-07,0.0006160137983032845,6.913390377683261e-09,1.7464303055740944e-05,5.143852754461604e-08,8.463332752937011e-06,7.179671867874556e-11,9.225698470413486e-11,1.248012957533791e-06,1.5817376104205617e-07,3.121396095694731e-12,1.4171249392052862e-10,1.1025129223142428e-10
1.8947102918877843e-06,0.16628943999999996,0.8585084662769803,0.0,0.0,0.44386261572484115,0.09291143229725146,0.012812842781969388,8.248835681431496e-06,0.0027166903015222116,0.030750660189669,0.016583468372857967,5.7181408998446805e-05,4.138483463674002e-11,0.002225248616528182,6.285586467905028e-11,0.00047334401588076974,2.979123906238429e-09,1.274911645399338e-05,1.4275387659781723e-09,9.335357281827401e-11,2.4305340002040342e-05,1.105061020276193e-05,0.006689496289505395,0.0006545108203802569,0.0004170129411971887,3.1442716129651814e-07,7.093241807977368e-09,3.821634863245461e-08,1.2232577661656427e-07,4.0458628108224203e-10,2.632431137379589e-06,6.205843899626732e-05,2.642129442536107e-07,0.0006167439901935129,6.912098230664117e-09,1.7487629318778472e-05,5.149814665350082e-08,8.459461260354885e-06,7.191618136899711e-11,9.234497798406087e-11,1.2497249327353507e-06,1.5811526665950985e-07,3.125593390229788e-12,1.4161060180808672e-10,1.0983436580559279e-10
1.8968183313914718e-06,0.16628943999999996,0.8585084662769803,0.0,0.0,0.443866622325627,0.09289363223632364,0.012804541766365028,8.255691159926587e-06,0.002718418271888962,0.030786754010369444,0.01660250843074809,5.715972515234061e-05,4.1522997318622773e-11,0.002224812430239789,6.283764566863161e-11,0.00047343426717374846,2.978799858284695e-09,1.273979198746396e-05,1.4294505342548464e-09,9.345848217653892e-11,2.426746520778868e-05,1.1065344227847046e-05,0.006688275788129027,0.0006503835732427772,0.00041724084537895156,3.126127120403404e-07,7.087256839154936e-09,3.820726236183871e-08,1.2240408413696182e-07,4.0728242374463825e-10,2.649371799728629e-06,6.242427343273062e-05,2.645097671226442e-07,0.000617474193636486,6.9108057247847464e-09,1.751094658189471e-05,5.155773908987181e-08,8.455589924304386e-06,7.203567082477226e-11,9.243288057935556e-11,1.251436255962419e-06,1.5805675273845439e-07,3.1297890652552974e-12,1.4150830867139109e-10,1.0941715978370566e-10
1.8989263708951593e-06,0.16628943999999996,0.8585084662769803,0.0,0.0,0.44387061656809607,0.09287583685660795,0.012796245949566382,8.262510817946844e-06,0.0027201359981322637,0.03082284859478185,0.016621539964317256,5.713803638206859e-05,4.16614412172286e-11,0.002224376199339844,6.281941064641902e-11,0.00047352448146144495,2.9784754634463474e-09,1.2730432115299048e-05,1.431362081840397e-09,9.356331621520768e-11,2.4229597783651502e-05,1.108007256558241e-05,0.00668705542630564,0.0006462647952263338,0.0004174686271670496,3.1080011926589445e-07,7.081276406828697e-09,3.819818576022404e-08,1.2248193084792867e-07,4.1000653599348774e-10,2.6664849924307103e-06,6.27937954353746e-05,2.648064408215056e-07,0.0006182044084347811,6.909512863487941e-09,1.753425484463679e-05,5.1617304685050624e-08,8.451718748953278e-06,7.215518663838146e-11,9.252069230490105e-11,1.2531469267167685e-06,1.579982195853012e-07,3.133983119600788e-12,1.4140561645014707e-10,1.0899968489343964e-10
1.9010344103988468e-06,0.16628943999999996,0.8585084662769803,0.0,0.0,0.4438745983517228,0.09285804615597543,0.012787955328904104,8.26929464310098e-06,0.00272184348347945,0.030858943942497684,0.0166405629240192,5.711634280847481e-05,4.180016647914229e-11,0.002223939925394048,6.280115984736428e-11,0.0004736146588007567,2.9781507277669344e-09,1.2721037015230728e-05,1.4332734038505311e-09,9.366807479813979e-11,2.4191738169868376e-05,1.1094795215736738e-05,0.006685835202621894,0.0006421545373595353,0.0004176962865250564,3.0898941576666695e-07,7.0753005130865775e-09,3.8189118953647446e-08,1.225593168529979e-07,4.1275899742978696e-10,2.6837730286238004e-06,6.316705380922005e-05,2.6510296426912917e-07,0.0006189346343849263,6.908219650182212e-09,1.7557554106638074e-05,5.1676843267823645e-08,8.447847738463789e-06,7.227472839679857e-11,9.260841297170342e-11,1.254856944502139e-06,1.5793966750409658e-07,3.138175552098741e-12,1.413025270846265e-10,1.0858195196299358e-10
1.9031424499025343e-06,0.16628943999999996,0.8585084662769803,0.0,0.0,0.4438785675746881,0.09284026013229814,0.012779669901713146,8.276042623889668e-06,0.002723540731371762,0.03089504005292267,0.01665957725954444,5.709464455169572e-05,4.1939173250013033e-11,0.0022235036099631017,6.278289350501962e-11,0.0004737047992480797,2.977825657261557e-09,1.2711606865060812e-05,1.4351844953317985e-09,9.377275778687554e-11,2.4153886809068766e-05,1.1109512178133321e-05,0.0066846151156484705,0.0006380528512071578,0.0004179238234126279,3.071806346367248e-07,7.069329159990883e-09,3.818006206958503e-08,1.2263624226496092e-07,4.1554019364043295e-10,2.701238257397386e-06,6.354409810667941e-05,2.6539933636802216e-07,0.000619664871277322,6.90692608824183e-09,1.758084436761832e-05,5.173635466440186e-08,8.443976896992718e-06,7.239429568157751e-11,9.269604238683367e-11,1.2565663088241708e-06,1.5788109679653354e-07,3.1423663615844116e-12,1.4119904251569517e-10,1.0816397192278463e-10
1.9052504894062218e-06,0.16628943999999996,0.8585084662769803,0.0,0.0,0.4438825241338569,0.09282247878344921,0.012771389665332783,8.28275474971373e-06,0.002725227745466302,0.030931136925274716,0.01667858291980832,5.707294173116687e-05,4.207846167454326e-11,0.0022230672546028002,6.276461185155037e-11,0.0004737949028593047,2.9775002579172358e-09,1.270214184266374e-05,1.4370953512604867e-09,9.387736504059613e-11,2.411604414632404e-05,1.1124223452650154e-05,0.006683395163939797,0.0006339597888800548,0.00041815123778545524,3.053738092761627e-07,7.0633623495786845e-09,3.8171015236980846e-08,1.2271270720595033e-07,4.1835051629503653e-10,2.7188830643595116e-06,6.392497863903206e-05,2.6569555600402365e-07,0.0006203951188961581,6.9056321810068e-09,1.7604125627383824e-05,5.1795838698380244e-08,8.440106228691552e-06,7.25138880687689e-11,9.27835803533681e-11,1.258275019190337e-06,1.5782250776196345e-07,3.1465555468956462e-12,1.410951646848403e-10,1.0774575580715823e-10
1.9073585289099095e-06,0.16628943999999996,0.8585084662769803,0.0,0.0,0.44388646792475794,0.09280470210730306,0.012763114617106662,8.289431010882463e-06,0.0027269045296380353,0.030967234558581854,0.016697579852938824,5.7051234465629623e-05,4.221803189647707e-11,0.0022226308608641557,6.274631511774755e-11,0.00047388496968981433,2.9771745356932725e-09,1.2692642125989672e-05,1.4390059665414938e-09,9.398189641608346e-11,2.407821062920022e-05,1.1138929039220035e-05,0.006682175346033779,0.0006298754030451573,0.0004183785295952185,3.0356897339660866e-07,7.057400083862313e-09,3.8161978586276575e-08,1.227887118075252e-07,4.2119036324394063e-10,2.736709872210507e-06,6.43097464880237e-05,2.6599162204606003e-07,0.0006211253770193331,6.904337931782938e-09,1.762739788582766e-05,5.185529519069662e-08,8.436235737706532e-06,7.263350512883485e-11,9.28710266703281e-11,1.259983075109873e-06,1.5776390069740766e-07,3.1507431068727223e-12,1.4099089553420004e-10,1.0732731475612405e-10
1.9094665684135972e-06,0.16628943999999996,0.8585084662769803,0.0,0.0,0.44389039884156006,0.09278693010173551,0.012754844754382835,8.296071398622117e-06,0.00272857108798182,0.0310033329516801,0.01671656800626427,5.702952287313791e-05,4.2357884058588785e-11,0.0022221944302934942,6.272800353304079e-11,0.00047397499979448017,2.97684849652162e-09,1.2683107893067582e-05,1.4409163360071935e-09,9.408635176767938e-11,2.404038670781148e-05,1.1153628937830694e-05,0.00668095566045152,0.0006257997469355641,0.00041860569878953845,3.017661610267772e-07,7.0514423648297305e-09,3.81529522494411e-08,1.2286425621075719e-07,4.240601386175113e-10,2.7547211413234607e-06,6.469845351758856e-05,2.6628753334589833e-07,0.0006218556454183696,6.903043343841815e-09,1.7650661142929824e-05,5.1914723959589855e-08,8.432365428178758e-06,7.275314642656434e-11,9.295838113261902e-11,1.2616904760937118e-06,1.5770527589756943e-07,3.154929040358145e-12,1.4088623700659235e-10,1.0690866001710982e-10
1.911574607917285e-06,0.16628943999999996,0.8585084662769803,0.0,0.0,0.4438943167770513,0.09276916276462378,0.0127465800745138,8.302675905084512e-06,0.0027302274248144757,0.031039432103211348,0.016735547326300983,5.700780707106492e-05,4.249801830267105e-11,0.002221757964432571,6.270967732551063e-11,0.0004740649932276594,2.9765221463072464e-09,1.2673539322008443e-05,1.442826454416286e-09,9.41907309472444e-11,2.400257283487448e-05,1.116832314852494e-05,0.006679736105697041,0.000621732874360717,0.0004188327453119287,2.999654065181021e-07,7.0454891944450065e-09,3.814393636000078e-08,1.2293934056631824e-07,4.269602529265912e-10,2.7729193703310826e-06,6.509115238569139e-05,2.6658328873790134e-07,0.0006225859238583315,6.901748420420827e-09,1.7673915398757475e-05,5.1974124820558144e-08,8.428495304244294e-06,7.287281152098637e-11,9.304564353096907e-11,1.2633972216544113e-06,1.5764663365484488e-07,3.1591133461964876e-12,1.4078119104554588e-10,1.0648980294674144e-10
1.9136826474209727e-06,0.16628943999999996,0.8585084662769803,0.0,0.0,0.44389822162261566,0.09275140009384676,0.012738320574856535,8.309244523355782e-06,0.002731873544676881,0.031075532011621144,0.016754517758740706,5.6986087176109674e-05,4.263843476952288e-11,0.0022213214648186793,6.269133672190128e-11,0.0004741549500431918,2.9761954909284983e-09,1.2663936591008519e-05,1.4447363164526414e-09,9.429503380411578e-11,2.3964769465763346e-05,1.1183011671400787e-05,0.006678516680256996,0.000617674839716661,0.00041905966910174634,2.9816674455038827e-07,7.039540574648738e-09,3.8134931053070014e-08,1.2301396503457032e-07,4.2989112316421423e-10,2.7913070967192713e-06,6.548789655628716e-05,2.668788870387775e-07,0.0006233162120977358,6.900453164723181e-09,1.7697160653465158e-05,5.203349758631639e-08,8.424625370034258e-06,7.299249996528515e-11,9.313281365186725e-11,1.2651033113060879e-06,1.5758797425933452e-07,3.1632960232342006e-12,1.40675759595331e-10,1.0607075501262628e-10
1.9157906869246604e-06,0.16628943999999996,0.8585084662769803,0.0,0.0,0.44390211326821105,0.09273364208728502,0.012730066252772544,8.315777247465292e-06,0.002733509452336125,0.031111632675156518,0.016773479248437972,5.696436330430379e-05,4.2779133598937484e-11,0.0022208849329847565,6.267298194763327e-11,0.00047424487029439647,2.975868536237469e-09,1.2654299878352701e-05,1.4466459167241245e-09,9.43992601850651e-11,2.392697705856553e-05,1.119769450661159e-05,0.006677297382600389,0.0006136256979963819,0.000419286470094143,2.963702101375581e-07,7.03359650735847e-09,3.8125936465382195e-08,1.2308812978565645e-07,4.328531729084878e-10,2.8098868974268023e-06,6.588874031139578e-05,2.6717432704733226e-07,0.000624046509888468,6.899157579917891e-09,1.7720396907295008e-05,5.2092842066753334e-08,8.420755629674936e-06,7.311221130671022e-11,9.32198912775006e-11,1.2668087445643442e-06,1.5752929799885452e-07,3.1674770703194305e-12,1.405699446009921e-10,1.0565152779519305e-10
1.917898726428348e-06,0.16628943999999996,0.8585084662769803,0.0,0.0,0.44390599160234623,0.09271588874282097,0.012721817105627895,8.322274072394685e-06,0.002735135152787676,0.0311477340918637,0.016792431739397384,5.6942635571018074e-05,4.292011492968978e-11,0.002220448370459499,6.265461322681577e-11,0.0004743347540340683,2.9755412880603632e-09,1.2644629362417948e-05,1.4485552497614136e-09,9.450340993425534e-11,2.388919607413836e-05,1.1212371654366218e-05,0.006676078211178284,0.0006095855048002229,0.0004195131482200151,2.94575838633411e-07,7.027656994469145e-09,3.811695273532107e-08,1.231618349995932e-07,4.3584683242664987e-10,2.828661389451515e-06,6.629373876328856e-05,2.674696075442174e-07,0.0006247768169756927,6.8978616691398225e-09,1.7743624160577006e-05,5.215215806888853e-08,8.416886087287864e-06,7.323194508649181e-11,9.330687618569153e-11,1.268513520946202e-06,1.5747060515894763e-07,3.171656486301842e-12,1.4046374800838065e-10,1.0523213298950029e-10
1.920006765932036e-06,0.16628943999999996,0.8585084662769803,0.0,0.0,0.44390985651205794,0.09269814005833901,0.012713573130793266,8.328734994087073e-06,0.0027367506512575948,0.031183836259585866,0.016811375174760706,5.6920904090969146e-05,4.306137889952398e-11,0.0022200117787674715,6.263623078225922e-11,0.00047442460131447487,2.97521375219787e-09,1.2634925221676794e-05,1.4504643100168064e-09,9.460748289319723e-11,2.38514269761664e-05,1.12270431149292e-05,0.006674859164423514,0.0006055543163463722,0.0004197397034059529,2.927836657374648e-07,7.021722037853543e-09,3.810798000295263e-08,1.2323508086636502e-07,4.3887253878033666e-10,2.8476332304624267e-06,6.67029478667833e-05,2.677647272916801e-07,0.0006255071330977648,6.896565435489675e-09,1.7766842413729244e-05,5.221144539682849e-08,8.413016746989955e-06,7.335170083975011e-11,9.339376814983438e-11,1.27021763997003e-06,1.5741189602289448e-07,3.1758342700324337e-12,1.4035717176418887e-10,1.0481258240711425e-10
1.9221148054357235e-06,0.16628943999999996,0.8585084662769803,0.0,0.0,0.4439137078828874,0.09268039603172555,0.012705334325643972,8.335160009456391e-06,0.0027383559532047925,0.031219939175960786,0.016830309496793882,5.689916897822606e-05,4.320292564514065e-11,0.0022195751594292165,6.26178348354877e-11,0.0004745144121873526,2.974885934425519e-09,1.2625187634700944e-05,1.4523730918630146e-09,9.471147890070533e-11,2.381367023121956e-05,1.1241708888620898e-05,0.006673640240750379,0.0006015321894814194,0.00041996613557418987,2.909937275008219e-07,7.015791639362693e-09,3.80990184100571e-08,1.2330786758602e-07,4.41930735931928e-10,2.866805119417993e-06,6.711642443164426e-05,2.680596850333094e-07,0.0006262374579861389,6.895268882033984e-09,1.7790051667258163e-05,5.227070385172275e-08,8.409147612893583e-06,7.347147809540803e-11,9.348056693883094e-11,1.271921101155474e-06,1.5735317087172446e-07,3.1800104203633547e-12,1.4025021781598467e-10,1.0439288797797011e-10
1.924222844939411e-06,0.16628943999999996,0.8585084662769803,0.0,0.0,0.443917545598858,0.09266265666086926,0.012697100687560027,8.341549116396886e-06,0.002739951064323317,0.03125604283841854,0.01684923464687399,5.687743034621683e-05,4.334475530218379e-11,0.0022191385139613685,6.25994256067515e-11,0.00047460418670390434,2.974557840494057e-09,1.2615416780164956e-05,1.4542815895919482e-09,9.481539779285319e-11,2.3775926308811965e-05,1.1256368975817665e-05,0.006672421438554357,0.0005975191816909759,0.0004201924446425515,2.8920606033209847e-07,7.009865800826323e-09,3.80900681001617e-08,1.233801953687679e-07,4.4502187485209986e-10,2.8861797971900817e-06,6.753422613508305e-05,2.6835447949378573e-07,0.0006269677913652772,6.893972011805153e-09,1.7813251921758835e-05,5.232993323171966e-08,8.405278689106699e-06,7.359127637610127e-11,9.356727231702661e-11,1.273623904023384e-06,1.5729442998422642e-07,3.184184936147723e-12,1.4014288811224754e-10,1.0397306175227175e-10
1.926330884443099e-06,0.16628943999999996,0.8585084662769803,0.0,0.0,0.44392136954245054,0.09264492194366103,0.012688872213926183,8.3479023137928e-06,0.0027415359905446804,0.03129214724417906,0.01686815056547602,5.6855688307735126e-05,4.3486868005227624e-11,0.0022187018438767645,6.258100331503941e-11,0.0004746939249147947,2.974229476129815e-09,1.2605612836849986e-05,1.4561897974134917e-09,9.491923940292822e-11,2.3738195681461613e-05,1.1271023376952044e-05,0.006671202756211808,0.0005935153511103545,0.000420418630524403,2.8742070100338174e-07,7.003944524053298e-09,3.808112921857341e-08,1.234520644350786e-07,4.4814641362841476e-10,2.9057600471937226e-06,6.795641153435635e-05,2.686491093786256e-07,0.0006276981329525589,6.892674827801433e-09,1.7836443177915254e-05,5.238913333192139e-08,8.401409979732937e-06,7.37110951980897e-11,9.365388404414522e-11,1.2753260480957458e-06,1.5723567363695964e-07,3.188357816239437e-12,1.4003518460240478e-10,1.0355311590239345e-10
1.9284389239467866e-06,0.16628943999999996,0.8585084662769803,0.0,0.0,0.44392517959458033,0.09262719187799423,0.012680648902131957,8.354219601528134e-06,0.0027431107380402314,0.031328252390249764,0.01688705719215961,5.6833942974946706e-05,4.362926388776321e-11,0.0022182651506845587,6.256256817809118e-11,0.00047478362687014704,2.97390084703507e-09,1.2595775983647658e-05,1.4580977094542658e-09,9.502300356138593e-11,2.3700478824750767e-05,1.128567209251295e-05,0.00666998419207965,0.0005895207565353032,0.00042064469312859745,2.856376866562492e-07,6.998027810832052e-09,3.8072201912412555e-08,1.2352347501578403e-07,4.5130481757503494e-10,2.9255486960222056e-06,6.838304007945566e-05,2.689435733739298e-07,0.0006284284824581841,6.891377332986946e-09,1.7859625436500638e-05,5.244830394433914e-08,8.39754148887172e-06,7.383093407116608e-11,9.374040187522388e-11,1.2770275328956087e-06,1.5717690210426448e-07,3.192529059492999e-12,1.399271092368694e-10,1.0313306272482095e-10
1.9305469634504743e-06,0.16628943999999996,0.8585084662769803,0.0,0.0,0.4439289756345737,0.09260946646176474,0.012672430749571697,8.360500980496646e-06,0.0027446753132235537,0.03136435827342305,0.016905954465555692,5.6812194459396086e-05,4.377194308218479e-11,0.0022178284358903354,6.254412041240989e-11,0.0004748732926195401,2.973571958888421e-09,1.2585906399563973e-05,1.4600053197563854e-09,9.512669009580366e-11,2.3662776217387144e-05,1.1300315123045846e-05,0.0066687657444950785,0.0005855354574327866,0.00042087063235942204,2.838570548078008e-07,6.9921156629310295e-09,3.806328633064634e-08,1.2359442735217986e-07,4.544975593434667e-10,2.945548614087604e-06,6.881417212588413e-05,2.6923787014612954e-07,0.0006291588395850792,6.890079530291686e-09,1.7882798698377695e-05,5.250744485784768e-08,8.393673220618386e-06,7.395079249856777e-11,9.38268255605476e-11,1.278728357947013e-06,1.5711811565827307e-07,3.196698664763321e-12,1.3981866396707851e-10,1.0271291464207861e-10
1.932655002954162e-06,0.16628943999999996,0.8585084662769803,0.0,0.0,0.4439327575401432,0.09259174569287111,0.012664217753644616,8.366746452611943e-06,0.0027462297227529185,0.031400464890273885,0.01692484232335302,5.6790442872013e-05,4.391490571977599e-11,0.0022173917009962207,6.252566023327423e-11,0.0004749629222120039,2.9732428173451573e-09,1.2576004263723338e-05,1.461912622276206e-09,9.523029883083359e-11,2.362508834126581e-05,1.1314952469152977e-05,0.006667547411775244,0.0005815595139518108,0.0004210964481165465,2.820788433567546e-07,6.9862080820991074e-09,3.805438262412302e-08,1.2366492169613053e-07,4.5772511903434036e-10,2.965762716266196e-06,6.924986894751499e-05,2.6953199834173343e-07,0.000629889204028801,6.888781422611521e-09,1.790596296449901e-05,5.256655585813974e-08,8.38980517906426e-06,7.407066997688476e-11,9.391315484558313e-11,1.2804285227749167e-06,1.5705931456891974e-07,3.2008666309055533e-12,1.3970985074553288e-10,1.0229268420470272e-10
1.9347630424578498e-06,0.16628943999999996,0.8585084662769803,0.0,0.0,0.4439365251873647,0.09257402956921464,0.012656009911754845,8.372956020817778e-06,0.002747773973533762,0.03143657223715716,0.01694372070228463,5.6768688323118923e-05,4.4058151930695817e-11,0.002216954947501001,6.25071878547508e-11,0.0004750525156960163,2.9729134280376224e-09,1.2566069755372661e-05,1.4638196108830593e-09,9.533382958815549e-11,2.3587415681531845e-05,1.1329584131493546e-05,0.006666329192216946,0.0005775929869342849,0.0004213221402949678,2.803030905895502e-07,6.98030507006605e-09,3.804549094560646e-08,1.237349583101751e-07,4.6098798431015975e-10,2.986193962548843e-06,6.969019274952618e-05,2.69825956587075e-07,0.00063061957547744,6.887483012808198e-09,1.7929118235907312e-05,5.262563672767995e-08,8.385937368296819e-06,7.419056599597033e-11,9.399938947091272e-11,1.2821280269051258e-06,1.5700049910395185e-07,3.205032956774887e-12,1.3960067152583726e-10,1.0187238409320769e-10
1.9368710819615375e-06,0.16628943999999996,0.8585084662769803,0.0,0.0,0.4439402784506524,0.09255631808869946,0.012647807221311468,8.379129689098486e-06,0.00274930807272122,0.03147268031020525,0.016962589538114272,5.6746930922433665e-05,4.420168184396427e-11,0.002216518176900234,6.248870348970655e-11,0.0004751420731194992,2.9725837965755923e-09,1.2556103053885554e-05,1.465726279357985e-09,9.543728218642851e-11,2.354975872664381e-05,1.1344210110783947e-05,0.006665111084096322,0.0005736359379259105,0.0004215477087849574,2.785298351865046e-07,6.974406628542946e-09,3.803661144981088e-08,1.238045374676352e-07,4.6428665050903167e-10,3.006845358695808e-06,7.013520668140451e-05,2.7011974348806097e-07,0.0006313499536115215,6.886184303709364e-09,1.7952264513735846e-05,5.268468724565899e-08,8.382069792399762e-06,7.431048003884996e-11,9.408552917216802e-11,1.2838268698642204e-06,1.5694166952894e-07,3.2091976412263783e-12,1.3949112826274206e-10,1.0145202712007808e-10
1.938979121465225e-06,0.16628943999999996,0.8585084662769803,0.0,0.0,0.44394401720273524,0.0925386112492328,0.01263960967972858,8.38526746248956e-06,0.0027508320277226813,0.031508789105325355,0.016981448765622714,5.672517077908178e-05,4.434549558744807e-11,0.002216081390686364,6.24702073498209e-11,0.00047523159452981487,2.972253928546643e-09,1.2546104338766596e-05,1.4676326213924565e-09,9.554065644124288e-11,2.3512117968437815e-05,1.135883040779799e-05,0.006663893085668533,0.0005696884291870951,0.0004217731534720064,2.767591162279745e-07,6.968512759222625e-09,3.802774429343617e-08,1.238736594527245e-07,4.676216207592758e-10,3.027719956895957e-06,7.058497485001282e-05,2.7041335762991956e-07,0.0006320803381039057,6.88488529810855e-09,1.797540179920873e-05,5.274370718794681e-08,8.378202455453149e-06,7.443041158163119e-11,9.417157367996286e-11,1.2855250511794833e-06,1.568828261072886e-07,3.2133606831147605e-12,1.3938122291218545e-10,1.0103162623176732e-10
1.941087160968913e-06,0.16628943999999996,0.8585084662769803,0.0,0.0,0.4439477413146321,0.09252090904872487,0.012631417284425333,8.391369347088436e-06,0.0027523458462004016,0.031544898618196836,0.01700029831859403,5.6703408001599115e-05,4.4489593287845784e-11,0.002215644590348843,6.245169964559809e-11,0.0004753210799737623,2.9719238295165213e-09,1.2536073789655723e-05,1.4695386305870962e-09,9.564395216507086e-11,2.3474493902192473e-05,1.1373445023367113e-05,0.006662675195167441,0.0005657505237038801,0.00042199847423677076,2.7499097320055843e-07,6.962623463780129e-09,3.801888963520338e-08,1.2394232456066034e-07,4.709934060949363e-10,3.0488208564298474e-06,7.103956233271347e-05,2.707067975769517e-07,0.0006328107286196878,6.883585998765193e-09,1.7998530093641284e-05,5.280269632704632e-08,8.37433536153352e-06,7.455036009341275e-11,9.425752271982695e-11,1.2872225703788233e-06,1.5682396910024627e-07,3.2175220812942578e-12,1.392709574313371e-10,1.0061119451071471e-10
1.9431952004726006e-06,0.16628943999999996,0.8585084662769803,0.0,0.0,0.44395145065562824,0.09250321148508915,0.012623230032825986,8.397435350065394e-06,0.0027538495360741465,0.03158100884426861,0.017019138129801815,5.668164269793927e-05,4.463397507067303e-11,0.0022152077773742425,6.243318058637929e-11,0.00047541052949757253,2.971593505029514e-09,1.2526011586332666e-05,1.4714443004503833e-09,9.5747169167217e-11,2.343688702669443e-05,1.138805395838065e-05,0.006661457410805303,0.0005618222851988747,0.00042222367095501724,2.732254460033029e-07,6.956738743873137e-09,3.801004763589077e-08,1.2401053309777713e-07,4.744025255720872e-10,3.070151204336564e-06,7.149903519053994e-05,2.71000061872282e-07,0.0006335411248160957,6.8822864084046616e-09,1.8021649398440454e-05,5.28616544320464e-08,8.370468514713998e-06,7.467032503619479e-11,9.434337601213857e-11,1.2889194269907073e-06,1.567650987669161e-07,3.2216818346184092e-12,1.391603337786427e-10,1.0019074517736468e-10
1.9453032399762883e-06,0.16628943999999996,0.8585084662769803,0.0,0.0,0.44395514509325024,0.09248551855624247,0.012615047922359941,8.403465479674649e-06,0.0027553431055238747,0.03161711977875641,0.017037968130995364,5.6659874975480105e-05,4.477864106024731e-11,0.002214770953246372,6.241465038035498e-11,0.000475499943146906,2.9712629606088313e-09,1.2515917908721515e-05,1.4733496243973617e-09,9.585030725376825e-11,2.3399297844304725e-05,1.1402657213786036e-05,0.006660239730772441,0.0005579037781421883,0.0004224487434975676,2.714625749539366e-07,6.950858601142394e-09,3.800121845836991e-08,1.240782853816407e-07,4.778495063859442e-10,3.0917141960838086e-06,7.196346048140903e-05,2.712931490376123e-07,0.0006342715263423886,6.8809865297182274e-09,1.8044759715105162e-05,5.292058126857509e-08,8.366601919064432e-06,7.479030586478816e-11,9.442913327205738e-11,1.2906156205440837e-06,1.567062153642662e-07,3.2258399419398777e-12,1.3904935391386936e-10,9.977029159220905e-11
1.947411279479976e-06,0.16628943999999996,0.8585084662769803,0.0,0.0,0.4439588244932422,0.09246783026010498,0.012606870950461816,8.409459745265602e-06,0.002756826562992471,0.03165323141664005,0.017056788252885837,5.663810494103016e-05,4.492359137967264e-11,0.0022143341194463964,6.239610923457704e-11,0.00047558932096684767,2.970932201756965e-09,1.250579293689536e-05,1.4752545957483434e-09,9.595336622754319e-11,2.336172686102575e-05,1.1417254790589092e-05,0.0066590221532369254,0.000553995067762353,0.0004226736917302435,2.697024007951034e-07,6.9449830372121714e-09,3.799240226764236e-08,1.2414558174116613e-07,4.8133488398866e-10,3.113513076240983e-06,7.243290627336468e-05,2.715860575729777e-07,0.0006350019328397517,6.8796863653631175e-09,1.8067861045226725e-05,5.297947659875253e-08,8.362735578651493e-06,7.491030202672572e-11,9.451479420945762e-11,1.29231115056831e-06,1.5664731914713993e-07,3.229996402110272e-12,1.389380197981523e-10,9.934984725781716e-11
1.9495193189836637e-06,0.16628943999999996,0.8585084662769803,0.0,0.0,0.4439624887195408,0.0924501465946004,0.012598699114571475,8.415418157294235e-06,0.0027582999171885084,0.03168934375266062,0.017075598425132378,5.661633270083516e-05,4.506882615082401e-11,0.002213897277452955,6.237755735497099e-11,0.0004756786630019033,2.970601233956076e-09,1.249563685108101e-05,1.4771592077276012e-09,9.605634588804099e-11,2.332417458656897e-05,1.1431846689854272e-05,0.006657804676344252,0.0005500962200572238,0.00042289851551381057,2.6794496470060796e-07,6.939112053690702e-09,3.7983599230876564e-08,1.242124225167355e-07,4.848592022078204e-10,3.135551139154806e-06,7.290744165784452e-05,2.718787859565041e-07,0.0006357323439411931,6.878385917962508e-09,1.8090953390489244e-05,5.3038340181143704e-08,8.358869497538816e-06,7.503031296217161e-11,9.460035852886078e-11,1.2940060165930806e-06,1.5658841036826608e-07,3.2341512139799624e-12,1.3882633339404224e-10,9.892942582090399e-11
1.9516273584873514e-06,0.16628943999999996,0.8585084662769803,0.0,0.0,0.44396613763425147,0.0924324675576561,0.012590532412134089,8.421340727334706e-06,0.0027597631770890627,0.03172545678131771,0.017094398576328256,5.659455836058438e-05,4.521434549433157e-11,0.0022134604287422795,6.235899494634803e-11,0.00047576796929599545,2.9702700626683583e-09,1.2485449831663832e-05,1.479063453462068e-09,9.61592460313897e-11,2.328664153442322e-05,1.1446432912704916e-05,0.006656587298217016,0.0005462073018048493,0.0004231232147039235,2.6619030828165824e-07,6.933245652170617e-09,3.797480951744505e-08,1.2427880806031914e-07,4.884230133655116e-10,3.1578317296271016e-06,7.338713676295924e-05,2.721713326441694e-07,0.0006364627592714364,6.877085190105547e-09,1.8114036752670046e-05,5.309717177071143e-08,8.355003679787117e-06,7.515033810383445e-11,9.468582592936882e-11,1.295700218148351e-06,1.5652948927826955e-07,3.238304376397903e-12,1.3871429666555462e-10,9.850904107436613e-11
1.953735397991039e-06,0.16628943999999996,0.8585084662769803,0.0,0.0,0.44396977109762376,0.09241479314720318,0.012582370840600187,8.427227468091081e-06,0.002761216351942559,0.03176157049686655,0.017113188633986923,5.657278202541723e-05,4.536014952956458e-11,0.0022130235747883135,6.23404222124174e-11,0.00047585723989245946,2.9699386933364193e-09,1.2475232059192673e-05,1.4809673259800284e-09,9.62620664502943e-11,2.3249128221923744e-05,1.1461013460323555e-05,0.006655370016954594,0.0005423283805743001,0.0004233477891510698,2.6443847359310605e-07,6.927383834229384e-09,3.796603329896187e-08,1.243447387355976e-07,4.92026878397941e-10,3.180358243594245e-06,7.387206276677485e-05,2.724636960695667e-07,0.000637193178446816,6.875784184347371e-09,1.8137111133640104e-05,5.3155971118768965e-08,8.351138129454332e-06,7.527037687687729e-11,9.47711961045969e-11,1.2973937547642673e-06,1.5647055612568122e-07,3.2424558882114476e-12,1.3860191157821906e-10,9.808870695935956e-11
1.955843437494727e-06,0.16628943999999996,0.8585084662769803,0.0,0.0,0.4439733889680274,0.09239712336117649,0.012574214397425709,8.433078393409244e-06,0.0027626594512716635,0.0317976848933151,0.017131968524528186,5.6551003799929516e-05,4.55062383746152e-11,0.0022125867170628317,6.232183935579825e-11,0.0004759464748340396,2.9696071313836555e-09,1.2464983714384864e-05,1.482870818209807e-09,9.636480693398392e-11,2.321163517032183e-05,1.1475588333952155e-05,0.006654152830632811,0.0005384595247364455,0.0004235722387005144,2.6268950313967227e-07,6.9215266014297705e-09,3.7957270749320464e-08,1.2441021491808612e-07,4.95671366975516e-10,3.2031341288078916e-06,7.436229191058665e-05,2.727558746436728e-07,0.0006379236010751682,6.87448290320914e-09,1.81601765353645e-05,5.321473797293292e-08,8.347272850595724e-06,7.539042869883164e-11,9.485646874260703e-11,1.2990866259710907e-06,1.564116111569488e-07,3.2466057482661753e-12,1.384891800991306e-10,9.766843756735356e-11
1.9579514769984146e-06,0.16628943999999996,0.8585084662769803,0.0,0.0,0.44397699110192756,0.09237945819751488,0.01256606308007206,8.438893518288958e-06,0.0027640924848762213,0.03183379996442113,0.017150738173264343,5.6529223788180004e-05,4.565261214628198e-11,0.002212149857035561,6.230324657803201e-11,0.0004760356741628843,2.9692753822146235e-09,1.2454704978131325e-05,1.4847739229784684e-09,9.646746726815891e-11,2.317416290485503e-05,1.149015753489244e-05,0.006652935737303619,0.0005346008034746641,0.00042379656319224305,2.609434398821628e-07,6.915673955320265e-09,3.7948522044731596e-08,1.2447523699526069e-07,4.993570576233147e-10,3.226162885516355e-06,7.485789751217334e-05,2.730478667546185e-07,0.0006386540267557238,6.873181349178046e-09,1.818323295990286e-05,5.327347207707615e-08,8.343407847264033e-06,7.551049297951066e-11,9.494164352584153e-11,1.300778831299125e-06,1.5635265461644682e-07,3.250753955405713e-12,1.3837610419700133e-10,9.72482471421939e-11
1.9600595165021023e-06,0.16628943999999996,0.8585084662769803,0.0,0.0,0.44398057735386154,0.09236179765416117,0.012557916886006156,8.444672858896119e-06,0.0027655154628362225,0.03186991570368931,0.017169497504386334,5.65074420936968e-05,4.579927096005316e-11,0.0022117129961743034,6.228464407959442e-11,0.00047612483792054265,2.9689434512154246e-09,1.244439603150178e-05,1.4866766330105031e-09,9.657004723493731e-11,2.313671195481801e-05,1.150472106450615e-05,0.006651718734994772,0.0005307522867954767,0.00042402076246090756,2.592003272436518e-07,6.909825897435541e-09,3.7939787363761756e-08,1.2453980536668592e-07,5.030845378418646e-10,3.24944806714627e-06,7.535895397901942e-05,2.7333967076746464e-07,0.0006393844550789987,6.871879524707363e-09,1.8206280409409808e-05,5.333217317128055e-08,8.339543123509606e-06,7.563056912092314e-11,9.502672013105683e-11,1.3024703702786454e-06,1.5629368674648723e-07,3.254900508471554e-12,1.3826268584221422e-10,9.682815008217676e-11
1.96216755600579e-06,0.16628943999999996,0.8585084662769803,0.0,0.0,0.4439841475764143,0.09234414172906225,0.012549775812700486,8.450416432575154e-06,0.0027669283955148232,0.03190603210436814,0.01718824644094999,5.648565881948374e-05,4.5946214930089744e-11,0.0022112761359450507,6.226603205990744e-11,0.00047621396614796015,2.9686113437540764e-09,1.2434057055750044e-05,1.488578940926528e-09,9.66725466128009e-11,2.3099282853633985e-05,1.1519278924215392e-05,0.006650501821709497,0.0005269140455390906,0.0004242448363357697,2.5746020911564604e-07,6.903982429296872e-09,3.793106688737149e-08,1.2460392044414503e-07,5.068544042281583e-10,3.272993280983795e-06,7.586553682149284e-05,2.7363128502398247e-07,0.0006401148856266829,6.870577432216467e-09,1.8229318886135506e-05,5.339084099179036e-08,8.335678683380507e-06,7.575065651719014e-11,9.511169822925779e-11,1.3041612424398222e-06,1.5623470778732987e-07,3.2590454063028967e-12,1.38148927006877e-10,9.640816094209725e-11
1.9642755955094777e-06,0.16628943999999996,0.8585084662769803,0.0,0.0,0.4439877016201951,0.09232649042016924,0.012541639857633171,8.456124257861579e-06,0.0027683312935614015,0.03194214915944699,0.01720698490486233,5.6463874068026804e-05,4.609344416920833e-11,0.0022108392778121136,6.224741071735164e-11,0.00047630305888547383,2.968279065180887e-09,1.2423688232319421e-05,1.490480839241984e-09,9.677496517654077e-11,2.306187613892663e-05,1.1533831115502894e-05,0.00664928499542617,0.000523086151389837,0.00042446878464064586,2.557231298642033e-07,6.898143552412609e-09,3.7922360798954255e-08,1.2466758265177158e-07,5.106672625967798e-10,3.296802188854913e-06,7.637772266596418e-05,2.7392270784243957e-07,0.0006408453179715322,6.869275074090876e-09,1.8252348392426074e-05,5.3449475270965456e-08,8.331814530922686e-06,7.587075455446129e-11,9.519657748563268e-11,1.3058514473126505e-06,1.5617571797719305e-07,3.26318864773646e-12,1.3803482966487796e-10,9.598829443531528e-11
1.9663836350131654e-06,0.16628943999999996,0.8585084662769803,0.0,0.0,0.4439912393338133,0.09230884372543754,0.012533509018288012,8.461796354494747e-06,0.0027697241679146473,0.03197826686165301,0.01722571281686788,5.644208794130058e-05,4.624095878886373e-11,0.0022104024232382407,6.222878024927803e-11,0.00047639211617280907,2.967946620828846e-09,1.24132897428482e-05,1.492382320365843e-09,9.687730269720267e-11,2.3024492352592566e-05,1.1548377639912375e-05,0.0066480682540979935,0.0005192686768864899,0.00042469260719385163,2.539891343360179e-07,6.8923092682786045e-09,3.791366928437523e-08,1.2473079242618293e-07,5.145237281010991e-10,3.3208785078040785e-06,7.689558926785355e-05,2.742139375173905e-07,0.0006415757516772544,6.8679724526823045e-09,1.8275368930724143e-05,5.3508075737234746e-08,8.327950670180093e-06,7.599086261083313e-11,9.52813575594882e-11,1.307540984426877e-06,1.5611671755226384e-07,3.26733023160632e-12,1.3792039579194238e-10,9.556856543580118e-11
1.968491674516853e-06,0.16628943999999996,0.8585084662769803,0.0,0.0,0.44399476056385606,0.09229120164282681,0.012525383292154541,8.467432743430728e-06,0.0027711070298057105,0.03201438520344802,0.0172444300965352,5.642030054077458e-05,4.638875889913135e-11,0.002209965573684741,6.221014085202024e-11,0.00047648113804907457,2.96761401601399e-09,1.2402861769175218e-05,1.4942833765993165e-09,9.697955894203182e-11,2.298713204087432e-05,1.1562918499048826e-05,0.006646851595652666,0.0005154616954324494,0.0004249163038081469,2.5225826786443696e-07,6.886479578378661e-09,3.7904992532010454e-08,1.2479355021661598e-07,5.184244253543866e-10,3.3452260107706847e-06,7.74192155245896e-05,2.7450497231947516e-07,0.0006423061862983983,6.866669570308704e-09,1.829838050356933e-05,5.356664211505031e-08,8.324087105194824e-06,7.611098005626936e-11,9.536603810418584e-11,1.309229853311929e-06,1.5605770674670917e-07,3.271470156743746e-12,1.3780562736569076e-10,9.514898898018075e-11
1.970599714020541e-06,0.16628943999999996,0.8585084662769803,0.0,0.0,0.44399826515486407,0.09227356417030119,0.012517262676728093,8.47303344685539e-06,0.0027724798907613705,0.03205050417702538,0.017263136662243363,5.63985119674197e-05,4.6536844608689386e-11,0.0022095287306116086,6.219149272090654e-11,0.0004765701245527585,2.9672812560357877e-09,1.2392404493345578e-05,1.4961840001345756e-09,9.708173367441735e-11,2.2949795754433745e-05,1.157745369457887e-05,0.006645635017992063,0.000511665281305776,0.00042513987429068135,2.505305762754381e-07,6.880654484184982e-09,3.7896330732785914e-08,1.2485585648506421e-07,5.223699885507723e-10,3.3698485272624712e-06,7.794868148846526e-05,2.7479581049522225e-07,0.0006430366213802419,6.865366429254321e-09,1.8321383113598788e-05,5.362517412484124e-08,8.320223840007261e-06,7.623110625252259e-11,9.545061876707821e-11,1.3109180534968422e-06,1.5599868579268624e-07,3.2756084219770284e-12,1.3769052636569763e-10,9.472958026975631e-11
1.9727077535242285e-06,0.16628943999999996,0.8585084662769803,0.0,0.0,0.4440017529493098,0.09225593130582925,0.01250914716950986,8.478598488197595e-06,0.0027738427626072585,0.03208662377430688,0.017281832431168712,5.637672232171458e-05,4.668521602480063e-11,0.0022090918954776454,6.217283605027185e-11,0.0004766590757217237,2.966948346177519e-09,1.23819180976164e-05,1.498084183053478e-09,9.718382665383647e-11,2.2912484048425843e-05,1.1591983228231095e-05,0.006644418518991918,0.0005078795096690538,0.00042536331844294037,2.4880610589352454e-07,6.874833987158612e-09,3.788768408021697e-08,1.2491771170641716e-07,5.26361061585892e-10,3.394749944025271e-06,7.848406837937335e-05,2.750864502668612e-07,0.000643767056458678,6.864063031769756e-09,1.8344376763547748e-05,5.368367148296863e-08,8.316360878656215e-06,7.635124055305678e-11,9.553509918944694e-11,1.3126055845101888e-06,1.5593965492035357e-07,3.279745026131328e-12,1.375750947735521e-10,9.431035467253822e-11
1.9748157930279162e-06,0.16628943999999996,0.8585084662769803,0.0,0.0,0.4440052237875744,0.09223830304738417,0.01250103676800693,8.4841278921426e-06,0.0027751956574711143,0.03212274398693948,0.017300517319271687,5.635493170365203e-05,4.6833873253294376e-11,0.0022086550697405856,6.21541710334698e-11,0.0004767479915932043,2.9666152917066566e-09,1.2371402764462712e-05,1.4999839173263077e-09,9.72858376357983e-11,2.2875197482572965e-05,1.1606507101796385e-05,0.006643202096501497,0.0005041044565790714,0.0004255866360606909,2.470849035475426e-07,6.869018088749879e-09,3.7879052770447704e-08,1.249791163686015e-07,5.30398298177192e-10,3.4199342057083215e-06,7.902545859740487e-05,2.7537688983214154e-07,0.0006444974910601012,6.862759380072036e-09,1.8367361456250028e-05,5.374213390168049e-08,8.312498225179064e-06,7.647138230297461e-11,9.56194790064411e-11,1.314292445880007e-06,1.5588061435788206e-07,3.2838799680285044e-12,1.3745933457291907e-10,9.389132772522579e-11
1.976923832531604e-06,0.16628943999999996,0.8585084662769803,0.0,0.0,0.44400867750792594,0.09222067939294372,0.012492931469732373,8.489621684645584e-06,0.002776538587786083,0.03215886480629208,0.017319191241283755,5.633314021274534e-05,4.6982816398547696e-11,0.0022082182548572218,6.21354978628848e-11,0.00047683687220380046,2.966282097875244e-09,1.236085867658342e-05,1.5018831948105257e-09,9.738776637178747e-11,2.2837936621239448e-05,1.1621025317128291e-05,0.006641985748343284,0.0005003401989962948,0.0004258098269339288,2.453670165764205e-07,6.863206790398855e-09,3.7870437002290375e-08,1.2504007097272382e-07,5.344823619836393e-10,3.4454053155241863e-06,7.957293573529119e-05,2.756671273641601e-07,0.000645227924701294,6.8614554763446915e-09,1.839033719463864e-05,5.3800561089067316e-08,8.30863588361191e-06,7.659153083894363e-11,9.570375784701654e-11,1.3159786371337335e-06,1.5582156433146584e-07,3.2880132464869778e-12,1.3734324774960245e-10,9.347251513520417e-11
1.9790318720352916e-06,0.16628943999999996,0.8585084662769803,0.0,0.0,0.44401211394649737,0.09220306034049029,0.012484831272205286,8.49507989294537e-06,0.0027778715662940515,0.032194986223452335,0.01733785411069469,5.6311347948034754e-05,4.71320455634669e-11,0.0022077814522835242,6.211681672994394e-11,0.0004769257175894747,2.9659487699202773e-09,1.2350286016907387e-05,1.503782007249536e-09,9.748961260920717e-11,2.2800702033506413e-05,1.1635537876143381e-05,0.0066407694723126685,0.0004965868147941193,0.0004260328908468258,2.4365249283480457e-07,6.857400093535778e-09,3.7861836977264964e-08,1.2510057603321542e-07,5.386139267248101e-10,3.471167335902575e-06,8.012658459067137e-05,2.759571610111985e-07,0.0006459583568893128,6.860151322737826e-09,1.841330398174632e-05,5.385895274901846e-08,8.304773857989717e-06,7.671168548912727e-11,9.578793533387671e-11,1.3176641577981301e-06,1.557625050653338e-07,3.2921448603215646e-12,1.3722683629160876e-10,9.305393278249443e-11
1.9811399115389794e-06,0.16628943999999996,0.8585084662769803,0.0,0.0,0.44401553293726564,0.092185445888011,0.01247673617295085,8.500502545578253e-06,0.002779194606049026,0.03223110822922329,0.017356505839739897,5.628955500809379e-05,4.728156084946837e-11,0.0022073446634747764,6.209812782512907e-11,0.0004770145277855472,2.965615313064087e-09,1.233968496859959e-05,1.5056803462714669e-09,9.759137609132243e-11,2.2763494293246953e-05,1.1650044780821609e-05,0.006639553266177626,0.0004928443827678759,0.00042625582757767816,2.4194138069858575e-07,6.8515979995815235e-09,3.785325289963862e-08,1.2516063207797918e-07,5.427936762991843e-10,3.4972243891371008e-06,8.068649117816445e-05,2.7624698889656906e-07,0.0006466887871213725,6.85884692136823e-09,1.8436261820706128e-05,5.391730858117904e-08,8.30091215234646e-06,7.683184557311794e-11,9.587201108341478e-11,1.3193490073992185e-06,1.5570343678176082e-07,3.2962748083433366e-12,1.3711010218921265e-10,9.263559672168547e-11
1.983247951042667e-06,0.16628943999999996,0.8585084662769803,0.0,0.0,0.44401893431203054,0.09216783603349772,0.012468646169500396,8.505889672392014e-06,0.002780507720420537,0.03226723081412007,0.01737514633938802,5.626776149103564e-05,4.743136235645954e-11,0.00220690788988569,6.207943133798881e-11,0.00047710330282669166,2.965281732514719e-09,1.2329055715067386e-05,1.5075782033879702e-09,9.769305655720275e-11,2.272631397920148e-05,1.1664546033206689e-05,0.0066383371276784175,0.0004891129826435723,0.0004264786368988554,2.402337290703166e-07,6.845800509948023e-09,3.7844684976465144e-08,1.2522023964853758e-07,5.470223049014572e-10,3.523580658023983e-06,8.125274274122536e-05,2.765366091184714e-07,0.0006474192148847325,6.857542274319461e-09,1.8459210714752034e-05,5.39756282809075e-08,8.297050770715277e-06,7.695201040187169e-11,9.595598470565654e-11,1.3210331854622114e-06,1.5564435970107942e-07,3.3004030893594803e-12,1.3699304743502332e-10,9.221752318384842e-11
1.9853559905463548e-06,0.16628943999999996,0.8585084662769803,0.0,0.0,0.44402231790039504,0.09215023077494713,0.012460561259391462,8.511241304560088e-06,0.002781810923097099,0.03230335396836659,0.01739377551932883,5.624596749451954e-05,4.758145018281949e-11,0.0022064711329705363,6.206072745715052e-11,0.00047719204274693114,2.9649480334663135e-09,1.231839843996689e-05,1.5094755699930413e-09,9.779465374166487e-11,2.2689161675053258e-05,1.1679041635406468e-05,0.0066371210545272796,0.0004853926950863457,0.0004267013185767508,2.3852958738448577e-07,6.84000762603872e-09,3.783613341762437e-08,1.2527939930018348e-07,5.513005171387898e-10,3.5502403864918175e-06,8.182542776376287e-05,2.768260197498608e-07,0.0006481496396565824,6.8562373836419706e-09,1.8482150667219508e-05,5.403391153923419e-08,8.293189717128634e-06,7.707217927764805e-11,9.603985580420545e-11,1.3227166915114446e-06,1.555852740416916e-07,3.3045297021731587e-12,1.3687567402405244e-10,9.179972857840005e-11
1.9874640300500425e-06,0.16628943999999996,0.8585084662769803,0.0,0.0,0.4440256835297449,0.09213263011036071,0.012452481440167857,8.51655747459586e-06,0.0027831042280896884,0.032339477681892076,0.01741239328796136,5.622417311575713e-05,4.773182442537921e-11,0.002206034394183274,6.204201637033228e-11,0.00047728074757963346,2.9646142210994934e-09,1.230771332720942e-05,1.511372437361862e-09,9.789616737521512e-11,2.2652037969504015e-05,1.1693531589593321e-05,0.00663590504440813,0.00048168360170860574,0.00042692387237173123,2.3682900561266505e-07,6.8342193492490315e-09,3.782759843586143e-08,1.2533811160213154e-07,5.556290281457703e-10,3.5772078802212154e-06,8.240463598149619e-05,2.771152188383272e-07,0.0006488800609039259,6.854932251353208e-09,1.8505081681546157e-05,5.409215804282074e-08,8.28932899561846e-06,7.719235149395132e-11,9.612362397618916e-11,1.3243995250703127e-06,1.555261800200809e-07,3.3086546455833752e-12,1.3675798395378335e-10,9.138222949494569e-11
1.98957206955373e-06,0.16628943999999996,0.8585084662769803,0.0,0.0,0.44402903102523045,0.09211503403774472,0.01244440670937972,8.521838216367135e-06,0.0027843876497352688,0.032375601944327814,0.01743099955238231,5.620237845151883e-05,4.7882485179401936e-11,0.0022055976749776715,6.202329826435477e-11,0.0004773694173575074,2.964280300581741e-09,1.2297000560968057e-05,1.5132687966496668e-09,9.799759718399203e-11,2.2614943456349653e-05,1.170801589800454e-05,0.006634689094976261,0.0004779857850778416,0.00042714629803809046,2.3513203426849076e-07,6.82843568096676e-09,3.781908024682592e-08,1.2539637713767227e-07,5.600085636979443e-10,3.6044875072533976e-06,8.299045839302641e-05,2.7740420440598727e-07,0.0006496104780834672,6.8536268794377705e-09,1.852800376127232e-05,5.415036747392051e-08,8.285468610216311e-06,7.731252633547597e-11,9.620728881220754e-11,1.326081685661204e-06,1.5546707785082412e-07,3.312777918384854e-12,1.366399792242413e-10,9.096504270508175e-11
1.991680109057418e-06,0.16628943999999996,0.8585084662769803,0.0,0.0,0.4440323602097473,0.0920974425551104,0.012436337064583582,8.527083565110689e-06,0.0027856612027003474,0.03241172674500356,0.017449594218374814,5.618058359814024e-05,4.803343253856302e-11,0.002205160976807437,6.200457332515353e-11,0.00047745805211259776,2.9639462770677807e-09,1.2286260325684287e-05,1.5151646388906323e-09,9.809894288970841e-11,2.2577878734555953e-05,1.1722494562942737e-05,0.006633473203858064,0.00047429932872406963,0.00042736859532400176,2.3343872441248128e-07,6.822656622572557e-09,3.781057906911081e-08,1.2545419650432758e-07,5.644398603237634e-10,3.6320836985864876e-06,8.358298727059783e-05,2.776929744493893e-07,0.0006503408906414968,6.85232126984753e-09,1.855091691004172e-05,5.4208539510339926e-08,8.281608564953538e-06,7.743270307805611e-11,9.629084989628279e-11,1.3277631728054375e-06,1.5540796774660448e-07,3.3168995193679133e-12,1.365216618380653e-10,9.054818516414716e-11
1.9937881485611056e-06,0.16628943999999996,0.8585084662769803,0.0,0.0,0.44403567090391943,0.0920798556604737,0.012428272503342433,8.532293557447049e-06,0.0027869249019845665,0.03244785207294418,0.017468177190397557,5.6158788651528475e-05,4.818466659492977e-11,0.0022047243011263412,6.198584173779056e-11,0.00047754665187628155,2.96361215569996e-09,1.2275492806074774e-05,1.5170599549968024e-09,9.820020420959382e-11,2.2540844408334204e-05,1.173696758677624e-05,0.006632257368650736,0.00047062431714689333,0.0004275907639714723,2.3174912765668382e-07,6.8168821754403595e-09,3.780209512429111e-08,1.2551157031400787e-07,5.689236654146757e-10,3.6600009487582996e-06,8.418231617052287e-05,2.7798152693943247e-07,0.0006510712980137759,6.851015424501786e-09,1.857382113160208e-05,5.426667382540121e-08,8.277748863861432e-06,7.755288098861812e-11,9.63743068058116e-11,1.3294439860231984e-06,1.5534884991822377e-07,3.3210194473183528e-12,1.3640303380058107e-10,9.013167401293729e-11
1.9958961880647933e-06,0.16628943999999996,0.8585084662769803,0.0,0.0,0.4440389629260824,0.09206227335185554,0.012420213023225773,8.537468231395322e-06,0.002788178762924324,0.032483977916866184,0.017486748371574264,5.613699370716848e-05,4.8336187438940956e-11,0.0022042876493883526,6.196710368646647e-11,0.0004776352166792638,2.9632779416086347e-09,1.226469818713816e-05,1.5189547357570402e-09,9.830138085633678e-11,2.2503841087216704e-05,1.1751434971939506e-05,0.006631041586921999,0.00046696083582215166,0.0004278128037162997,2.3006329616910563e-07,6.811112340937829e-09,3.779362863696242e-08,1.2556849919317085e-07,5.734607373332938e-10,3.6882438164145458e-06,8.47885399432433e-05,2.782698598213016e-07,0.0006518016996254252,6.8497093452874645e-09,1.8596716429805807e-05,5.432477008790642e-08,8.273889510971398e-06,7.767305932513867e-11,9.645765911151966e-11,1.331124124833482e-06,1.5528972457461562e-07,3.3251377010173485e-12,1.362840971198757e-10,8.97155265793624e-11
1.998004227568481e-06,0.16628943999999996,0.8585084662769803,0.0,0.0,0.4440422360922667,0.0920446956272816,0.012412158621809688,8.542607626388206e-06,0.0027894228011964314,0.03252010426517417,0.01750530766368357,5.6115198860129495e-05,4.848799515938624e-11,0.002203851023047756,6.19483593545325e-11,0.00047772374655157327,2.962943639912547e-09,1.2253876654162026e-05,1.520848971836016e-09,9.840247253802728e-11,2.246686938613207e-05,1.1765896720933556e-05,0.006629825856209838,0.0004633089712081244,0.00042803471428802905,2.2838128267795535e-07,6.805347120426805e-09,3.7785179834778887e-08,1.2562498378298217e-07,5.780518455193291e-10,3.7168169248609676e-06,8.54017547429999e-05,2.7855797101441526e-07,0.0006525320948908089,6.84840303405926e-09,1.8619602808610627e-05,5.438282796210248e-08,8.270030510315103e-06,7.779323733660547e-11,9.654090637741819e-11,1.3328035887540286e-06,1.5523059192285864e-07,3.329254279241352e-12,1.361648538068731e-10,8.92997603800529e-11
2.0001122670721687e-06,0.16628943999999996,0.8585084662769803,0.0,0.0,0.44404549021618284,0.09202712248478237,0.012404109296676903,8.547711783287109e-06,0.0027906570328217984,0.03255623110595737,0.0175238549671494,5.609340420507137e-05,4.864008984338534e-11,0.002203414423559283,6.192960892450224e-11,0.00047781224152255834,2.9626092557192096e-09,1.2243028392729922e-05,1.5227426537732328e-09,9.850347895809923e-11,2.242992992548029e-05,1.1780352836326365e-05,0.006628610174022231,0.00045966881075126624,0.00042825649540991243,2.2670314047565375e-07,6.799586515263712e-09,3.777674894849093e-08,1.2568102473947724e-07,5.826977705931003e-10,3.745724962598146e-06,8.602205803708059e-05,2.788458584123931e-07,0.0006532624832134247,6.847096492639836e-09,1.864248027208025e-05,5.444084710764807e-08,8.266171865924667e-06,7.791341426298468e-11,9.662404816076318e-11,1.334482377301272e-06,1.5517145216818996e-07,3.3333691807619853e-12,1.3604530587541089e-10,8.888439312190436e-11
2.0022203065758565e-06,0.16628943999999996,0.8585084662769803,0.0,0.0,0.4440487251092078,0.09200955392239325,0.012396065045416856,8.552780744397375e-06,0.002791881474169146,0.03259235842698608,0.017542390181031733,5.607160983625087e-05,4.8792471576366984e-11,0.0022029778523782423,6.191085257806376e-11,0.00047790070162088294,2.962274794125282e-09,1.2232153588728459e-05,1.5246357719820865e-09,9.860439981527297e-11,2.2393023331207386e-05,1.179480332075332e-05,0.006627394537836899,0.0004560404428914403,0.0004284781467988697,2.2502892342259917e-07,6.793830526800042e-09,3.776833621198266e-08,1.257366227337251e-07,5.873993044564633e-10,3.7749726838376266e-06,8.664954861461697e-05,2.79133519883039e-07,0.0006539928639857902,6.845789722820073e-09,1.8665348824385072e-05,5.4498827179582014e-08,8.262313581832802e-06,7.803358933519196e-11,9.670708401201743e-11,1.336160489990278e-06,1.5511230551401913e-07,3.3374824043459773e-12,1.3592545534231927e-10,8.846944270355269e-11
2.004328346079544e-06,0.16628943999999996,0.8585084662769803,0.0,0.0,0.44405194058037134,0.09199198993815423,0.012388025865625747,8.557814553483643e-06,0.002793096141958754,0.03262848621570816,0.01756091320301795,5.604981584752812e-05,4.894514044204788e-11,0.0022025413109606398,6.189209049609148e-11,0.0004779891268745223,2.9619402602169555e-09,1.2221252428354544e-05,1.526528316748976e-09,9.870523480349832e-11,2.2356150234879673e-05,1.1809248176917644e-05,0.0066261789451010555,0.0004524239570666178,0.00042869966816545173,2.2335868595067413e-07,6.788079156382744e-09,3.775994186230844e-08,1.2579177845199352e-07,5.921572503908514e-10,3.804564908997848e-06,8.728432659489674e-05,2.7942095326834323e-07,0.0006547232365893336,6.844482726359242e-09,1.8688208469802857e-05,5.4556767828293196e-08,8.258455662073002e-06,7.815376177506944e-11,9.679001347481514e-11,1.3378379263346962e-06,1.5505315216194262e-07,3.3415939487550717e-12,1.3580530422750044e-10,8.805492721679524e-11
2.006436385583232e-06,0.16628943999999996,0.8585084662769803,0.0,0.0,0.4440551364363443,0.09197443053011012,0.012379991754906611,8.56281325578532e-06,0.002794301053266226,0.032664614459245345,0.01757942392941467,5.602802233237288e-05,4.909809652241117e-11,0.0022021048007633145,6.187332285865797e-11,0.0004780775173107594,2.9616056590703315e-09,1.2210325098122664e-05,1.528420278232453e-09,9.880598361189765e-11,2.231931127375754e-05,1.182368740759082e-05,0.006624963393231173,0.0004488194437170119,0.00042892105921380527,2.2169248306649902e-07,6.782332405354689e-09,3.7751566139729275e-08,1.2584649259591564e-07,5.969724231521817e-10,3.8345065251782515e-06,8.792649343516028e-05,2.7970815638450345e-07,0.0006554536003942834,6.8431755049853e-09,1.8711059212719395e-05,5.461466869949247e-08,8.254598110679698e-06,7.82739307953681e-11,9.687283608593004e-11,1.3395146858467035e-06,1.5499399231175822e-07,3.3457038127459642e-12,1.3568485455400994e-10,8.764086494791495e-11
2.0085444250869196e-06,0.16628943999999996,0.8585084662769803,0.0,0.0,0.444058312481427,0.09195687569631028,0.012371962710869384,8.567776898032124e-06,0.0027954962255262836,0.032700743144389824,0.01759792225514019,5.6006229383870926e-05,4.925133989768504e-11,0.0022016683232440604,6.185454984504605e-11,0.00047816587295618066,2.9612709957517968e-09,1.2199371784872268e-05,1.5303116464624254e-09,9.890664592470936e-11,2.228250709086857e-05,1.1838121015613064e-05,0.006623747879612756,0.00044522699428861304,0.00042914231964164007,2.2003037035435495e-07,6.776590275055102e-09,3.774320928774841e-08,1.2590076588265754e-07,6.018456490624956e-10,3.864802486610375e-06,8.857615193784597e-05,2.799951270219662e-07,0.0006561839547595602,6.841868060395113e-09,1.8733901057629252e-05,5.467252943418636e-08,8.250740931688449e-06,7.839409559973641e-11,9.695555137524626e-11,1.341190768036957e-06,1.5493482616148012e-07,3.3498119950702437e-12,1.355641083481385e-10,8.72272743789469e-11
2.0106524645906073e-06,0.16628943999999996,0.8585084662769803,0.0,0.0,0.4440614685175406,0.09193932543480865,0.012363938731130956,8.572705528459755e-06,0.0027966816765365846,0.03273687225760057,0.017616408073717522,5.598443709473046e-05,4.9404870646321e-11,0.0022012318798617513,6.183577163376057e-11,0.00047825419383667247,2.9609362753184074e-09,1.2188392675775248e-05,1.5322024113394094e-09,9.900722142123174e-11,2.2245738335079963e-05,1.185254900389374e-05,0.006622532401600128,0.00044164670123608804,0.00042936344914019817,2.1837240397884813e-07,6.7708527668199635e-09,3.7734871553146226e-08,1.2595459904508822e-07,6.067777660978925e-10,3.895457815083644e-06,8.92334062572498e-05,2.8028186294549015e-07,0.0006569142990326688,6.840560394254738e-09,1.8756734009136452e-05,5.473034966865291e-08,8.246884129136094e-06,7.85142553827143e-11,9.7038158865733e-11,1.3428661724145474e-06,1.548756539073543e-07,3.353918494474344e-12,1.354430676394966e-10,8.681417418884153e-11
2.012760504094295e-06,0.16628943999999996,0.8585084662769803,0.0,0.0,0.44406460434421846,0.09192177974366363,0.01235591981331525,8.577599196825642e-06,0.0027978574244615613,0.03277300178499977,0.017634881277268078,5.596264555728833e-05,4.955868884497212e-11,0.0022007954720764736,6.181698840254036e-11,0.0004783424799774166,2.9606015028182634e-09,1.2177387958343489e-05,1.5340925626338366e-09,9.910770977576729e-11,2.220900566117021e-05,1.1866971375411842e-05,0.006621316956516225,0.00043807865802501,0.00042958444739422643,2.167186406871771e-07,6.765119881982476e-09,3.772655318601446e-08,1.260079928319499e-07,6.117696239726484e-10,3.926477600345088e-06,8.989836190556194e-05,2.805683618942304e-07,0.0006576446325495936,6.839252508199759e-09,1.8779558071955195e-05,5.478812903441968e-08,8.243027707060952e-06,7.863440932973528e-11,9.712065807342252e-11,1.3445408984869524e-06,1.548164757438746e-07,3.3580233096995164e-12,1.3532173446109936e-10,8.640158325455029e-11
2.0148685435979827e-06,0.16628943999999996,0.8585084662769803,0.0,0.0,0.4440677197585987,0.09190423862093798,0.012347905955053275,8.582457954424753e-06,0.0027990234878362765,0.032809131712369176,0.017653341756506073,5.5940854863516445e-05,4.971279456847088e-11,0.0022003591013496485,6.179820032836999e-11,0.0004784307314028876,2.9602666832908817e-09,1.2166357820436496e-05,1.5359820899854227e-09,9.920811065756754e-11,2.2172309729899823e-05,1.1881388133216427e-05,0.006620101541652404,0.0004345229591333802,0.0004298053140819517,2.15069137811138e-07,6.759391621873459e-09,3.7718254439789626e-08,1.2606094800802966e-07,6.16822084219165e-10,3.957867000470077e-06,9.057112575824358e-05,2.808546215818476e-07,0.0006583749546346953,6.837944403835554e-09,1.8802373250910587e-05,5.484586715824403e-08,8.239171669502981e-06,7.875455661713321e-11,9.720304850739237e-11,1.346214945759996e-06,1.5475729186379905e-07,3.362126439481784e-12,1.3520011084945272e-10,8.598952065200608e-11
2.0169765831016704e-06,0.16628943999999996,0.8585084662769803,0.0,0.0,0.44407081455541897,0.0918867020646987,0.012339897153983186,8.587281854105521e-06,0.0028001798855702984,0.032845262025146586,0.017671789400733585,5.591906510502814e-05,4.98671878898073e-11,0.0021999227691441555,6.177940758749184e-11,0.00047851894813684864,2.9599318217675745e-09,1.215530245026914e-05,1.5378709829025952e-09,9.930842373077855e-11,2.213565120808111e-05,1.1895799280427089e-05,0.006618886154268276,0.0004309797000524025,0.0004300260488750569,2.1342395326866676e-07,6.7536679878217736e-09,3.770997557128543e-08,1.2611346535433252e-07,6.219360202633889e-10,3.9896312422035585e-06,9.12518060587036e-05,2.8114063969663974e-07,0.0006591052646006072,6.836636082737668e-09,1.882517955093936e-05,5.490356366209586e-08,8.235316020503963e-06,7.887469641215903e-11,9.728532966975119e-11,1.3478883137378094e-06,1.5469810245816655e-07,3.3662278825519484e-12,1.3507819884464174e-10,8.557800565699974e-11
2.019084622605358e-06,0.16628943999999996,0.8585084662769803,0.0,0.0,0.444073888527013,0.09186917007301693,0.012331893407750368,8.592070950285777e-06,0.0028013266369515924,0.03288139270842217,0.017690224097836525,5.589727637308443e-05,5.002186888010654e-11,0.002199486476924464,6.176061035541781e-11,0.0004786071302023477,2.9595969232718194e-09,1.2144222036419423e-05,1.5397592307619958e-09,9.940864865438692e-11,2.209903076864675e-05,1.1910204820234416e-05,0.006617670791591535,0.00042744897728647275,0.0004302466514386632,2.1178314556507424e-07,6.747948981154769e-09,3.7701716840724416e-08,1.261655456682558e-07,6.271123174956613e-10,4.021775621268654e-06,9.194051242223595e-05,2.814264139017023e-07,0.0006598355617481361,6.835327546452173e-09,1.8847976977090615e-05,5.4961218163143074e-08,8.231460764107695e-06,7.899482787300194e-11,9.736750105562948e-11,1.3495610019227942e-06,1.5463890771631424e-07,3.3703276376355753e-12,1.3495600049041968e-10,8.516705774595848e-11
2.021192662109046e-06,0.16628943999999996,0.8585084662769803,0.0,0.0,0.4440769414633076,0.09185164264396768,0.012323894714007473,8.59682529896878e-06,0.0028024637616504196,0.032917523746934886,0.017708645734281228,5.58754887586004e-05,5.017683760860664e-11,0.0021990502261567545,6.174180880694117e-11,0.000478695277621715,2.9592619928196357e-09,1.2133116767836369e-05,1.5416468228080406e-09,9.950878508216675e-11,2.2062449090717206e-05,1.1924604755900468e-05,0.006616455450817805,0.00042393088835234225,0.00043046712143131246,2.1014677379380043e-07,6.742234603198672e-09,3.7693478511768425e-08,1.262171897637635e-07,6.323518733362393e-10,4.054305502641821e-06,9.26373558391753e-05,2.8171194183511043e-07,0.0006605658453661662,6.834018796496051e-09,1.8870765534526555e-05,5.501883027373948e-08,8.227605904360148e-06,7.911495014882206e-11,9.744956215317408e-11,1.3512330098155897e-06,1.5457970782589566e-07,3.374425703453011e-12,1.3483351783429842e-10,8.475669659658694e-11
2.0233007016127335e-06,0.16628943999999996,0.8585084662769803,0.0,0.0,0.44407997315182246,0.0918341197756299,0.012315901070414498,8.601544957759284e-06,0.002803591279723251,0.0329536551250689,0.01772705419511211,5.585370235215151e-05,5.033209414263599e-11,0.0021986140183090394,6.172300311614843e-11,0.00047878339041655893,2.9589270354199484e-09,1.2121986833847951e-05,1.5435337481525607e-09,9.960883266262728e-11,2.202590685966674e-05,1.1938999090759234e-05,0.006615240129110529,0.0004204255317774103,0.00043068745850495543,2.0851489763680208e-07,6.736524855278993e-09,3.7685260851547864e-08,1.2626839847156266e-07,6.376555972957246e-10,4.087226320791528e-06,9.334244867722913e-05,2.8199722111013423e-07,0.0006612961147315616,6.832709834357595e-09,1.8893545228523232e-05,5.5076399601415966e-08,8.223751445309688e-06,7.923506237978702e-11,9.75315124435479e-11,1.3529043369150442e-06,1.5452050297289914e-07,3.3785220787194116e-12,1.3471075292764052e-10,8.43469420884175e-11
2.0254087411164213e-06,0.16628943999999996,0.8585084662769803,0.0,0.0,0.4440829833776708,0.09181660146608601,0.01230791247463885,8.606229985879616e-06,0.0028047092116166884,0.03298978682684999,0.01774544936395008,5.583191724397988e-05,5.0487638547590876e-11,0.0021981778548512934,6.170419345643119e-11,0.0004788714686077635,2.9585920560749584e-09,1.2110832424169133e-05,1.5454199957745272e-09,9.970879103896141e-11,2.1989404767187957e-05,1.19533878282171e-05,0.0066140248236008356,0.00041693300709710803,0.0004309076623049415,2.0688757736440974e-07,6.730819738720959e-09,3.7677064130690045e-08,1.2631917263927998e-07,6.430244110294969e-10,4.120543579879467e-06,9.40559046829411e-05,2.8228224931547865e-07,0.0006620263691090755,6.831400661496857e-09,1.8916316064471277e-05,5.513392574887446e-08,8.219897391007221e-06,7.935516369712306e-11,9.761335140093479e-11,1.3545749827181872e-06,1.5446129334166678e-07,3.382616762144773e-12,1.3458770782575254e-10,8.3937814303183e-11
2.027516780620109e-06,0.16628943999999996,0.8585084662769803,0.0,0.0,0.444085971923563,0.09179908771342202,0.012299928924355406,8.610880444185808e-06,0.0028058175781713888,0.03302591883594194,0.017763831122991982,5.581013352400067e-05,5.064347088691279e-11,0.0021977417372555713,6.168538000049784e-11,0.0004789595122154848,2.958257059780508e-09,1.209965372890992e-05,1.5473055545198467e-09,9.980865984899548e-11,2.1952943511354714e-05,1.1967770971753348e-05,0.006612809531387446,0.000413453414851324,0.00043112773247001336,2.05264873834782e-07,6.725119254849907e-09,3.766888862334591e-08,1.263695131316388e-07,6.484592483863536e-10,4.154262853921047e-06,9.477783898224153e-05,2.8256702401555616e-07,0.0006627566077512592,6.830091279346099e-09,1.8939078047876687e-05,5.5191408313985146e-08,8.216043745506411e-06,7.947525322316787e-11,9.769507849254908e-11,1.3562449467202095e-06,1.544020791149139e-07,3.3867097524339915e-12,1.34464384587979e-10,8.352933352511576e-11
2.0296248201237967e-06,0.16628943999999996,0.8585084662769803,0.0,0.0,0.4440889385698115,0.09178157851572699,0.012291950417246567,8.615496395183714e-06,0.0028069164006259903,0.033062051135643034,0.017782199353011008,5.5788351281808304e-05,5.0799591222065765e-11,0.0021973056669961307,6.166656292038541e-11,0.0004790475212591486,2.957922051526446e-09,1.2088450938583519e-05,1.549190413101253e-09,9.99084387251398e-11,2.1916523796683278e-05,1.1982148524920601e-05,0.006611594249536611,0.0004099868565798305,0.00043134766863230485,2.0364684849278058e-07,6.719423404991674e-09,3.766073460721566e-08,1.2641942083063762e-07,6.539610554504582e-10,4.188389786904128e-06,9.550836808003803e-05,2.8285154275078857e-07,0.0006634868298983766,6.828781689310295e-09,1.8961831184361536e-05,5.524884688978715e-08,8.212190512863864e-06,7.959533007144033e-11,9.777669317865119e-11,1.3579142284144436e-06,1.5434286047374983e-07,3.3908010482869383e-12,1.3434078527779905e-10,8.31215202410354e-11
2.0317328596274844e-06,0.16628943999999996,0.8585084662769803,0.0,0.0,0.4440918830943375,0.091764073871093,0.012283976951002326,8.620077903045142e-06,0.002808005700621039,0.033098183708882456,0.017800553933358172,5.5766570606682815e-05,5.0955999612513597e-11,0.002196869645549552,6.164774238747132e-11,0.0004791354957574475,2.957587036296984e-09,1.2077224244114549e-05,1.5510745600982855e-09,1.0000812729434055e-10,2.1880146334191564e-05,1.1996520491345324e-05,0.0066103789750820395,0.00040653343481666156,0.0004315674704173441,2.020335633683805e-07,6.713732190472999e-09,3.765260236357255e-08,1.2646889663572815e-07,6.595307905768302e-10,4.222930092862712e-06,9.624760985879849e-05,2.831358030379437e-07,0.0006642170347783212,6.827471892767634e-09,1.8984575479664762e-05,5.530624106449259e-08,8.208337697139295e-06,7.971539334671414e-11,9.785819491256854e-11,1.3595828272923506e-06,1.5428363759769894e-07,3.394890648398541e-12,1.3421691196292298e-10,8.271439514033537e-11
2.033840899131172e-06,0.16628943999999996,0.8585084662769803,0.0,0.0,0.44409480527268086,0.09174657377761494,0.01227600852332034,8.624625033623968e-06,0.0028090855002029123,0.033134316538216795,0.01781889474196488,5.574479158759612e-05,5.1112696115697103e-11,0.00219643367439486,6.162891857248509e-11,0.0004792234357283381,2.9572520190710557e-09,1.2065973836847294e-05,1.5529579839573637e-09,1.0010772517803296e-10,2.1843811841456373e-05,1.2010886874728296e-05,0.006609163705024872,0.00040309325308339667,0.00043178713744405976,2.0042508107447783e-07,6.7080456126219275e-09,3.764449217728562e-08,1.2651794146399427e-07,6.651694244193278e-10,4.257889555904164e-06,9.699568357607815e-05,2.834198023705029e-07,0.0006649472216065357,6.826161891070093e-09,1.900731093964291e-05,5.5363590421494514e-08,8.204485302395756e-06,7.983544214510526e-11,9.793958314072276e-11,1.3612507428435097e-06,1.54224410664722e-07,3.3989785514588935e-12,1.3409276671539096e-10,8.230797911478526e-11
2.03594893863486e-06,0.16628943999999996,0.8585084662769803,0.0,0.0,0.444097704878011,0.09172907823339002,0.012268045131905962,8.62913785447224e-06,0.00281015582182773,0.033170449605826505,0.017837221655346687,5.5723014313218235e-05,5.126968078701125e-11,0.0021959977550136396,6.161009164552008e-11,0.00047931134118903905,2.9569170048226735e-09,1.2054699908554018e-05,1.554840672991963e-09,1.0020723199209591e-10,2.180752104266832e-05,1.2025247678845072e-05,0.006607948436333668,0.00039966641588130104,0.00043200666932479136,1.9882146480414893e-07,6.702363672768158e-09,3.763640433684005e-08,1.2656655625033098e-07,6.708779399514686e-10,4.293274030186947e-06,9.775270986094048e-05,2.837035382190666e-07,0.0006656773895859365,6.824851685543966e-09,1.9030037570270892e-05,5.542089453937864e-08,8.200633332699801e-06,7.995547555416811e-11,9.802085730266312e-11,1.3629179745556152e-06,1.541651798512388e-07,3.4030647561533725e-12,1.3396835161167234e-10,8.190229325816997e-11
2.0380569781385475e-06,0.16628943999999996,0.8585084662769803,0.0,0.0,0.44410058168114136,0.09171158723651761,0.01226008677447234,8.6336164348562e-06,0.0028112166883652577,0.03320658289351254,0.01785553454860819,5.570123887192368e-05,5.1426953679782355e-11,0.0021955618888901554,6.15912617760452e-11,0.00047939921215602846,2.9565819985212785e-09,1.2043402651443337e-05,1.5567226153828994e-09,1.003066473468079e-10,2.1771274668684477e-05,1.203960290754649e-05,0.006606733165944407,0.00039625302868227433,0.00043222606566530687,1.9722277832727797e-07,6.696686372243461e-09,3.7628339134356575e-08,1.2661474194762365e-07,6.766573324789857e-10,4.32908943984695e-06,9.851881070922078e-05,2.839870080317934e-07,0.0006664075379068412,6.823541277490543e-09,1.9052755377642726e-05,5.547815299193916e-08,8.1967817921217e-06,8.007549265300421e-11,9.810201683110658e-11,1.3645845219144732e-06,1.541059453321513e-07,3.407149261162785e-12,1.33843668732767e-10,8.149735886575034e-11
2.0401650176422352e-06,0.16628943999999996,0.8585084662769803,0.0,0.0,0.44410343545054537,0.09169410078509897,0.012252133448740436,8.638060845772286e-06,0.0028122681231027976,0.033242716382692813,0.017873833295449296,5.5679465351797576e-05,5.158451484524525e-11,0.0021951260775114638,6.157242913291647e-11,0.0004794870486450425,2.9562470051320877e-09,1.2032082258168617e-05,1.5586037991787177e-09,1.004059708468047e-10,2.1735073457078498e-05,1.205395256475912e-05,0.0066055178907605365,0.0003928531979185553,0.0004324453260648218,1.956290859865695e-07,6.691013712382028e-09,3.762029686560811e-08,1.2666249952692698e-07,6.825086096443365e-10,4.3653417788695785e-06,9.929410947758076e-05,2.842702092348779e-07,0.0006671376657469031,6.8222306681866904e-09,1.9075464367972334e-05,5.553536534819891e-08,8.192930684735613e-06,8.019549251238042e-11,9.818306115198467e-11,1.3662503844040114e-06,1.54046707280868e-07,3.4112320651635274e-12,1.337187201643072e-10,8.109319743355245e-11
2.042273057145923e-06,0.16628943999999996,0.8585084662769803,0.0,0.0,0.44410626595237557,0.09167661887723685,0.012244185152439111,8.64247115996307e-06,0.002813310149749055,0.03327885005439883,0.01789211776817266,5.565769384064199e-05,5.174236433252047e-11,0.002194690322367528,6.155359388438878e-11,0.0004795748506710724,2.9559120296164373e-09,1.2020738921836421e-05,1.5604842122961987e-09,1.0050520209103883e-10,2.1698918152187886e-05,1.206829665448576e-05,0.00660430260765303,0.000389467030971134,0.00043266445011602657,1.9404045269289077e-07,6.68534569452083e-09,3.761227783003526e-08,1.26709829977644e-07,6.884327914222312e-10,4.402037110905299e-06,0.00010007873087630083,2.8455313923306656e-07,0.0006678677722710459,6.820919858885561e-09,1.9098164547594245e-05,5.559253117243364e-08,8.189080014619807e-06,8.031547419486125e-11,9.826398968449718e-11,1.3679155615062863e-06,1.5398746586932848e-07,3.4153131668277675e-12,1.3359350799666055e-10,8.068983065743916e-11
2.0443810966496106e-06,0.16628943999999996,0.8585084662769803,0.0,0.0,0.44410907295048563,0.09165914151103503,0.012236241883305172,8.646847451933062e-06,0.002814342792437988,0.03331498388927235,0.017910387837692655,5.563592442598205e-05,5.190050218859147e-11,0.002194254624951334,6.153475619812744e-11,0.00047966261824836445,2.9555770769321232e-09,1.2009372836014997e-05,1.562363842520985e-09,1.0060434067274061e-10,2.166280950515856e-05,1.2082635180805902e-05,0.006603087313460471,0.0003860946361568177,0.00043288343740511686,1.9245694391991925e-07,6.679682319999998e-09,3.760428233075893e-08,1.2675673430770464e-07,6.944309101061977e-10,4.439181569026057e-06,0.00010087280096075622,2.8483579541021435e-07,0.0006685978566314077,6.819608850817305e-09,1.9120855922964384e-05,5.56496500242015e-08,8.185229785856843e-06,8.043543675495124e-11,9.834480184117401e-11,1.3695800527015002e-06,1.539282212680291e-07,3.4193925648236468e-12,1.334680343250353e-10,8.028728043200634e-11
2.0464891361532983e-06,0.16628943999999996,0.8585084662769803,0.0,0.0,0.44411185620645405,0.0916416686845981,0.012228303639083433,8.651189797964467e-06,0.0028153660757326256,0.033351117867562105,0.017928643373545623,5.561415719507231e-05,5.205892845828201e-11,0.002193818986758995,6.151591624121969e-11,0.00047975035139041734,2.9552421520337378e-09,1.1997984194742794e-05,1.5642426775083363e-09,1.0070338617938147e-10,2.1626748273986206e-05,1.2096968147876213e-05,0.006601872004989175,0.00038273612271389775,0.0004331022875118314,1.9087862569808002e-07,6.674023590163159e-09,3.7596310674591387e-08,1.2680321354374404e-07,7.005040102854057e-10,4.476781355419825e-06,0.00010167644712152178,2.851181751298807e-07,0.0006693279179672867,6.818297645189817e-09,1.9143538500660807e-05,5.570672145837665e-08,8.181380002533787e-06,8.055537923925158e-11,9.842549702794398e-11,1.3712438574680254e-06,1.5386897364604976e-07,3.4234702578155113e-12,1.3334230124958503e-10,7.988556884925028e-11
2.048597175656986e-06,0.16628943999999996,0.8585084662769803,0.0,0.0,0.44411461547961184,0.09162420039603086,0.012220370417526757,8.65549827613278e-06,0.0028163800246288587,0.033387251969120464,0.01794688424390176,5.559239223490276e-05,5.2217643184233374e-11,0.002193383409289862,6.149707418018628e-11,0.0004798380501099818,2.9549072598730004e-09,1.1986573192536966e-05,1.5661207047840106e-09,1.0080233819263909e-10,2.159073522355442e-05,1.2111295559930982e-05,0.006600656679013334,0.0003793916007863666,0.0004333210000094941,1.8930556460773054e-07,6.668369506357774e-09,3.7588363172044375e-08,1.268492687312795e-07,7.066531488115287e-10,4.51484274102076e-06,0.00010248979807304995,2.854002757359701e-07,0.0006700579554050943,6.81698624318951e-09,1.916621228738443e-05,5.5763745025188586e-08,8.177530668742386e-06,8.067530068662904e-11,9.850607464421234e-11,1.3729069752824298e-06,1.538097231710814e-07,3.4275462444641504e-12,1.3321631087551563e-10,7.948471819702308e-11
2.0507052151606738e-06,0.16628943999999996,0.8585084662769803,0.0,0.0,0.4441173505270731,0.09160673664343819,0.012212442216396127,8.659772966322262e-06,0.0028173846645591894,0.03342338617340033,0.017965110315578424,5.557062963220514e-05,5.237664640688198e-11,0.0021929478940466334,6.147823018099296e-11,0.0004799257144190593,2.9545724053990765e-09,1.1975140024401956e-05,1.5679979117452828e-09,1.0090119628836505e-10,2.1554771125669386e-05,1.2125617421282618e-05,0.006599441332275192,0.00037606118140662726,0.0004335395744650637,1.8773782777157458e-07,6.662720069935485e-09,3.758044013733532e-08,1.2689490093488745e-07,7.128793947551028e-10,4.553372065072134e-06,0.00010331298384086555,2.856820945534142e-07,0.0006707879680583133,6.815674645982167e-09,1.918887728995978e-05,5.582072027026615e-08,8.173681788579297e-06,8.079520012839876e-11,9.858653408294607e-11,1.3745694056195134e-06,1.5375047000945442e-07,3.4316205234270746e-12,1.3309006531319315e-10,7.908475095725315e-11
2.0528132546643615e-06,0.16628943999999996,0.8585084662769803,0.0,0.0,0.44412006110376817,0.0915892774249241,0.012204519033460686,8.66401395024125e-06,0.0028183800213964472,0.033459520459451955,0.01798332145405514,5.554886947345901e-05,5.2535938164436877e-11,0.0021925124425354534,6.145938440906196e-11,0.00048001334432890165,2.9542375935589088e-09,1.1963684885838052e-05,1.5698742856621066e-09,1.009999600365544e-10,2.1518856759090854e-05,1.2139933736322084e-05,0.006598225961485265,0.0003727449764766441,0.00043375801043918827,1.8617548284625276e-07,6.65707528225243e-09,3.757254188839051e-08,1.2694011123837887e-07,7.19183829350963e-10,4.5923757346195145e-06,0.0001041461357472202,2.859636288888999e-07,0.0006715179550274629,6.814362854713796e-09,1.9211533515335744e-05,5.5877646734687234e-08,8.16983336614627e-06,8.091507658852019e-11,9.866687473076825e-11,1.3762311479523503e-06,1.5369121432616796e-07,3.435693093358818e-12,1.3296356667825235e-10,7.868568980394165e-11
2.054921294168049e-06,0.16628943999999996,0.8585084662769803,0.0,0.0,0.4441227469624806,0.0915718227385917,0.012196600866497792,8.668221311437283e-06,0.0028193661214574546,0.03349565480591984,0.01800151752349022,5.5527111844897885e-05,5.2695518492857526e-11,0.002192077056266014,6.144053702928317e-11,0.0004801009398500109,2.9539028292975225e-09,1.1952207972849944e-05,1.5717498136784222e-09,1.010986290013182e-10,2.1482992909559316e-05,1.2154244509519374e-05,0.0065970105633225695,0.0003694430987474788,0.00043397630748626733,1.846185980131209e-07,6.651435144669564e-09,3.7564668746845837e-08,1.2698490074497374e-07,7.255675459322616e-10,4.631860223931067e-06,0.00010498938639514867,2.862448760316429e-07,0.0006722479154000683,6.813050870511526e-09,1.923418097058625e-05,5.593452395503408e-08,8.165985405550356e-06,8.103492908380879e-11,9.874709596806095e-11,1.3778922017523374e-06,1.5363195628492087e-07,3.439763952911251e-12,1.3283681709170628e-10,7.82875576008851e-11
2.056818529721368e-06,0.16628943999999996,0.8585084662769803,0.0,0.0,0.44412514289542404,0.09155611739433868,0.012189478803057359,8.671979259631533e-06,0.0028202457190801655,0.033528175751417255,0.018017880988627912,5.550753221357961e-05,5.2839387544416485e-11,0.0021916852656559105,6.142357314863418e-11,0.00048017974642471735,2.953601586227901e-09,1.1941860296439059e-05,1.573437054922246e-09,1.0118734966475303e-10,2.145075929211433e-05,1.2167119470880353e-05,0.006595916678802476,0.00036648375240336007,0.0004341726556727501,1.8322212680876562e-07,6.646362997809593e-09,3.7557604655101393e-08,1.270248524471514e-07,7.313815902785403e-10,4.667812769837326e-06,0.00010575705701687684,2.864977506565418e-07,0.0006729048562307185,6.811869920688131e-09,1.9254556187802387e-05,5.598567096307374e-08,8.162522639283665e-06,8.114277502148817e-11,9.881919246856722e-11,1.3793865610385395e-06,1.5357862216601582e-07,3.4434262630180407e-12,1.32722529657631e-10,7.79300519184923e-11
2.058715765274687e-06,0.16628943999999996,0.8585084662769803,0.0,0.0,0.444127518421689,0.0915404157182294,0.012182360799152407,8.675710106123175e-06,0.0028211178602111225,0.03356069671207711,0.01803423203590387,5.548795476389619e-05,5.29834903886638e-11,0.0021912935302231948,6.140660821824595e-11,0.0004802585251590481,2.953300389304121e-09,1.1931495285539464e-05,1.5751235909258737e-09,1.0127599286965495e-10,2.1418567818283526e-05,1.2179989950405097e-05,0.006594822766930404,0.00036353618643518475,0.0004343688906288758,1.8183018434490378e-07,6.641294619636827e-09,3.755056140357171e-08,1.2706446504525567e-07,7.372615622863523e-10,4.7041648908796e-06,0.0001065331144855251,2.8675038844687756e-07,0.0006735617740849796,6.810688816283842e-09,1.927492431238321e-05,5.603677736041747e-08,8.159060253438124e-06,8.125060001930583e-11,9.88911912794345e-11,1.3808803617960547e-06,1.5352528638630033e-07,3.4470871856379324e-12,1.3260804222924532e-10,7.757333428671645e-11
2.060613000828006e-06,0.16628943999999996,0.8585084662769803,0.0,0.0,0.44412987335676224,0.09152471770887655,0.012175246853179889,8.679413915698524e-06,0.002821982564972014,0.03359321767147659,0.018050570563621963,5.5468379558224895e-05,5.312782704705237e-11,0.002190901851076197,6.138964235726261e-11,0.000480337276059101,2.9529992421283427e-09,1.192111308412064e-05,1.576809412061619e-09,1.01364558285943e-10,2.1386419075456356e-05,1.2192855951518192e-05,0.00659372882522113,0.0003606004847102964,0.0004345650120171221,1.8044282137347372e-07,6.636230011154609e-09,3.754353923442012e-08,1.2710373938454364e-07,7.432082837898981e-10,4.740921443656402e-06,0.00010731765805550373,2.8700278739380485e-07,0.0006742186682705876,6.809507558085028e-09,1.9295285349748263e-05,5.608784280015139e-08,8.155598251019591e-06,8.135840334662504e-11,9.896309193646538e-11,1.382373603636288e-06,1.5347194906253667e-07,3.450746719784078e-12,1.3249335636438407e-10,7.721742175757808e-11
2.062320512825993e-06,0.16628943999999996,0.8585084662769803,0.0,0.0,0.44413197503931334,0.09151059263438731,0.012168847770016372,8.68272428230044e-06,0.002822754458032801,0.033622486520064804,0.018065264449637606,5.5450763843188014e-05,5.325792996719067e-11,0.0021905493888862864,6.137437238493263e-11,0.0004804081280754851,2.952728255181458e-09,1.1911754524224335e-05,1.5783260318512012e-09,1.0144420037537204e-10,2.1357522231122193e-05,1.2204431526351096e-05,0.006592744250101944,0.00035796856680211367,0.0004347414238838836,1.7919815236638154e-07,6.631675087438401e-09,3.7537237509713173e-08,1.2713879778782282e-07,7.486180894155907e-10,4.774352178291218e-06,0.00010803108555605498,2.8722974056689164e-07,0.0006748098522218848,6.808444294853768e-09,1.9313604228354115e-05,5.6133766388193165e-08,8.15248277916055e-06,8.145540720580309e-11,9.902771821955624e-11,1.383717043096294e-06,1.5342394424687042e-07,3.4540391125542886e-12,1.3238997071344045e-10,7.689780303099608e-11
2.06402802482398e-06,0.16628943999999996,0.8585084662769803,0.0,0.0,0.4441340597561771,0.09149647052783061,0.012162451971323263,8.686012851469781e-06,0.0028235203592682735,0.03365175534174992,0.018079948036502966,5.5433150041477346e-05,5.3388222306395806e-11,0.002190196973999251,6.135910184147535e-11,0.0004804789575543996,2.9524573140731566e-09,1.1902382262361293e-05,1.5798420576074521e-09,1.0152377893934186e-10,2.1328660913150623e-05,1.2216003479058634e-05,0.006591759646946014,0.00035534638909197265,0.0004349177432325604,1.7795727155124487e-07,6.6271232187243606e-09,3.753095323978252e-08,1.2717358353157132e-07,7.54083243977219e-10,4.808118070214902e-06,0.00010875154129561607,2.874564971644791e-07,0.0006754010159171955,6.80738090823775e-09,1.933191737484207e-05,5.617965626054326e-08,8.149367622512314e-06,8.155239237844113e-11,9.909226427530965e-11,1.3850600292332134e-06,1.5337593835852556e-07,3.4573303791404437e-12,1.3228642673495117e-10,7.657886293814363e-11
2.0657355368219673e-06,0.16628943999999996,0.8585084662769803,0.0,0.0,0.44413612737021085,0.09148235138818983,0.012156059455943434,8.689279673034197e-06,0.002824280283974451,0.033681024123988754,0.018094621248418017,5.5415538198268684e-05,5.3518704077103464e-11,0.0021898446072284904,6.134383081309232e-11,0.0004805497644992707,2.952186421428671e-09,1.1892996404226693e-05,1.5813574821511286e-09,1.0160329372907879e-10,2.1299835559356545e-05,1.2227571812247818e-05,0.006590775013900883,0.00035273401371624147,0.00043509396980910244,1.7672021656684287e-07,6.622574405752304e-09,3.752468660617139e-08,1.2720809725950762e-07,7.596043624408885e-10,4.842222746434415e-06,0.0001094790992448517,2.8768305570425735e-07,0.0006759921588340899,6.806317398791039e-09,1.9350224793337837e-05,5.622551215863174e-08,8.146252783274655e-06,8.164935832380374e-11,9.915672975764263e-11,1.3864025617619208e-06,1.5332793148106042e-07,3.460620518822037e-12,1.321827255726158e-10,7.626061414978219e-11
2.0674430488199543e-06,0.16628943999999996,0.8585084662769803,0.0,0.0,0.4441381777434838,0.09146823521444633,0.012149670222723395,8.69252479765183e-06,0.0028250342476478546,0.03371029285405603,0.018109284009077454,5.539792835864833e-05,5.364937529072244e-11,0.002189492289389178,6.132855938578639e-11,0.00048062054891320364,2.9519155798731957e-09,1.1883597055755984e-05,1.5828722982539095e-09,1.0168274449322976e-10,2.1271046610588937e-05,1.223913652856083e-05,0.006589790349101573,0.00035013150310358516,0.00043527010335699145,1.7548702524346856e-07,6.618028649264828e-09,3.7518437791988355e-08,1.2724233962416204e-07,7.651820646755572e-10,4.87666986053519e-06,0.00011021383386490148,2.8790941469861836e-07,0.0006765832804445362,6.805253767062494e-09,1.9368526488022807e-05,5.6271333822164965e-08,8.143138263650188e-06,8.174630449891708e-11,9.922111431816421e-11,1.3877446403967784e-06,1.5327992369756744e-07,3.4639095308785784e-12,1.3207886837275603e-10,7.594306940699032e-11
2.0691505608179414e-06,0.16628943999999996,0.8585084662769803,0.0,0.0,0.4441402107372974,0.09145412200557893,0.012143284270513343,8.695748276815998e-06,0.0028257822659866184,0.033739561519043455,0.01812393624168141,5.538032056761514e-05,5.378023595762739e-11,0.0021891400212982913,6.13132876453655e-11,0.0004806913107989841,2.9516447920319857e-09,1.1874184323127842e-05,1.584386498639279e-09,1.0176213097786033e-10,2.1242294510728553e-05,1.2250697630675196e-05,0.0065888056506707765,0.0003475389199631959,0.00043544614361728677,1.7425773559806788e-07,6.613485950007411e-09,3.751220698191068e-08,1.2727631128693116e-07,7.708169754096389e-10,4.911463092274798e-06,0.00011095582009719035,2.881355726547374e-07,0.0006771743802149108,6.804190013596222e-09,1.938682246313429e-05,5.631712098916123e-08,8.140024065844415e-06,8.184323035812237e-11,9.928541760623799e-11,1.3890862648516756e-06,1.532319150906865e-07,3.4671974145897556e-12,1.3197485628435615e-10,7.562624152516076e-11
2.0708580728159285e-06,0.16628943999999996,0.8585084662769803,0.0,0.0,0.44414222621221067,0.09144001176056389,0.012136901598167138,8.698950162859622e-06,0.0028265243548915592,0.0337688301058589,0.0181385778689466,5.536271487008254e-05,5.3911286087151805e-11,0.002188787803774639,6.129801567744666e-11,0.000480762050159078,2.9513740605304397e-09,1.186475831276707e-05,1.5859000759834699e-09,1.0184145292645416e-10,2.121357970668317e-05,1.2262255121303913e-05,0.006587820916719043,0.00034495632727244536,0.0004356220903287215,1.7303238582706947e-07,6.608946308728608e-09,3.7505994362165497e-08,1.2731001291813192e-07,7.76509724143459e-10,4.946606147065895e-06,0.00011170513335272559,2.883615280768794e-07,0.0006777654576060093,6.803126138931996e-09,1.9405112722965735e-05,5.6362873395989745e-08,8.136910192065831e-06,8.194013535383966e-11,9.934963926904431e-11,1.390427434840069e-06,1.5318390574261893e-07,3.4704841692356707e-12,1.3187069045910065e-10,7.531014339105025e-11
2.0725655848139156e-06,0.16628943999999996,0.8585084662769803,0.0,0.0,0.4441442240280625,0.09142590447837448,0.012130522204542346,8.702130508959553e-06,0.0028272605304672355,0.0337980986012257,0.018153208813118254,5.534511131088059e-05,5.404252568758113e-11,0.0021884356376388804,6.12827435674596e-11,0.00048083276699563323,2.9511033879941866e-09,1.185531913134748e-05,1.5874130229164488e-09,1.0192071007991311e-10,2.118490264838186e-05,1.227380900319557e-05,0.006586836145344996,0.00034238378826396374,0.00043579794322768983,1.7181101429970037e-07,6.604409726179981e-09,3.749980012050132e-08,1.2734344519705994e-07,7.822609450792894e-10,4.98210275555856e-06,0.00011246184950069775,2.8858727946579485e-07,0.0006783565120730614,6.8020621436056915e-09,1.942339727186692e-05,5.6408590777409116e-08,8.133796644525966e-06,8.203701893735089e-11,9.941377895164871e-11,1.391768150075026e-06,1.531358957351417e-07,3.4737697940970396e-12,1.3176637205141628e-10,7.49947879499651e-11
2.0742730968119027e-06,0.16628943999999996,0.8585084662769803,0.0,0.0,0.44414620404399924,0.09141180015798078,0.01212414608850023,8.70528936914095e-06,0.002827990809022972,0.033827366991681894,0.01816782899598264,5.532750993475798e-05,5.417395476614588e-11,0.002188083523713555,6.12674714006504e-11,0.0004809034613104803,2.950832777049171e-09,1.1845866885794752e-05,1.5889253320229698e-09,1.0199990217655907e-10,2.1156263788767077e-05,1.2285359279134475e-05,0.0065858513346355564,0.0003398213664120242,0.00043597370204825876,1.7059365955438363e-07,6.5998762031160876e-09,3.7493624446217146e-08,1.2737660881203706e-07,7.880712771103458e-10,5.017956673223021e-06,0.00011322604485635346,2.8881282531673826e-07,0.0006789475430657473,6.800998028149824e-09,1.9441676114244177e-05,5.645427286660823e-08,8.130683425439469e-06,8.21338805567749e-11,9.947783629707922e-11,1.3931084102692716e-06,1.5308788514962155e-07,3.4770542884553484e-12,1.316619022185148e-10,7.468018822121026e-11
2.0755947216516808e-06,0.16628943999999996,0.8585084662769803,0.0,0.0,0.4441477242782959,0.09140088535957655,0.012119213184766015,8.707719630183217e-06,0.00282855201104074,0.03385002082610591,0.018179137669829468,5.531388788799743e-05,5.4275811774643345e-11,0.002187811021727267,6.125565066414771e-11,0.0004809581636858871,2.95062336645768e-09,1.1838541888222175e-05,1.5900954259873165e-09,1.0206115251666124e-10,2.113412364891263e-05,1.2294296790235122e-05,0.006585089056832891,0.0003378450223854517,0.00043610967570243135,1.6965420172401407e-07,6.596369329202722e-09,3.748885730460839e-08,1.2740209364726881e-07,7.926095008171856e-10,5.045955534763319e-06,0.00011382272031106924,2.889872571325005e-07,0.0006794049882380733,6.800174314072062e-09,1.9455820136257957e-05,5.6489606685967976e-08,8.128274001531292e-06,8.220883661777042e-11,9.952736032230716e-11,1.3941454673542717e-06,1.530507243142618e-07,3.4795957307908893e-12,1.3158093869812993e-10,7.443721322996092e-11
2.076916346491459e-06,0.16628943999999996,0.8585084662769803,0.0,0.0,0.4441492336982645,0.09138997233444154,0.01211428224337945,8.710137077979611e-06,0.0028291096978717415,0.033872674583101656,0.018190439812964792,5.53002671965316e-05,5.437778230289543e-11,0.0021875385518964475,6.124382998394157e-11,0.00048101285257034934,2.9504139955560193e-09,1.1831209178125976e-05,1.591265129894523e-09,1.0212236360031194e-10,2.111200687908336e-05,1.230323214407282e-05,0.006584326753415185,0.00033587480718636067,0.0004362455927098367,1.6871719147621036e-07,6.592864288989292e-09,3.748410148982154e-08,1.274274182745598e-07,7.971838227147933e-10,5.074172481224501e-06,0.00011442395818358675,2.891615642130588e-07,0.0006798624187543437,6.799350528588313e-09,1.9469960744341135e-05,5.652491907650772e-08,8.125864776753129e-06,8.228377893250658e-11,9.957683463830261e-11,1.395182251525229e-06,1.5301356321851129e-07,3.4821364950963747e-12,1.3149988569506195e-10,7.419470490111831e-11
2.078237971331237e-06,0.16628943999999996,0.8585084662769803,0.0,0.0,0.44415073223779816,0.0913790610820936,0.0121093532638171,8.712541738637101e-06,0.0028296638773333727,0.03389532825619674,0.018201735388585126,5.52866478810144e-05,5.447986635293842e-11,0.0021872661146048722,6.123200939934202e-11,0.000481067527964327,2.9502046655623935e-09,1.1823868805404269e-05,1.5924344402529386e-09,1.0218353530299602e-10,2.1089913693001254e-05,1.2312165341982994e-05,0.006583564423481462,0.0003339107505132858,0.00043638145294445696,1.6778264687084842e-07,6.589361082829638e-09,3.747935709146845e-08,1.274525830243403e-07,8.01794544605338e-10,5.1026092833195525e-06,0.00011502979438253199,2.893357458577045e-07,0.0006803198343525783,6.7985266719424165e-09,1.948409794060713e-05,5.656020991267422e-08,8.123455752135904e-06,8.235870724387744e-11,9.962625907719131e-11,1.3962187626486267e-06,1.5297640189962772e-07,3.4846765810401606e-12,1.31418743749429e-10,7.39526693396759e-11
2.079559596171015e-06,0.16628943999999996,0.8585084662769803,0.0,0.0,0.4441522198305779,0.09136815160204885,0.012104426245556864,8.714933638572154e-06,0.002830214557317739,0.03391798183885144,0.018213024359740034,5.527302996207301e-05,5.45820639264215e-11,0.0021869937102370163,6.122018894959803e-11,0.00048112218986816736,2.9499953776952263e-09,1.1816520820049136e-05,1.5936033535561774e-09,1.0224466749927745e-10,2.1067844305454926e-05,1.2321096385314084e-05,0.006582802066126867,0.00033195288213247725,0.000436517256279568,1.6685058602183547e-07,6.585859711078935e-09,3.747462419979386e-08,1.27477588230323e-07,8.064419699274696e-10,5.1312677198959565e-06,0.00011564026495964384,2.8950980136504904e-07,0.0006807772347688353,6.797702744377764e-09,1.9498231727189848e-05,5.6595479068412325e-08,8.12104692871174e-06,8.243362129045969e-11,9.967563347047106e-11,1.397255000590892e-06,1.5293924039474114e-07,3.4872159882911557e-12,1.3133751340240017e-10,7.371111271338047e-11
2.080881221010793e-06,0.16628943999999996,0.8585084662769803,0.0,0.0,0.4441536964100804,0.09135724389382192,0.01209950118807799,8.717312804511888e-06,0.002830761745791896,0.033940635324458485,0.01822430668933644,5.525941346030856e-05,5.468437502460512e-11,0.002186721339178063,6.120836867389828e-11,0.00048117683828210605,2.949786133173161e-09,1.1809165272147413e-05,1.5947718662835004e-09,1.0230576006280117e-10,2.104579893229521e-05,1.2330025275427492e-05,0.006582039680442749,0.0003300012318733527,0.0004366530025877562,1.6592102708546693e-07,6.5823601740935615e-09,3.746990290543988e-08,1.275024342295621e-07,8.111264035375647e-10,5.160149577738603e-06,0.0001162554061056646,2.896837300356453e-07,0.0006812346197372198,6.796878746137169e-09,1.9512362106243823e-05,5.6630726417178164e-08,8.118638307514001e-06,8.250852081608881e-11,9.972495764902432e-11,1.398290965218413e-06,1.5290207874085892e-07,3.4897547165190186e-12,1.3125619519620275e-10,7.347004115848849e-11
2.082202845850571e-06,0.16628943999999996,0.8585084662769803,0.0,0.0,0.4441551619095884,0.09134633795692566,0.012094578090861058,8.719679263494906e-06,0.002831305450798075,0.03396328870634308,0.018235582340143167,5.524579839629653e-05,5.47867996483593e-11,0.0021864490018139045,6.119654861137233e-11,0.00048123147320626745,2.949576933215091e-09,1.1801802211881412e-05,1.5959399749002031e-09,1.0236681286629571e-10,2.1023777790429724e-05,1.2338952013697661e-05,0.006581277265516748,0.00032805582962377826,0.00043678869174081195,1.6499398826539494e-07,6.578862472230951e-09,3.746519329954912e-08,1.2752712136245034e-07,8.158481518286142e-10,5.189256651506359e-06,0.00011687525414591867,2.8985753116796237e-07,0.0006816919889898915,6.796054677463169e-09,1.9526489079944223e-05,5.666595183195289e-08,8.116229889577282e-06,8.25834055639168e-11,9.977423144315395e-11,1.3993266563975568e-06,1.5286491697486989e-07,3.4922927653941344e-12,1.3117478967413846e-10,7.322946082483504e-11
2.0833923082063714e-06,0.16628943999999996,0.8585084662769803,0.0,0.0,0.4441564713304589,0.09133652412780262,0.012090148978961575,8.721798234730722e-06,0.0028317918136461775,0.033983676655785174,0.018245724684624764,5.523354608494955e-05,5.48790788745042e-11,0.002186203927314729,6.118591076965628e-11,0.0004812806331042663,2.9493886923626855e-09,1.1795169076123778e-05,1.5969909242082676e-09,1.0242172628868963e-10,2.100397966062868e-05,1.234698423946139e-05,0.006580591066324545,0.00032631033439293046,0.00043691076300441745,1.641618231128374e-07,6.575716109881141e-09,3.746096472380323e-08,1.275492042353091e-07,8.201298838903966e-10,5.21564706691999e-06,0.00011743717190463652,2.9001384256107505e-07,0.0006821036076574336,6.795312955636585e-09,1.9539200446511674e-05,5.6697635846338515e-08,8.114062488078523e-06,8.265078898313117e-11,9.981853463849158e-11,1.4002585445499723e-06,1.5283147132002555e-07,3.4945764282632887e-12,1.3110145049912886e-10,7.301336367914013e-11
2.0845817705621716e-06,0.16628943999999996,0.8585084662769803,0.0,0.0,0.4441577716734506,0.0913267117327035,0.012085721454077878,8.723906955637765e-06,0.0028322753674296457,0.034004064510789064,0.018255861561694696,5.522129496979253e-05,5.497145005682943e-11,0.002185958880703818,6.117527316070287e-11,0.00048132978207549086,2.9492004894836065e-09,1.1788529932795653e-05,1.598041540716936e-09,1.0247660730756351e-10,2.098420149432545e-05,1.2355014724376393e-05,0.006579904842034309,0.00032456994616300377,0.0004370327877735902,1.6333172736850196e-07,6.572571234533834e-09,3.745674575726365e-08,1.2757115895767894e-07,8.244423157330637e-10,5.242222685923645e-06,0.00011800295843843895,2.901700495688625e-07,0.0006825152131787584,6.794571177132244e-09,1.955190905813618e-05,5.672930189770501e-08,8.111895252816254e-06,8.271816003190592e-11,9.986279676006867e-11,1.4011902110035459e-06,1.5279802563089783e-07,3.4968595403512534e-12,1.3102804143682117e-10,7.279767398480151e-11
2.085771232917972e-06,0.16628943999999996,0.8585084662769803,0.0,0.0,0.44415906288956036,0.09131690077126911,0.012081295515834114,8.72600544657807e-06,0.002832756118168341,0.03402445226634782,0.018265992943943116,5.520904506577404e-05,5.5063913195151615e-11,0.00218571386226398,6.116463581291855e-11,0.0004813789201198022,2.9490123254670177e-09,1.178188481868129e-05,1.5990918218219664e-09,1.0253145582824326e-10,2.0964443451818734e-05,1.2363043469471854e-05,0.0065792185919735634,0.000322834686824113,0.0004371547659534709,1.625037143909925e-07,6.569427846452248e-09,3.745253646750428e-08,1.2759298578465812e-07,8.287856737949431e-10,5.268984832252131e-06,0.00011857264049034368,2.903261516798082e-07,0.0006829268053546115,6.793829342127137e-09,1.9564614916446464e-05,5.6760949892535135e-08,8.109728184547359e-06,8.278551851984483e-11,9.99070176830739e-11,1.4021216556608868e-06,1.5276457993415183e-07,3.4991421014195635e-12,1.3095456288555638e-10,7.258239628257831e-11
2.086960695273772e-06,0.16628943999999996,0.8585084662769803,0.0,0.0,0.4441603449296808,0.09130709124313902,0.012076871163855307,8.72809372812031e-06,0.0028332340719319795,0.03404483991740982,0.018276118803881563,5.5196796387827176e-05,5.5156468289027126e-11,0.0021854688722785023,6.115399875467332e-11,0.0004814280472369896,2.9488242012022924e-09,1.1775233770629427e-05,1.6001417649109787e-09,1.0258627175546079e-10,2.0944705694085502e-05,1.2371070475785568e-05,0.006578532315467637,0.0003211045782921829,0.0004372766974487848,1.6167779756198702e-07,6.566285945900448e-09,3.7448336922412454e-08,1.2761468497356335e-07,8.331601854159878e-10,5.295934834257847e-06,0.00011914624488021165,2.9048214838295387e-07,0.0006833383839844906,6.7930874507984615e-09,1.9577318023084886e-05,5.6792579737041304e-08,8.107561284029585e-06,8.2852864257303e-11,9.995119728238033e-11,1.40305287842464e-06,1.5273113425638692e-07,3.5014241112304456e-12,1.3088101524440702e-10,7.236753513001561e-11
2.088150157629572e-06,0.16628943999999996,0.8585084662769803,0.0,0.0,0.44416161774460805,0.09129728314795105,0.012072448397767378,8.73017182104028e-06,0.0028337092348402456,0.03406522745887872,0.01828623911394602,5.5184548950869854e-05,5.5249115337751276e-11,0.002185223911031148,6.114336201430141e-11,0.0004814771634267708,2.9486361175790156e-09,1.1768576825553691e-05,1.6011913673637115e-09,1.0264105499335651e-10,2.0924988382776683e-05,1.2379095744363961e-05,0.006577846011839697,0.0003193796425057665,0.00043739858216385,1.6085399028556354e-07,6.5631455331433105e-09,3.744414719019433e-08,1.2763625678393378e-07,8.375660788381061e-10,5.323074024790582e-06,0.0001197237985017943,2.906380391676542e-07,0.000683749948866651,6.792345503323747e-09,1.9590018379707492e-05,5.6824191337175875e-08,8.105394552021554e-06,8.292019705452944e-11,9.99953354325633e-11,1.4039838791974954e-06,1.5269768862414008e-07,3.5037055695468656e-12,1.3080739891318346e-10,7.215309508757806e-11
2.0893396199853724e-06,0.16628943999999996,0.8585084662769803,0.0,0.0,0.4441628812850468,0.09128747648534181,0.012068027217197125,8.732239746321327e-06,0.0028341816130629032,0.03408561488561342,0.018296353846500104,5.517230276980513e-05,5.5341854340357464e-11,0.0021849789788061626,6.11327256201017e-11,0.00048152626868879254,2.9484480754869938e-09,1.1761914020433032e-05,1.6022406265522938e-09,1.0269580544548138e-10,2.09052916802126e-05,1.238711927626212e-05,0.006577159680410831,0.00031765990142278296,0.0004375204200025878,1.6003230598659135e-07,6.560006608446557e-09,3.743996733937961e-08,1.2765770147753623e-07,8.420035831856807e-10,5.3504037410659055e-06,0.00012030532831970857,2.9079382352366194e-07,0.0006841614997981143,6.791603499880959e-09,1.9602715987983992e-05,5.685578459864193e-08,8.10322798928277e-06,8.298751672166198e-11,1.0003943200791849e-10,1.404914657882201e-06,1.5266424306388826e-07,3.505986476132579e-12,1.3073371429244116e-10,7.19390807283782e-11
2.0905290823411726e-06,0.16628943999999996,0.8585084662769803,0.0,0.0,0.4441641355016177,0.09127767125494606,0.012063607621772235,8.734297525154824e-06,0.0028346512128198938,0.034106002192428014,0.018306462973838256,5.5160057859521624e-05,5.5434685295616185e-11,0.00218473407588827,6.112208960033848e-11,0.00048157536302263066,2.9482600758162704e-09,1.175524539231213e-05,1.6032895398415295e-09,1.0275052301479977e-10,2.08856157493782e-05,1.2395141072543777e-05,0.006576473320500098,0.00031594537701718005,0.00043764221086853153,1.5921275810903835e-07,6.556869172076733e-09,3.743579743881326e-08,1.2767901931837232e-07,8.464729284454335e-10,5.377925324530577e-06,0.00012089086136633285,2.909495009412331e-07,0.0006845730365746766,6.790861440648613e-09,1.9615410849597823e-05,5.6887359426903855e-08,8.101061596573636e-06,8.305482306878286e-11,1.0008348688247954e-10,1.4058452143815763e-06,1.5263079760205208e-07,3.5082668307521826e-12,1.3065996178348709e-10,7.172549663589515e-11
2.0917185446969728e-06,0.16628943999999996,0.8585084662769803,0.0,0.0,0.44416538034486347,0.09126786745639708,0.01205918961112127,8.736345178940573e-06,0.002835118040381438,0.03412638937409174,0.018316566468189122,5.514781423489358e-05,5.5527608202034325e-11,0.0021844892025626775,6.111145398324181e-11,0.0004816244464277907,2.9480721194571223e-09,1.1748570978301786e-05,1.604338104589181e-09,1.0280520760369187e-10,2.086596075391798e-05,1.2403161134281353e-05,0.006575786931424595,0.0003142360912755159,0.0004377639546648408,1.5839536011426106e-07,6.55373322430122e-09,3.7431637557652824e-08,1.2770021057268406e-07,8.509743454457331e-10,5.405640120723443e-06,0.00012148042473862031,2.911050709112274e-07,0.0006849845589909166,6.7901193258058645e-09,1.962810296624613e-05,5.691891572719891e-08,8.098895374655455e-06,8.312211590593488e-11,1.0012749993003674e-10,1.4067755485985275e-06,1.5259735226499845e-07,3.5105466331711683e-12,1.3058614178838595e-10,7.151234740231203e-11
2.092908007052773e-06,0.16628943999999996,0.8585084662769803,0.0,0.0,0.44416661576525573,0.0912580650893263,0.012054773184873694,8.738382729287195e-06,0.0028355821020681227,0.03414677642532896,0.01832666430171893,5.51355719107814e-05,5.5620623057854235e-11,0.0021842443591150768,6.110081879700823e-11,0.0004816735189037087,2.947884207300076e-09,1.1741890815579335e-05,1.6053863181462615e-09,1.0285985911395691e-10,2.0846326858130592e-05,1.2411179462555944e-05,0.006575100512499523,0.00031253206619345916,0.0004378856512943163,1.5758012547924011e-07,6.550598765388244e-09,3.7427487765363494e-08,1.2772127550896002e-07,8.555080658351843e-10,5.433549479132626e-06,0.000122074045594826,2.912605329252111e-07,0.0006853960668402057,6.789377155532624e-09,1.9640792339639827e-05,5.695045340454844e-08,8.096729324290453e-06,8.318939504315805e-11,1.0017147102415578e-10,1.4077056604360586e-06,1.525639070790441e-07,3.512825883155978e-12,1.305122547099669e-10,7.129963762897837e-11
2.094097469408573e-06,0.16628943999999996,0.8585084662769803,0.0,0.0,0.4441678417132027,0.09124826415336346,0.012050358342659844,8.74041019801251e-06,0.0028360434042509876,0.034167163340819186,0.018336756446535013,5.5123330902031816e-05,5.5713729861053046e-11,0.0021839995458316427,6.109018406980113e-11,0.0004817225804497504,2.9476963402359122e-09,1.1735204941389021e-05,1.6064341778573404e-09,1.0291447744681616e-10,2.082671422696313e-05,1.2419196058457346e-05,0.0065744140630382645,0.00031083332377220484,0.00043800730065941335,1.567670676947731e-07,6.547465795606863e-09,3.742334813171376e-08,1.2774221439794067e-07,8.600743220605711e-10,5.4616547530484895e-06,0.00012267175115114807,2.9141588647556337e-07,0.0006858075599147154,6.788634930009676e-09,1.965347897150356e-05,5.698197236376985e-08,8.094563446241782e-06,8.325666029052003e-11,1.0021540003819732e-10,1.4086355497972874e-06,1.525304620704585e-07,3.5151045804740673e-12,1.3043830095183003e-10,7.108737192568597e-11
2.0952869317643733e-06,0.16628943999999996,0.8585084662769803,0.0,0.0,0.44416905813905555,0.09123846464813633,0.012045945084110945,8.742427607143862e-06,0.002836501953351605,0.034187550115196946,0.01834684287468938,5.511109122347818e-05,5.580692860934188e-11,0.0021837547629990376,6.107954982975149e-11,0.00048177163106521276,2.947508519155663e-09,1.17285133930424e-05,1.6074816810608508e-09,1.0296906250291618e-10,2.0807123026005157e-05,1.2427210923084057e-05,0.0065737275823524385,0.00030913988601480915,0.00043812890266225444,1.5595620026362189e-07,6.544334315226982e-09,3.7419218726770577e-08,1.2776302751262402e-07,8.646733473441359e-10,5.489957299412632e-06,0.00012327356867828488,2.915711310555816e-07,0.0006862190380054293,6.787892649418778e-09,1.966616286357578e-05,5.701347250948855e-08,8.092397741273526e-06,8.332391145814801e-11,1.0025928684533667e-10,1.409565216585461e-06,1.5249701726546725e-07,3.5173827248939553e-12,1.3036428091835276e-10,7.087555491002522e-11
2.0964763941201735e-06,0.16628943999999996,0.8585084662769803,0.0,0.0,0.44417026499311585,0.09122866657327076,0.012041533408859101,8.744434978918459e-06,0.0028369577558421495,0.03420793674305191,0.018356923558182442,5.509885288994083e-05,5.5900219300165e-11,0.0021835100109044046,6.106891610495827e-11,0.0004818206707493245,2.947320744950635e-09,1.1721816207918695e-05,1.6085288250894108e-09,1.0302361418233245e-10,2.078755342148248e-05,1.2435224057543305e-05,0.006573041069751981,0.00030745177492244244,0.0004382504572046428,1.5514753669861643e-07,6.5412043245193235e-09,3.741509962089432e-08,1.2778371512827062e-07,8.693053756601977e-10,5.518458478662824e-06,0.00012387952549790647,2.917262661595914e-07,0.0006866305009021518,6.787150313942776e-09,1.967884401760872e-05,5.704495374615047e-08,8.09023221015072e-06,8.339114835626183e-11,1.0030313131858414e-10,1.4104946607039695e-06,1.5246357269025545e-07,3.519660316185291e-12,1.3029019501469583e-10,7.066419120693733e-11
2.0976658564759737e-06,0.16628943999999996,0.8585084662769803,0.0,0.0,0.4441714622256434,0.09121886992839066,0.012037123316537312,8.746432335783651e-06,0.0028374108182454678,0.034228323218928804,0.01836699846896674,5.508661591622732e-05,5.5993601930699264e-11,0.002183265289835375,6.105828292348893e-11,0.0004818696995012458,2.947133018512399e-09,1.1715113423465185e-05,1.6095756072701506e-09,1.0307813238457306e-10,2.076800558025051e-05,1.2443235462951023e-05,0.006572354524545224,0.0003057690124905586,0.0004383719641880788,1.5434109052071356e-07,6.538075823755465e-09,3.741099088473381e-08,1.2780427752240868e-07,8.739706417110993e-10,5.5471596545738695e-06,0.00012448964897904035,2.918812912830566e-07,0.0006870419483935196,6.78640792376572e-09,1.969152243536841e-05,5.707641597803474e-08,8.08806685363936e-06,8.345837079520748e-11,1.0034693333080592e-10,1.4114238820563622e-06,1.524301283709706e-07,3.521937354118908e-12,1.3021604364681033e-10,7.045328544813232e-11
2.098855318831774e-06,0.16628943999999996,0.8585084662769803,0.0,0.0,0.444172649786864,0.09120907471311772,0.012032714806779445,8.74841970039722e-06,0.002837861147135137,0.03424870953732741,0.01837706757895084,5.507438031713268e-05,5.6087076497853375e-11,0.0021830206000800676,6.104765031338009e-11,0.0004819187173200691,2.9469453407328013e-09,1.1708405077197566e-05,1.6106220249250438e-09,1.0313261700858261e-10,2.074847966978741e-05,1.2451245140431881e-05,0.006571667946038963,0.00030409162070498186,0.00043849342351377416,1.5353687525701055e-07,6.534948813207808e-09,3.740689258922101e-08,1.2782471497483867e-07,8.786693809024683e-10,5.576062194094295e-06,0.0001251039665343701,2.9203620592269153e-07,0.0006874533802670127,6.785665479072997e-09,1.9704198118634718e-05,5.7107859109266736e-08,8.085901672506404e-06,8.35255785854909e-11,1.0039069275474523e-10,1.4123528805463644e-06,1.523966843337266e-07,3.524213838466894e-12,1.3014182722144357e-10,7.024284227150574e-11
2.100044781187574e-06,0.16628943999999996,0.8585084662769803,0.0,0.0,0.4441738276269767,0.09119928092707157,0.01202830787922026,8.750397095627594e-06,0.0028383087491355187,0.03426909569270265,0.018387130860003258,5.506214610743978e-05,5.618064299826718e-11,0.0021827759419270833,6.103701830263787e-11,0.00048196772420481984,2.946757712503965e-09,1.1701691206700287e-05,1.6116680753712534e-09,1.0318706795274631e-10,2.072897585818686e-05,1.245925309111929e-05,0.006570981333538543,0.0003024196215379095,0.00043861483508266706,1.5273490443871264e-07,6.5318232931495856e-09,3.740280480556536e-08,1.278450277676377e-07,8.834018293177957e-10,5.605167467178894e-06,0.00012572250561644667,2.9219100957657515e-07,0.0006878647963089661,6.7849229800514215e-09,1.9716871069201316e-05,5.713928304383126e-08,8.083736667519788e-06,8.35927715378126e-11,1.0043440946304404e-10,1.4132816560778945e-06,1.5236324060460671e-07,3.5264897690026523e-12,1.300675461461454e-10,7.003286632056005e-11
2.1012342435433743e-06,0.16628943999999996,0.8585084662769803,0.0,0.0,0.4441749956961625,0.09118948856986951,0.012023902533495386,8.752364544554088e-06,0.0028387536309218025,0.03428948167946453,0.018397188283956534,5.504991330191955e-05,5.627430142831107e-11,0.0021825313156655078,6.102638691923854e-11,0.0004820167201544569,2.9465701347182982e-09,1.1694971849626921e-05,1.6127137559214806e-09,1.0324148511489445e-10,2.070949431415053e-05,1.2467259316155413e-05,0.0065702946863479324,0.0003007530369438319,0.0004387361987954376,1.5193519159905547e-07,6.52869926385485e-09,3.739872760524838e-08,1.278652161851637e-07,8.881682236923313e-10,5.634476846617122e-06,0.0001263452937138132,2.9234570174426627e-07,0.0006882761963045809,6.784180426889381e-09,1.972954128887574e-05,5.7170687685586375e-08,8.081571839448434e-06,8.365994946310292e-11,1.0047808332826516e-10,1.4142102085550788e-06,1.5232979720966746e-07,3.528765145500963e-12,1.2999320082927446e-10,6.982336224380069e-11
2.1024237058991745e-06,0.16628943999999996,0.8585084662769803,0.0,0.0,0.444176153944592,0.09117969764112652,0.012019498769241344,8.754322070467062e-06,0.0028391957992200518,0.03430986749197825,0.01840723982261136,5.503768191533125e-05,5.636805178408545e-11,0.002182286721584913,6.101575619112898e-11,0.00048206570516787266,2.9463826082684928e-09,1.1688247043700493e-05,1.6137590638843293e-09,1.0329586839230673e-10,2.069003520698022e-05,1.2475263816691146e-05,0.006569608003769818,0.0002990918888553677,0.00043885751455252403,1.5113775027118208e-07,6.525576725598485e-09,3.7394661060017584e-08,1.2788528051405947e-07,8.929688013862813e-10,5.663991707857278e-06,0.00012697235834704175,2.925002819269215e-07,0.0006886875800379388,6.783437819776944e-09,1.9742208779479353e-05,5.7202072938277204e-08,8.079407189062264e-06,8.372711217255764e-11,1.0052171422291527e-10,1.4151385378822718e-06,1.5229635417494157e-07,3.531039967738057e-12,1.2991879168000436e-10,6.961433469411887e-11
2.1036131682549747e-06,0.16628943999999996,0.8585084662769803,0.0,0.0,0.44417730232243413,0.09116990814045517,0.01201509658609553,8.756269696868109e-06,0.002839635260807225,0.034330253124564135,0.018417285447740784,5.50254519624228e-05,5.646189406142002e-11,0.0021820421599753506,6.100512614622715e-11,0.0004821146792438942,2.9461951340475275e-09,1.16815168267138e-05,1.6148039965646685e-09,1.0335021768171719e-10,2.0670598706569663e-05,1.2483266593886146e-05,0.006568921285105674,0.0002974361991790173,0.00043897878225413893,1.5034259398597355e-07,6.522455678656182e-09,3.73906052418805e-08,1.2790522104325595e-07,8.978038003573143e-10,5.693713428826507e-06,0.00012760372706468253,2.926547496274142e-07,0.000689098947292013,6.7826951589059905e-09,1.975487354284738e-05,5.723343870555019e-08,8.077242717132206e-06,8.379425947767431e-11,1.0056530201946749e-10,1.4160666439640729e-06,1.5226291152644224e-07,3.5333142354916738e-12,1.2984431910832972e-10,6.940578832816196e-11
2.104802630610775e-06,0.16628943999999996,0.8585084662769803,0.0,0.0,0.4441784407798645,0.09116012006746554,0.0120106959836962,8.75820744747016e-06,0.002840072022511212,0.03435063857149775,0.01842732513109457,5.501322345793098e-05,5.655582825587343e-11,0.002181797631127356,6.099449681242258e-11,0.0004821636423812835,2.9460077129486716e-09,1.1674781236529754e-05,1.61584855126401e-09,1.0340453287931929e-10,2.0651184983396008e-05,1.249126764890883e-05,0.00656823452965586,0.0002957859897908307,0.0004391000018002861,1.4954973626983448e-07,6.519336123304437e-09,3.7386560223098553e-08,1.2792503806397593e-07,9.026734591323691e-10,5.723643389746564e-06,0.00012823942743912543,2.9280910435045424e-07,0.0006895102978486835,6.781952444470336e-09,1.9767535580828895e-05,5.726478489096776e-08,8.075078424430197e-06,8.386139119028917e-11,1.0060884659038553e-10,1.4169945267053442e-06,1.522294692901662e-07,3.5355879485411445e-12,1.297697835250724e-10,6.919772780568819e-11
2.105992092966575e-06,0.16628943999999996,0.8585084662769803,0.0,0.0,0.4441795692670742,0.09115033342176514,0.012006296961682508,8.760135346197583e-06,0.0028405060912108445,0.03437102382700998,0.018437358844403572,5.500099641658176e-05,5.664985436273262e-11,0.002181553135331946,6.098386821757692e-11,0.0004822125945787383,2.9458203458654835e-09,1.1668040311081666e-05,1.6168927252808934e-09,1.0345881388077091e-10,2.0631794208510948e-05,1.2499266982936359e-05,0.006567547736719709,0.0002941412825319936,0.00043922117309077734,1.4875919064243213e-07,6.516218059820563e-09,3.738252607618047e-08,1.2794473186973698e-07,9.075780167787575e-10,5.753782972945355e-06,0.00012887948706237306,2.9296334560271154e-07,0.000689921631488749,6.7812096766658705e-09,1.9780194895286826e-05,5.7296111398023017e-08,8.072914311729199e-06,8.392850712261445e-11,1.0065234780814746e-10,1.4179221860112317e-06,1.5219602749209765e-07,3.5378611066674444e-12,1.2969518534188714e-10,6.899015778890744e-11
2.1071815553223753e-06,0.16628943999999996,0.8585084662769803,0.0,0.0,0.44418068773427855,0.0911405482029587,0.01200189951969446,8.76205341718628e-06,0.002840937473835908,0.03439140888528701,0.018447386559384264,5.498877085309046e-05,5.674397237701237e-11,0.0021813086728806113,6.097324038952437e-11,0.0004822615358348919,2.9456330336918133e-09,1.1661294088373575e-05,1.617936515911281e-09,1.0351306058119989e-10,2.0612426553531474e-05,1.2507264597154673e-05,0.006566860905595615,0.0002925020992043286,0.00043934229602524973,1.479709706143898e-07,6.513101488482647e-09,3.7378502873875766e-08,1.2796430275635408e-07,9.125177128745623e-10,5.7841335626642236e-06,0.00012952393354172611,2.931174728929387e-07,0.0006903329479919434,6.780466855690657e-09,1.9792851488097993e-05,5.732741813015511e-08,8.070750379803223e-06,8.399560708727633e-11,1.0069580554527025e-10,1.418849621787182e-06,1.521625861582119e-07,3.5401337096532857e-12,1.296205249712678e-10,6.878308294180722e-11
2.1083710176781755e-06,0.16628943999999996,0.8585084662769803,0.0,0.0,0.4441817961317265,0.09113076441064831,0.01199750365737294,8.763961684783664e-06,0.0028413661773671415,0.034411793740470424,0.01845740824774332,5.49765467821622e-05,5.683818229345493e-11,0.002181064244065324,6.096261335607215e-11,0.00048231046614831527,2.945445777321805e-09,1.1654542606480528e-05,1.618979920448955e-09,1.0356727287520981e-10,2.059308219063033e-05,1.2515260492758457e-05,0.0065661740355811345,0.00029086846156571426,0.0004394633705031836,1.4718508968493446e-07,6.5099864095695754e-09,3.737449068916793e-08,1.2798375102194203e-07,9.174927874783379e-10,5.814696544861039e-06,0.00013017279449538115,2.9327148573209737e-07,0.000690744247136949,6.77972398174511e-09,1.980550536115305e-05,5.735870499076463e-08,8.068586629427297e-06,8.406269089735357e-11,1.0073921967433498e-10,1.4197768339389638e-06,1.521291453144792e-07,3.5424057572831743e-12,1.2954580282655312e-10,6.857650792946463e-11
2.1095604800339756e-06,0.16628943999999996,0.8585084662769803,0.0,0.0,0.44418289440970926,0.09112098204443321,0.011993109374359708,8.765860173548725e-06,0.002841792208836234,0.03443217838665734,0.018467423881182318,5.49643242184919e-05,5.693248410652957e-11,0.0021808198491785244,6.0951987145001e-11,0.0004823593855175161,2.9452585776498894e-09,1.164778590354886e-05,1.6200229361859323e-09,1.0362145065688578e-10,2.057376129252611e-05,1.2523254670951159e-05,0.0065654871259730714,0.0002892403913254207,0.00043958439642392057,1.4640156133949855e-07,6.506872823360993e-09,3.7370489595267296e-08,1.280030769669179e-07,9.22503481098088e-10,5.845473307008977e-06,0.00013082609754793952,2.934253836334845e-07,0.0006911555287014131,6.778981055032078e-09,1.981815651635651e-05,5.7389971883229465e-08,8.066423061377516e-06,8.41297583664164e-11,1.0078259006801208e-10,1.4207038223726906e-06,1.5209570498686845e-07,3.544677249343493e-12,1.2947101932193246e-10,6.837043741734319e-11
2.110749942389776e-06,0.16628943999999996,0.8585084662769803,0.0,0.0,0.4441839825185704,0.0911112011039096,0.01198871667029737,8.76774890825196e-06,0.0028422155753258086,0.034452562817900406,0.018477433431402495,5.495210317676479e-05,5.7026877810432185e-11,0.002180575488513131,6.094136178406557e-11,0.0004824082939409404,2.9450714355707905e-09,1.1641024017796467e-05,1.6210655604128762e-09,1.0367559381980066e-10,2.055446403247292e-05,1.2531247132944987e-05,0.006564800176067584,0.0002876179101393632,0.0004397053736866821,1.4562039904727595e-07,6.5037607301373286e-09,3.736649966560407e-08,1.2802228089400245e-07,9.275500346595492e-10,5.876465237891093e-06,0.00013148387032582945,2.935791661128604e-07,0.0006915667924619634,6.7782380757570206e-09,1.983080495562677e-05,5.742121871092087e-08,8.064259676431028e-06,8.419680930856599e-11,1.0082591659908771e-10,1.4216305869948358e-06,1.5206226520135107e-07,3.5469481856225756e-12,1.2939617487245152e-10,6.816487607057611e-11
2.111939404745576e-06,0.16628943999999996,0.8585084662769803,0.0,0.0,0.44418506040871486,0.09110142158867071,0.011984325544829415,8.769627913875328e-06,0.0028426362839693983,0.03447294702820799,0.018487436870109623,5.493988367165643e-05,5.712136339908499e-11,0.0021803311623625255,6.093073730099498e-11,0.00048245719141697276,2.9448843519795185e-09,1.1634256987513066e-05,1.6221077904195261e-09,1.0372970225702138e-10,2.0535190584249763e-05,1.25392378799609e-05,0.006564113185160284,0.0002860010396052729,0.00043982630219058764,1.448416162587329e-07,6.5006501301797474e-09,3.736252097382072e-08,1.2804136310822174e-07,9.326326894737548e-10,5.907673727390641e-06,0.00013214614045264038,2.9373283268857905e-07,0.0006919780381942238,6.777495044128121e-09,1.9843450680896055e-05,5.745244537721992e-08,8.062096475366045e-06,8.426384353847455e-11,1.0086919914048961e-10,1.4225571277122594e-06,1.520288259839049e-07,3.549218565910783e-12,1.2932126989401787e-10,6.795982855323405e-11
2.1131288671013762e-06,0.16628943999999996,0.8585084662769803,0.0,0.0,0.44418612803061897,0.09109164349830663,0.011979935997600173,8.77149721561215e-06,0.002843054341951419,0.03449333101154418,0.01849743416901899,5.492766571783313e-05,5.72159408661362e-11,0.0021800868710205555,6.092011372349314e-11,0.00048250607794393733,2.9446973277713697e-09,1.1627484851060456e-05,1.6231496234951329e-09,1.0378377586111565e-10,2.0515941122149517e-05,1.2547226913228606e-05,0.006563426152546332,0.0002843898012577866,0.0004399471818346748,1.4406522640307255e-07,6.497541023770147e-09,3.735855359376442e-08,1.2806032391690838e-07,9.377516872038939e-10,5.9391001662771615e-06,0.00013281293554436995,2.9388638288171884e-07,0.0006923892656728324,6.7767519603564224e-09,1.9856093694110455e-05,5.748365178553429e-08,8.059933458961864e-06,8.43308608714259e-11,1.0091243756531439e-10,1.4234834444322277e-06,1.519953873605182e-07,3.5514883900005833e-12,1.2924630480340672e-10,6.775529952757914e-11
2.1143183294571764e-06,0.16628943999999996,0.8585084662769803,0.0,0.0,0.4441871853348404,0.09108186683240425,0.01197554802825485,8.773356838866973e-06,0.002843469756507126,0.034513714761829,0.01850742529986043,5.49154493299521e-05,5.731061020495977e-11,0.0021798426147815343,6.090949107923925e-11,0.00048255495352009833,2.9445103638419236e-09,1.1620707646872754e-05,1.6241910569289016e-09,1.038378145241588e-10,2.0496715820967518e-05,1.2555214233986556e-05,0.006562739077520556,0.00028278421656345495,0.000440068012517918,1.4329124288565573e-07,6.494433411191177e-09,3.7354597599479416e-08,1.2807916362970216e-07,9.429072698314577e-10,5.9707459459883184e-06,0.0001334842832045842,2.94039816216215e-07,0.0006928004746714581,6.776008824655993e-09,1.9868733997229882e-05,5.7514837839315174e-08,8.057770627998857e-06,8.43978611233564e-11,1.0095563174685496e-10,1.4244095370624376e-06,1.5196194935719358e-07,3.553757657686634e-12,1.2917128001826634e-10,6.755129365330463e-11
2.1155077918129766e-06,0.16628943999999996,0.8585084662769803,0.0,0.0,0.444188232272028,0.09107209159054708,0.011971161636439489,8.775206809255405e-06,0.0028438825349225653,0.034534098272938435,0.01851741023438347,5.490323452266166e-05,5.740537140865518e-11,0.0021795983939402286,6.089886939588828e-11,0.0004826038181436606,2.9443234610870362e-09,1.1613925413456598e-05,1.6252320880104406e-09,1.0389181813774098e-10,2.0477514855989823e-05,1.256319984348195e-05,0.006562051959377541,0.0002811843069156704,0.0004401887941392483,1.425196790853752e-07,6.491327292726174e-09,3.7350653065198766e-08,1.2809788255855055e-07,9.48099679621678e-10,6.002612458407561e-06,0.0001341602110194916,2.941931322189933e-07,0.000693211664962819,6.775265637244031e-09,1.98813715922281e-05,5.754600344207486e-08,8.055607983258483e-06,8.446484411089637e-11,1.0099878155862794e-10,1.4253354055110357e-06,1.5192851199995194e-07,3.5560263687658585e-12,1.2909619595712294e-10,6.734781558675967e-11
2.116697254168777e-06,0.16628943999999996,0.8585084662769803,0.0,0.0,0.4441892687929322,0.09106231777231527,0.011966776821800992,8.777047152603923e-06,0.002844292684534518,0.03455448153870468,0.018527388944362563,5.4891021310601606e-05,5.750022447004722e-11,0.002179354208791861,6.088824870107122e-11,0.00048265267181277086,2.944136620402841e-09,1.1607138189391393e-05,1.6262727140302215e-09,1.0394578659297449e-10,2.0458338402981025e-05,1.2571183742970705e-05,0.006561364797411758,0.0002795900936295157,0.0004403095265975741,1.4175054835198696e-07,6.488222668659175e-09,3.734672006533635e-08,1.281164810177088e-07,9.533291590882621e-10,6.0347010956375366e-06,0.0001348407465529309,2.943463304201048e-07,0.0006936228363186994,6.774522398341033e-09,1.9894006481092653e-05,5.7577148497404125e-08,8.05344552552331e-06,8.453180965141203e-11,1.010418868744022e-10,1.4262610496866452e-06,1.5189507531483665e-07,3.558294523037532e-12,1.2902105303938664e-10,6.714486998016e-11
2.117886716524577e-06,0.16628943999999996,0.8585084662769803,0.0,0.0,0.4441902948484155,0.09105254537728537,0.011962393583987102,8.778877894949613e-06,0.002844700212730434,0.03457486455291617,0.018537361401602403,5.487880970840326e-05,5.759516938168584e-11,0.0021791100596321063,6.087762902239574e-11,0.00048270151452551777,2.9439498426857376e-09,1.1600346013329497e-05,1.6273129322800486e-09,1.0399971978050137e-10,2.0439186638171723e-05,1.2579165933717475e-05,0.006560677590917655,0.0002780015979365324,0.00044043020979180135,1.409838640033956e-07,6.485119539274904e-09,3.734279867447845e-08,1.2813495932373968e-07,9.58595950957417e-10,6.067013249769394e-06,0.00013552591734127434,2.9449941035286257e-07,0.0006940339885099704,6.773779108170934e-09,1.9906638665824933e-05,5.760827290899043e-08,8.051283255577e-06,8.459875756304795e-11,1.0108494756822774e-10,1.4271864694983893e-06,1.5186163932791758e-07,3.5605621203033694e-12,1.2894585168535615e-10,6.694246148078512e-11
2.119076178880377e-06,0.16628943999999996,0.8585084662769803,0.0,0.0,0.44419131038946275,0.0910427744050304,0.011958011922646408,8.780699062539922e-06,0.0028451051269483513,0.03459524730931778,0.018547327577943352,5.48665997306898e-05,5.769020613584607e-11,0.00217886594675708,6.086701038744638e-11,0.0004827503462799332,2.9437631288323906e-09,1.1593548923996417e-05,1.6283527400535331e-09,1.0405361759050137e-10,2.04200597382456e-05,1.2587146416995614e-05,0.006559990339189786,0.00027641884097941307,0.0004405508436208542,1.4021963932289715e-07,6.482017904858734e-09,3.7338888967375026e-08,1.281533177955127e-07,9.639002981311736e-10,6.099550312647852e-06,0.00013621575088824532,2.9465237155397784e-07,0.0006944451213066086,6.77303576696124e-09,1.991926814844009e-05,5.7639376580636e-08,8.049121174204333e-06,8.466568766476961e-11,1.0112796351446445e-10,1.4281116648559144e-06,1.5182820406529536e-07,3.5628291603675995e-12,1.2887059231622396e-10,6.674059473015972e-11
2.1202656412361774e-06,0.16628943999999996,0.8585084662769803,0.0,0.0,0.4441923153671924,0.09103300485511959,0.01195363183742834,8.782510681832303e-06,0.002845507434676816,0.03461562980161102,0.018557287445266905,5.485439139207651e-05,5.77853347245279e-11,0.0021786218704633407,6.085639282378499e-11,0.00048279916707399283,2.943576479739722e-09,1.158674696019098e-05,1.6293921346465765e-09,1.0410747991270017e-10,2.0400957880326095e-05,1.2595125194087186e-05,0.0065593030415229256,0.00027484184380661487,0.0004406714279836963,1.3945788755637734e-07,6.478917765696693e-09,3.7334991018931084e-08,1.2817155675420321e-07,9.692424436500085e-10,6.132313675632209e-06,0.0001369102746596533,2.948052135636991e-07,0.0006948562344777158,6.772292374943193e-09,1.9931894930967056e-05,5.767045941627651e-08,8.046959282191207e-06,8.473259977640671e-11,1.0117093458781193e-10,1.4290366356694157e-06,1.517947695531052e-07,3.5650956430370656e-12,1.287952753540813e-10,6.653927436322314e-11
2.1214551035919776e-06,0.16628943999999996,0.8585084662769803,0.0,0.0,0.4441933097328668,0.09102323672711839,0.011949253327983151,8.7843127794939e-06,0.0028459071434547827,0.03463601202345415,0.01856724097550131,5.484218470717088e-05,5.7880555139456314e-11,0.0021783778310478833,6.084577635895125e-11,0.00048284797690561695,2.9433898963049045e-09,1.1579940160785515e-05,1.6304311133578633e-09,1.0416130663637766e-10,2.0381881241962656e-05,1.2603102266282935e-05,0.006558615697212176,0.00027327062736689757,0.0004407919627793525,1.3869862190946747e-07,6.475819122075432e-09,3.7331104904197625e-08,1.2818967652329087e-07,9.746226306547786e-10,6.165304729353222e-06,0.00013760951607804493,2.949579359259512e-07,0.0006952673277915394,6.771548932351917e-09,1.994451901544851e-05,5.770152131999989e-08,8.044797580324644e-06,8.479949371869685e-11,1.0121386066333981e-10,1.4299613818496628e-06,1.517613358175217e-07,3.5673615681213017e-12,1.2871990122192308e-10,6.633850500748281e-11
2.1226445659477778e-06,0.16628943999999996,0.8585084662769803,0.0,0.0,0.4441942934379036,0.09101347002058824,0.011944876393961945,8.786105382401146e-06,0.002846304260871514,0.03465639396846241,0.01857718814062718,5.482997969057292e-05,5.79758673720812e-11,0.0021781338288081277,6.083516102046282e-11,0.00048289677577267117,2.9432033794253507e-09,1.1573128564725967e-05,1.6314696734893598e-09,1.0421509765037678e-10,2.036283000111668e-05,1.2611077634882296e-05,0.0065579283055531,0.0002717052125037874,0.0004409124479069308,1.3794185554465802e-07,6.472721974282194e-09,3.7327230698362374e-08,1.2820767742855788e-07,9.800411023479513e-10,6.19852486346594e-06,0.00013831350251727366,2.95110538188475e-07,0.0006956784010154936,6.770805439426537e-09,1.9957140403940863e-05,5.7732562196065374e-08,8.042636069392791e-06,8.486636931332909e-11,1.0125674161651748e-10,1.4308859033080256e-06,1.5172790288476277e-07,3.5696269354326295e-12,1.2864447034365228e-10,6.61382912821557e-11
2.123834028303578e-06,0.16628943999999996,0.8585084662769803,0.0,0.0,0.444195266433887,0.09100370473508664,0.01194050103501663,8.787888517639308e-06,0.0028466987945664616,0.034676775630208156,0.01858712891268332,5.48177763568753e-05,5.807127141357753e-11,0.0021778898640419193,6.082454683581588e-11,0.00048294556367296744,2.9430169299987057e-09,1.1566312211032068e-05,1.6325078123468214e-09,1.0426885284311228e-10,2.0343804336146913e-05,1.2619051301193363e-05,0.006557240865841835,0.00027014561994996594,0.0004410328832656436,1.3718760157836887e-07,6.469626322604809e-09,3.73233684767405e-08,1.2822555979808677e-07,9.854981019541577e-10,6.231975466398506e-06,0.00013902226129698805,2.952630199029693e-07,0.0006960894539161809,6.7700618964103756e-09,1.9969759098514246e-05,5.7763581948923165e-08,8.040474750184942e-06,8.493322638298858e-11,1.0129957732324578e-10,1.431810199956501e-06,1.5169447078109365e-07,3.5718917447862457e-12,1.2856898314408485e-10,6.593863779729486e-11
2.125023490659378e-06,0.16628943999999996,0.8585084662769803,0.0,0.0,0.4441962286725789,0.09099394087016686,0.011936127250799945,8.789662212502048e-06,0.002847090752229143,0.034697157002221105,0.018597063263772494,5.480557472066355e-05,5.8166767254845344e-11,0.002177645937047523,6.081393383248547e-11,0.00048299434060426456,2.942830548922838e-09,1.1559491138797443e-05,1.6335455272403087e-09,1.0432257210258016e-10,2.0324804425794575e-05,1.262702326653286e-05,0.006556553377375227,0.0002685918703215878,0.00044115326875483085,1.3643587307797971e-07,6.466532167331673e-09,3.7319518314765e-08,1.2824332396225754e-07,9.909938726800598e-10,6.2656579250969875e-06,0.00013973581967704034,2.954153806252319e-07,0.0006965004862594136,6.769318303551081e-09,1.9982375101252437e-05,5.7794580483233905e-08,8.038313623491528e-06,8.500006475140089e-11,1.0134236765988788e-10,1.4327342717077386e-06,1.5166103953283172e-07,3.574155996000311e-12,1.2849344004895406e-10,6.573954915290265e-11
2.1262129530151784e-06,0.16628943999999996,0.8585084662769803,0.0,0.0,0.44419718010593057,0.09098417842537797,0.011931755040965443,8.791426494490873e-06,0.002847480141599007,0.034717538077988566,0.018606991166067385,5.4793374796516334e-05,5.826235488650995e-11,0.0021774020481236125,6.080332203792582e-11,0.00048304310656426973,2.942644237095836e-09,1.1552665387189714e-05,1.6345828154847105e-09,1.0437625531636703e-10,2.0305830449167975e-05,1.2634993532226155e-05,0.0065558658394509455,0.00026704398411252667,0.000441273604273983,1.3568668305881914e-07,6.463439508751715e-09,3.7315680287976854e-08,1.2826097025374506e-07,9.9652865767355e-10,6.299573624766282e-06,0.00014045420485181618,2.9556761991530283e-07,0.0006969114978102363,6.7685746611007756e-09,1.9994988414252906e-05,5.782555770388881e-08,8.036152690104127e-06,8.506688424337718e-11,1.0138511250330115e-10,1.4336581184750697e-06,1.516276091663506e-07,3.576419688896048e-12,1.2841784148491473e-10,6.55410299380318e-11
2.1274024153709785e-06,0.16628943999999996,0.8585084662769803,0.0,0.0,0.4441981206860942,0.09097441740026461,0.011927384405167489,8.793181391314612e-06,0.0028478669704652855,0.034737918850955604,0.018616912591816585,5.478117659900552e-05,5.835803429892208e-11,0.002177158197569264,6.079271147957059e-11,0.0004830918615506384,2.9424579954159826e-09,1.1545834995450599e-05,1.6356196744002728e-09,1.0442990237165998e-10,2.0286882585726794e-05,1.2642962099607219e-05,0.006555178251367625,0.00026550198168855273,0.000441393889722764,1.3494004448111372e-07,6.460348347154368e-09,3.731185447201511e-08,1.28278499007515e-07,1.0021026999822747e-09,6.333723948607143e-06,0.00014117744394448708,2.9571973733760717e-07,0.0006973224883329496,6.767830969316222e-09,2.000759903962673e-05,5.7856513516029935e-08,8.033991950815476e-06,8.513368468485932e-11,1.0142781173086918e-10,1.434581740172536e-06,1.5159417970808465e-07,3.578682823297833e-12,1.2834218787954763e-10,6.534308472987118e-11
2.1285918777267787e-06,0.16628943999999996,0.8585084662769803,0.0,0.0,0.4441990503654349,0.09096465779436702,0.011923015343061246,8.794926930888805e-06,0.0028482512466668423,0.03475829931452532,0.01862682751335066,5.4768980142696485e-05,5.845380548215812e-11,0.0021769143856839516,6.078210218483333e-11,0.00048314060556097594,2.9422718247817556e-09,1.1539000002895983e-05,1.6366561013131366e-09,1.0448351315525649e-10,2.0267961015265875e-05,1.265092897001862e-05,0.006554490612424987,0.00026396588328144143,0.0004415141250010335,1.3419597024689779e-07,6.45725868282955e-09,3.730804094260664e-08,1.2829591056082035e-07,1.0077162425115e-09,6.368110277549371e-06,0.00014190556400118696,2.958717324610988e-07,0.0006977334575911323,6.767087228458973e-09,2.002020697949859e-05,5.788744782507062e-08,8.031831406419462e-06,8.5200465902965e-11,1.0147046522053433e-10,1.4355051367149139e-06,1.515607511845333e-07,3.5809453990332906e-12,1.282664796613633e-10,6.514571809282074e-11
2.129781340082579e-06,0.16628943999999996,0.8585084662769803,0.0,0.0,0.4441999690965422,0.09095489960722075,0.011918647854302689,8.796663141335054e-06,0.002848632978092,0.03477867946205911,0.018636735903088317,5.4756785442148186e-05,5.854966842602046e-11,0.002176670612767539,6.077149418110782e-11,0.0004831893385928383,2.9420857260918135e-09,1.1532160448915986e-05,1.6376920935558832e-09,1.0453708755357493e-10,2.0249065917898664e-05,1.2658894144811489e-05,0.006553802921923981,0.00026243570898301617,0.0004416343100088723,1.3345447319688425e-07,6.45417051606765e-09,3.730423977555587e-08,1.2831320525319675e-07,1.0133695279813374e-09,6.4027339899812776e-06,0.00014263859198511368,2.960236048594053e-07,0.0006981444053476663,6.766343438795525e-09,2.0032812236006705e-05,5.791836053671641e-08,8.029671057711134e-06,8.526722772603403e-11,1.0151307285083072e-10,1.4364283080177488e-06,1.5152732362226557e-07,3.583207415933387e-12,1.28190717259806e-10,6.494893457755231e-11
2.130970802438379e-06,0.16628943999999996,0.8585084662769803,0.0,0.0,0.4442008768322429,0.09094514283835671,0.011914281938548571,8.798390050980351e-06,0.0028490121726783687,0.034799059286876835,0.018646637733542647,5.474459251191342e-05,5.864562312003759e-11,0.002176426879120271,6.076088749576819e-11,0.0004832380606437328,2.9418997002449777e-09,1.1525316372975e-05,1.6387276484680887e-09,1.0459062545266502e-10,2.023019747404018e-05,1.26668576253455e-05,0.006553115179166911,0.00026091147873912783,0.0004417544446466051,1.3271556610729938e-07,6.451083847159482e-09,3.730045104673408e-08,1.283303834264581e-07,1.019062798883306e-09,6.437596461475405e-06,0.00014337655477055796,2.9617535411097236e-07,0.0006985553313647613,6.765599600597488e-09,2.004541481130284e-05,5.79492515569861e-08,8.027510905486721e-06,8.533396998367397e-11,1.0155563450091753e-10,1.4373512539973814e-06,1.5149389704792443e-07,3.5854688738325358e-12,1.2811490110525771e-10,6.475273872005825e-11
2.1321602647941793e-06,0.16628943999999996,0.8585084662769803,0.0,0.0,0.44420177352561263,0.090935387487301,0.011909917595456442,8.800107688356337e-06,0.0028493888384126514,0.03481943878225721,0.0186565329773274,5.4732401366538906e-05,5.874166955346483e-11,0.0021761831850427636,6.075028215616943e-11,0.00048328677171111925,2.9417137481402185e-09,1.1518467814611717e-05,1.6397627633968784e-09,1.046441267382188e-10,2.0211355864389606e-05,1.267481941298886e-05,0.006552427383457586,0.0002593932123435707,0.0004418745288148252,1.3197926168667927e-07,6.447998676396256e-09,3.729667483206879e-08,1.2834744542469068e-07,1.0247962974362803e-09,6.47269906451066e-06,0.00014411947913686124,2.963269797992088e-07,0.0006989662354039785,6.764855714141728e-09,2.005801470755224e-05,5.798012079223302e-08,8.0253509505436e-06,8.540069250680609e-11,1.0159815005061236e-10,1.438273974570978e-06,1.5146047148823159e-07,3.5877297725686896e-12,1.2803903162904138e-10,6.455713504068872e-11
2.1333497271499795e-06,0.16628943999999996,0.8585084662769803,0.0,0.0,0.4442026591299882,0.0909256335535747,0.011905554824684628,8.801816082198547e-06,0.0028497629833304492,0.034839817941437985,0.01866642160716339,5.472021202056556e-05,5.883780771528433e-11,0.0021759395308359976,6.073967818964753e-11,0.0004833354717924106,2.9415278706766475e-09,1.1511614813439141e-05,1.6407974356974963e-09,1.046975912955818e-10,2.0192541269912408e-05,1.2682779509118263e-05,0.006551739534101449,0.0002578809294319378,0.0004419945624144185,1.3124557257263095e-07,6.444915004069552e-09,3.729291120753261e-08,1.2836439159424794e-07,1.0305702655418156e-09,6.508043168190907e-06,0.00014486739176230358,2.9647848151263177e-07,0.0006993771172262578,6.764111779710528e-09,2.0070611926933596e-05,5.801096814916652e-08,8.023191193680345e-06,8.546739512771199e-11,1.0164061938042544e-10,1.4391964696565627e-06,1.514270469699917e-07,3.589990111983437e-12,1.279631092634243e-10,6.43621280431746e-11
2.1345391895057797e-06,0.16628943999999996,0.8585084662769803,0.0,0.0,0.4442035335989808,0.0909158810366939,0.011901193625892236,8.803515261445573e-06,0.0028501346155160494,0.0348601967576163,0.01867630359588495,5.470802448852852e-05,5.893403759420594e-11,0.0021756959168013107,6.07290756235199e-11,0.00048338416088497413,2.9413420687534943e-09,1.1504757409144592e-05,1.6418316627338754e-09,1.0475101900976444e-10,2.0173753871822066e-05,1.2690737915118873e-05,0.006551051630405722,0.0002563746494754197,0.0004421145453465889,1.305145113285596e-07,6.441832830471307e-09,3.7289160249132396e-08,1.2838122228374407e-07,1.0363849447388445e-09,6.543630137960017e-06,0.00014562031921792413,2.966298588450133e-07,0.0006997879765919424,6.7633677975917676e-09,2.0083206471638995e-05,5.8041793534874083e-08,8.021031635696688e-06,8.553407768007981e-11,1.016830423715942e-10,1.4401187391730447e-06,1.5139362352009696e-07,3.5922498919221125e-12,1.2788713444162185e-10,6.416772221364226e-11
2.13572865186158e-06,0.16628943999999996,0.8585084662769803,0.0,0.0,0.4442043968864875,0.09090612993616949,0.011896833998739134,8.805205255238212e-06,0.0028505037431022003,0.03488057522394892,0.018686178916446413,5.4695838784957416e-05,5.903035917866731e-11,0.002175452343240385,6.071847448508549e-11,0.00048343283898613225,2.9411563432700927e-09,1.149789564148966e-05,1.6428654418792198e-09,1.0480440976545384e-10,2.015499385156138e-05,1.2698694632384301e-05,0.0065503636716795505,0.000254874391774545,0.00044223447751288303,1.297860904403611e-07,6.438752155893749e-09,3.7285422032897656e-08,1.2839793784404725e-07,1.0422405761578062e-09,6.57946133531364e-06,0.0001463782879612758,2.9678111139552415e-07,0.0007001988132608058,6.762623768079053e-09,2.0095798343873885e-05,5.8072596856842936e-08,8.018872277393553e-06,8.560073999905091e-11,1.017254189061173e-10,1.4410407830402543e-06,1.51360201165532e-07,3.594509112233887e-12,1.2781110759780006e-10,6.397392201961253e-11
2.13691811421738e-06,0.16628943999999996,0.8585084662769803,0.0,0.0,0.44420524894670477,0.09089638025150705,0.01189247594288595,8.806886092918552e-06,0.00285087037426988,0.03490095333355261,0.01869604754192874,5.468365492437644e-05,5.912677245683482e-11,0.002175208810455239,6.070787480162508e-11,0.0004834815060931641,2.9409706951258666e-09,1.1491029550310192e-05,1.6438987705165863e-09,1.0485776344702577e-10,2.0136261390783315e-05,1.2706649662316573e-05,0.006549675657234154,0.0002533801754528687,0.00044235435881521485,1.2906032231308315e-07,6.43567298062939e-09,3.7281696634869205e-08,1.2841453862827257e-07,1.0481374004741553e-09,6.6155381175075435e-06,0.00014714132433011677,2.9693223876888105e-07,0.000700609626992079,6.7618796914718904e-09,2.010838754585704e-05,5.810337802298266e-08,8.016713119573035e-06,8.566738192126633e-11,1.0176774886679036e-10,1.4419626011789718e-06,1.51326779933378e-07,3.596767772771878e-12,1.2773502916707863e-10,6.378073190899361e-11
2.1381075765731803e-06,0.16628943999999996,0.8585084662769803,0.0,0.0,0.44420608973414133,0.09088663198220683,0.011888119457994072,8.80855780402901e-06,0.0028512345172480537,0.03492133107950441,0.01870590944554613,5.467147292130451e-05,5.922327741660395e-11,0.002174965318748218,6.06972766004016e-11,0.000483530162203305,2.9407851252203066e-09,1.1484159175516213e-05,1.6449316460394786e-09,1.0491107993855704e-10,2.0117556671331434e-05,1.271460300632608e-05,0.006548987586382965,0.0002518920194506079,0.0004424741891558919,1.28337219267553e-07,6.432595304970979e-09,3.727798413108747e-08,1.2843102499177465e-07,1.0540756578613275e-09,6.651861837262885e-06,0.0001479094545360401,2.970832405754914e-07,0.0007010204175444772,6.761135568075863e-09,2.0120974079820477e-05,5.813413694164753e-08,8.014554163038422e-06,8.573400328491374e-11,1.0181003213724057e-10,1.4428841935109607e-06,1.5129335985081774e-07,3.5990258733932492e-12,1.2765889958553403e-10,6.358815630905722e-11
2.1392970389289805e-06,0.16628943999999996,0.8585084662769803,0.0,0.0,0.44420691920363076,0.0908768851277634,0.011883764543725622,8.810220418311347e-06,0.002851596180313409,0.03494170845484201,0.01871576460065278,5.4659292790255426e-05,5.931987404560001e-11,0.0021747218684219833,6.068667990866031e-11,0.00048357880731374924,2.940599634452955e-09,1.1477284557091844e-05,1.645964065852443e-09,1.0496435912383808e-10,2.0098879875219928e-05,1.2722554665831578e-05,0.00654829945844179,0.00025040994251823007,0.00044259396843764146,1.276167935369781e-07,6.429519129211472e-09,3.7274284597580545e-08,1.284473972921389e-07,1.060055587943142e-09,6.688433842468276e-06,0.00014868270465804459,2.972341164315988e-07,0.0007014311846762287,6.760391398202775e-09,2.0133557948009424e-05,5.8164873521659356e-08,8.012395408594185e-06,8.580060392977409e-11,1.0185226860196295e-10,1.4438055599589993e-06,1.5125994094513984e-07,3.6012834139593156e-12,1.275827192902014e-10,6.339619962541096e-11
2.1404865012847807e-06,0.16628943999999996,0.8585084662769803,0.0,0.0,0.4442077373103444,0.09086713968766578,0.011879411199743471,8.811873965705588e-06,0.0028519553717900954,0.034962085452564094,0.018725612980749578,5.4647114545737926e-05,5.941656233117889e-11,0.0021744784597795006,6.067608475362897e-11,0.00048362744142165,2.9404142237233806e-09,1.1470405735095222e-05,1.6469960273716726e-09,1.0501760088638574e-10,2.0080231184613185e-05,1.2730504642260126e-05,0.006547611272728947,0.00024893396320999376,0.000442713696563635,1.2689905726351595e-07,6.426444453643993e-09,3.7270598110352294e-08,1.2846365588917336e-07,1.0660774297456432e-09,6.7252554758788816e-06,0.00014946110063604896,2.9738486595942723e-07,0.0007018419281451027,6.7596471821708075e-09,2.014613915268228e-05,5.819558767233009e-08,8.010236857045983e-06,8.586718369726812e-11,1.0189445814635548e-10,1.444726700446917e-06,1.5122652324374397e-07,3.6035403943356477e-12,1.2750648871907725e-10,6.320486624095432e-11
2.141675963640581e-06,0.16628943999999996,0.8585084662769803,0.0,0.0,0.44420854400980486,0.09085739566139721,0.011875059425711211,8.813518476348956e-06,0.002852312100049437,0.034982462065630646,0.01873545455949101,5.4634938202255894e-05,5.951334226042776e-11,0.002174235093124029,6.066549116251814e-11,0.00048367606452412036,2.940228893931167e-09,1.1463522749658378e-05,1.6480275280256153e-09,1.0507080510945658e-10,2.0061610781804914e-05,1.2738452937047066e-05,0.0065469230285654335,0.00024746409987744624,0.0004428333734375155,1.2618402249481588e-07,6.423371278561787e-09,3.726692474537003e-08,1.284798011448992e-07,1.0721414216484468e-09,6.7623280748126184e-06,0.00015024466826435136,2.975354887873271e-07,0.0007022526477084383,6.758902920304696e-09,2.015871769611053e-05,5.822627930348526e-08,8.008078509200658e-06,8.59337424305035e-11,1.0193660065675587e-10,1.4456476148996253e-06,1.5119310677414471e-07,3.605796814392176e-12,1.2743020831112174e-10,6.301416051482943e-11
2.142865425996381e-06,0.16628943999999996,0.8585084662769803,0.0,0.0,0.44420933925789935,0.09084765304843492,0.011870709221293164,8.815153980574684e-06,0.002852666373509646,0.03500283828696338,0.01874528931069199,5.462276377430841e-05,5.961021382016592e-11,0.002173991768759112,6.06548991625213e-11,0.0004837246766182351,2.940043645975884e-09,1.1456635640987088e-05,1.6490585652555874e-09,1.0512397167606028e-10,2.0043018849196903e-05,1.2746399551635986e-05,0.006546234725275071,0.00024600037066288105,0.000442952998963423,1.2547170118053692e-07,6.420299604258208e-09,3.726326457855223e-08,1.2849583342354145e-07,1.0782478013355536e-09,6.799652970843566e-06,0.0001510334331850378,2.9768598454991815e-07,0.000702663343123174,6.758158612935893e-09,2.0171293580578715e-05,5.825694832548708e-08,8.00592036586625e-06,8.600027997432106e-11,1.0197869602047763e-10,1.4465683032431528e-06,1.5115969156397685e-07,3.6080526740033036e-12,1.273538785062602e-10,6.28240867813604e-11
2.1440548883521812e-06,0.16628943999999996,0.8585084662769803,0.0,0.0,0.44421012301089224,0.0908379118482502,0.011866360586154359,8.816780508910861e-06,0.0028530182006355114,0.03502321410944609,0.018755117208334806,5.4610591276389884e-05,5.970717699694561e-11,0.002173748486988561,6.064430878081513e-11,0.00048377327770103074,2.9398584807570647e-09,1.144974444936074e-05,1.6500891365163933e-09,1.0517710046897341e-10,2.0024455569277272e-05,1.2754344487478664e-05,0.006545546362184675,0.0002445427934927567,0.0004430725730460217,1.247621051688397e-07,6.41722943102664e-09,3.7259617685755926e-08,1.2851175309151824e-07,1.084396805745686e-09,6.837231489492736e-06,0.0001518274208813415,2.978363528882331e-07,0.0007030740141458772,6.757414260402707e-09,2.0183866808384333e-05,5.828759464925788e-08,8.003762427851975e-06,8.60667961753416e-11,1.0202074412584658e-10,1.4474887654046811e-06,1.5112627764099975e-07,3.6103079730479966e-12,1.2727749974538497e-10,6.263464934898452e-11
2.1452443507079814e-06,0.16628943999999996,0.8585084662769803,0.0,0.0,0.44421089522543966,0.09082817206030819,0.011862013519960536,8.818398092079154e-06,0.0028533675899380835,0.03504358952592504,0.01876493822657607,5.4598420722990166e-05,5.9804231777053e-11,0.0021735052481164493,6.06337200445595e-11,0.00048382186776950724,2.9396733991741895e-09,1.1442849215132132e-05,1.6511192392769464e-09,1.0523019137075345e-10,2.000592112459838e-05,1.2762287746035049e-05,0.006544857938624196,0.00024309138607108143,0.0004431920955905262,1.240552462028553e-07,6.414160759160496e-09,3.725598414276412e-08,1.2852756051743066e-07,1.0905886710221408e-09,6.8750649499162485e-06,0.0001526266566709561,2.9798659344986053e-07,0.0007034846605327745,6.756669863050504e-09,2.0196437381837824e-05,5.831821818630383e-08,8.001604695968252e-06,8.613329088201218e-11,1.0206274486223791e-10,1.4484090013125773e-06,1.5109286503310218e-07,3.6125627114099174e-12,1.272010724703572e-10,6.244585249917418e-11
2.1464338130637816e-06,0.16628943999999996,0.8585084662769803,0.0,0.0,0.4442116558586018,0.09081843368406767,0.011857668022378122,8.820006760993524e-06,0.0028537145499743454,0.03506396452920942,0.018774752339753807,5.4586252128594616e-05,5.990137814650919e-11,0.0021732620524470905,6.062313298089783e-11,0.00048387044682062863,2.9394884021266566e-09,1.1435949978727296e-05,1.6521488710208991e-09,1.0528324426375313e-10,1.9987415697754197e-05,1.2770229328773207e-05,0.006544169453926899,0.0002416461658727663,0.0004433115665027286,1.2335113591713286e-07,6.411093588953138e-09,3.72523640252728e-08,1.2854325607205084e-07,1.096823632462211e-09,6.913154664591189e-06,0.0001534311656993059,2.98136705889087e-07,0.0007038952820397832,6.755925421231826e-09,2.0209005303262453e-05,5.834881884873864e-08,7.999447171026672e-06,8.619976394465266e-11,1.0210469812011307e-10,1.4493290108964317e-06,1.5105945376830698e-07,3.6148168889775065e-12,1.271245971240075e-10,6.225770048535213e-11
2.147623275419582e-06,0.16628943999999996,0.8585084662769803,0.0,0.0,0.44421240486785724,0.09080869671898109,0.011853324093074233,8.821606546758882e-06,0.0028540590893468736,0.03508433911207167,0.018784559522394453,5.457408550768418e-05,5.999861609107104e-11,0.0021730189002850354,6.06125476169571e-11,0.0004839190148513248,2.939303490513755e-09,1.1429046780645276e-05,1.653178029247276e-09,1.0533625903013503e-10,1.9968939471357377e-05,1.2778169237169284e-05,0.006543480907429514,0.00024020715013694965,0.0004434309856890255,1.2264978583406785e-07,6.408027920697859e-09,3.724875740887809e-08,1.2855884012831094e-07,1.1031019244661406e-09,6.951501938999056e-06,0.00015424097293277567,2.9828668986703755e-07,0.000704305878422541,6.755180935306587e-09,2.0221570574994284e-05,5.837939654930754e-08,7.997289853840026e-06,8.626621521550146e-11,1.0214660379105707e-10,1.450248794087093e-06,1.510260438747755e-07,3.6170705056441114e-12,1.2704807415013786e-10,6.207019753179787e-11
2.148812737775382e-06,0.16628943999999996,0.8585084662769803,0.0,0.0,0.44421314221111624,0.0907989611644943,0.011848981731716663,8.823197480669687e-06,0.002854401216703476,0.035104713267248004,0.018794359749219988,5.4561920874735544e-05,6.009594559623245e-11,0.002172775791935053,6.060196397984807e-11,0.0004839675718584914,2.939118665234645e-09,1.1422139661457866e-05,1.654206711471107e-09,1.0538923555188656e-10,1.9950492628015794e-05,1.2786107472707457e-05,0.006542792298472406,0.00023877435586029674,0.0004435503530564444,1.2195120736031094e-07,6.404963754687832e-09,3.7245164369062995e-08,1.2857431306129005e-07,1.1094237804857022e-09,6.9901080713071955e-06,0.0001550561031519035,2.984365450518157e-07,0.0007047164494364383,6.754436405642222e-09,2.0234133199382086e-05,5.84099512014113e-08,7.995132745222282e-06,8.633264454876157e-11,1.0218846176781573e-10,1.4511683508167047e-06,1.5099263538081263e-07,3.619323561308082e-12,1.269715039935214e-10,6.188334783254798e-11
2.150002200131182e-06,0.16628943999999996,0.8585084662769803,0.0,0.0,0.4442138678467343,0.09078922702004653,0.01184464093797388,8.824779594208507e-06,0.002854740940736832,0.03512508698743879,0.018804152995155084,5.4549758244221096e-05,6.019336664722546e-11,0.002172532727702117,6.059138209666533e-11,0.0004840161178389919,2.938933927188326e-09,1.1415228661809395e-05,1.6552349152240687e-09,1.0544217371083498e-10,1.993207535030875e-05,1.2794044036879888e-05,0.006542103626399733,0.00023734779979027814,0.00044366966851267165,1.2125541178316176e-07,6.401901091216062e-09,3.72415849811842e-08,1.2858967524820167e-07,1.1157894329723652e-09,7.0289743520481505e-06,0.00015587658094454038,2.985862711186424e-07,0.0007051269948366514,6.753691832613838e-09,2.024669317878726e-05,5.844048271913044e-08,7.992975845988596e-06,8.639905180064614e-11,1.0223027194433325e-10,1.4520876810187412e-06,1.5095922831487116e-07,3.6215760558728888e-12,1.2689488709990382e-10,6.16971555502889e-11
2.1511916624869824e-06,0.16628943999999996,0.8585084662769803,0.0,0.0,0.44421458173352596,0.0907794942850702,0.011840301711514997,8.826352919044515e-06,0.002855078270184109,0.03514546026530902,0.01881393923533425,5.45375976306091e-05,6.029087922902127e-11,0.002172289707891392,6.05808019944874e-11,0.0004840646527896584,2.9387492772736136e-09,1.1408313822416396e-05,1.6562626380551274e-09,1.05495073388663e-10,1.991368782076269e-05,1.2801978931186674e-05,0.006541414890559622,0.0002359274984184296,0.00044378893196607986,1.2056241026694722e-07,6.398839930575334e-09,3.723801932045856e-08,1.286049270683803e-07,1.1221991133251059e-09,7.068102063797229e-06,0.00015670243069897843,2.9873586774999344e-07,0.0007055375143781718,6.752947216604387e-09,2.025925051558377e-05,5.847099101724938e-08,7.990819156955297e-06,8.646543682942398e-11,1.0227203421578986e-10,1.453006784628045e-06,1.509258227055567e-07,3.6238279892472255e-12,1.2681822391600319e-10,6.151162481524503e-11
2.153570587198583e-06,0.16628943999999996,0.8585084662769803,0.0,0.0,0.4442159740982677,0.09076003304122685,0.011831627959128647,8.829473330208327e-06,0.0028557457804891306,0.035186205464573725,0.018833490600055385,5.451328251194485e-05,6.048617892361053e-11,0.0021718038027581017,6.055964724138041e-11,0.000484161689588665,2.938380245433153e-09,1.13944727876222e-05,1.65831663123773e-09,1.0560075682706146e-10,1.987700273584552e-05,1.2817843716243102e-05,0.006540037224990425,0.00023310572441514712,0.0004440273025015223,1.1918483343793523e-07,6.392722118956773e-09,3.723092948055375e-08,1.286351011363944e-07,1.1351514776462234e-09,7.147146868885132e-06,0.00015837034260715702,2.990346714732588e-07,0.0007063584749043881,6.751457857214246e-09,2.028435727090899e-05,5.85319376174915e-08,7.986506412761073e-06,8.659813966128028e-11,1.0235541463064808e-10,1.4548443118148965e-06,1.5085901597202212e-07,3.6283301720860784e-12,1.266647604690874e-10,6.114256433866845e-11
2.155711619439023e-06,0.16628943999999996,0.8585084662769803,0.0,0.0,0.444217186642265,0.09074252273632258,0.011823826938785578,8.832251964361977e-06,0.002856338438827221,0.035222874556883235,0.018851062623720174,5.4491405948015245e-05,6.066226152802532e-11,0.00217136664312691,6.054061432594694e-11,0.000484248984953349,2.938048427198895e-09,1.138200313431694e-05,1.6601635561372718e-09,1.0569573912683261e-10,1.9844089727272177e-05,1.2832116327063127e-05,0.006538797101441068,0.00023058767884388405,0.0004442416572295848,1.1795467933424059e-07,6.387221231113321e-09,3.7224596322735224e-08,1.2866188419177863e-07,1.1469614788182386e-09,7.219193979892857e-06,0.00015989007576696425,2.993031491227835e-07,0.0007070972484807587,6.750117290775807e-09,2.0306944337050033e-05,5.85867093070733e-08,7.982625670085097e-06,8.671749482874432e-11,1.0243029214380322e-10,1.4564973107116133e-06,1.5079889518376662e-07,3.6323802165646097e-12,1.2652648955547979e-10,6.081271313135119e-11
2.157852651679463e-06,0.16628943999999996,0.8585084662769803,0.0,0.0,0.4442183605019918,0.09072501698895485,0.011816030991325445,8.835002623997066e-06,0.0028569234765773175,0.035259542100433555,0.018868611572382538,5.446953614367429e-05,6.083864044673508e-11,0.0021709296321767682,6.052158760136928e-11,0.00048433624453077446,2.937716908477782e-09,1.1369521676729405e-05,1.662008885590142e-09,1.05790594902791e-10,1.981127593632321e-05,1.2846383551205401e-05,0.0065375567613464225,0.0002280901425584108,0.0004444558420777764,1.1673374560978345e-07,6.381725216980781e-09,3.721830880283126e-08,1.2868831565375077e-07,1.1589176753012981e-09,7.292107675859165e-06,0.00016142758351713802,2.995712028090349e-07,0.00070783593445975,6.748776591409532e-09,2.032952287862443e-05,5.864140447464311e-08,7.978745621207547e-06,8.683677588779968e-11,1.0250501287489555e-10,1.4581495745010955e-06,1.5073877956732525e-07,3.636428441616642e-12,1.26388075653144e-10,6.048506796783847e-11
2.1599936839199033e-06,0.16628943999999996,0.8585084662769803,0.0,0.0,0.44421949545567385,0.09070751579555099,0.011808240114840936,8.837725500339353e-06,0.002857500946248464,0.035296208051231695,0.01888613730956826,5.444767318315587e-05,6.101531558284123e-11,0.0021704927716923064,6.050256722499797e-11,0.0004844234683014682,2.937385694501005e-09,1.1357028654884395e-05,1.6638526060127335e-09,1.058853234618237e-10,1.977856242223458e-05,1.2860645397698621e-05,0.00653631620107061,0.00022561320159153478,0.000444669856540154,1.1552209244740546e-07,6.376234078252246e-09,3.7212067352638134e-08,1.287143978092975e-07,1.1710213715649114e-09,7.365895105998904e-06,0.0001629829999607762,2.9983883096008035e-07,0.0007085745314102675,6.747435761653123e-09,2.035209290992039e-05,5.8696022651911124e-08,7.974866270931436e-06,8.695598209202493e-11,1.0257957626229747e-10,1.4598011028578423e-06,1.5067866929565625e-07,3.640474846913281e-12,1.2624952140245137e-10,6.015965161342527e-11
2.1621347161603435e-06,0.16628943999999996,0.8585084662769803,0.0,0.0,0.4442205912874581,0.09069001915245681,0.011800454307430755,8.84042078643603e-06,0.002858070900781962,0.03533287236495344,0.018903639701584925,5.442581715065266e-05,6.11922868368219e-11,0.002170056063458895,6.048355335401851e-11,0.00048451065624571273,2.9370547904953037e-09,1.1344524309534313e-05,1.6656947040550115e-09,1.05979924110631e-10,1.9745950241610243e-05,1.2874901875650423e-05,0.0065350754170331316,0.00022315693874969933,0.00044488370012017237,1.1431977844722677e-07,6.370747816614379e-09,3.7205872401373273e-08,1.287401329663986e-07,1.1832738567666627e-09,7.440563309807584e-06,0.0001645564565513635,3.001060320905316e-07,0.0007093130379020071,6.74609480413902e-09,2.0374654445351025e-05,5.875056337993911e-08,7.970987624071776e-06,8.707511272004795e-11,1.0265398176038064e-10,1.4614518954737913e-06,1.506185645436869e-07,3.6445194321892815e-12,1.261108294539157e-10,5.983648640240895e-11
2.1642757484007837e-06,0.16628943999999996,0.8585084662769803,0.0,0.0,0.4442216477876746,0.09067252705593418,0.011792673567199416,8.843088677118657e-06,0.002858633393542,0.03536953499695392,0.018921118617659403,5.4403968130316136e-05,6.136955410656363e-11,0.0021696195092623183,6.046454614545082e-11,0.0004845978083435665,2.9367242016822826e-09,1.1332008882149815e-05,1.667535166612932e-09,1.060743961560648e-10,1.9713440447896077e-05,1.2889152994246193e-05,0.006533834405712213,0.00022072143348595156,0.00044509737233120735,1.131268605574672e-07,6.365266433746327e-09,3.719972437540357e-08,1.287655234536757e-07,1.1956764037260496e-09,7.516119210798081e-06,0.0001661480819609651,3.0037280480383087e-07,0.0007100514525061253,6.744753721597267e-09,2.0397207499452504e-05,5.880502620960763e-08,7.967109685455468e-06,8.719416707632169e-11,1.0272822884022997e-10,1.4631019520590726e-06,1.5055846548839796e-07,3.648562197245181e-12,1.2597200246815174e-10,5.951559421654858e-11
2.166416780641224e-06,0.16628943999999996,0.8585084662769803,0.0,0.0,0.44422266475309424,0.09065503950215853,0.011784897892256988,8.845729368964254e-06,0.002859188478305847,0.03540619590227854,0.01893857393007502,5.438212620625627e-05,6.154711728739506e-11,0.002169183110888421,6.044554575614821e-11,0.0004846849245748837,2.936393933277707e-09,1.131948261490961e-05,1.669373980840844e-09,1.0616873890547649e-10,1.9681034090840943e-05,1.2903398762747872e-05,0.006532593163648176,0.0002183067617737501,0.00044531087269707593,1.1194339400547329e-07,6.359789931318576e-09,3.719362369797071e-08,1.2879057162002024e-07,1.208230267894323e-09,7.592569610232966e-06,0.00016775800194876388,3.0063914779443633e-07,0.0007107897737959183,6.743412516858249e-09,2.0419752086882117e-05,5.8859410702081684e-08,7.963232459921114e-06,8.73131444918729e-11,1.0280231699035321e-10,1.4647512723427716e-06,1.5049837230890686e-07,3.652603141949407e-12,1.258330431158237e-10,5.919699646351536e-11
2.168557812881664e-06,0.16628943999999996,0.8585084662769803,0.0,0.0,0.4442236419871878,0.09063755648721658,0.011777127280718868,8.848343060254653e-06,0.002859736209253606,0.03544285503567417,0.018956005514308115,5.436029146254084e-05,6.172497627212237e-11,0.0021687468701227586,6.042655234279594e-11,0.00048477200491933546,2.9360639904907945e-09,1.1306945750689373e-05,1.6712111341638594e-09,1.0626295166707252e-10,1.9648732215945515e-05,1.291763919049266e-05,0.006531351687446823,0.00021591299598188577,0.00044552420075254874,1.1076943222918668e-07,6.354318310991804e-09,3.718757078891593e-08,1.2881527983420097e-07,1.2209366863251507e-09,7.669921180873566e-06,0.00016938633923020216,3.0090505984992163e-07,0.0007115280003475112,6.742071192855373e-09,2.044228822241617e-05,5.891371642927259e-08,7.959355952318876e-06,8.743204432503003e-11,1.0287624571738837e-10,1.4663998560736927e-06,1.504382851865493e-07,3.656642266240237e-12,1.256939540775842e-10,5.888071405543014e-11
2.1706988451221042e-06,0.16628943999999996,0.8585084662769803,0.0,0.0,0.44422457930038023,0.0906200780071039,0.011769361730705523,8.850929950934047e-06,0.0028602766409575233,0.03547951235160092,0.01897341324916362,5.433846398319449e-05,6.190313095106684e-11,0.0021683107887502163,6.040756606190903e-11,0.00048485904935642837,2.9357343785234357e-09,1.129439853304976e-05,1.673046614290158e-09,1.06357033750279e-10,1.9616535863899193e-05,1.2931874286891626e-05,0.006530109973782831,0.00021354020475079658,0.00044573735604386115,1.0960502680915057e-07,6.348851574415694e-09,3.718156606440248e-08,1.288396504844524e-07,1.233796876646021e-09,7.748180460751427e-06,0.00017103321334699717,3.011705398529843e-07,0.0007122661307405518,6.7407297526276936e-09,2.0464815920947982e-05,5.896794297429905e-08,7.95548016751026e-06,8.755086596212272e-11,1.0295001454680266e-10,1.4680477030211353e-06,1.5037820430495902e-07,3.660679570127869e-12,1.2555473804399996e-10,5.856676738749612e-11
2.1728398773625444e-06,0.16628943999999996,0.8585084662769803,0.0,0.0,0.44422547651030403,0.09060260405772252,0.011761601240342218,8.85349024256478e-06,0.0028608098283708573,0.0355161678042442,0.018990797016909408,5.431664385219773e-05,6.208158121210407e-11,0.0021678748685546355,6.038858706982962e-11,0.0004849460578655251,2.935405102569405e-09,1.1281841206223539e-05,1.6748804092231948e-09,1.0645098446611384e-10,1.958444607000562e-05,1.2946104061428404e-05,0.006528868019403176,0.00021118845287058485,0.0004459503381292239,1.0845022740114912e-07,6.343389723227656e-09,3.7175609936636426e-08,1.2886368597804155e-07,1.2468120360310492e-09,7.827353846971943e-06,0.00017269874053833938,3.0143558678332644e-07,0.0007130041635589126,6.739388199322461e-09,2.0487335197485615e-05,5.902208993194407e-08,7.951605110367904e-06,8.76696088181457e-11,1.0302362302358132e-10,1.4696948129756694e-06,1.5031812985014542e-07,3.664715053696512e-12,1.2541539771546694e-10,5.82551763167471e-11
2.1749809096029846e-06,0.16628943999999996,0.8585084662769803,0.0,0.0,0.4442263334420475,0.09058513463487886,0.011753845807758763,8.85602413828141e-06,0.0028613358268163203,0.03555282134752704,0.019008156703409183,5.4294831153485215e-05,6.226032694070507e-11,0.002167439111318406,6.036961552272373e-11,0.0004850330304258634,2.9350761678135597e-09,1.1269274015101792e-05,1.6767125072738e-09,1.0654480312756665e-10,1.9552463863597556e-05,1.2960328523657701e-05,0.006527625821130523,0.00020885780116104713,0.0004461631465793199,1.0730508166976994e-07,6.337932759051573e-09,3.716970281358878e-08,1.2888738874081434e-07,1.259983340181369e-09,7.907447589575875e-06,0.00017438303361356412,3.017001997194297e-07,0.0007137420973913973,6.7380465361974844e-09,2.0509846067149527e-05,5.9076156909104424e-08,7.947730785775339e-06,8.778827233739619e-11,1.030970707129107e-10,1.471341185749915e-06,1.5025806201057013e-07,3.668748717106254e-12,1.252759358021157e-10,5.7945960141029375e-11
2.1771219418434247e-06,0.16628943999999996,0.8585084662769803,0.0,0.0,0.4442271499283994,0.09056766973428122,0.011746095431089242,8.858531842743049e-06,0.0028618546919740922,0.035589472935122886,0.019025492198253374,5.4273025970944064e-05,6.243936801997939e-11,0.0021670035188220685,6.035065157657758e-11,0.00048511996701657505,2.934747579430985e-09,1.1256697205219173e-05,1.6785428970721243e-09,1.0663848904998586e-10,1.9520590267441546e-05,1.2974547683203768e-05,0.00652638337586664,0.0002065483063540235,0.00044637578097779203,1.061696352230076e-07,6.332480683496522e-09,3.7163845098717046e-08,1.2891076121672359e-07,1.2733119423132976e-09,7.988467785465986e-06,0.0001760862018266014,3.019643778402233e-07,0.0007144799308324513,6.736704766623487e-09,2.0532348545170376e-05,5.9130143525235995e-08,7.943857198626744e-06,8.790685599407726e-11,1.0317035720084795e-10,1.4729868211793227e-06,1.5019800097721996e-07,3.67278056059499e-12,1.251363550237012e-10,5.76391375782292e-11
2.179262974083865e-06,0.16628943999999996,0.8585084662769803,0.0,0.0,0.4442279258100897,0.0905502093515377,0.01173835010847171,8.86101356208398e-06,0.002862366479869408,0.03562612252046873,0.01904280339488793,5.425122838841173e-05,6.261870433071967e-11,0.0021665680928438886,6.033169538719319e-11,0.0004852068676167045,2.9344193425861147e-09,1.1244111022738254e-05,1.6803715675794096e-09,1.0673204155147263e-10,1.948882629713325e-05,1.2988761549758928e-05,0.006525140680595774,0.00020426002097837239,0.0004465882409217331,1.0504393154795152e-07,6.32703349815539e-09,3.715803719068613e-08,1.2893380586733502e-07,1.286798972153587e-09,8.070420372404879e-06,0.00017780835075251257,3.0222812042659833e-07,0.0007152176624828743,6.735362894086373e-09,2.0554842646886404e-05,5.918404941279304e-08,7.939984353826638e-06,8.802535929285631e-11,1.032434820949738e-10,1.4746317191229568e-06,1.5013794694367796e-07,3.676810584480482e-12,1.2499665810948168e-10,5.733472674575008e-11
2.181404006324305e-06,0.16628943999999996,0.8585084662769803,0.0,0.0,0.4442286609360233,0.090532753482154,0.011730609838047933,8.863469503862649e-06,0.0028628712468597366,0.03566277005677845,0.019060090190740616,5.422943848967362e-05,6.279833575144847e-11,0.0021661328351594246,6.031274711018339e-11,0.0004852937322052265,2.9340914624318436e-09,1.1231515714432896e-05,1.6821985080995571e-09,1.0682545995328126e-10,1.945717296048374e-05,1.300297013308198e-05,0.006523897732388027,0.00020199299324788323,0.00044680052602215614,1.0392801194789665e-07,6.321591204603496e-09,3.715227948309281e-08,1.289565251713135e-07,1.3004455349494262e-09,8.153311123114049e-06,0.00017954958216640198,3.0249142686279384e-07,0.0007159552909505338,6.734020922189201e-09,2.0577328387741e-05,5.92378742176551e-08,7.936112256289596e-06,8.814378176939142e-11,1.0331644502503601e-10,1.4762758794642717e-06,1.5007790010619155e-07,3.680838789162082e-12,1.2485684779808796e-10,5.703274514037728e-11
2.1833309353407012e-06,0.16628943999999996,0.8585084662769803,0.0,0.0,0.44422928758508046,0.09051704705483267,0.011723647912759096,8.865657984300965e-06,0.002863319581114033,0.03569575104869367,0.01907562736287006,5.420983421965792e-05,6.296025624695194e-11,0.0021657412485995065,6.029570055441226e-11,0.0004853718795275527,2.9337966795123026e-09,1.1220172338815598e-05,1.6838412668734696e-09,1.0690942130156214e-10,1.942878037547007e-05,1.3015753349027108e-05,0.006522778860390291,0.00019997087986224426,0.00044699143281140866,1.0293208202078757e-07,6.3166973241733805e-09,3.714714078863974e-08,1.2897669643550018e-07,1.3128647351316159e-09,8.228719562349134e-06,0.00018113308692734224,3.0272802932230483e-07,0.0007166190672058282,6.732813065602829e-09,2.0597558418820278e-05,5.928624693479763e-08,7.932628011485917e-06,8.825029253682937e-11,1.0338197289516289e-10,1.4777549930454179e-06,1.5002386426947874e-07,3.684462618353371e-12,1.247309238341648e-10,5.67630526300685e-11
2.1852578643570973e-06,0.16628943999999996,0.8585084662769803,0.0,0.0,0.4442298810082292,0.090501344276183,0.011716690076894722,8.867825907354365e-06,0.002863762315868462,0.03572873030843041,0.01909114462169393,5.419023630233776e-05,6.312241558969448e-11,0.0021653498010828108,6.027866064671711e-11,0.0004854499976480149,2.9335021934141788e-09,1.1208821952370902e-05,1.6854826086891027e-09,1.0699327299267689e-10,1.940047893568513e-05,1.3028532300715646e-05,0.0065216597792046105,0.00019796604948651273,0.0004471821974109533,1.0194413574014479e-07,6.311807408474042e-09,3.714204335025627e-08,1.2899660801998226e-07,1.325414800884486e-09,8.304896415747201e-06,0.00018273219636695553,3.029642777853353e-07,0.0007172827577583217,6.731605134345546e-09,2.061778170159498e-05,5.933455346095215e-08,7.929144379550202e-06,8.83567371937512e-11,1.0344736905553976e-10,1.479233509045663e-06,1.4996983456969244e-07,3.688084974790292e-12,1.2460491225364724e-10,5.649535328796749e-11
2.1871847933734935e-06,0.16628943999999996,0.8585084662769803,0.0,0.0,0.4442304411131994,0.09048564514270785,0.011709736329106626,8.869973427077953e-06,0.002864199492844169,0.035761707801473586,0.01910664190119337,5.417064479867283e-05,6.328481368659897e-11,0.0021649584938963065,6.026162750012332e-11,0.00048552808655120977,2.933208007866195e-09,1.1197464736194518e-05,1.6871225265053883e-09,1.0707701454000328e-10,1.9372269357155538e-05,1.3041306995393151e-05,0.006520540486886683,0.00019597852787918153,0.00044737281956794267,1.009641984388872e-07,6.306921458611759e-09,3.7136987443257466e-08,1.2901626176506037e-07,1.3380964832308744e-09,8.381845525966326e-06,0.0001843469763206538,3.0320017202238534e-07,0.000717946361610676,6.730397131294955e-09,2.0637998247531212e-05,5.9382793567504915e-08,7.925661364084686e-06,8.846311546787152e-11,1.0351263328474465e-10,1.4807114274338021e-06,1.4991581115568392e-07,3.691705858940601e-12,1.2447881507185034e-10,5.622965850231265e-11
2.1891117223898896e-06,0.16628943999999996,0.8585084662769803,0.0,0.0,0.4442309678136311,0.09046994965083782,0.011702786668048306,8.87210069832453e-06,0.002864631153945963,0.03579468349319704,0.01912211913825848,5.415105976958085e-05,6.344745044322492e-11,0.002164567328324053,6.02446012275165e-11,0.0004856061462217295,2.9329141265871185e-09,1.1186100871736085e-05,1.6887610135333998e-09,1.0716064546001874e-10,1.9344152349227414e-05,1.3054077440344457e-05,0.006519420981556726,0.00019400833770900642,0.0004475632990397631,9.999229387021972e-08,6.3020394756777295e-09,3.7131973338958696e-08,1.290356595208598e-07,1.3509105147619177e-09,8.45957061337959e-06,0.00018597748984633966,3.034357118742749e-07,0.0007186098777719652,6.729189059409903e-09,2.065820806815743e-05,5.943096703565881e-08,7.922178968697312e-06,8.856942710826645e-11,1.0357776537739193e-10,1.48218874819655e-06,1.4986179417820407e-07,3.695325271329746e-12,1.2435263430982835e-10,5.596597920655099e-11
2.1910386514062857e-06,0.16628943999999996,0.8585084662769803,0.0,0.0,0.4442314610291926,0.09045425779693042,0.011695841092374724,8.874207876710118e-06,0.0028650573412536563,0.035827657348872194,0.01913757627275337,5.4131481275935155e-05,6.361032576380063e-11,0.002164176305646907,6.022758194163784e-11,0.00048568417664417087,2.9326205532851465e-09,1.1174730540786681e-05,1.6903980632423812e-09,1.0724416527255088e-10,1.931612861418577e-05,1.3066843642892763e-05,0.00651830126140137,0.00019205549849946792,0.00044775363559428554,9.902844417538893e-08,6.297161460747137e-09,3.712700130451849e-08,1.2905480314697344e-07,1.3638576091004378e-09,8.538075272951648e-06,0.00018762379716200203,3.036708972526751e-07,0.0007192733052580893,6.727980921731472e-09,2.0678411175062562e-05,5.9479073656658374e-08,7.918697197001465e-06,8.867567188559432e-11,1.036427651444481e-10,1.4836654713389844e-06,1.4980778378993384e-07,3.698943212542185e-12,1.2422637199425634e-10,5.570432586871626e-11
2.192772887521042e-06,0.16628943999999996,0.8585084662769803,0.0,0.0,0.44423187623218663,0.09044013823580138,0.011689593566161836,8.876087287064628e-06,0.0028654362646495903,0.03585733222037989,0.019151470458844667,5.411386626973474e-05,6.375711744429386e-11,0.0021638245084686157,6.021227065106001e-11,0.00048575437900454083,2.932356603689624e-09,1.1164491864597492e-05,1.6918701738876455e-09,1.0731923771296874e-10,1.929098757541154e-05,1.3078329604014274e-05,0.006517293328142046,0.00019031279184237925,0.0004479248161158339,9.816788334393277e-08,6.292774640827547e-09,3.712256266059038e-08,1.2907181667388565e-07,1.3756243368254933e-09,8.609398868585906e-06,0.0001891190248710151,3.0388226100274067e-07,0.0007198703133708016,6.726893544147679e-09,2.0696588240671356e-05,5.952231229696141e-08,7.915564138722105e-06,8.877123484523879e-11,1.0370115165360732e-10,1.4849940112211465e-06,1.4975918020203343e-07,3.702198102308313e-12,1.2411266786143783e-10,5.547057832753197e-11
2.1945071236357986e-06,0.16628943999999996,0.8585084662769803,0.0,0.0,0.44423226420249995,0.09042602161565087,0.011683349347043319,8.877950663285962e-06,0.002865810819395806,0.03588700555103962,0.019165348276079998,5.409625665082419e-05,6.390410221133553e-11,0.0021634728289986723,6.019696519290596e-11,0.00048582455765029605,2.932092909237267e-09,1.1154248231046509e-05,1.6933411108429178e-09,1.073942194254991e-10,1.9265923151724876e-05,1.3089812140141488e-05,0.006516285218235937,0.0001885841623832148,0.0004480958805410212,9.731387737295105e-08,6.288391036607322e-09,3.7118158494754836e-08,1.2908862723760745e-07,1.3874999001471904e-09,8.681359163590726e-06,0.00019062713175503192,3.040933376512705e-07,0.0007204672481584212,6.7258061181355374e-09,2.0714759886130902e-05,5.956549649266895e-08,7.912431591205211e-06,8.886674334114456e-11,1.0375943072528021e-10,1.4863220670806576e-06,1.4971058219073065e-07,3.705451801453432e-12,1.239989008014129e-10,5.523848686138705e-11
2.196241359750555e-06,0.16628943999999996,0.8585084662769803,0.0,0.0,0.444232624894532,0.09041190793366742,0.01167710843404095,8.879798120260849e-06,0.0028661810364962255,0.03591667731535723,0.019179209687041083,5.407865246347769e-05,6.405127999247619e-11,0.0021631212681630096,6.018166564904364e-11,0.0004858947125702489,2.931829472606934e-09,1.1143999773315064e-05,1.694810869906219e-09,1.0746911006806805e-10,1.924093583888959e-05,1.3101291256688122e-05,0.006515276930506278,0.00018686961761739648,0.00044826682872329274,9.646643893608983e-08,6.284010648833385e-09,3.711378899254086e-08,1.2910523621196007e-07,1.3994847778760122e-09,8.7539585064753e-06,0.00019214815558055498,3.043041272819836e-07,0.0007210641089193475,6.72471864608524e-09,2.0732926120008435e-05,5.960862611328095e-08,7.909299557095192e-06,8.896219725150167e-11,1.0381760225683395e-10,1.4876496389610923e-06,1.4966198987144737e-07,3.708704310529069e-12,1.2388507230279504e-10,5.50080580952385e-11
2.1979755958653115e-06,0.16628943999999996,0.8585084662769803,0.0,0.0,0.44423295826690307,0.09039779718698919,0.011670870826176983,8.88162977328622e-06,0.002866546947046885,0.03594634748779393,0.01919305465640827,5.4061053751933436e-05,6.41986507144777e-11,0.0021627698268847266,6.016637210123284e-11,0.0004859648437532345,2.93156629646899e-09,1.1133746624774106e-05,1.6962794470587334e-09,1.0754390930143462e-10,1.921602612707655e-05,1.3112766959090307e-05,0.006514268463824335,0.0001851691628543107,0.0004484376605235138,9.562557957736534e-08,6.279633478239821e-09,3.7109454336382324e-08,1.2912164497602888e-07,1.411579435140295e-09,8.827199156324399e-06,0.00019368213210940464,3.0451463002559064e-07,0.0007216608949574696,6.723631130442353e-09,2.075108695090645e-05,5.965170103538725e-08,7.906168039039325e-06,8.905759646898157e-11,1.0387566615708779e-10,1.4889767269191387e-06,1.4961340336093512e-07,3.711955630127417e-12,1.237711838575548e-10,5.477929832459056e-11
2.199709831980068e-06,0.16628943999999996,0.8585084662769803,0.0,0.0,0.4442332642825082,0.09038368937270351,0.01166463652247405,8.883445738046843e-06,0.002866908582230337,0.03597601604277169,0.019206883150991654,5.4043460560391986e-05,6.434621430333468e-11,0.002162418506083906,6.01510846311219e-11,0.00048603495118811405,2.9313033834849216e-09,1.1123488918975333e-05,1.6977468384677526e-09,1.0761861678934218e-10,1.9191194500635402e-05,1.3124239252805678e-05,0.0065132598171103884,0.00018348280119227285,0.00044860837581007547,9.479130969621616e-08,6.275259525547426e-09,3.7105154705536666e-08,1.291378549139262e-07,1.4237843231184379e-09,8.901083281266232e-06,0.00019522909506878644,3.047248460594695e-07,0.0007222576055823969,6.722543573707952e-09,2.0769242387461828e-05,5.969472114277115e-08,7.903037039687598e-06,8.9152940900675e-11,1.0393362234646865e-10,1.4903033310248393e-06,1.4956482277728759e-07,3.715205760881419e-12,1.236572369609293e-10,5.455221351047441e-11
2.2014440680948245e-06,0.16628943999999996,0.8585084662769803,0.0,0.0,0.4442335429085688,0.09036958448784628,0.011658405521955014,8.885246130592416e-06,0.002867265973309906,0.0360056829546789,0.019220695139759898,5.402587293301412e-05,6.449397068429584e-11,0.002162067306677434,6.013580332024363e-11,0.0004861050348637783,2.9310407363069535e-09,1.1113226789641908e-05,1.6992130404894035e-09,1.0769323219867093e-10,1.916644143786578e-05,1.313570814331288e-05,0.006512250989334695,0.0001818105334960289,0.0004487789744590194,9.396363853340746e-08,6.270888791463069e-09,3.7100890276002424e-08,1.291538674145484e-07,1.4360998787783954e-09,8.97561295701867e-06,0.00019678907612365946,3.049347756079663e-07,0.0007228542401096874,6.721455978438989e-09,2.0787392438344526e-05,5.973768632651315e-08,7.899906561692494e-06,8.92482304682134e-11,1.0399147075713696e-10,1.4916294513618252e-06,1.4951624823994956e-07,3.718454703465725e-12,1.23543233111323e-10,5.4326809274557124e-11
2.203178304209581e-06,0.16628943999999996,0.8585084662769803,0.0,0.0,0.4442337941166793,0.09035548252940187,0.01165217782364288,8.887031067314406e-06,0.0028676191516238863,0.03603534819787585,0.01923449059386768,5.400829091391889e-05,6.46419197818863e-11,0.0021617162295788114,6.012052825001141e-11,0.0004861750947691506,2.9307783575776456e-09,1.1102960370658949e-05,1.7006780496712645e-09,1.0776775519959013e-10,1.9141767410789163e-05,1.314717363611091e-05,0.006511241979518425,0.00018015235837563417,0.00044894945635413073,9.314257415798768e-08,6.266521276679077e-09,3.70966612204431e-08,1.291696838713283e-07,1.4485265246334803e-09,9.050790165514738e-06,0.000198362104850345,3.051444189422464e-07,0.0007234507978610688,6.720368347248261e-09,2.0805537112256433e-05,5.978059648508296e-08,7.896776607708802e-06,8.934346510777641e-11,1.0404921133311985e-10,1.492955088027543e-06,1.494676798697261e-07,3.721702458596855e-12,1.2342917381021324e-10,5.41030908944946e-11
2.2049125403243374e-06,0.16628943999999996,0.8585084662769803,0.0,0.0,0.44423401788285416,0.09034138349430239,0.011645953426560636,8.888800664922912e-06,0.002867968148579747,0.03606501174670035,0.019248269486682568,5.3990714547181525e-05,6.479006151992907e-11,0.0021613652756979724,6.01052595017152e-11,0.00048624513089319066,2.930516249929507e-09,1.109268979606399e-05,1.7021418627549468e-09,1.0784218546570987e-10,1.9117172884921284e-05,1.315863573671811e-05,0.0065102327867345685,0.00017850827216589469,0.00044911982138701493,9.232812345478319e-08,6.262156981872786e-09,3.7092467708114335e-08,1.291853056819858e-07,1.4610646685059191e-09,9.126616793562409e-06,0.00019994820871066754,3.0535377637960174e-07,0.0007240472781646623,6.7192806828042135e-09,2.0823676417930528e-05,5.982345152442512e-08,7.893647180393408e-06,8.943864476992208e-11,1.0410684403045002e-10,1.4942802411334823e-06,1.4941911778879046e-07,3.724949027032834e-12,1.233150605620541e-10,5.38810632996191e-11
2.206646776439094e-06,0.16628943999999996,0.8585084662769803,0.0,0.0,0.4442342141875696,0.09032728737942763,0.011639732329731178,8.890555040423075e-06,0.002868312995648218,0.036094673575473336,0.01926203179380954,5.397314387683112e-05,6.493839582156792e-11,0.0021610144459410984,6.00899971565173e-11,0.0004863151432248962,2.9302544159845888e-09,1.1082415200037029e-05,1.7036044766784495e-09,1.0791652267423287e-10,1.9092658319045523e-05,1.3170094450671667e-05,0.00650922341010883,0.000176878268908341,0.00044929006945722597,9.152029211224385e-08,6.257795907705952e-09,3.708830990478278e-08,1.292007342482771e-07,1.473714703286187e-09,9.203094631548384e-06,0.00020154741302846432,3.055628482837828e-07,0.000724643680355197,6.718192987831477e-09,2.084181036412955e-05,5.986625135805388e-08,7.890518282405094e-06,8.953376941968677e-11,1.0416436881725644e-10,1.4956049108053947e-06,1.4937056212069073e-07,3.728194409574662e-12,1.2320089487415794e-10,5.3660731066768236e-11
2.2083810125538503e-06,0.16628943999999996,0.8585084662769803,0.0,0.0,0.4442343830157995,0.09031319418160459,0.011633514532177138,8.892294311091124e-06,0.002868653724357293,0.03612433365850459,0.01927577749311286,5.395557894684844e-05,6.508692260928984e-11,0.0021606637412104252,6.007474129544777e-11,0.0004863851317533062,2.9299928583540823e-09,1.107213671689021e-05,1.7050658885782954e-09,1.079907665061057e-10,1.9068224164987595e-05,1.3181549783527124e-05,0.006508213848820454,0.00017526234033586222,0.00044946020047232667,9.071908461237809e-08,6.253438054823994e-09,3.7084187972659686e-08,1.2921597097573458e-07,1.4864770067279443e-09,9.280225372311223e-06,0.00020315974096848862,3.057716350649049e-07,0.00072524000377422,6.717105265110505e-09,2.0859938959644623e-05,5.99089959071247e-08,7.88738991640431e-06,8.962883903665748e-11,1.0422178567387011e-10,1.496929097183499e-06,1.4932201299035331e-07,3.731438607066229e-12,1.2308667825659548e-10,5.344209841613701e-11
2.2099418250571313e-06,0.16628943999999996,0.8585084662769803,0.0,0.0,0.44423451146004395,0.0903005127949779,0.011627921334450914,8.893846837189064e-06,0.0028689568850974296,0.03615102621938603,0.019288134406338208,5.3939775454187665e-05,6.522076122926519e-11,0.002160348214592591,6.006101663127629e-11,0.0004864481010680323,2.9297576948845303e-09,1.1062882869677758e-05,1.706380129352828e-09,1.0805750585719367e-10,1.9046302546089805e-05,1.3191856696863617e-05,0.006507305085139777,0.00017382002977223826,0.0004496132182338967,9.000366397307244e-08,6.249518741948791e-09,3.708050903478525e-08,1.2922952117275018e-07,1.4980593693940786e-09,9.350202590552617e-06,0.00020462207420172902,3.059592997630872e-07,0.0007257766269631432,6.716126293279569e-09,2.0876250128061633e-05,5.994741867403338e-08,7.884574844052965e-06,8.971435463346185e-11,1.0427336855816823e-10,1.4981204518352978e-06,1.492783244672017e-07,3.7343573723221784e-12,1.2298384100613151e-10,5.3246785371602996e-11
2.2115026375604123e-06,0.16628943999999996,0.8585084662769803,0.0,0.0,0.4442346176352845,0.09028783376616219,0.011622330807632733,8.895387309393264e-06,0.0028692567585977317,0.03617771732667082,0.019300477838229763,5.392397667879686e-05,6.535475564228457e-11,0.0021600327906252286,6.004729734364764e-11,0.0004865110510853156,2.929522759223023e-09,1.1053626080867528e-05,1.7076933925274296e-09,1.0812416909090978e-10,1.902444674004586e-05,1.3202160880098252e-05,0.006506396170740283,0.0001723891018195793,0.00044976614105653005,8.929361284150724e-08,6.245602039270226e-09,3.707685939415829e-08,1.292429181510475e-07,1.5097332168940346e-09,9.420711045843591e-06,0.00020609506837374018,3.0614673424317875e-07,0.0007263131853494941,6.715147303374819e-09,2.08925569760148e-05,5.99857965562502e-08,7.881760206708984e-06,8.979982565382678e-11,1.043248640160857e-10,1.499311415267588e-06,1.4923464143496597e-07,3.737275179080809e-12,1.2288096483242076e-10,5.30528546834946e-11
2.2130634500636933e-06,0.16628943999999996,0.8585084662769803,0.0,0.0,0.44423470154003764,0.09027515709273391,0.01161674295100912,8.89691581366466e-06,0.0028695533679368775,0.03620440696163022,0.019312807777421784,5.390818265262771e-05,6.548890579056882e-11,0.0021597174699571186,6.003358349133956e-11,0.0004865739817972569,2.9292880532489327e-09,1.104436644860516e-05,1.7090056764347127e-09,1.0819075598304114e-10,1.9002657060892158e-05,1.3212462337315711e-05,0.006505487105137987,0.00017096954560373858,0.0004499189688897598,8.858893194328825e-08,6.2416879472228515e-09,3.707323916138275e-08,1.2925616294205353e-07,1.52149879238968e-09,9.491751765452606e-06,0.00020757873581146968,3.063339388983405e-07,0.00072684967846823,6.714168297538471e-09,2.090885950996771e-05,6.002412951243615e-08,7.878946006314386e-06,8.988525211253911e-11,1.0437627205897845e-10,1.5005019876134394e-06,1.491909639875903e-07,3.740192028046909e-12,1.2277805084156478e-10,5.2860308674575815e-11
2.2146242625669743e-06,0.16628943999999996,0.8585084662769803,0.0,0.0,0.4442347631758418,0.09026248277223438,0.011611157763866113,8.898432436081188e-06,0.0028698467362158705,0.03623109510554227,0.019325124214075205,5.3892393407593914e-05,6.562321161596621e-11,0.0021594022532339784,6.001987513303103e-11,0.00048663689319598796,2.929053578833492e-09,1.1035104071095891e-05,1.7103169795419582e-09,1.0825726631220413e-10,1.8980933817547683e-05,1.3222761072610634e-05,0.006504577887885903,0.00016956134870813568,0.0004500717016885221,8.788962119267696e-08,6.2377764662291364e-09,3.7069648444574805e-08,1.2926925657900723e-07,1.5333563286592858e-09,9.563325710239717e-06,0.00020907308738258128,3.0652091415075334e-07,0.0007273861058592726,6.713189277948606e-09,2.0925157736399894e-05,6.006241750641384e-08,7.876132244811668e-06,8.997063403358899e-11,1.0442759270640634e-10,1.5016921690158925e-06,1.4914729221992533e-07,3.74310791995336e-12,1.2267510014117846e-10,5.2669149426043094e-11
2.2161850750702553e-06,0.16628943999999996,0.8585084662769803,0.0,0.0,0.4442348025472692,0.09024981080216983,0.011605575245489226,8.899937262823118e-06,0.002870136886554376,0.036257781739695294,0.019337427139885874,5.387660897556948e-05,6.575767305996623e-11,0.002159087141098348,6.000617232729926e-11,0.00048669978527367133,2.928819337839545e-09,1.102583904659787e-05,1.711627300451975e-09,1.083236998599316e-10,1.8959277313685124e-05,1.3233057090086815e-05,0.006503668518574444,0.0001681644971694494,0.00045022433941319855,8.719567968900829e-08,6.233867596699414e-09,3.7066087349327664e-08,1.2928220009679878e-07,1.5453060480010693e-09,9.6354337741655e-06,0.00021057813248747393,3.0670766045080486e-07,0.0007279224670676199,6.712210246819155e-09,2.0941451661806512e-05,6.010066050719739e-08,7.873318924143703e-06,9.005597144983786e-11,1.0447882598616277e-10,1.5028819596280626e-06,1.4910362622772703e-07,3.746022855561296e-12,1.225721138403043e-10,5.2479378776819297e-11
2.2177458875735363e-06,0.16628943999999996,0.8585084662769803,0.0,0.0,0.44423481966193346,0.09023714118001122,0.011599995395163341,8.901430380158281e-06,0.002870423842087016,0.03628446684539123,0.019349716548090857,5.38608293883872e-05,6.589229006371389e-11,0.00215877213418948,5.999247513261656e-11,0.0004867626580225007,2.9285853321212912e-09,1.1016571473415215e-05,1.7129366379037732e-09,1.083900564107589e-10,1.8937687847604706e-05,1.324335039385785e-05,0.006502758996831787,0.000166778975475349,0.00045037688202966854,8.650710571316028e-08,6.229961339031e-09,3.7062555978670694e-08,1.292949945318101e-07,1.5573481621380285e-09,9.708076783869077e-06,0.0002120938790532243,3.068941782785882e-07,0.0007284587616434488,6.711231206400134e-09,2.0957741292696578e-05,6.013885848902924e-08,7.870506046253549e-06,9.014126440365882e-11,1.0452997193426795e-10,1.504071359613235e-06,1.4905996610765394e-07,3.748936835661846e-12,1.2246909304933445e-10,5.22909983208097e-11
2.2193067000768172e-06,0.16628943999999996,0.8585084662769803,0.0,0.0,0.4442348145304965,0.09022447390319446,0.01159441821217267,8.902911874427186e-06,0.00287070762595965,0.036311150403948965,0.01936199243347333,5.384505467783684e-05,6.60270625680239e-11,0.0021584572331432195,5.997878360734711e-11,0.00048682551143470093,2.928351563524062e-09,1.1007301449890882e-05,1.7142449907731165e-09,1.0845633575230888e-10,1.89161657121099e-05,1.3253640988046005e-05,0.006501849322324189,0.00016540476656363596,0.00045052932950925573,8.582389672708993e-08,6.226057693607972e-09,3.705905443305721e-08,1.293076409217444e-07,1.569482872174712e-09,9.781255498408422e-06,0.00021362033352876467,3.0708046814215407e-07,0.0007289949891422142,6.710252158976234e-09,2.097402663559291e-05,6.017701143137401e-08,7.867693613084306e-06,9.022651294644986e-11,1.0458103059502917e-10,1.505260369144954e-06,1.490163119572627e-07,3.751849861073583e-12,1.223660388799524e-10,5.210400940617958e-11
2.2208675125800982e-06,0.16628943999999996,0.8585084662769803,0.0,0.0,0.44423478716667175,0.09021180896912019,0.011588843695800656,8.904381832028176e-06,0.0028709882613256565,0.0363378323967077,0.019374254792366857,5.3829284875663406e-05,6.616199051339496e-11,0.002158142438591895,5.996509780974356e-11,0.0004868883455025277,2.9281180338840726e-09,1.0998029074399562e-05,1.7155523580730146e-09,1.085225376753761e-10,1.889471119438435e-05,1.3263928876781153e-05,0.006500939494756313,0.00016404185182197493,0.00045068168182876953,8.514604937237162e-08,6.222156660801319e-09,3.705558281033535e-08,1.2932014030546015e-07,1.5817103685260364e-09,9.854970608932193e-06,0.00021515750088072378,3.0726653057623687e-07,0.0007295311491247474,6.709273106866812e-09,2.0990307697032103e-05,6.021511931893598e-08,7.864881626578958e-06,9.031171713803885e-11,1.0463200202104654e-10,1.5064489884071085e-06,1.4897266387500435e-07,3.754761932642684e-12,1.2226295244503072e-10,5.1918413136133884e-11
2.222428325083379e-06,0.16628943999999996,0.8585084662769803,0.0,0.0,0.4442347375872277,0.09019914637515399,0.011583271845329902,8.90584033940253e-06,0.0028712657713422006,0.036364512805030336,0.019386503622659132,5.3813520013565426e-05,6.629707384002407e-11,0.0021578277511642044,5.995141779794377e-11,0.0004869511602182675,2.927884745028137e-09,1.0988754445340421e-05,1.7168587389541844e-09,1.0858866197401084e-10,1.887332457586929e-05,1.3274214064201288e-05,0.006500029513871536,0.00016269021108821557,0.00045083393897062796,8.447355946683138e-08,6.218258240968458e-09,3.705214120569496e-08,1.293324937228135e-07,1.59403083081093e-09,9.929222738288487e-06,0.00021670538458990645,3.074523661439804e-07,0.0007300672411573523,6.708294052427348e-09,2.1006584483562808e-05,6.025318214170949e-08,7.862070088680194e-06,9.039687704719345e-11,1.0468288627314668e-10,1.5076372175940166e-06,1.4892902196021939e-07,3.757673051247082e-12,1.2215983485851046e-10,5.173421036772588e-11
2.22398913758666e-06,0.16628943999999996,0.8585084662769803,0.0,0.0,0.44423466581198756,0.09018648611862631,0.011577702660042115,8.907287483019535e-06,0.0028715401791665003,0.03639119161030678,0.019398738923794078,5.379776012319307e-05,6.643231248782087e-11,0.0021575131714850954,5.993774362996726e-11,0.00048701395557423704,2.927651698773473e-09,1.0979477661129755e-05,1.7181641327053564e-09,1.0865470844560153e-10,1.88520061321438e-05,1.3284496554453128e-05,0.006499119379452213,0.00016134982265229901,0.0004509861009227058,8.380642200576468e-08,6.214362434451634e-09,3.704872971166792e-08,1.2934470221448584e-07,1.6064444278486196e-09,1.000401244096971e-05,0.0002182639866490245,3.07637975437283e-07,0.0007306032648118922,6.707314998046717e-09,2.1022857001744018e-05,6.029119989495152e-08,7.859259001330259e-06,9.048199275247422e-11,1.0473368342045464e-10,1.5088250569105008e-06,1.4888538631313124e-07,3.760583217792661e-12,1.2205668723539864e-10,5.155140170671347e-11
2.225393868839613e-06,0.16628943999999996,0.8585084662769803,0.0,0.0,0.4442345822557093,0.09017509388402688,0.011572692671420077,8.908580267739874e-06,0.0028717845129705194,0.03641520114909423,0.019409739128180704,5.378358049880178e-05,6.655416002055156e-11,0.002157230142412351,5.992544192311242e-11,0.0004870704548356793,2.927442166062373e-09,1.0971126794034482e-05,1.719338142608719e-09,1.0871408356320584e-10,1.8832878045186016e-05,1.3293748493031718e-05,0.006498300127054495,0.00016015307458693665,0.00045112296528667013,8.321056983444031e-08,6.210858443243901e-09,3.704568518595978e-08,1.2935556680617824e-07,1.6176964262189685e-09,1.0071783201702063e-05,0.00021967589313899867,3.0780483084353675e-07,0.0007310856272884274,6.706433851154813e-09,2.1037498624100216e-05,6.03253773387132e-08,7.856729409539317e-06,9.05585591632097e-11,1.0477932644229997e-10,1.5098937791339285e-06,1.4884611967317355e-07,3.763201554441152e-12,1.2196382961562495e-10,5.13880661780755e-11
2.226798600092566e-06,0.16628943999999996,0.8585084662769803,0.0,0.0,0.4442344807581112,0.09016370353856676,0.011567684840488559,8.909863980912123e-06,0.0028720263696271385,0.036439209360842745,0.019420728376546962,5.3769404950105213e-05,6.667613327035287e-11,0.0021569472015691236,5.991314503877399e-11,0.00048712693840394743,2.9272328326329817e-09,1.0962774332745362e-05,1.7205113521486737e-09,1.087733953367222e-10,1.8813805590584747e-05,1.3302998253298336e-05,0.006497480750045968,0.0001589654040483228,0.00045125975254048503,8.26190436198351e-08,6.207356569318083e-09,3.704266518630761e-08,1.2936631561101452e-07,1.6290240994767773e-09,1.0139990098079451e-05,0.0002210964812574762,3.0797150393293275e-07,0.0007315679337324085,6.705552708061224e-09,2.1052136799214095e-05,6.035951828052578e-08,7.85420018568053e-06,9.063508990671884e-11,1.0482489903403151e-10,1.5109621859010313e-06,1.488068582662324e-07,3.765819121376741e-12,1.2187094938419382e-10,5.1225860264481826e-11
2.2282033313455187e-06,0.16628943999999996,0.8585084662769803,0.0,0.0,0.4442343613399731,0.0901523150802276,0.01156267916672174,8.91113868557081e-06,0.00287226576600312,0.03646321623205487,0.0194317066717196,5.375523350006827e-05,6.679823219287946e-11,0.00215666434940277,5.990085301898818e-11,0.00048718340627349914,2.9270236997891e-09,1.0954420349013056e-05,1.7216837610938006e-09,1.0883264362570155e-10,1.8794788956597254e-05,1.3312245838288732e-05,0.006496661248349817,0.00015778679201119774,0.00045139646268676316,8.203183800887607e-08,6.2038568128934895e-09,3.703966977456375e-08,1.2937694938868694e-07,1.6404275480976895e-09,1.0208633391784032e-05,0.00022252574936640262,3.0813799518975733e-07,0.0007320501838436063,6.7046715705764915e-09,2.1066771531889417e-05,6.039362272787005e-08,7.85167133116815e-06,9.071158505719851e-11,1.0487040126321227e-10,1.5120302773832063e-06,1.4876760216717477e-07,3.768435919317873e-12,1.2177804735570336e-10,5.106478389415627e-11
2.2294675894731764e-06,0.16628943999999996,0.8585084662769803,0.0,0.0,0.44423423856036476,0.09014206707952421,0.011558175904272215,8.912278269567398e-06,0.002872479133134466,0.03648482125885235,0.019441577775551652,5.3742482718340155e-05,6.690822863655901e-11,0.002156409858639312,5.988979439504662e-11,0.0004872342139291267,2.9268356528022493e-09,1.0946900521260664e-05,1.7227382445176062e-09,1.0888591269234622e-10,1.8777721864900076e-05,1.3320566807430875e-05,0.0064959235901728965,0.00015673376966375823,0.0004515194358965487,8.150704221826621e-08,6.200708842748092e-09,3.703699497633062e-08,1.2938642206835023e-07,1.6507555170544428e-09,1.0270785655780183e-05,0.00022381950991733247,3.082876822676415e-07,0.0007324841605341154,6.7038785531494655e-09,2.107993985198745e-05,6.042428553667495e-08,7.84939567906647e-06,9.078040032622452e-11,1.0491129316967405e-10,1.512991290295887e-06,1.48732276278591e-07,3.7707903805836535e-12,1.2169441756719568e-10,5.092078073054718e-11
2.230731847600834e-06,0.16628943999999996,0.8585084662769803,0.0,0.0,0.44423410130150826,0.09013182060423207,0.011553674388315118,8.913410653630266e-06,0.0028726905333743414,0.0365064251791015,0.01945144001390585,5.3729735291787594e-05,6.701832680656563e-11,0.0021561554403864854,5.987873977589271e-11,0.0004872850088603024,2.926647770280792e-09,1.0939379570732938e-05,1.7237920793044427e-09,1.0893913012569192e-10,1.8760700268421375e-05,1.3328886019279268e-05,0.006495185830938702,0.00015568805320009417,0.0004516423466612815,8.09857366884663e-08,6.1975625880938136e-09,3.703434018550588e-08,1.2939580274537602e-07,1.6611450027689762e-09,1.0333291704333171e-05,0.00022512029657951066,3.0843722284298906e-07,0.0007329180911415809,6.7030855430993166e-09,2.1093105391116278e-05,6.045491880413053e-08,7.847120328310212e-06,9.084918689095051e-11,1.0495212819838346e-10,1.5139520481072036e-06,1.4869695480584845e-07,3.773144220111437e-12,1.2161077137767326e-10,5.0777692026953044e-11
2.2319961057284917e-06,0.16628943999999996,0.8585084662769803,0.0,0.0,0.44423394958267104,0.09012157565283294,0.01154917461846544,8.914535883655279e-06,0.002872899978995042,0.03652802798302017,0.019461293390954516,5.371699123707385e-05,6.712852667027082e-11,0.0021559010949645956,5.986768919198656e-11,0.0004873357910630203,2.9264600531605635e-09,1.0931857549710654e-05,1.724845265473608e-09,1.0899229582839766e-10,1.8743724295697115e-05,1.333720347605422e-05,0.006494447970645567,0.00015464962667602428,0.00045176519499035386,8.046791640566542e-08,6.1944180490692365e-09,3.703170544343925e-08,1.2940509197363346e-07,1.6715960635853113e-09,1.0396151634641731e-05,0.00022642810613923868,3.0858661730245063e-07,0.0007333519754552057,6.702292541789477e-09,2.1106268152789396e-05,6.048552254284497e-08,7.844845279928607e-06,9.091794481645922e-11,1.049929064097542e-10,1.51491255095679e-06,1.4866163780467367e-07,3.7754974384633766e-12,1.2152710938178997e-10,5.0635517393977734e-11
2.2332603638561493e-06,0.16628943999999996,0.8585084662769803,0.0,0.0,0.4442337834244113,0.09011133222379383,0.011544676594337578,8.915654005509615e-06,0.0028731074822586937,0.036549629660846725,0.019471137911533078,5.3704250570835964e-05,6.723882819496178e-11,0.002155646822692035,5.985664267372718e-11,0.00048738656053328393,2.9262725023726067e-09,1.0924334510460682e-05,1.7258978031035247e-09,1.0904540970477031e-10,1.8726794072437714e-05,1.334551917997795e-05,0.006493710009309052,0.00015361847349885146,0.0004518879808955228,7.995357600734677e-08,6.191275225806011e-09,3.702909079028864e-08,1.294142903068848e-07,1.682108753135472e-09,1.0459365514422268e-05,0.00022774293474859888,3.087358660430421e-07,0.0007337858132667886,6.701499550596873e-09,2.1119428140523497e-05,6.051609676767642e-08,7.842570534950224e-06,9.098667417120613e-11,1.0503362786768694e-10,1.5158727989889474e-06,1.486263253311476e-07,3.777850036214088e-12,1.2144343217437966e-10,5.049425633659535e-11
2.234524621983807e-06,0.16628943999999996,0.8585084662769803,0.0,0.0,0.44423360284857083,0.09010109031556715,0.011540180315545328,8.916765065026579e-06,0.002873313055415952,0.036571230202841074,0.01948097358113773,5.369151330968408e-05,6.734923134784617e-11,0.0021553926238852363,5.984560025145118e-11,0.00048743731726710583,2.926085118843091e-09,1.0916810505233114e-05,1.7269496923315709e-09,1.0909847166078974e-10,1.8709909721492578e-05,1.3353833133274542e-05,0.006492971946961981,0.00015259457643107633,0.00045201070439089195,7.944270978387949e-08,6.1881341184287075e-09,3.702649626501735e-08,1.2942339829872512e-07,1.6926831203462868e-09,1.052293338198104e-05,0.0002290647779276355,3.088849694718993e-07,0.0007342196043707439,6.700706570911625e-09,2.113258535783813e-05,6.05466414957251e-08,7.840296094402861e-06,9.105537502700161e-11,1.0507429263955672e-10,1.5168327923526526e-06,1.4859101744170115e-07,3.780202013950346e-12,1.213597403504245e-10,5.03539082539994e-11
2.2357888801114646e-06,0.16628943999999996,0.8585084662769803,0.0,0.0,0.44423340787827,0.09009084992659099,0.011535685781701846,8.917869108000463e-06,0.0028735167107047104,0.03659282959928589,0.019490800405922794,5.3678779470200635e-05,6.745973609605729e-11,0.0021551384988586428,5.983456195543142e-11,0.00048748806126050655,2.925897903493218e-09,1.0909285586258413e-05,1.7280009333538847e-09,1.0915148160413364e-10,1.869307136281549e-05,1.3362145338169824e-05,0.006492233783654442,0.00015157791759445435,0.00045213336549287616,7.893531168067548e-08,6.1849947270546745e-09,3.7023921905397996e-08,1.294324165025209e-07,1.7033192094558366e-09,1.0586855246317043e-05,0.0002303936305668561,3.0903392800571754e-07,0.000734653348564121,6.699913604136431e-09,2.1145739808255426e-05,6.057715674631678e-08,7.838021959313496e-06,9.1124047458868e-11,1.0511490079621178e-10,1.5177925312015697e-06,1.4855571419311037e-07,3.782553372270117e-12,1.2127603450503075e-10,5.021447243950017e-11
2.2370531382391223e-06,0.16628943999999996,0.8585084662769803,0.0,0.0,0.4442331985378988,0.090080611055289,0.011531192992419628,8.918966180181368e-06,0.002873718460348815,0.03661442784048758,0.01950061839269765,5.366604906893959e-05,6.757034240665892e-11,0.002154884447924663,5.982352781587543e-11,0.00048753879250951454,2.925710857239144e-09,1.0901759805744481e-05,1.7290515264251336e-09,1.0920443944420153e-10,1.867627911343078e-05,1.3370455796891038e-05,0.006491495519453812,0.0001505684784743927,0.000452255964220229,7.843137529940138e-08,6.181857051793986e-09,3.7021367748004346e-08,1.29441345471353e-07,1.7140170600079217e-09,1.0651131087177446e-05,0.00023172948693012533,3.091827420709285e-07,0.0007350870456466216,6.699120651686771e-09,2.1158891495300053e-05,6.060764254100043e-08,7.835748130708215e-06,9.119269154501384e-11,1.051554524119307e-10,1.5187520156940548e-06,1.4852041564249205e-07,3.784904111783666e-12,1.2119231523337877e-10,5.0075948081848924e-11
2.23831739636678e-06,0.16628943999999996,0.8585084662769803,0.0,0.0,0.44423297485311,0.09007037370007064,0.011526701947310489,8.920056327270093e-06,0.002873918316556778,0.03663602491677743,0.01951042754892343,5.365332212242573e-05,6.768105024665043e-11,0.0021546304713936405,5.981249786292416e-11,0.00048758951101016433,2.9255239809919145e-09,1.0894233215873755e-05,1.7301014718582569e-09,1.0925734509213849e-10,1.865953308740055e-05,1.3378764511666835e-05,0.006490757154444745,0.00014956623992467888,0.00045237850059402394,7.793089389998413e-08,6.17872109274934e-09,3.7018833828208466e-08,1.2945018575795692e-07,1.724776706863884e-09,1.0715760855170829e-05,0.00023307234065783941,3.093314121035377e-07,0.0007355206954206167,6.6983277149907255e-09,2.1172040422498834e-05,6.06380989035395e-08,7.833474609612136e-06,9.126130736684786e-11,1.0519594756440047e-10,1.5197112459931633e-06,1.4848512184729805e-07,3.787254233113445e-12,1.2110858313068722e-10,4.9938334265361304e-11
2.2395816544944375e-06,0.16628943999999996,0.8585084662769803,0.0,0.0,0.44423273685080944,0.09006013785933127,0.011522212645985535,8.921139594913031e-06,0.0028741162915204986,0.03665762081851263,0.01952022788270931,5.3640598647153836e-05,6.779185958297151e-11,0.0021543765695738095,5.980147212665037e-11,0.0004876402167584966,2.925337275657366e-09,1.0886705868800217e-05,1.731150770024176e-09,1.0931019846085822e-10,1.8642833395792585e-05,1.3387071484727211e-05,0.006490018688729162,0.00014857118217252553,0.00045250097463760234,7.743386040356932e-08,6.175586850015868e-09,3.7016320180189625e-08,1.2945893791466027e-07,1.7355981802321592e-09,1.0780744471929179e-05,0.000234422184770377,3.094799385483801e-07,0.0007359542976911615,6.697534795488103e-09,2.118518659338043e-05,6.066852585988804e-08,7.831201397049359e-06,9.132989500879946e-11,1.0523638633471894e-10,1.5206702222666514e-06,1.4844983286531023e-07,3.789603736892612e-12,1.21024838792193e-10,4.9801629969671135e-11
2.240845912622095e-06,0.16628943999999996,0.8585084662769803,0.0,0.0,0.4442324845591481,0.09004990353145227,0.011517725088055148,8.922216028697088e-06,0.002874312397414003,0.036679215536077316,0.019530019402808546,5.362787865958792e-05,6.790277038250734e-11,0.0021541227427712656,5.979045063705745e-11,0.0004876909097505571,2.9251507421360508e-09,1.0879177816646475e-05,1.732199421351481e-09,1.0936299946506563e-10,1.8626180146649416e-05,1.3395376718303107e-05,0.00648928012242624,0.00014758328482393246,0.0004526233863766049,7.694026739412773e-08,6.172454323681116e-09,3.701382683692732e-08,1.294676024933271e-07,1.74648150566696e-09,1.0846081830199525e-05,0.00023577901167194562,3.096283218593418e-07,0.0007363878522660087,6.696741894630705e-09,2.1198330011475347e-05,6.069892343818608e-08,7.828928494042858e-06,9.139845455827704e-11,1.0527676880734286e-10,1.5216289446869771e-06,1.4841454875463473e-07,3.791952623766371e-12,1.2094108281309824e-10,4.966583407136038e-11
2.242110170749753e-06,0.16628943999999996,0.8585084662769803,0.0,0.0,0.4442322180075107,0.09003967071480112,0.011513239273128953,8.923285674144634e-06,0.0028745066463921696,0.03670080905988366,0.019539802118614093,5.361516217616043e-05,6.801378261209326e-11,0.002153868991289921,5.977943342407758e-11,0.00048774158998239516,2.9249643813231654e-09,1.0871649111500715e-05,1.733247426326079e-09,1.0941574802127892e-10,1.8609573444958196e-05,1.3403680214626403e-05,0.006488541455672378,0.00014660252686936418,0.00045274573583895894,7.645010712076413e-08,6.16932351382495e-09,3.701135383019711e-08,1.294761800452987e-07,1.7574267040832871e-09,1.0911772793992948e-05,0.00023714281315469543,3.097765624993297e-07,0.0007368213589556214,6.6959490138822715e-09,2.1211470680315596e-05,6.072929166875081e-08,7.82665590161445e-06,9.146698610573026e-11,1.0531709507005362e-10,1.5225874134313022e-06,1.4837926957369624e-07,3.794300894392173e-12,1.2085731578852816e-10,4.953094534442032e-11
2.2433744288774105e-06,0.16628943999999996,0.8585084662769803,0.0,0.0,0.4442319372265065,0.09002943940773171,0.011508755200815797,8.924348576708504e-06,0.002874699050589481,0.03672240138037286,0.01954957604015402,5.360244921327139e-05,6.812489623851979e-11,0.0021536153154314776,5.976842051757052e-11,0.0004877922574500633,2.9247781941084716e-09,1.0864119805413706e-05,1.7342947854908214e-09,1.0946844404785072e-10,1.859301339262159e-05,1.3411981975929943e-05,0.006487802688621173,0.0001456288866897374,0.0004528680230548034,7.596337150154646e-08,6.1661944205193445e-09,3.700890119058549e-08,1.2948467112133077e-07,1.7684337918012205e-09,1.0977817198808202e-05,0.0002385135804030801,3.0992466093929456e-07,0.0007372548175731843,6.695156154717348e-09,2.1224608603434256e-05,6.075963058404517e-08,7.824383620784697e-06,9.153548974442634e-11,1.0535736521396712e-10,1.5235456286814853e-06,1.4834399538123177e-07,3.796648549437581e-12,1.207735383135178e-10,4.939696245982423e-11
2.244638687005068e-06,0.16628943999999996,0.8585084662769803,0.0,0.0,0.4442316422479568,0.09001920960858427,0.011504272870723736,8.92540478176699e-06,0.002874889622118777,0.036743992488016096,0.01955934117808648,5.358973978728768e-05,6.82361112285373e-11,0.0021533617154953864,5.975741194732197e-11,0.0004878429121496159,2.9245921813762093e-09,1.0856589950395767e-05,1.7353414994450991e-09,1.0952108746498927e-10,1.857650008842974e-05,1.3420282004447072e-05,0.006487063821443369,0.00014466234206271907,0.00045299024805652596,7.548005212551242e-08,6.163067043828389e-09,3.700646894748462e-08,1.2949307627153824e-07,1.7795027805489492e-09,1.1044214851758695e-05,0.00023989130399863372,3.1007261765848234e-07,0.000737688227934613,6.694363318621564e-09,2.1237743784365607e-05,6.078994021866994e-08,7.822111652572832e-06,9.160396557037588e-11,1.0539757933347296e-10,1.524503590624082e-06,1.483087262362845e-07,3.7989955895818066e-12,1.2068975098295573e-10,4.9263883987422246e-11
2.2459029451327258e-06,0.16628943999999996,0.8585084662769803,0.0,0.0,0.44423133310488455,0.09000898131568576,0.011499792282459995,8.926454334618923e-06,0.0028750783730700164,0.036765582373315654,0.019569097543694475,5.357703391454219e-05,6.834742754886094e-11,0.0021531081917788106,5.974640774304211e-11,0.0004878935540771085,2.924406344005031e-09,1.0849059598413714e-05,1.7363875688444084e-09,1.0957367819477827e-10,1.8560033628033177e-05,1.342858030241158e-05,0.006486324854326808,0.000143702870169326,0.00045311241087876003,7.500014025512437e-08,6.159941383808208e-09,3.700405712908496e-08,1.2950139604533844e-07,1.7906336774780784e-09,1.1110965531751133e-05,0.0002412759739250092,3.102204331446229e-07,0.0007381215898585623,6.693570507091799e-09,2.12508762266448e-05,6.082022060935701e-08,7.8198399979967e-06,9.167241368247417e-11,1.054377375261835e-10,1.5254612994503335e-06,1.4827346219819716e-07,3.801342015516479e-12,1.206059543915336e-10,4.9131708396819865e-11
2.2471672032603834e-06,0.16628943999999996,0.8585084662769803,0.0,0.0,0.4442310098315011,0.08999875452734986,0.011495313435630964,8.92749728047876e-06,0.00287526531550905,0.03678717102680579,0.01957884514888024,5.356433161133291e-05,6.845884516617535e-11,0.0021528547445765953,5.973540793436413e-11,0.00048794418322859595,2.9242206828679317e-09,1.0841528801387778e-05,1.7374329943998907e-09,1.0962621616119664e-10,1.8543614103916778e-05,1.3436876872057888e-05,0.006485585787476375,0.00014275044760081657,0.0004532345115582839,7.452362683106186e-08,6.156817440506719e-09,3.700166576239711e-08,1.29509630991387e-07,1.801826485224768e-09,1.117806898977429e-05,0.0002426675795732134,3.103681078926727e-07,0.0007385549031664338,6.692777721634757e-09,2.1264005933807307e-05,6.085047179492958e-08,7.81756865807267e-06,9.174083418222639e-11,1.0547783989295444e-10,1.5264187553561626e-06,1.4823820332660542e-07,3.803687827942665e-12,1.2052214913374108e-10,4.900043405673956e-11
2.248431461388041e-06,0.16628943999999996,0.8585084662769803,0.0,0.0,0.44423067246319337,0.08998852924187715,0.011490836329842165,8.928533664471719e-06,0.0028754504614764047,0.03680875843905378,0.019588584006159378,5.35516328939222e-05,6.857036404713946e-11,0.0021526013741812304,5.972441255084251e-11,0.0004879947996001324,2.924035198832161e-09,1.0833997611188516e-05,1.7384777768778436e-09,1.0967870129013746e-10,1.852724160537486e-05,1.3445171715620475e-05,0.006484846621113923,0.00014180505036587396,0.00045335655013406165,7.405050247467599e-08,6.153695213963658e-09,3.6999294873249464e-08,1.2951778165752368e-07,1.8130812019180783e-09,1.1245524949061359e-05,0.00024406610974726998,3.10515642405043e-07,0.000738988167682381,6.691984963767161e-09,2.1277132909389156e-05,6.088069381628958e-08,7.815297633815577e-06,9.180922717361175e-11,1.0551788653781816e-10,1.5273759585421595e-06,1.4820294968143083e-07,3.8060330275724835e-12,1.2043833580380806e-10,4.887005923711461e-11
2.2496957195156987e-06,0.16628943999999996,0.8585084662769803,0.0,0.0,0.4442303210365108,0.08997830545755549,0.01148636096469824,8.929563531628952e-06,0.002875633822986079,0.03683034460066084,0.01959831412865467,5.353893777853592e-05,6.868198415839098e-11,0.0021523480808828188,5.971342162195177e-11,0.00048804540318776865,2.923849892759157e-09,1.082646607963373e-05,1.7395219170992075e-09,1.097311335094262e-10,1.8510916218487276e-05,1.3453464835333776e-05,0.006484107355478204,0.00014086665389807687,0.0004534785266472572,7.35807574903622e-08,6.150574704210547e-09,3.699694448627537e-08,1.295258485907189e-07,1.8243978211914307e-09,1.1313333105289408e-05,0.0002454715526701464,3.1066303719212715e-07,0.0007394213832333141,6.691192235016328e-09,2.1290257156926654e-05,6.0910886716416e-08,7.813026926238618e-06,9.187759276334397e-11,1.0555787756790999e-10,1.5283329092135708e-06,1.4816770132287364e-07,3.808377615130798e-12,1.2035451499564288e-10,4.874058211044839e-11
2.2509599776433564e-06,0.16628943999999996,0.8585084662769803,0.0,0.0,0.4442299555891508,0.08996808317265992,0.01148188733980292,8.930586926882796e-06,0.0028758154120243416,0.03685192950226304,0.01960803553008957,5.352624628136253e-05,6.879370546655124e-11,0.0021520948649690398,5.970243517708456e-11,0.00048809599398755244,2.9236647655044836e-09,1.0818934258485326e-05,1.7405654159390231e-09,1.0978351274883829e-10,1.84946380260967e-05,1.3461756233432533e-05,0.006483367990824782,0.00013993523306364225,0.000453600441141102,7.311438187140575e-08,6.147455911270395e-09,3.69946146249423e-08,1.295338323370078e-07,1.8357763322627398e-09,1.1381493126936344e-05,0.00024688389598981266,3.1081029277071275e-07,0.0007398545496489026,6.6903995369183345e-09,2.1303378679955698e-05,6.094105054031582e-08,7.8107565363533e-06,9.194593106054573e-11,1.0559781309350313e-10,1.529289607580284e-06,1.4813245831140561e-07,3.8107215913511625e-12,1.2027068730283675e-10,4.861200075095564e-11
2.252224235771014e-06,0.16628943999999996,0.8585084662769803,0.0,0.0,0.4442295761599445,0.08995786238545311,0.011477415454759,8.931603895062015e-06,0.002875995240548562,0.03687351313453229,0.019617748224781507,5.351355841855229e-05,6.890552793822963e-11,0.0021518417267251213,5.969145324555042e-11,0.0004881465719955263,2.923479817917745e-09,1.0811402199446206e-05,1.7416082743258619e-09,1.0983583894011618e-10,1.8478407107786913e-05,1.3470045912151146e-05,0.006482628527425941,0.0001390107621694417,0.0004537222936609372,7.265136530300029e-08,6.14433883515773e-09,3.699230531155521e-08,1.2954173344143728e-07,1.8472167199502102e-09,1.1450004655480202e-05,0.00024830312678574305,3.109574096640998e-07,0.0007402876667615773,6.68960687101809e-09,2.1316497482012078e-05,6.097118533500489e-08,7.808486465169353e-06,9.201424217649886e-11,1.0563769322794071e-10,1.5302460538568148e-06,1.4809722070776234e-07,3.813064956977343e-12,1.2018685331860806e-10,4.8484313136791684e-11
2.2534884938986717e-06,0.16628943999999996,0.8585084662769803,0.0,0.0,0.444229182788841,0.08994764309418542,0.011472945309168344,8.932614480887167e-06,0.0028761733204860284,0.036895095488177196,0.019627452227634744,5.3500874206216395e-05,6.901745154002832e-11,0.002151588666433803,5.968047585657394e-11,0.00048819713720772646,2.923295050842522e-09,1.0803869954157101e-05,1.7426504932412347e-09,1.0988811201698551e-10,1.846222353986235e-05,1.3478333873723467e-05,0.006481888965570588,0.0001380932149712866,0.0004538440842542538,7.219169716422823e-08,6.141223475878655e-09,3.699001656723433e-08,1.2954955244801712e-07,1.8587189646743752e-09,1.1518867305608456e-05,0.0002497292315756919,3.111043884031179e-07,0.0007407207344065303,6.688814238870414e-09,2.1329613566631366e-05,6.100129114951401e-08,7.806216713694656e-06,9.208252622508013e-11,1.0567751808753103e-10,1.5312022482622812e-06,1.4806198857293563e-07,3.81540771276634e-12,1.201030136357235e-10,4.835751715192768e-11
2.2547527520263293e-06,0.16628943999999996,0.8585084662769803,0.0,0.0,0.44422877551689277,0.08993742529709509,0.011468476902631834,8.933618728965944e-06,0.0028763496637327995,0.03691667655394396,0.019637147554133174,5.3488193660426054e-05,6.912947623854662e-11,0.002151335684375307,5.96695030392934e-11,0.00048824768962018163,2.923110465116313e-09,1.0796337574193464e-05,1.7436920737189731e-09,1.099403319151707e-10,1.844608739532873e-05,1.3486620120383331e-05,0.006481149305564137,0.00013718256468246226,0.000453965812970525,7.173536653503587e-08,6.13810983343047e-09,3.698774841195239e-08,1.2955728989965181e-07,1.870283042559176e-09,1.158808066564573e-05,0.0002511621963225188,3.1125122952417416e-07,0.0007411537524217148,6.688021642037836e-09,2.1342726937347984e-05,6.103136803483118e-08,7.803947282935156e-06,9.215078332239822e-11,1.0571728779160031e-10,1.5321581910203908e-06,1.4802676196816534e-07,3.817749859483121e-12,1.2001916884651475e-10,4.823161058507651e-11
2.256017010153987e-06,0.16628943999999996,0.8585084662769803,0.0,0.0,0.4442283543862386,0.0899272089924086,0.011464010234749368,8.934616683788642e-06,0.00287652428215256,0.03693825632261725,0.01964683422033268,5.3475516797211706e-05,6.924160200038545e-11,0.002151082780827305,5.965853482275903e-11,0.0004882982292289116,2.9229260615704568e-09,1.0788805111062255e-05,1.7447330168445856e-09,1.0999249857240979e-10,1.8429998743874823e-05,1.349490465436392e-05,0.006480409547728395,0.00013627878398251211,0.0004540874798612426,7.128236220003103e-08,6.13499790780169e-09,3.698550086454712e-08,1.2956494633808851e-07,1.881908925459081e-09,1.1657644297793266e-05,0.0002526020064414677,3.1139793356911785e-07,0.0007415867206478418,6.6872290820903296e-09,2.135583759769559e-05,6.106141604387277e-08,7.801678173894797e-06,9.221901358634562e-11,1.0575700246243115e-10,1.533113882359413e-06,1.479915409549315e-07,3.820091397901642e-12,1.199353195428284e-10,4.810659113201803e-11
2.2572812682816446e-06,0.16628943999999996,0.8585084662769803,0.0,0.0,0.4442279194400869,0.08991699417834075,0.011459545305119839,8.935608389723618e-06,0.002876697187575494,0.0369598347850211,0.019656512242853284,5.346284363256206e-05,6.935382879215183e-11,0.0021508299560648913,5.964757123593149e-11,0.0004883487560299262,2.9227418410300687e-09,1.0781272616198822e-05,1.7457733237545947e-09,1.1004461192846863e-10,1.8413957651855485e-05,1.3503187477897303e-05,0.0064796696924014525,0.0001353818450262718,0.0004542090849799962,7.083267264966465e-08,6.131887698972227e-09,3.698327394268567e-08,1.295725223038739e-07,1.8935965809444275e-09,1.1727557738334663e-05,0.00025404864680774245,3.115445010869362e-07,0.0007420196389283774,6.686436560607129e-09,2.1368945551207156e-05,6.109143523150016e-08,7.799409387575426e-06,9.22872171372803e-11,1.0579666222511608e-10,1.5340693225121576e-06,1.4795632559494596e-07,3.82243232880983e-12,1.1985146631592518e-10,4.798245639798362e-11
2.2585455264093022e-06,0.16628943999999996,0.8585084662769803,0.0,0.0,0.4442274707226994,0.08990678085309489,0.011455082113341113,8.936593891012876e-06,0.002876868391797169,0.03698141193201967,0.019666181638871114,5.345017418242326e-05,6.94661565804631e-11,0.002150577210360549,5.963661230768027e-11,0.0004883992700192232,2.922557804313978e-09,1.0773740140963697e-05,1.7468129956358429e-09,1.1009667192515425e-10,1.8397964182275795e-05,1.3511468593215256e-05,0.006478929739937526,0.00013449171945312678,0.0004543306283822651,7.03862860883661e-08,6.128779206912934e-09,3.698106766290894e-08,1.2958001833628448e-07,1.9053459724246917e-09,1.1797820498135914e-05,0.0002555021017640363,3.1169093263143755e-07,0.0007424525071095375,6.685644079174156e-09,2.138205080141383e-05,6.11214256544554e-08,7.797140924976736e-06,9.235539409766648e-11,1.0583626720763043e-10,1.535024511715947e-06,1.4792111595014397e-07,3.824772653002926e-12,1.197676097565084e-10,4.7859203896362466e-11
2.2596833587241942e-06,0.16628943999999996,0.8585084662769803,0.0,0.0,0.4442270551400607,0.08989759013182262,0.011451066726269488,8.937475573661826e-06,0.002877021030789871,0.03700083023212914,0.019674876734264893,5.3438774866349564e-05,6.956733791441011e-11,0.0021503498070443734,5.962675327912271e-11,0.0004884447216522539,2.9223923291109216e-09,1.0766960972420982e-05,1.747748158400294e-09,1.1014348025346568e-10,1.838361082620261e-05,1.351892013832099e-05,0.006478263699973535,0.00013369640803189035,0.00045443996472411093,6.99873522632505e-08,6.1259830318666485e-09,3.6979099672879345e-08,1.2958669686706498e-07,1.915973175472662e-09,1.1861355225393099e-05,0.000256816024335571,3.1182260522538824e-07,0.0007428420455127248,6.684930881442862e-09,2.139384321819152e-05,6.114839248969691e-08,7.795099586243529e-06,9.241673072933046e-11,1.0587186496290854e-10,1.535883967637762e-06,1.4788943220766684e-07,3.826878426698458e-12,1.1969213649147326e-10,4.7749028826438054e-11
2.2608211910390863e-06,0.16628943999999996,0.8585084662769803,0.0,0.0,0.44422662847312455,0.0898884006137066,0.011447052746235803,8.938352298343276e-06,0.0028771723098829976,0.037020247452791755,0.01968356486983525,5.3427378583473756e-05,6.966860100421785e-11,0.0021501224681787145,5.961689806823509e-11,0.0004884901629016046,2.922227004051605e-09,1.0760181898645975e-05,1.748682808727601e-09,1.1019024527569045e-10,1.8369296133797002e-05,1.3526370303204359e-05,0.0064775975819091405,0.00013290657068762838,0.000454549251165319,6.959107508207708e-08,6.1231882473393935e-09,3.6977148425921175e-08,1.295933114788002e-07,1.9266503192034527e-09,1.1925172092828545e-05,0.0002581354414700141,3.119541685443369e-07,0.0007432315431048287,6.684217718607799e-09,2.1405633450723718e-05,6.117533611697651e-08,7.793058511257559e-06,9.247804601474216e-11,1.0590741854936945e-10,1.5367432206660941e-06,1.4785775319027743e-07,3.8289837101999094e-12,1.1961666143479126e-10,4.763956434140711e-11
2.2619590233539783e-06,0.16628943999999996,0.8585084662769803,0.0,0.0,0.44422619075627395,0.08987921229741443,0.01144304017294469,8.93922409702977e-06,0.002877322237599265,0.037039663587434164,0.019692246059225184,5.341598534532854e-05,6.976994582558882e-11,0.0021498951939566743,5.960704669586733e-11,0.0004885355937643282,2.9220618297196472e-09,1.0753402956912414e-05,1.7496169475846412e-09,1.1023696695369555e-10,1.8355020143974674e-05,1.3533819089490047e-05,0.006476931386035529,0.0001321221857128218,0.0004546584877503525,6.919744536625057e-08,6.120394853291218e-09,3.697521393175337e-08,1.2959986256178872e-07,1.937377368408035e-09,1.1989270692209985e-05,0.0002594603406791696,3.120856230031927e-07,0.0007436209997794267,6.683504591839851e-09,2.141742150158131e-05,6.120225658148969e-08,7.791017700742777e-06,9.253934004742597e-11,1.0594292806596917e-10,1.53760227098321e-06,1.4782607894355612e-07,3.831088504108838e-12,1.1954118501568633e-10,4.7530808445659864e-11
2.2630968556688703e-06,0.16628943999999996,0.8585084662769803,0.0,0.0,0.4442257420245369,0.08987002518160675,0.011439029006100075,8.940091001600241e-06,0.002877470822436,0.03705907862951137,0.01970092031642098,5.340459516341649e-05,6.987137235424288e-11,0.002149667984569575,5.959719918280558e-11,0.0004885810142374663,2.9218968066943944e-09,1.0746624184437017e-05,1.750550575969459e-09,1.1028364525071615e-10,1.834078289342137e-05,1.354126649880217e-05,0.006476265112654104,0.00013134323108614218,0.00045476767452478945,6.880645376441252e-08,6.117602849675857e-09,3.6973296199429875e-08,1.2960635050535405e-07,1.9481542853220906e-09,1.205365059954922e-05,0.0002607907091459639,3.122169690175252e-07,0.0007440104154318821,6.682791502311259e-09,2.1429207373333594e-05,6.122915392954784e-08,7.78897715542153e-06,9.260061292091916e-11,1.0597839361351809e-10,1.5384611187742622e-06,1.4779440951320745e-07,3.833192809026943e-12,1.1946570766296684e-10,4.742275908680942e-11
2.2642346879837623e-06,0.16628943999999996,0.8585084662769803,0.0,0.0,0.44422528231357616,0.0898608392649375,0.011435019245405147,8.94095304383753e-06,0.0028776180728645236,0.03707849257250713,0.019709587655746805,5.3393208049209474e-05,6.99728805659195e-11,0.0021494408402069356,5.958735554977107e-11,0.0004886264243180487,2.9217319355508883e-09,1.0739845618377594e-05,1.751483694910805e-09,1.1033028013136157e-10,1.8326584416586668e-05,1.3548712532763226e-05,0.006475598762076387,0.00013056968447848767,0.0004548768115355614,6.841809074813787e-08,6.114812236441298e-09,3.697139523725631e-08,1.2961277569784163e-07,1.95898102952064e-09,1.2118311375071756e-05,0.00026212653372982954,3.1234820700760717e-07,0.0007443997899593367,6.68207845119993e-09,2.1440991068549173e-05,6.125602820864467e-08,7.786936876014476e-06,9.2661864730188e-11,1.0601381529442477e-10,1.539319764227265e-06,1.477627449450556e-07,3.835296625567752e-12,1.1939022980486944e-10,4.731541415888867e-11
2.265258737067165e-06,0.16628943999999996,0.8585084662769803,0.0,0.0,0.4442248592164518,0.08985257296408077,0.011431411662791793,8.941724750745422e-06,0.0028777494643112875,0.03709596417612654,0.01971738235846807,5.33829622787673e-05,7.006430777537918e-11,0.0021492364660316513,5.957849961453646e-11,0.0004886672845024725,2.9215836818523916e-09,1.0733745116071745e-05,1.7523230672584768e-09,1.1037221437480297e-10,1.831383896563139e-05,1.3555412788743708e-05,0.006474998980819153,0.00012987809768971704,0.0004549749923370076,6.807080346114444e-08,6.112301873257827e-09,3.696969871605308e-08,1.2961850503905322e-07,1.9687676661607315e-09,1.2176745839498973e-05,0.00026333342971803766,3.1246622918775853e-07,0.0007447501917885863,6.681436739023294e-09,2.145159453542555e-05,6.128019537605118e-08,7.785100852499025e-06,9.271697342870859e-11,1.0604565738725076e-10,1.5400923722936207e-06,1.4773425102886225e-07,3.8371896434033505e-12,1.1932229965398608e-10,4.721940422644692e-11
2.266180381242227e-06,0.16628943999999996,0.8585084662769803,0.0,0.0,0.444224470872705,0.08984513412201778,0.01142816581188299,8.942415960531942e-06,0.002877866803390572,0.037111687849830245,0.019724392819106793,5.33737432247075e-05,7.0146648802093e-11,0.002149052574548678,5.957053198665197e-11,0.0004887040514672186,2.921450359446139e-09,1.0728254854958785e-05,1.753078150944067e-09,1.104099250826013e-10,1.8302394952992225e-05,1.356144206872701e-05,0.006474459124647191,0.00012925938543303632,0.00045506332065730314,6.776005267849929e-08,6.110043509222088e-09,3.6968183470592314e-08,1.2962361848891376e-07,1.977610090014133e-09,1.2229530775047741e-05,0.0002644233971392739,3.1257237488616855e-07,0.000745065524823845,6.680859226201407e-09,2.146113615157661e-05,6.130192991388867e-08,7.783448616424133e-06,9.27665567947585e-11,1.0607428502670029e-10,1.5407875796728422e-06,1.4770860993115438e-07,3.838893022031715e-12,1.192611627218156e-10,4.713348031145983e-11
2.2671020254172894e-06,0.16628943999999996,0.8585084662769803,0.0,0.0,0.44422407539091846,0.08983769606429501,0.011424920883018828,8.943104036325277e-06,0.002877983281938566,0.03712741079093708,0.019731398767479445,5.336452620366293e-05,7.022904337797855e-11,0.002148868726059248,5.956256694107903e-11,0.0004887408116080837,2.9213171376976342e-09,1.0722764795140294e-05,1.75383290231118e-09,1.1044760724652329e-10,1.8290976433684195e-05,1.356747044922483e-05,0.006473919218413279,0.00012864418069818756,0.0004551516164148076,6.745100901748985e-08,6.107786057302367e-09,3.6966679240500146e-08,1.2962869145486868e-07,1.98648512539986e-09,1.2282499156298311e-05,0.00026551691992029015,3.1267845046445734e-07,0.0007453808306999024,6.6802817406892895e-09,2.147067634426299e-05,6.132364940428542e-08,7.781796556091212e-06,9.281612651290941e-11,1.0610288407284013e-10,1.5414826546416427e-06,1.4768297210537282e-07,3.840596081341285e-12,1.1920002621772639e-10,4.704801465004264e-11
2.2680236695923517e-06,0.16628943999999996,0.8585084662769803,0.0,0.0,0.4442236727912111,0.0898302587901848,0.011421676876040131,8.943788994821095e-06,0.002878098904404696,0.037143132996041224,0.019738400211822864,5.335531122166889e-05,7.031149149019088e-11,0.0021486849206605596,5.955460448870102e-11,0.0004887775649234627,2.9211840169040583e-09,1.0717274956241985e-05,1.7545873219633873e-09,1.104852608504232e-10,1.827958342169881e-05,1.3573497931097467e-05,0.006473379262301939,0.00012803247105480138,0.0004552398796367118,6.714366709209013e-08,6.105529517459323e-09,3.696518602880961e-08,1.2963372414127195e-07,1.995392745972964e-09,1.2335650720485533e-05,0.00026661399047953353,3.1278445615210535e-07,0.0007456961093654808,6.679704283120568e-09,2.148021511484652e-05,6.134535387463985e-08,7.780144671879846e-06,9.28656826364929e-11,1.0613145458316741e-10,1.542177597305342e-06,1.476573375760749e-07,3.8422988216721365e-12,1.1913889036817275e-10,4.6963006020192586e-11
2.268945313767414e-06,0.16628943999999996,0.8585084662769803,0.0,0.0,0.44422326309395227,0.08982282229895706,0.011418433790787387,8.944470852669137e-06,0.0028782136752260566,0.037158854461750025,0.01974539716050827,5.334609828474643e-05,7.039399312589801e-11,0.0021485011584490054,5.954664464037158e-11,0.0004888143114117432,2.9210509973606634e-09,1.0711785357860553e-05,1.755341410516522e-09,1.1052288587875601e-10,1.8268215930056965e-05,1.357952451520553e-05,0.0064728392565018425,0.0001274242439522765,0.0004553281103505028,6.683802145249916e-08,6.103273889650526e-09,3.6963703838313756e-08,1.2963871675197535e-07,2.0043329244354914e-09,1.2388985198746168e-05,0.00026771460110651114,3.128903921768157e-07,0.0007460113607700513,6.679126854127227e-09,2.148975246468737e-05,6.13670433527595e-08,7.778492964168813e-06,9.291522521845317e-11,1.0615999661600197e-10,1.5428724077704475e-06,1.4763170636785826e-07,3.844001243358617e-12,1.1907775539942623e-10,4.687845317591423e-11
2.269677601535643e-06,0.16628943999999996,0.8585084662769803,0.0,0.0,0.44422293252471656,0.08981691422970622,0.0114158576706391,8.945010419914316e-06,0.0028783042615892792,0.03717134534429622,0.019750953351662947,5.333877965377661e-05,7.045958253742369e-11,0.002148355181955816,5.954032204638125e-11,0.0004888435032818871,2.920945379726459e-09,1.070742380939711e-05,1.755940332171962e-09,1.1055276027464254e-10,1.8259202148530197e-05,1.3584312267990109e-05,0.006472410162298677,0.00012694345452656623,0.00045539819046559765,6.659637789804907e-08,6.1014823420409536e-09,3.6962534030227074e-08,1.296426551699997e-07,2.0114594909751306e-09,1.2431492062756435e-05,0.0002685916043704366,3.129745136028019e-07,0.0007462618227282281,6.678668081601826e-09,2.149732930631013e-05,6.138426594950757e-08,7.777180734152882e-06,9.295457940933968e-11,1.0618265428223882e-10,1.5434243717733052e-06,1.4761134360364095e-07,3.845353667048968e-12,1.1902918169390324e-10,4.681159623750807e-11
2.270409889303872e-06,0.16628943999999996,0.8585084662769803,0.0,0.0,0.4442225974982426,0.08981100665385933,0.011413282132196792,8.945548048504326e-06,0.0028783943153147845,0.03718383575623816,0.019756506714390637,5.3331462320662644e-05,7.052520572390982e-11,0.0021482092328346776,5.953400110858025e-11,0.000488872690840234,2.920839826343161e-09,1.0703062434926845e-05,1.756539045520468e-09,1.1058261661405412e-10,1.8250204491273446e-05,1.3589099454987424e-05,0.006471981036947053,0.00012646484923292662,0.00045546825009031873,6.635579892947647e-08,6.099691370148232e-09,3.696137118253396e-08,1.2964656851834548e-07,2.018606578758291e-09,1.2474114086326106e-05,0.00026947083355285283,3.130585913112847e-07,0.000746512267420407,6.6782093278351264e-09,2.150490525255621e-05,6.140147911385188e-08,7.775868615989732e-06,9.299392511164442e-11,1.062052940375811e-10,1.543976252441459e-06,1.4759098296395415e-07,3.84670588996679e-12,1.1898060880029086e-10,4.674502559440873e-11
2.271142177072101e-06,0.16628943999999996,0.8585084662769803,0.0,0.0,0.4442222580250743,0.0898050995710468,0.011410707175379994,8.94608374672674e-06,0.0028784838386110797,0.037196325695892284,0.01976205725306659,5.3324146288404967e-05,7.059086267893933e-11,0.0021480633111328443,5.952768183237171e-11,0.0004889018740859651,2.920734337356257e-09,1.0698701244238616e-05,1.7571375508870462e-09,1.1061245489000742e-10,1.824122296350581e-05,1.3593886076628176e-05,0.0064715518805470995,0.00012598842161934672,0.0004555382892391324,6.611628172265003e-08,6.0979009739474976e-09,3.696021529624486e-08,1.2965045689858958e-07,2.0257741726934067e-09,1.2516851126285456e-05,0.00027035228461732614,3.131426254178754e-07,0.000746762694822247,6.677750593145708e-09,2.1512480304106946e-05,6.141868286034206e-08,7.77455660986822e-06,9.303326235218412e-11,1.0622791591213765e-10,1.5445280498299125e-06,1.475706244611856e-07,3.84805791228423e-12,1.1893203683169307e-10,4.667874059299995e-11
2.27187446484033e-06,0.16628943999999996,0.8585084662769803,0.0,0.0,0.44422191411584905,0.08979919298089807,0.011408132800108115,8.946617522849748e-06,0.00287857283368148,0.037208815161580436,0.01976760497211662,5.331683155999804e-05,7.065655339610125e-11,0.002147917416897243,5.952136422314644e-11,0.0004889310530182584,2.9206289129104573e-09,1.0694340247108792e-05,1.7577358486013254e-09,1.106422750957601e-10,1.8232257570058734e-05,1.3598672133342707e-05,0.006471122693200533,0.00012551416518919134,0.00045560830792669486,6.587782342725337e-08,6.096111153412835e-09,3.695906637225194e-08,1.296543204121038e-07,2.032962257282435e-09,1.2559703037079858e-05,0.0002712359534789817,3.1322661603874685e-07,0.0007470131049097027,6.67729187785274e-09,2.1520054461643417e-05,6.143587720370408e-08,7.773244715976861e-06,9.307259115806206e-11,1.0625051993625459e-10,1.5450797639941291e-06,1.475502681077364e-07,3.8494097341749614e-12,1.188834659010879e-10,4.661274057177033e-11
2.272606752608559e-06,0.16628943999999996,0.8585084662769803,0.0,0.0,0.44422156578129607,0.08979328688304178,0.011405559006300407,8.94714938512191e-06,0.002878661302724053,0.03722130415162993,0.019773149876016395,5.330951813843036e-05,7.072227786899122e-11,0.0021477715501744712,5.951504828628283e-11,0.0004889602276362888,2.920523553149695e-09,1.0689979453301044e-05,1.7583339389975014e-09,1.1067207722481112e-10,1.8223308315375964e-05,1.3603457625561159e-05,0.006470693475010648,0.00012504207340194412,0.00045567830616784075,6.564042116761312e-08,6.09432190851724e-09,3.695792441133335e-08,1.296581591600503e-07,2.0401708166327937e-09,1.2602669670806805e-05,0.00027212183600514635,3.133105632903586e-07,0.0007472634976590205,6.676833182275765e-09,2.1527627725846277e-05,6.14530621588356e-08,7.77193293450381e-06,9.311191155651259e-11,1.0627310614052433e-10,1.5456313949900289e-06,1.4752991391602008e-07,3.850761355813538e-12,1.188348961213302e-10,4.6547024860836573e-11
2.273339040376788e-06,0.16628943999999996,0.8585084662769803,0.0,0.0,0.44422121303223516,0.08978738127710546,0.011402985793876,8.947679341771934e-06,0.002878749247931563,0.03723379266437359,0.019778691969290777,5.330220602668431e-05,7.078803609121154e-11,0.0021476257110107995,5.950873402714666e-11,0.0004889893979392281,2.9204182582171167e-09,1.0685618872566118e-05,1.7589318224142762e-09,1.1070186127090086e-10,1.8214375203513575e-05,1.3608242553713428e-05,0.006470264226082304,0.0001245721396739563,0.0004557482839775808,6.540407204308301e-08,6.092533239232618e-09,3.695678941415694e-08,1.296619732433784e-07,2.0473998344617246e-09,1.2645750877244949e-05,0.0002730099280160063,3.1339446728942807e-07,0.0007475138730467391,6.676374506734572e-09,2.1535200097395802e-05,6.147023774080087e-08,7.770621265636872e-06,9.315122357488195e-11,1.0629567455578265e-10,1.5461829428739848e-06,1.4750956189846222e-07,3.852112777375363e-12,1.1878632760515126e-10,4.6481592782124394e-11
2.274071328145017e-06,0.16628943999999996,0.8585084662769803,0.0,0.0,0.44422085587957555,0.0897814761627159,0.011400413162753873,8.948207401008444e-06,0.0028788366714914103,0.037246280698149864,0.01978423125651311,5.329489522773618e-05,7.085382805637137e-11,0.0021474798994521654,5.95024214510911e-11,0.0004890185639262439,2.920313028255081e-09,1.0681258514641658e-05,1.7595294991947976e-09,1.1073162722801149e-10,1.820545823813998e-05,1.3613026918229137e-05,0.006469834946521906,0.00012410435737919619,0.00045581824137109887,6.516877312841441e-08,6.090745145529775e-09,3.6955661381279875e-08,1.296657627628221e-07,2.054649294100657e-09,1.2688946503883045e-05,0.0002739002252852647,3.1347832815292253e-07,0.0007477642310496865,6.6759158515492375e-09,2.1542771576971868e-05,6.148740396482959e-08,7.769309709563488e-06,9.319052724063522e-11,1.06318225213104e-10,1.5467344077028209e-06,1.4748921206749956e-07,3.853463999036688e-12,1.1873776046515522e-10,4.641644364957006e-11
2.2755359036814752e-06,0.16628943999999996,0.8585084662769803,0.0,0.0,0.4442201284075336,0.08976966740707973,0.011395269644091705,8.949257859973645e-06,0.0028790099623905727,0.037271255322181854,0.019795301431333283,5.3280277580107816e-05,7.098551318998247e-11,0.0021471883593320983,5.948980136957051e-11,0.0004890768829491601,2.920102763808136e-09,1.067253850610787e-05,1.7607242342415302e-09,1.1079110485243382e-10,1.818767275959537e-05,1.3622593958068155e-05,0.006468976295938228,0.0001231752203778369,0.0004559580949710583,6.470131410694377e-08,6.087170684747154e-09,3.6953426210106645e-08,1.2967326851189636e-07,2.069209470231675e-09,1.2775680396439121e-05,0.0002756874184653605,3.1364592094219845e-07,0.0007482648948100261,6.6749986035275355e-09,2.1557911862921065e-05,6.152170840080816e-08,7.766686936545315e-06,9.326910962468889e-11,1.063632733794056e-10,1.547837088424657e-06,1.474485190151598e-07,3.856165843366979e-12,1.1864063076347479e-10,4.628699143908005e-11
2.2770004792179336e-06,0.16628943999999996,0.8585084662769803,0.0,0.0,0.44421938345417145,0.08975786061313018,0.011390128449662957,8.950300827276363e-06,0.002879181192811376,0.03729622801054577,0.019806360438007,5.326566521923063e-05,7.111733321884516e-11,0.0021468969301751033,5.947718808428931e-11,0.0004891351846983089,2.91989276093191e-09,1.0663819505330727e-05,1.761918146969472e-09,1.108505100547761e-10,1.8169951901341115e-05,1.3632158748510027e-05,0.006468117524141258,0.0001222546085706225,0.000456097867092571,6.423802022365029e-08,6.083598525913797e-09,3.6951218900100615e-08,1.2968067720872266e-07,2.083851204129357e-09,1.286287008369682e-05,0.0002774833808306735,3.1381334259828365e-07,0.0007487654887604223,6.67408144077541e-09,2.1573048589124513e-05,6.155597559182389e-08,7.764064616941372e-06,9.334765893048506e-11,1.0640825089265648e-10,1.5489394376190014e-06,1.4740783485869625e-07,3.8588668902307824e-12,1.185435079144744e-10,4.615866258410396e-11
2.278465054754392e-06,0.16628943999999996,0.8585084662769803,0.0,0.0,0.4442186211098256,0.08974605577785126,0.011384989578814416,8.951336367840009e-06,0.0028793503800543362,0.03732119875015273,0.019817408314795275,5.325105816868817e-05,7.124928809210482e-11,0.0021466056123366356,5.946458163760646e-11,0.0004891934691669006,2.9196830207366906e-09,1.0655101589718345e-05,1.763111240277607e-09,1.1090984279561293e-10,1.8152295678784125e-05,1.3641721292982146e-05,0.006467258632036453,0.00012134246750067725,0.0004562375578631125,6.377886722982869e-08,6.0800286687564045e-09,3.6949039451845244e-08,1.296879896511196e-07,2.098574349010115e-09,1.2950514266123633e-05,0.0002792880769655181,3.139805940642533e-07,0.0007492660127258136,6.673164365860136e-09,2.1588181761005858e-05,6.159020566542118e-08,7.761442752237641e-06,9.342617538136073e-11,1.0645315800965552e-10,1.5500414557563016e-06,1.4736715969794225e-07,3.861567141067136e-12,1.1844639281413153e-10,4.6031451317677834e-11
2.2799296302908505e-06,0.16628943999999996,0.8585084662769803,0.0,0.0,0.4442178414661199,0.08973425289821464,0.01137985303089055,8.952364546245867e-06,0.002879517541328961,0.0373461675280062,0.019828445100667315,5.323645645196022e-05,7.138137775903837e-11,0.002146314406166732,5.94519820716685e-11,0.0004892517363480816,2.919473544319934e-09,1.0646384836449474e-05,1.7643035171301378e-09,1.1096910303939688e-10,1.813470410114886e-05,1.3651281594907326e-05,0.006466399620552582,0.0001204387421060452,0.00045637716741270376,6.332383052003855e-08,6.076461112983859e-09,3.694688786425256e-08,1.296952066331866e-07,2.1133787523498448e-09,1.303861161039528e-05,0.0002811014707750519,3.141476762856808e-07,0.0007497664665356475,6.672247381350667e-09,2.1603311383981496e-05,6.162439875155976e-08,7.758821343913795e-06,9.350465920203048e-11,1.0649799499064572e-10,1.5511431433138778e-06,1.4732649363284827e-07,3.8642665973273295e-12,1.1834928635612974e-10,4.5905351754763727e-11
2.281394205827309e-06,0.16628943999999996,0.8585084662769803,0.0,0.0,0.44421704461591993,0.08972245197118038,0.011374718805233518,8.95338542672651e-06,0.002879682693752116,0.037371134331202996,0.019839470835277435,5.322186009242095e-05,7.151360216906077e-11,0.00214602331200998,5.943938942840604e-11,0.0004893099862349298,2.9192643327661848e-09,1.0637669322467015e-05,1.7654949805544543e-09,1.1102829075445858e-10,1.8117177171489908e-05,1.3660839657703595e-05,0.006465540490641215,0.00011954337674439492,0.00045651669587383367,6.287288514462892e-08,6.072895858287175e-09,3.694476413459617e-08,1.2970232894521855e-07,2.1282642560325823e-09,1.3127160750369394e-05,0.00028292352550724566,3.1431459021016543e-07,0.00075026685002383,6.671330489816818e-09,2.1618437463460244e-05,6.165855498253656e-08,7.756200393443062e-06,9.358311061844078e-11,1.0654276209918515e-10,1.5522445007758034e-06,1.4728583676346076e-07,3.8669652604744796e-12,1.1825218943177256e-10,4.578035789578479e-11
2.2828587813637673e-06,0.16628943999999996,0.8585084662769803,0.0,0.0,0.4442162306532842,0.0897106529936975,0.011369586901183119,8.954399073159495e-06,0.0028798458543464397,0.037396099146934245,0.01985048555894188,5.32072691133369e-05,7.164596127173133e-11,0.0021457323302054767,5.942680374953074e-11,0.0004893682188204546,2.919055387147002e-09,1.0628955124471622e-05,1.7666856336391083e-09,1.110874059130044e-10,1.8099714886707375e-05,1.3670395484784029e-05,0.006464681243276207,0.00011865631521783444,0.00045665614338138055,6.242600582234536e-08,6.0693329043394e-09,3.6942668258544885e-08,1.2970935737362272e-07,2.1432306965009897e-09,1.3216160288068632e-05,0.00028475420377501245,3.1448133678686875e-07,0.0007507671630286773,6.670413693828421e-09,2.1633560004843114e-05,6.16926744929075e-08,7.753579902292053e-06,9.366152985762643e-11,1.0658745960201748e-10,1.5533455286327853e-06,1.4724518918990028e-07,3.869663131983096e-12,1.181551029298978e-10,4.565646363025007e-11
2.2843233569002257e-06,0.16628943999999996,0.8585084662769803,0.0,0.0,0.44421539967341805,0.08969885596270465,0.011364457318076782,8.955405549061228e-06,0.0028800070400388086,0.03742106196248636,0.019861489312615496,5.31926835378653e-05,7.177845501675995e-11,0.002145441461086802,5.941422507653169e-11,0.0004894264340975908,2.9188467085209003e-09,1.0620242318915311e-05,1.7678754795317624e-09,1.1114644849111306e-10,1.8082317237565113e-05,1.3679949079556631e-05,0.006463821879453166,0.00011777750079781452,0.0004567955100725332,6.198316695300851e-08,6.06577225079556e-09,3.6940600230196845e-08,1.2971629270083701e-07,2.1582779049084458e-09,1.3305608794672042e-05,0.0002865934675784751,3.146479169660605e-07,0.0007512674053928594,6.669496995954511e-09,2.1648679013523048e-05,6.172675741940883e-08,7.750959871920595e-06,9.373991714756951e-11,1.0663208776894197e-10,1.5544462273820406e-06,1.4720455101234025e-07,3.872360213338684e-12,1.1805802773679292e-10,4.553366274040663e-11
2.285787932436684e-06,0.16628943999999996,0.8585084662769803,0.0,0.0,0.444214551772625,0.08968706087513088,0.011359330055249556,8.956404917581023e-06,0.002880166267658855,0.03744602276524184,0.01987248213786823,5.317810338905198e-05,7.191108335401303e-11,0.002145150704981983,5.940165345067241e-11,0.0004894846320591986,2.9186382979332785e-09,1.0611530981995173e-05,1.7690645214371274e-09,1.1120541846872975e-10,1.8064984208711836e-05,1.3689500445424134e-05,0.006462962400188904,0.00011690687625010418,0.0004569347960867116,6.154434263025547e-08,6.062213897292601e-09,3.693856004211436e-08,1.297231357052517e-07,2.1734057072727015e-09,1.3395504811514186e-05,0.00028844127832735824,3.1481433169867247e-07,0.0007517675769633483,6.668580398762487e-09,2.1663794494884662e-05,6.176080390087762e-08,7.748340303781585e-06,9.381827271706052e-11,1.0667664687268281e-10,1.5555465975271725e-06,1.4716392233098534e-07,3.875056506037289e-12,1.179609647361104e-10,4.541194890490643e-11
2.2872525079731425e-06,0.16628943999999996,0.8585084662769803,0.0,0.0,0.44421368704825925,0.08967526772789612,0.011354205112034067,8.957397241495427e-06,0.002880323553937544,0.03747098154268015,0.019883464076861614,5.316352868982962e-05,7.204384623351925e-11,0.0021448600622134694,5.938908891298754e-11,0.000489542812698059,2.918430156416367e-09,1.0602821189647065e-05,1.7702527626148849e-09,1.1126431582965878e-10,1.804771577870512e-05,1.369904958578386e-05,0.006462102806520906,0.00011604438385981157,0.0004570740015654878,6.110950665433027e-08,6.058657843449336e-09,3.693654768535928e-08,1.2972988716113274e-07,2.18861392463092e-09,1.3485846851090985e-05,0.0002902975968634831,3.1498058193586375e-07,0.0007522676775913593,6.667663904817322e-09,2.1678906454304017e-05,6.17948140781724e-08,7.74572119932081e-06,9.389659679556276e-11,1.0672113718875845e-10,1.5566466395780368e-06,1.4712330324604997e-07,3.877752011585083e-12,1.178639148087838e-10,4.529131570250082e-11
2.288717083509601e-06,0.16628943999999996,0.8585084662769803,0.0,0.0,0.4442128055986777,0.0896634765179121,0.011349082487760535,8.958382583202685e-06,0.002880478915505792,0.0374959382823785,0.019894435172325038,5.314895946301589e-05,7.217674360547517e-11,0.0021445695330981045,5.937653150427967e-11,0.000489600976006872,2.9182222849891768e-09,1.059411301753938e-05,1.7714402063776032e-09,1.1132314056155447e-10,1.803051192003819e-05,1.370859650402759e-05,0.006461243099506749,0.00011518996545641716,0.00045721312665250575,6.067863254490561e-08,6.055104088866396e-09,3.693456314952864e-08,1.297365478385474e-07,2.2039023731958146e-09,1.357663339807057e-05,0.00029216238348332745,3.151466686285953e-07,0.0007527677071322954,6.666747516680715e-09,2.1694014897148395e-05,6.182878809409294e-08,7.743102559976794e-06,9.397488961307909e-11,1.0676555899534999e-10,1.5577463540506142e-06,1.4708269385773705e-07,3.880446731497928e-12,1.1776687883294396e-10,4.517175661575122e-11
2.2901816590460593e-06,0.16628943999999996,0.8585084662769803,0.0,0.0,0.4442119075231922,0.08965168724208278,0.011343962181756713,8.95936100471749e-06,0.0028806323688931493,0.03752089297201256,0.019905395467532148,5.313439573131155e-05,7.230977542025057e-11,0.002144279117947101,5.936398126511606e-11,0.0004896591219782533,2.9180146846574372e-09,1.0585406541066901e-05,1.7726268560886494e-09,1.1138189265591019e-10,1.80133725991695e-05,1.3718141203541408e-05,0.006460383280223565,0.00011434356243878901,0.000457352171493403,6.025169355392011e-08,6.051552633126187e-09,3.693260642279114e-08,1.2974311850329298e-07,2.2192708645127227e-09,1.3667862910307973e-05,0.0002940355979606278,3.153125927272163e-07,0.0007532676654456858,6.665831236910315e-09,2.170911982877607e-05,6.186272609330042e-08,7.74048438718066e-06,9.405315140002182e-11,1.0680991257317073e-10,1.558845741466874e-06,1.470420942662162e-07,3.883140667300952e-12,1.1766985768383722e-10,4.5053265034751253e-11
2.2916462345825177e-06,0.16628943999999996,0.8585084662769803,0.0,0.0,0.4442109929220212,0.08963989989730517,0.01133884419334792,8.960332567665883e-06,0.002880783930526527,0.0375458455993571,0.0199163450062771,5.311983751729857e-05,7.244294162839379e-11,0.002143988817066019,5.935143823582562e-11,0.0004897172506047332,2.9178073564135646e-09,1.0576701835344663e-05,1.773812715160101e-09,1.1144057210804566e-10,1.7996297776554945e-05,1.3727683687705585e-05,0.0064595233497674355,0.00011350511580015455,0.00045749113623573,5.982866267841753e-08,6.048003475792867e-09,3.693067749192347e-08,1.2974959991682686e-07,2.2347192056173977e-09,1.3759533819862422e-05,0.00029591719956899423,3.1547835518105846e-07,0.0007537675523951265,6.664915068058908e-09,2.172422125453612e-05,6.189662822223744e-08,7.737866682355942e-06,9.413138238708518e-11,1.0685419820533451e-10,1.5599448023546387e-06,1.4700150457160249e-07,3.8858338205281255e-12,1.1757285223374284e-10,4.493583426085697e-11
2.293110810118976e-06,0.16628943999999996,0.8585084662769803,0.0,0.0,0.44421006189624246,0.08962811448046999,0.011333728521856984,8.961297333280392e-06,0.0028809336167289865,0.03757079615228671,0.019927283832850858,5.310528484343845e-05,7.257624218063651e-11,0.0021436986307547426,5.933890245649567e-11,0.000489775361878753,2.9176003012366148e-09,1.0567998975201906e-05,1.7749977870506458e-09,1.1149917891709255e-10,1.797928740668278e-05,1.3737223959894452e-05,0.006458663309252844,0.00011267456615300599,0.00045763002102887183,5.940951267337625e-08,6.0444566164123e-09,3.6928776342347504e-08,1.2975599283620007e-07,2.2502471991943936e-09,1.3851644534016374e-05,0.00029780714710452006,3.156439569380446e-07,0.0007542673678482187,6.66399901267363e-09,2.1739319179768207e-05,6.193049462904762e-08,7.735249446918448e-06,9.420958280512147e-11,1.0689841617722539e-10,1.5610435372474438e-06,1.4696092487393511e-07,3.888526192721819e-12,1.1747586335189206e-10,4.4819457510421726e-11
2.2945753856554345e-06,0.16628943999999996,0.8585084662769803,0.0,0.0,0.44420911454774487,0.08961633098846233,0.011328615166604262,8.962255362395402e-06,0.002881081443718571,0.03759574461877628,0.019938211992017597,5.309073773207021e-05,7.270967702789876e-11,0.0021434085593074652,5.932637396696901e-11,0.0004898334557926618,2.917393520092245e-09,1.0559298035176101e-05,1.776182075263492e-09,1.1155771308597857e-10,1.7962341438111232e-05,1.3746762023476265e-05,0.006457803159812067,0.00011185185375391274,0.0004577688260239686,5.899421606451393e-08,6.0409120545120546e-09,3.6926902958167394e-08,1.2976229801399197e-07,2.2658546437357954e-09,1.3944193436294869e-05,0.0002997053989083585,3.1580939894430606e-07,0.0007547671116765033,6.663083073295176e-09,2.1754413609802392e-05,6.196432546349579e-08,7.732632682276122e-06,9.428775288501987e-11,1.0694256677636716e-10,1.5621419466843981e-06,1.469203552731561e-07,3.891217785432384e-12,1.1737889190438763e-10,4.4704127918530616e-11
2.296039961191893e-06,0.16628943999999996,0.8585084662769803,0.0,0.0,0.4442081509791814,0.08960454941816239,0.0113235041269076,8.963206715442715e-06,0.002881227427607204,0.03762069098690164,0.019949129528991017,5.307619620540873e-05,7.284324612129339e-11,0.0021431186030126666,5.931385280684068e-11,0.000489891532338717,2.9171870139326822e-09,1.0550599089506974e-05,1.7773655833442778e-09,1.1161617462140957e-10,1.7945459813508553e-05,1.3756297881813104e-05,0.006456942902594599,0.00011103691852821495,0.00045790755137383723,5.85827451610543e-08,6.037369789601363e-09,3.692505732220709e-08,1.2976851619824906e-07,2.2815413337001744e-09,1.4037178887484286e-05,0.0003016119128892423,3.1597468214381257e-07,0.000755266783755399,6.662167252457037e-09,2.1769504549958963e-05,6.199812087688822e-08,7.730016389828855e-06,9.436589285758859e-11,1.0698665029229322e-10,1.56324003121004e-06,1.4687979586908913e-07,3.893908600217728e-12,1.172819387541242e-10,4.458983854273128e-11
2.2975045367283513e-06,0.16628943999999996,0.8585084662769803,0.0,0.0,0.44420717129392134,0.089592769766446,0.011318395402082343,8.964151452447303e-06,0.002881371584399626,0.037645635244840006,0.019960036489410898,5.3061660285542854e-05,7.297694941213062e-11,0.0021428287621531026,5.93013390154551e-11,0.0004899495915090787,2.9169807836966947e-09,1.0541902212130701e-05,1.7785483148789895e-09,1.1167456353385046e-10,1.7928642469695705e-05,1.3765831538260772e-05,0.006456082538766556,0.00011022970009457371,0.0004580461972328922,5.8175072068443054e-08,6.033829821171132e-09,3.692323941604805e-08,1.297746481324243e-07,2.2973070596715286e-09,1.4130599226649226e-05,0.0003035266465459239,3.161398074780133e-07,0.0007557663839641372,6.661251552684733e-09,2.1784592005548275e-05,6.203188102199285e-08,7.727400570968377e-06,9.444400295344042e-11,1.0703066701641773e-10,1.5643377913741952e-06,1.4683924676141856e-07,3.896598638642887e-12,1.1718500476070993e-10,4.44765823667563e-11
2.2989691122648097e-06,0.16628943999999996,0.8585084662769803,0.0,0.0,0.44420617559600367,0.08958099203018553,0.011313288991441323,8.96508963302333e-06,0.002881513929992399,0.03767057738087038,0.01997093291931967,5.304712999443374e-05,7.311078685192215e-11,0.00214253903700579,5.928883263190303e-11,0.000490007633295811,2.9167748303095718e-09,1.0533207476674091e-05,1.7797302734918834e-09,1.1173287983750403e-10,1.7911889337691457e-05,1.3775362996168678e-05,0.006455222069510067,0.00010943013778935333,0.0004581847637570695,5.777116870099895e-08,6.030292148693941e-09,3.692144922006702e-08,1.2978069455532077e-07,2.313151608518079e-09,1.4224452772146505e-05,0.00030544955698950965,3.1630477588549073e-07,0.0007562659121856937,6.660335976495064e-09,2.1799675981870566e-05,6.206560605296052e-08,7.724785227078081e-06,9.45220834028817e-11,1.0707461724190709e-10,1.565435227731826e-06,1.4679870804966868e-07,3.899287902279609e-12,1.1708809078038848e-10,4.4364352304233644e-11
2.300433687801268e-06,0.16628943999999996,0.8585084662769803,0.0,0.0,0.44420516399009025,0.08956921620625038,0.01130818489429483,8.966021316370327e-06,0.002881654480172951,0.03769551738337403,0.01998181886513915,5.3032605353912915e-05,7.324475839238526e-11,0.002142249427841995,5.92763336950186e-11,0.000490065657690877,2.9165691546830943e-09,1.0524514956448878e-05,1.7809114628434217e-09,1.1179112355028868e-10,1.7895200342759883e-05,1.378489225887975e-05,0.0064543614960226895,0.00010863817069081456,0.0004583232511037477,5.7371006794489694e-08,6.026756771624017e-09,3.691968671347399e-08,1.2978665620103612e-07,2.3290747635507164e-09,1.431873782263521e-05,0.0003073806009656705,3.164695883016247e-07,0.000756765368306724,6.659420526395357e-09,2.18147564842158e-05,6.20992961252459e-08,7.7221703595329e-06,9.460013443580462e-11,1.071185012635524e-10,1.5665323408428892e-06,1.467581798331829e-07,3.9019763927059305e-12,1.1699119766596256e-10,4.4253141202381666e-11
2.3018982633377265e-06,0.16628943999999996,0.8585084662769803,0.0,0.0,0.4442041365814195,0.08955744229150779,0.01130308310995064,8.966946561269614e-06,0.002881793250618682,0.037720455240834824,0.019992694373647403,5.3018086385680726e-05,7.337886398544674e-11,0.0021419599349272256,5.92638422433765e-11,0.0004901236646861395,2.9163637577155284e-09,1.0515824724446081e-05,1.782091886628219e-09,1.118492946938143e-10,1.7878575404460255e-05,1.3794419329730336e-05,0.006453500819516797,0.00010785373764309487,0.0004584616594316721,5.697455791861897e-08,6.023223689397286e-09,3.691795187435022e-08,1.2979253379891052e-07,2.3450763046809576e-09,1.4413452658081803e-05,0.00030931973487670464,3.166342456582693e-07,0.0007572647522174947,6.658505204882756e-09,2.182983351786356e-05,6.213295139552931e-08,7.719555969699149e-06,9.46781562815826e-11,1.0716231937764292e-10,1.5676291312721836e-06,1.467176622111033e-07,3.9046641115057624e-12,1.1689432626671777e-10,4.414294184568457e-11
2.303362838874185e-06,0.16628943999999996,0.8585084662769803,0.0,0.0,0.4442030934757605,0.08954567028282337,0.01129798363771397,8.96786542608091e-06,0.0028819302568961224,0.037745390941839506,0.02000355949195584,5.300357311130447e-05,7.35131035832463e-11,0.002141670558521218,5.925135831528903e-11,0.0004901816542733574,2.9161586402916078e-09,1.0507136853330449e-05,1.783271548573e-09,1.1190739329335677e-10,1.7862014436699164e-05,1.3803944212050135e-05,0.006452640041218973,0.00010707677727995498,0.00045859998890087906,5.6581793489413745e-08,6.01969290143133e-09,3.691624467968614e-08,1.2979832807347697e-07,2.3611560085782452e-09,1.4508595540759281e-05,0.000311266914803431,3.167987488834428e-07,0.0007577640638118157,6.6575900144434776e-09,2.1844907088082882e-05,6.216657202163926e-08,7.716942058934388e-06,9.47561491689699e-11,1.0720607188184081e-10,1.5687255995892007e-06,1.466771552823503e-07,3.90735106026848e-12,1.1679747742834843e-10,4.403374695954485e-11
2.3048274144106433e-06,0.16628943999999996,0.8585084662769803,0.0,0.0,0.4442020347793675,0.0895339001770619,0.011292886476887495,8.968777968739166e-06,0.0028820655144601343,0.03777032447507798,0.020014414267486434,5.298906555221675e-05,7.364747713814043e-11,0.002141381298877941,5.923888194880332e-11,0.0004902396264441852,2.9159538032825252e-09,1.049845141543497e-05,1.7844504524345777e-09,1.1196541937783112e-10,1.784551734778489e-05,1.3813466909162093e-05,0.006451779162369407,0.00010630722804827041,0.0004587382396726203,5.619268478150039e-08,6.016164407125465e-09,3.6914565105419484e-08,1.2980403974441334e-07,2.3773136488263902e-09,1.460416471623932e-05,0.0003132220965268954,3.169630989010268e-07,0.0007582633029869705,6.656674957552143e-09,2.185997720013215e-05,6.220015816247524e-08,7.71432862858729e-06,9.483411332600398e-11,1.0724975907505709e-10,1.5698217463679745e-06,1.4663665914560247e-07,3.91003724058851e-12,1.1670065199288339e-10,4.392554921390954e-11
2.3062919899471017e-06,0.16628943999999996,0.8585084662769803,0.0,0.0,0.44420096059893505,0.08952213197108792,0.011287791626771345,8.969684246751581e-06,0.002882199038653172,0.03779525582934356,0.020025258747949234,5.297456372971379e-05,7.378198460270529e-11,0.002141092156245582,5.922641318169863e-11,0.0004902975811901705,2.915749247545933e-09,1.0489768482755491e-05,1.7856286019978469e-09,1.120233729797631e-10,1.7829084040483948e-05,1.3822987424382362e-05,0.006450918184221289,0.00010554502823124816,0.00045887641190928884,5.580720294025834e-08,6.012638205860729e-09,3.691291312647308e-08,1.298096695264976e-07,2.393548996079102e-09,1.4700158414376733e-05,0.0003151852355498671,3.1712729663048137e-07,0.0007587624696436483,6.655760036671049e-09,2.1875043859258944e-05,6.223370997793164e-08,7.711715679997503e-06,9.491204897991212e-11,1.0729338125732877e-10,1.5709175721869294e-06,1.4659617389927687e-07,3.912722654064931e-12,1.1660385079861404e-10,4.381834122686665e-11
2.30775656548356e-06,0.16628943999999996,0.8585084662769803,0.0,0.0,0.44419987104155356,0.08951036566176646,0.011282699086663088,8.970584317194856e-06,0.002882330844704598,0.037820184993533144,0.020036092981320048,5.296006766495372e-05,7.39166259297401e-11,0.002140803130866551,5.921395205148356e-11,0.0004903555185027534,2.915544973925937e-09,1.048108812694539e-05,1.7868060010737964e-09,1.1208125413525927e-10,1.7812714412079677e-05,1.3832505761020201e-05,0.006450057108040207,0.0001047901159713495,0.0004590145057743458,5.542531899384155e-08,6.009114296999922e-09,3.691128871679281e-08,1.2981521812956541e-07,2.409861818214309e-09,1.4796574850284919e-05,0.000317156287118109,3.172913429865684e-07,0.0007592615636858744,6.654845254249531e-09,2.1890107070699978e-05,6.226722762882217e-08,7.709103214495512e-06,9.498995635702077e-11,1.073369387296978e-10,1.5720130776287272e-06,1.465556996415093e-07,3.915407302301075e-12,1.1650707468002272e-10,4.3712115568208176e-11
2.3092211410200185e-06,0.16628943999999996,0.8585084662769803,0.0,0.0,0.44419876621466514,0.0894986012459636,0.011277608855857742,8.971478236712615e-06,0.0028824609477300363,0.037845111956647345,0.020046917015818427,5.294557737895498e-05,7.405140107226994e-11,0.0021405142229774772,5.920149859539333e-11,0.0004904134383732651,2.915340983253104e-09,1.0472410419310361e-05,1.7879826534975457e-09,1.1213906288397626e-10,1.7796408354432897e-05,1.3842021922377929e-05,0.006449195935103529,0.00010404242929290058,0.0004591525214322478,5.5047003865056995e-08,6.005592679887651e-09,3.690969184938514e-08,1.2982068625846946e-07,2.4262518804872984e-09,1.489341222530197e-05,0.00031913520624140233,3.174552388790901e-07,0.0007597605850209391,6.6539306127232684e-09,2.1905166839680978e-05,6.230071127680528e-08,7.706491233402528e-06,9.506783568266902e-11,1.0738043179409126e-10,1.5731082632801153e-06,1.4651523647013483e-07,3.918091186904128e-12,1.164103244677125e-10,4.3606864762958055e-11
2.310685716556477e-06,0.16628943999999996,0.8585084662769803,0.0,0.0,0.44419764622602115,0.08948683872054716,0.011272520933647761,8.972366061513041e-06,0.002882589362730789,0.0378700367077906,0.020057730899885922,5.293109289259463e-05,7.418630998354851e-11,0.002140225432809214,5.918905285038727e-11,0.0004904713407929266,2.9151372763444715e-09,1.0463735430803266e-05,1.7891585631264038e-09,1.1219679926908797e-10,1.778016575404448e-05,1.3851535911750856e-05,0.00644833466669981,0.00010330190612437359,0.0004592904590483754,5.467222838309164e-08,6.002073353850361e-09,3.6908122496354684e-08,1.2982607461304207e-07,2.4427189456823766e-09,1.4990668727946049e-05,0.00032112194771430965,3.176189852126377e-07,0.0007602595335593295,6.653016114513661e-09,2.1920223171416585e-05,6.233416108431057e-08,7.703879738030332e-06,9.514568718112557e-11,1.0742386075320339e-10,1.5742031297317716e-06,1.4647478448266918e-07,3.920774309484742e-12,1.1631360098833816e-10,4.3502581294859666e-11
2.3121502920929354e-06,0.16628943999999996,0.8585084662769803,0.0,0.0,0.44419651118363845,0.08947507808238742,0.011267435319323043,8.973247847366711e-06,0.0028827161045932924,0.037894959236171255,0.02006853468216462,5.2916614226606825e-05,7.432135261706074e-11,0.00213993676058684,5.917661485314615e-11,0.0004905292257528472,2.9149338540035525e-09,1.0455063232019104e-05,1.7903337338379497e-09,1.1225446333725229e-10,1.7763986492119877e-05,1.3861047732427247e-05,0.006447473304128191,0.00010256848432032173,0.00045942831878896274,5.430096329507707e-08,5.9985563181963916e-09,3.690658062894152e-08,1.2983138388805944e-07,2.4592627742630463e-09,1.508834253485975e-05,0.0003231164661366579,3.1778258288635245e-07,0.0007607584092146584,6.65210176202719e-09,2.193527607111028e-05,6.236757721446596e-08,7.701268729681177e-06,9.522351107550903e-11,1.0746722591037941e-10,1.5752976775781524e-06,1.4643434377628928e-07,3.923456671656654e-12,1.162169050645389e-10,4.339925760982256e-11
2.3136148676293938e-06,0.16628943999999996,0.8585084662769803,0.0,0.0,0.44419536119575814,0.08946331932835762,0.011262352012170922,8.97412364960464e-06,0.002882841188088631,0.037919879531101534,0.020079328411475965,5.290214140158114e-05,7.445652892652515e-11,0.00213964820652966,5.916418464006969e-11,0.0004905870932440248,2.9147307170203542e-09,1.0446393893190052e-05,1.7915081695281427e-09,1.1231205513857599e-10,1.77478704446353e-05,1.3870557387688264e-05,0.006446611848697788,0.00010184210168295281,0.00045956610082102846,5.393317927748552e-08,5.995041572216017e-09,3.6905066217558076e-08,1.298366147732089e-07,2.4758831245204715e-09,1.518643181174225e-05,0.00032511871593372875,3.1794603279369927e-07,0.0007612572119035944,6.65118755765479e-09,2.1950325543954297e-05,6.24009598310261e-08,7.698658209647646e-06,9.530130758771167e-11,1.0751052756950081e-10,1.576391907417338e-06,1.4639391444781508e-07,3.926138275036305e-12,1.1612023751487121e-10,4.3296886119324255e-11
2.315079443165852e-06,0.16628943999999996,0.8585084662769803,0.0,0.0,0.4441941963708043,0.08945156245533475,0.011257271011476184,8.974993523116458e-06,0.0028829646278720937,0.03794479758199761,0.02009011213679997,5.288767443796112e-05,7.45918388658961e-11,0.0021393597708512214,5.915176224727413e-11,0.0004906449432573434,2.914527866171399e-09,1.0437727484180608e-05,1.7926818741094566e-09,1.1236957472657875e-10,1.773181748240585e-05,1.3880064880807906e-05,0.006445750301727106,0.00010112269598332624,0.00045970380531230713,5.356884694734648e-08,5.991529115181518e-09,3.690357923182596e-08,1.2984176795305792e-07,2.492579752720192e-09,1.5284934714268904e-05,0.00032712865137613845,3.181093358222507e-07,0.0007617559415457922,6.650273503771285e-09,2.1965371595129573e-05,6.243430909830181e-08,7.69604817921255e-06,9.537907693832698e-11,1.0755376603487321e-10,1.5774858198508802e-06,1.4635349659369155e-07,3.928819121242467e-12,1.160235991537444e-10,4.3195459203764136e-11
2.3165440187023106e-06,0.16628943999999996,0.8585084662769803,0.0,0.0,0.44419301681734313,0.08943980746019996,0.011252192316521054,8.975857522348871e-06,0.0028830864384827765,0.03796971337837947,0.020100885907254715,5.287321335604262e-05,7.472728238936573e-11,0.0021390714537593116,5.913934771058976e-11,0.0004907027757835741,2.9143253022197437e-09,1.0429064074482819e-05,1.7938548515090486e-09,1.1242702215815597e-10,1.7715827471155122e-05,1.388957021505301e-05,0.006444888664543443,0.00010041020498216066,0.0004598414324311827,5.320793687327846e-08,5.9880189463472364e-09,3.690211964061237e-08,1.298468441070258e-07,2.5093524132469296e-09,1.5383849388997337e-05,0.00032914622659939587,3.1827249285348447e-07,0.0007622545980638223,6.649359602734768e-09,2.1980414229805665e-05,6.246762518109051e-08,7.693438639648808e-06,9.545681934658037e-11,1.0759694161111567e-10,1.5785794154836475e-06,1.4631309030997052e-07,3.93149921189588e-12,1.1592699079135607e-10,4.309496921576903e-11
2.318008594238769e-06,0.16628943999999996,0.8585084662769803,0.0,0.0,0.44419182264404355,0.08942805433983934,0.011247115926585206,8.976715701304216e-06,0.002883206634343238,0.037994626909870884,0.020111649772076162,5.2858758175972384e-05,7.486285945136607e-11,0.0021387832554559776,5.912694106555854e-11,0.0004907605908133737,2.9141230259150007e-09,1.0420403733211629e-05,1.7950271056669518e-09,1.124843974935406e-10,1.769990027158652e-05,1.3899073393683175e-05,0.0064440269384822965,9.970456645023831e-05,0.00045997898234662304,5.28504195863271e-08,5.9845110649496484e-09,3.69006874120661e-08,1.2985184390935771e-07,2.5262008587473437e-09,1.548317397425946e-05,0.00033117139562312395,3.184355047625903e-07,0.0007627531813831018,6.648445856886062e-09,2.1995453453140724e-05,6.250090824460802e-08,7.690829592219323e-06,9.553453503026366e-11,1.076400546030521e-10,1.5796726949236733e-06,1.4627269569229335e-07,3.934178548618889e-12,1.1583041323363025e-10,4.299540848344537e-11
2.3194731697752274e-06,0.16628943999999996,0.8585084662769803,0.0,0.0,0.44419061395963744,0.08941630309114448,0.01124204184094577,8.977568113539252e-06,0.002883325229759199,0.0380195381661993,0.02012240378059847,5.284430891774656e-05,7.499857000657057e-11,0.002138495176137531,5.911454234743181e-11,0.0004908183883372845,2.9139210379933792e-09,1.04117465291003e-05,1.7961986405343033e-09,1.1254170079626357e-10,1.7684035739456034e-05,1.3908574419950768e-05,0.006443165124886795,9.900571818839536e-05,0.00046011645522811453,5.249626559060371e-08,5.981005470207438e-09,3.689928251365326e-08,1.2985676802910045e-07,2.5431248402707675e-09,1.5582906601039034e-05,0.0003332041123699338,3.1859837241828925e-07,0.0007632516914318252,6.647532268548162e-09,2.201048927028142e-05,6.253415845442162e-08,7.688221038176894e-06,9.561222420567243e-11,1.0768310531560523e-10,1.580765658782002e-06,1.4623231283587334e-07,3.936857133035097e-12,1.1573386728215559e-10,4.2896769313578417e-11
2.3209377453116858e-06,0.16628943999999996,0.8585084662769803,0.0,0.0,0.44418939087288223,0.08940455371101308,0.011236970058877326,8.978414812164128e-06,0.002883442238919284,0.03804444713719561,0.020133147982234523,5.282986560120915e-05,7.513441400989568e-11,0.0021382072159945634,5.910215159116809e-11,0.0004908761683457341,2.9137193391777052e-09,1.0403092530495971e-05,1.7973694600716047e-09,1.1259893213311383e-10,1.7668233725646443e-05,1.3918073297100864e-05,0.006442303225107096,9.831359804708629e-05,0.0004602538512455998,5.2145445373717614e-08,5.9775021613215565e-09,3.6897904912192485e-08,1.2986161713008125e-07,2.560124107407597e-09,1.5683045393833622e-05,0.0003352443306839384,3.187610966826649e-07,0.000763750128140894,6.646618840025702e-09,2.202552168636292e-05,6.256737597638412e-08,7.68561297876409e-06,9.568988708754728e-11,1.0772609405369213e-10,1.5818583076725383e-06,1.461919418354795e-07,3.939534966769009e-12,1.156373537341262e-10,4.279904399477483e-11
2.322402320848144e-06,0.16628943999999996,0.8585084662769803,0.0,0.0,0.44418815349252294,0.08939280619634948,0.011231900579651928,8.979255849841504e-06,0.0028835576758948073,0.038069353812794055,0.020143882426456945,5.28154282460507e-05,7.527039141650245e-11,0.0021379193752119616,5.908976883143084e-11,0.0004909339308290347,2.9135179301774627e-09,1.0394441805355256e-05,1.7985395682470112e-09,1.1265609157409685e-10,1.7652494076242944e-05,1.392757002837127e-05,0.006441441240499833,9.762814394551314e-05,0.0004603911705694152,5.1797929416996364e-08,5.974001137475335e-09,3.689655457388975e-08,1.2986639187088796e-07,2.5771984084255195e-09,1.5783588471501283e-05,0.00033729200434889754,3.189236784110035e-07,0.0007642484914438496,6.645705573604437e-09,2.2040550706508847e-05,6.260056097656942e-08,7.683005415213155e-06,9.576752388901803e-11,1.0776902112212248e-10,1.5829506422118974e-06,1.461515827854194e-07,3.942212051445703e-12,1.155408733822828e-10,4.2702224800546634e-11
2.3238668963846026e-06,0.16628943999999996,0.8585084662769803,0.0,0.0,0.44418690192725585,0.08938106054406526,0.011226833402539093,8.980091278785874e-06,0.002883671554639613,0.038094258183031963,0.020154607162779527,5.2800996871806784e-05,7.540650218179748e-11,0.002137631653968924,5.907739410258624e-11,0.0004909916757773843,2.913316811688834e-09,1.0385794421240007e-05,1.7997089690346642e-09,1.1271317919239241e-10,1.7636816632609993e-05,1.393706461699246e-05,0.006440579172427542,9.694929389031029e-05,0.00046052841337023136,5.1453688205489364e-08,5.9705023978345466e-09,3.689523146437289e-08,1.2987109290485213e-07,2.5943474904032613e-09,1.588453394809064e-05,0.00033934708710598284,3.1908611845164727e-07,0.0007647467812768043,6.6447924715507715e-09,2.2055576335831278e-05,6.263371362120952e-08,7.680398348745916e-06,9.584513482155146e-11,1.0781188682549916e-10,1.5840426630192512e-06,1.461112357795236e-07,3.944888388690491e-12,1.1544442701485594e-10,4.2606303992337207e-11
2.325331471921061e-06,0.16628943999999996,0.8585084662769803,0.0,0.0,0.44418563628569274,0.08936931675107981,0.011221768526805816,8.980921150763026e-06,0.0028837838889899407,0.038119160238049496,0.020165322240738952,5.2786571497856755e-05,7.554274626143421e-11,0.0021373440524389783,5.906502743870125e-11,0.0004910494031808653,2.91311598439474e-09,1.037715044531315e-05,1.8008776664130509e-09,1.1277019506431179e-10,1.762120123146945e-05,1.3946557066187602e-05,0.006439717022258095,9.627698599377629e-05,0.00046066557981899313,5.11126922377485e-08,5.967005941547514e-09,3.689393554872524e-08,1.298757208800338e-07,2.611571099361896e-09,1.5985879933654468e-05,0.0003414095326711548,3.192484176458556e-07,0.000765244997578374,6.643879536111255e-09,2.207059857943068e-05,6.266683407663259e-08,7.677791780573672e-06,9.592272009490181e-11,1.0785469146812049e-10,1.5851343707161816e-06,1.460709009111295e-07,3.947563980128603e-12,1.1534801541551048e-10,4.251127382248347e-11
2.3267960474575194e-06,0.16628943999999996,0.8585084662769803,0.0,0.0,0.44418435667632566,0.08935757481432094,0.011216705951716576,8.981745517089705e-06,0.002883894692664348,0.03814405996808938,0.020176027709877073,5.277215214342221e-05,7.56791236113139e-11,0.0021370565707900004,5.905266887354152e-11,0.0004911071130294465,2.912915448964883e-09,1.0368509944334643e-05,1.8020456643634029e-09,1.1282713926925354e-10,1.7605647704979723e-05,1.3956047379172515e-05,0.0064388547913641625,9.561115849164605e-05,0.00046080267008686215,5.077491203538316e-08,5.96351176774519e-09,3.6892666791519167e-08,1.298802764392082e-07,2.6288689803936398e-09,1.6087624535046153e-05,0.0003434792947521435,3.1941057682767904e-07,0.000765743140289611,6.642966769512135e-09,2.2085617442395937e-05,6.269992250920265e-08,7.675185711897109e-06,9.600027991706488e-11,1.0789743535388583e-10,1.5862257659265314e-06,1.460305782730662e-07,3.950238827384857e-12,1.1525163936329148e-10,4.2417126537117254e-11
2.328260622993978e-06,0.16628943999999996,0.8585084662769803,0.0,0.0,0.44418306320749357,0.08934583473072524,0.011211645676533355,8.982564428633417e-06,0.0028840039792636684,0.03816895736349659,0.020186723619723488,5.275773882756586e-05,7.581563418758632e-11,0.002136769209184236,5.904031844056947e-11,0.000491164805312982,2.9127152060557975e-09,1.0359872984657499e-05,1.8032129668681344e-09,1.128840118896592e-10,1.7590155880816155e-05,1.3965535559155704e-05,0.006437992481122648,9.495174976039665e-05,0.00046093968434516094,5.044031815238401e-08,5.9600198755412774e-09,3.689142515684885e-08,1.298847602198553e-07,2.6462408777880052e-09,1.6189765856698663e-05,0.0003455563270650272,3.195725968238415e-07,0.0007662412093539372,6.642054173958913e-09,2.210063292980432e-05,6.273297908526066e-08,7.672580143906222e-06,9.607781449423474e-11,1.0794011878620278e-10,1.5873168492762603e-06,1.4599026795763932e-07,3.9529129320833645e-12,1.1515529963257143e-10,4.232385437900151e-11
2.3297251985304362e-06,0.16628943999999996,0.8585084662769803,0.0,0.0,0.4441817559873483,0.08933409649723889,0.011206587700515627,8.983377935812386e-06,0.0028841117622710076,0.03819385241471801,0.02019741001977864,5.274333156919013e-05,7.595227794665042e-11,0.0021364819677783206,5.902797617294224e-11,0.0004912224800212119,2.912515256310901e-09,1.0351239632223974e-05,1.8043795779093131e-09,1.1294081301096766e-10,1.757472558225223e-05,1.397502160933833e-05,0.006437130092914169,9.429869833408135e-05,0.0004610766227653176,5.010888118421368e-08,5.956530264032307e-09,3.689021060836256e-08,1.2988917285415037e-07,2.6636865351553403e-09,1.6292302001385822e-05,0.0003476405833504004,3.197344784536335e-07,0.0007667392047170789,6.641141751635916e-09,2.2115645046721502e-05,6.27660039710669e-08,7.669975077780211e-06,9.615532403076417e-11,1.0798274206789712e-10,1.5884076213932926e-06,1.459499700566165e-07,3.955586295847217e-12,1.150589969929991e-10,4.223144959030119e-11
2.3311897740668946e-06,0.16628943999999996,0.8585084662769803,0.0,0.0,0.4441804351238236,0.08932236011081787,0.011201532022920395,8.984186088595692e-06,0.0028842180550517796,0.03821874511230208,0.020208086959497325,5.272893038703587e-05,7.608905484515504e-11,0.0021361948467233053,5.901564210351008e-11,0.0004912801371437643,2.912315600360545e-09,1.0342609952561815e-05,1.8055455014671722e-09,1.1299754272156927e-10,1.7559356628241812e-05,1.3984505532914218e-05,0.006436267628122515,9.365194292068741e-05,0.00046121348551881274,4.9780571776660384e-08,5.953042932297768e-09,3.6889023109294366e-08,1.2989351496895757e-07,2.6812056955475593e-09,1.6395231070965233e-05,0.00034973201738912774,3.1989622252881475e-07,0.0007672371263270006,6.640229504705901e-09,2.213065379820154e-05,6.279899733274527e-08,7.6673705146874e-06,9.623280872912699e-11,1.0802530550112562e-10,1.5894980829073815e-06,1.459096846612132e-07,3.958258920298202e-12,1.149627322094501e-10,4.2139904415288255e-11
2.332654349603353e-06,0.16628943999999996,0.8585084662769803,0.0,0.0,0.44417910072460265,0.08931062556842878,0.011196478643002168,8.984988936503533e-06,0.002884322870853787,0.038243635446898426,0.020218754488272588,5.2714535299681206e-05,7.622596483999904e-11,0.0021359078461646807,5.900331626481437e-11,0.0004913377766701541,2.912116238822074e-09,1.0333984010780636e-05,1.8067107415186633e-09,1.1305420111275894e-10,1.7544048833502126e-05,1.3993987333069855e-05,0.006435405088134128,9.301142241801349e-05,0.0004613502727771279,4.945536063445129e-08,5.94955787940021e-09,3.6887862622495274e-08,1.2989778718582435e-07,2.698798101576247e-09,1.649855116710331e-05,0.00035183058301767886,3.200578298535248e-07,0.0007677349741338426,6.63931743530966e-09,2.214565918928692e-05,6.283195933622831e-08,7.664766455785178e-06,9.631026878988437e-11,1.0806780938729052e-10,1.5905882344499608e-06,1.458694118620788e-07,3.960930807056507e-12,1.1486650604197812e-10,4.204921110297848e-11
2.3341189251398114e-06,0.16628943999999996,0.8585084662769803,0.0,0.0,0.44417775289708816,0.08929889286704902,0.011191427560013017,8.985786528607665e-06,0.0028844262228073293,0.03826852340925734,0.020229412655420123,5.270014632554033e-05,7.636300788833174e-11,0.0021356209662424046,5.899099868908604e-11,0.0004913953985897854,2.911917172299885e-09,1.0325361871568411e-05,1.8078753020360405e-09,1.1311078827868899e-10,1.752880200859759e-05,1.4003467012984431e-05,0.006434542474337598,9.237707592906402e-05,0.00046148698471169423,4.913321852962587e-08,5.946075104385361e-09,3.68867291104638e-08,1.299019901209789e-07,2.7164634955277974e-09,1.660226039198119e-05,0.00035393623414303895,3.202193012242049e-07,0.0007682327480898556,6.638405545565648e-09,2.216066122500851e-05,6.286489014720437e-08,7.662162902219897e-06,9.63877044116529e-11,1.0811025402695719e-10,1.591678076654006e-06,1.4582915174928325e-07,3.96360195774045e-12,1.1477031924576863e-10,4.1959361909700974e-11
2.33558350067627e-06,0.16628943999999996,0.8585084662769803,0.0,0.0,0.444176391748373,0.08928716200366753,0.011186378773202544,8.986578913531938e-06,0.002884528123925352,0.03829340899022949,0.020240061510163113,5.2685763482862206e-05,7.650018394755304e-11,0.0021353342070909247,5.897868940824377e-11,0.0004914530028919517,2.9117184013854823e-09,1.0316743599188042e-05,1.8090391869854917e-09,1.1316730431632126e-10,1.751361596002427e-05,1.4012944575829821e-05,0.006433679788123153,9.174884277695855e-05,0.00046162362149384384,4.881411630966439e-08,5.942594606282238e-09,3.6885622535375766e-08,1.299061243853286e-07,2.7342016194758153e-09,1.6706356848982305e-05,0.00035604892475719446,3.2038063742952675e-07,0.0007687304481493393,6.637493837569639e-09,2.2175659910385668e-05,6.28977899310661e-08,7.659559855126821e-06,9.646511579107615e-11,1.0815263971977404e-10,1.5927676101538945e-06,1.4578890441230396e-07,3.966272373966207e-12,1.146741725710934e-10,4.1870349101598124e-11
2.3370480762127282e-06,0.16628943999999996,0.8585084662769803,0.0,0.0,0.4441750173852114,0.08927543297528512,0.011181332281817925,8.987366139453031e-06,0.002884628587103636,0.03831829218076537,0.020250701101617478,5.26713867897296e-05,7.66374929753133e-11,0.002135047568839214,5.89663884538926e-11,0.0004915105895658379,2.9115199266575503e-09,1.0308129257474077e-05,1.8102024003258065e-09,1.1322374932537861e-10,1.7498490490295024e-05,1.40224200247706e-05,0.006432817030882164,9.11266625193539e-05,0.00046176018329476296,4.849802490537281e-08,5.9391163841032895e-09,3.688454285911373e-08,1.299101905844607e-07,2.7520122153906058e-09,1.6810838643360852e-05,0.000358168608951188,3.2054183925033125e-07,0.0007692280742685796,6.63658231339439e-09,2.2190655250426186e-05,6.293065885286026e-08,7.656957315630052e-06,9.654250312279858e-11,1.0819496676439516e-10,1.59385683558527e-06,1.4574866994001327e-07,3.968942057347551e-12,1.145780667632668e-10,4.178216495705679e-11
2.3385126517491866e-06,0.16628943999999996,0.8585084662769803,0.0,0.0,0.4441736299139915,0.08926370577891493,0.011176288085103904,8.98814825410128e-06,0.0028847276251210098,0.03834317297191477,0.020261331478777615,5.2657016264057816e-05,7.677493492951347e-11,0.0021347610516107957,5.89540958573222e-11,0.0004915681586005203,2.9113217486820163e-09,1.0299518909829515e-05,1.8113649460070827e-09,1.1328012340829624e-10,1.7483425398025096e-05,1.4031893362964093e-05,0.00643195420400667,9.051047496237944e-05,0.00046189667028544547,4.818491533852178e-08,5.935640436844496e-09,3.6883490043295564e-08,1.2991418931864483e-07,2.7698950252457378e-09,1.691570388289124e-05,0.0003602952409287445,3.2070290745957315e-07,0.0007697256264057898,6.635670975089318e-09,2.220564725012636e-05,6.296349707723932e-08,7.654355284842455e-06,9.661986659944187e-11,1.0823723545840507e-10,1.5949457535849055e-06,1.457084484206661e-07,3.971611009495594e-12,1.1448200256260349e-10,4.16948017690691e-11
2.339977227285645e-06,0.16628943999999996,0.8585084662769803,0.0,0.0,0.44417222944070867,0.089251980411583,0.011171246182302821,8.988925304761644e-06,0.002884825250639608,0.03836805135482638,0.020271952690502592,5.264265192359373e-05,7.691250976830461e-11,0.002134474655523774,5.894181164950551e-11,0.0004916257099849687,2.9111238680121153e-09,1.0290912619222707e-05,1.812526827969473e-09,1.133364266701723e-10,1.74684204780183e-05,1.4041364593560354e-05,0.006431091308888892,8.990022017408489e-05,0.0004620330826366479,4.787475872923982e-08,5.932166763485514e-09,3.6882464049302355e-08,1.2991812118283683e-07,2.787849791121678e-09,1.7020950678498316e-05,0.00036242877501946514,3.2086384282227755e-07,0.0007702231045210474,6.634759824680212e-09,2.2220635914471018e-05,6.299630476841447e-08,7.651753763865621e-06,9.669720641158379e-11,1.0827944609824649e-10,1.5960343647905697e-06,1.4566823994188838e-07,3.974279232018547e-12,1.143859807043777e-10,4.160825184752377e-11
2.3414418028221035e-06,0.16628943999999996,0.8585084662769803,0.0,0.0,0.44417081607093967,0.08924025687032848,0.01116620657265462,8.989697338274825e-06,0.0028849214762051503,0.03839292732074712,0.020282564785502763,5.262829378591466e-05,7.705021745008771e-11,0.0021341883806908707,5.892953586109722e-11,0.0004916832437080481,2.9109262851884643e-09,1.0282310448184415e-05,1.8136880501419748e-09,1.1339265921871819e-10,1.745347552135353e-05,1.4050833719702223e-05,0.006430228346920779,8.929583849740183e-05,0.0004621694205188468,4.7567526303159697e-08,5.928695362989814e-09,3.688146483830598e-08,1.299219867666848e-07,2.8058762553065504e-09,1.7126577144868672e-05,0.0003645691656915898,3.2102464609549986e-07,0.0007707205085762384,6.633848864168959e-09,2.223562124843356e-05,6.302908209011015e-08,7.649152753789787e-06,9.677452274774e-11,1.0832159897915056e-10,1.5971226698408976e-06,1.4562804459066547e-07,3.976946726521481e-12,1.1429000191878398e-10,4.1522507521426006e-11
2.342906378358562e-06,0.16628943999999996,0.8585084662769803,0.0,0.0,0.44416938990981747,0.08922853515220429,0.011161169255396869,8.99046440103848e-06,0.0028850163142472587,0.03841780086102177,0.02029316781232687,5.2613941868427394e-05,7.718805793351324e-11,0.002133902227219453,5.89172685224327e-11,0.00049174075975852,2.910729000739135e-09,1.0273712458804912e-05,1.8148486164412585e-09,1.1344882116420881e-10,1.743859031547167e-05,1.4060300744525332e-05,0.006429365319493546,8.869727056262024e-05,0.0004623056841021973,4.726318939832012e-08,5.9252262343048e-09,3.688049237129557e-08,1.2992578665453615e-07,2.823974160393836e-09,1.7232581401042395e-05,0.0003667163675643276,3.2118531802829624e-07,0.0007712178385349973,6.6329380955332535e-09,2.225060325697598e-05,6.30618292055201e-08,7.646552255693796e-06,9.685181579434714e-11,1.0836369439506928e-10,1.5982106693752602e-06,1.4558786245333108e-07,3.979613494606095e-12,1.141940669308992e-10,4.1437561141049076e-11
2.3443709538950203e-06,0.16628943999999996,0.8585084662769803,0.0,0.0,0.4441679510620079,0.08921681525427737,0.011156134229764771,8.991226539008575e-06,0.002885109777079807,0.03844267196709222,0.020303761819349533,5.2599596188367184e-05,7.732603117748051e-11,0.002133616195211572,5.890500966352634e-11,0.0004917982581250437,2.9105320151797276e-09,1.026511871273127e-05,1.8160085307705329e-09,1.1350491261943189e-10,1.742376464426272e-05,1.406976567115815e-05,0.006428502227997246,8.810445729938205e-05,0.00046244187355649294,4.6961719471820566e-08,5.92175937636196e-09,3.687954660910366e-08,1.2992952142544714e-07,2.8421432493771976e-09,1.733896157098585e-05,0.00036887033541975717,3.213458593616986e-07,0.0007717150943626518,6.632027520726379e-09,2.2265581945048934e-05,6.309454627726498e-08,7.643952270645038e-06,9.692908573574916e-11,1.0840573263861075e-10,1.5992983640336375e-06,1.455476936155569e-07,3.9822795378704945e-12,1.1409817646064664e-10,4.135340508001218e-11
2.3458355294314787e-06,0.16628943999999996,0.8585084662769803,0.0,0.0,0.4441664996316864,0.08920509717362905,0.011151101494991178,8.99198379770083e-06,0.0028852018769012925,0.03846754063049704,0.020314346854759288,5.2585256762796814e-05,7.74641371411371e-11,0.002133330284763995,5.889275931407063e-11,0.000491855738796179,2.9103353290134463e-09,1.0256529271164672e-05,1.8171677970184512e-09,1.1356093369963771e-10,1.7408998288153175e-05,1.4079228502722e-05,0.0064276390738203185,8.751733994819486e-05,0.0004625779890511263,4.666308810623304e-08,5.918294788077001e-09,3.687862751243143e-08,1.2993319165319314e-07,2.860383265742271e-09,1.744571578414507e-05,0.0003710310242142989,3.215062708286994e-07,0.0007722122760261651,6.631117141676972e-09,2.2280557317591792e-05,6.312723346735137e-08,7.641352799699414e-06,9.700633275418487e-11,1.0844771400097692e-10,1.6003857544564946e-06,1.4550753816234212e-07,3.984944857908987e-12,1.1400233122276076e-10,4.1270031737291944e-11
2.347300104967937e-06,0.16628943999999996,0.8585084662769803,0.0,0.0,0.4441650357225158,0.08919338090735557,0.011146071050306615,8.992736222192307e-06,0.002885292625795239,0.038492406842870724,0.020324922966546987,5.257092360860563e-05,7.760237578387802e-11,0.002133044495968242,5.888051750343489e-11,0.0004919132017603877,2.910138942731181e-09,1.0247944194857915e-05,1.8183264190580632e-09,1.1361688452248812e-10,1.7394291024193554e-05,1.4088689242331108e-05,0.006426775858349181,8.693586007146863e-05,0.0004627140307550524,4.636726701576904e-08,5.914832468349985e-09,3.68777350418734e-08,1.2993679790628058e-07,2.8786939535555855e-09,1.7552842175980335e-05,0.0003731983890897585,3.2166655315423955e-07,0.0007727093834940831,6.630206960288801e-09,2.2295529379532678e-05,6.315989093713261e-08,7.638753843901287e-06,9.708355702977866e-11,1.0848963877190366e-10,1.6014728412846582e-06,1.45467396178004e-07,3.987609456311861e-12,1.139065319267542e-10,4.118743353916013e-11
2.3487646805043955e-06,0.16628943999999996,0.8585084662769803,0.0,0.0,0.4441635594376252,0.08918166645256834,0.011141042894939297,8.993483857123085e-06,0.0028853820357306334,0.038517270595943204,0.020335490202494696,5.255659674250875e-05,7.774074706534501e-11,0.0021327588289106253,5.886828426066416e-11,0.0004919706470060348,2.909942856811585e-09,1.023936354411296e-05,1.8194844007457988e-09,1.1367276520800578e-10,1.7379642626145972e-05,1.4098147893092615e-05,0.006425912582967814,8.635995956407976e-05,0.0004628499988367532,4.607422805220649e-08,5.9113724160655006e-09,3.687686915794147e-08,1.299403407479609e-07,2.897075057550416e-09,1.766033888848122e-05,0.0003753723853839479,3.2182670705520647e-07,0.0007732064167364791,6.629296978440593e-09,2.2310498135788523e-05,6.319251884727077e-08,7.636155404283456e-06,9.716075874053223e-11,1.0853150723960354e-10,1.6025596251591985e-06,1.4542726774616828e-07,3.990273334665205e-12,1.1381077927688598e-10,4.11056029410548e-11
2.350229256040854e-06,0.16628943999999996,0.8585084662769803,0.0,0.0,0.4441620708795895,0.08916995380639425,0.011136017028115133,8.994226746698036e-06,0.002885470118562377,0.03854213188153913,0.02034604861016499,5.254227618104607e-05,7.787925094542541e-11,0.0021324732836722838,5.885605961447824e-11,0.000492028074521392,2.909747071721155e-09,1.023078737877863e-05,1.8206417459204939e-09,1.1372857587852276e-10,1.736505286457175e-05,1.4107604458106653e-05,0.006425049249057365,8.578958066346646e-05,0.00046298589346420167,4.5783943210575375e-08,5.9079146300927735e-09,3.6876029821088075e-08,1.2994382073624503e-07,2.915526323209787e-09,1.7768204070663183e-05,0.000377552968640885,3.219867332404336e-07,0.0007737033757249024,6.628387197985822e-09,2.2325463591265146e-05,6.322511735770024e-08,7.633557481867086e-06,9.723793806231873e-11,1.0857331969071087e-10,1.603646106721309e-06,1.4538715294976004e-07,3.9929364945507055e-12,1.1371507397213056e-10,4.1024532429378964e-11
2.3516938315773123e-06,0.16628943999999996,0.8585084662769803,0.0,0.0,0.4441605701504101,0.08915824296597614,0.011130993449057769,8.994964934688725e-06,0.0028855568860317706,0.03856699069157723,0.020356598236890715,5.2527961940581545e-05,7.801788738425129e-11,0.0021321878603292243,5.884384359327064e-11,0.0004920854842946389,2.9095515879143174e-09,1.02222157582484e-05,1.8217984584024541e-09,1.1378431665862947e-10,1.7350521506919048e-05,1.411705894046633e-05,0.006424185857995752,8.522466595926084e-05,0.00046312171480483033,4.5496384634606325e-08,5.9044591092858545e-09,3.687521699172896e-08,1.2994723842392015e-07,2.9340474968465007e-09,1.7876435879045005e-05,0.0003797400946205755,3.2214663241070994e-07,0.0007742002604323255,6.627477620752575e-09,2.234042575085728e-05,6.325768662759288e-08,7.63096007766173e-06,9.731509516887827e-11,1.0861507641022914e-10,1.6047322866121961e-06,1.4534705187099523e-07,3.995598937545468e-12,1.1361941670614987e-10,4.09442145232338e-11
2.3531584071137707e-06,0.16628943999999996,0.8585084662769803,0.0,0.0,0.44415905735149686,0.08914653392847302,0.01112597215698858,8.995698464435387e-06,0.002885642349767023,0.03859184701806972,0.020367139129765188,5.251365403730237e-05,7.815665634219822e-11,0.0021319025589523624,5.883163622510776e-11,0.0004921428763138659,2.9093564058335143e-09,1.021364874145829e-05,1.8229545419925629e-09,1.1383998767512339e-10,1.7336048317610253e-05,1.4126511343257836e-05,0.0064233224111573005,8.466515840246281e-05,0.00046325746302549876,4.521152462194319e-08,5.9010058524837475e-09,3.687443063026501e-08,1.2995059435856687e-07,2.952638325680261e-09,1.798503247810777e-05,0.0003819337193083813,3.2230640525879235e-07,0.000774697070833095,6.626568248543399e-09,2.2355384619448695e-05,6.329022681532468e-08,7.628363192665253e-06,9.739223023181629e-11,1.086567776814813e-10,1.6058181654729619e-06,1.4530696459137256e-07,3.998260665221852e-12,1.1352380816726506e-10,4.086464177607975e-11
2.354622982650229e-06,0.16628943999999996,0.8585084662769803,0.0,0.0,0.4441575325836493,0.08913482669106043,0.011120953151126711,8.99642737884898e-06,0.002885726521283778,0.03861670085312153,0.0203776713356328,5.249935248721822e-05,7.829555777988421e-11,0.0021316173796075578,5.88194375377281e-11,0.0004922002505670763,2.909161525909289e-09,1.020508638688487e-05,1.8241100004714218e-09,1.1389558905695764e-10,1.7321633058129412e-05,1.4135961669560425e-05,0.006422458909912364,8.411100131416162e-05,0.00046339313829246346,4.492933562912329e-08,5.897554858510574e-09,3.68736706971035e-08,1.299538890825785e-07,2.9712985579119385e-09,1.809399204073525e-05,0.0003841337989239818,3.224660524694239e-07,0.0007751938069028812,6.625659083135158e-09,2.2370340201912198e-05,6.332273807844358e-08,7.62576682786384e-06,9.746934342060202e-11,1.0869842378606168e-10,1.6069037439444967e-06,1.452668911916656e-07,4.000921679147289e-12,1.1342824903843069e-10,4.0785806777333505e-11
2.3560875581866875e-06,0.16628943999999996,0.8585084662769803,0.0,0.0,0.44415599594704075,0.08912312125093068,0.011115936430689066,8.997151720413368e-06,0.002885809411985672,0.03864155218892966,0.020388194901080056,5.248505730616051e-05,7.843459165816828e-11,0.0021313323223556635,5.880724755854122e-11,0.0004922576070421884,2.9089669485603695e-09,1.01965287525434e-05,1.8252648375985264e-09,1.1395112093518953e-10,1.730727548710925e-05,1.4145409922446506e-05,0.006421595355626972,8.35621383938118e-05,0.0004635287407713491,4.4649790276327603e-08,5.894106126175726e-09,3.6872937152678806e-08,1.2995712313318095e-07,2.9900279427948892e-09,1.8203312748635944e-05,0.00038634028992992966,3.226255747193567e-07,0.0007756904686186312,6.624750126278936e-09,2.238529250310976e-05,6.335522057363896e-08,7.623170984231959e-06,9.754643490256979e-11,1.0874001500379092e-10,1.6079890226673716e-06,1.452268317519152e-07,4.003581980884138e-12,1.1333273999721056e-10,4.0707702153895304e-11
2.357552133723146e-06,0.16628943999999996,0.8585084662769803,0.0,0.0,0.44415444754120204,0.08911141760529319,0.011110921994890374,8.997871531187551e-06,0.0028858910331649042,0.03866640101778252,0.020398709872427034,5.247076850978175e-05,7.857375793814919e-11,0.002131047387252558,5.879506631462739e-11,0.0004923149457270386,2.9087726741937616e-09,1.018797589598601e-05,1.826419057111484e-09,1.140065834429295e-10,1.729297536041811e-05,1.4154856104981658e-05,0.006420731749662496,8.301851372706932e-05,0.00046366427062712024,4.437286135190304e-08,5.890659654274025e-09,3.687222995747207e-08,1.2996029704245424e-07,3.0088262307035595e-09,1.8312992792747267e-05,0.00038855314903980955,3.227849726773803e-07,0.0007761870559585209,6.623841379699918e-09,2.240024152789255e-05,6.338767445671259e-08,7.620575662732346e-06,9.762350484292124e-11,1.0878155161267275e-10,1.6090740022817332e-06,1.451867863514225e-07,4.006241571989523e-12,1.1323728171575396e-10,4.0630320571611365e-11
2.3590167092596043e-06,0.16628943999999996,0.8585084662769803,0.0,0.0,0.4441528874650062,0.08909971575137479,0.01110590984294316,8.998586852808005e-06,0.002885971396002833,0.03869124733205911,0.020409216295719266,5.24564861135548e-05,7.87130565811641e-11,0.002130762574349198,5.878289383273659e-11,0.0004923722666093837,2.9085787032048417e-09,1.0179427874300064e-05,1.8275726627252725e-09,1.140619767152896e-10,1.7278732431246437e-05,1.4164300220224705e-05,0.0064198680933753105,8.248007179319583e-05,0.0004637997280240559,4.4098521816662104e-08,5.88721544158589e-09,3.6871549072030735e-08,1.299634113373547e-07,3.0276931731992014e-09,1.8423030373621668e-05,0.0003907723332260035,3.2294424700435354e-07,0.0007766835689019092,6.622932845097318e-09,2.241518728110105e-05,6.342009988255078e-08,7.617980864316001e-06,9.770055340472927e-11,1.0882303388885341e-10,1.6101586834272028e-06,1.4514675506874247e-07,4.0089004540152e-12,1.1314187486077443e-10,4.055365473667072e-11
2.3604812847960627e-06,0.16628943999999996,0.8585084662769803,0.0,0.0,0.4441513158166543,0.08908801568641984,0.0111008999740578,8.999297726491064e-06,0.002886050511570593,0.03871609112422839,0.020419714216719967,5.2442210132772325e-05,7.885248754878697e-11,0.002130477883691652,5.877073013928823e-11,0.0004924295696769045,2.9083850359774397e-09,1.0170884744106563e-05,1.828725658131525e-09,1.1411730088933244e-10,1.7264546450193014e-05,1.4173742271227721e-05,0.00641900438811647,8.194675747203779e-05,0.0004639351131257235,4.382674480796203e-08,5.883773486877485e-09,3.687089445698681e-08,1.2996646653973883e-07,3.046628523092802e-09,1.853342370179513e-05,0.0003929977997270705,3.231033983532408e-07,0.0007771800074292938,6.622024524144297e-09,2.243012976756508e-05,6.345249700509794e-08,7.61538658992217e-06,9.777758074894301e-11,1.0886446210658291e-10,1.6112430667427751e-06,1.4510673798167717e-07,4.011558628507405e-12,1.1304652009352894e-10,4.047769739693744e-11
2.361945860332521e-06,0.16628943999999996,0.8585084662769803,0.0,0.0,0.4441497326936617,0.08907631740769063,0.011095892387442519,9.000004193035425e-06,0.002886128390829725,0.038740932386848545,0.02043020368090276,5.242794058254614e-05,7.8992050802827e-11,0.002130193315321154,5.875857526037036e-11,0.0004924868549172062,2.9081916728839386e-09,1.0162346561558695e-05,1.8298780469978577e-09,1.1417255610402015e-10,1.725041716535066e-05,1.4183182261036141e-05,0.006418140635231407,8.141851605058836e-05,0.00046407042609495567,4.3557503643566404e-08,5.880333788900891e-09,3.6870266073075085e-08,1.2996946316638753e-07,3.065632034505375e-09,1.864417099813856e-05,0.0003952295060547453,3.2326242736915243e-07,0.0007776763715222664,6.621116418487912e-09,2.244506899210392e-05,6.34848659773317e-08,7.612792840478341e-06,9.785458703439446e-11,1.0890583653817901e-10,1.6123271528667223e-06,1.450667351672701e-07,4.01421609700674e-12,1.1295121806979941e-10,4.040244134321914e-11
2.3634104358689795e-06,0.16628943999999996,0.8585084662769803,0.0,0.0,0.44414813819284565,0.08906462091246753,0.011090887082303423,9.000706292824662e-06,0.002886205044632828,0.038765771112566204,0.020440684733444722,5.241367747780674e-05,7.913174630532713e-11,0.0021299088692741386,5.874642922173938e-11,0.0004925441223178243,2.907998614285366e-09,1.0153813382340464e-05,1.8310298329672272e-09,1.1422774250016341e-10,1.7236344322391595e-05,1.4192620192688764e-05,0.00641727683605962,8.089529322913997e-05,0.0004642056670938268,4.329077182529475e-08,5.87689634639427e-09,3.68696638811501e-08,1.2997240172903185e-07,3.0847034629254702e-09,1.8755270494191867e-05,0.0003974674100005633,3.2342133468938883e-07,0.0007781726611634715,6.620208529749066e-09,2.2460004959526373e-05,6.351720695123905e-08,7.610199616900242e-06,9.793157241780627e-11,1.0894715745399272e-10,1.6134109424365012e-06,1.4502674670180036e-07,4.0168728610480356e-12,1.128559694398745e-10,4.032787941047344e-11
2.364875011405438e-06,0.16628943999999996,0.8585084662769803,0.0,0.0,0.444146532410313,0.08905292619804919,0.011085884057844522,9.001404065829851e-06,0.0028862804837242262,0.038790607294115695,0.020451157419219792,5.239942083330262e-05,7.927157401856229e-11,0.002129624545582294,5.873429204881946e-11,0.000492601371866225,2.9078058605314845e-09,1.014528526166544e-05,1.8321810196573323e-09,1.1428286022037083e-10,1.7222327664652205e-05,1.4202056069217818e-05,0.006416412991934412,8.037703512703556e-05,0.000464340836283633,4.3026523042462604e-08,5.873461158082033e-09,3.686908784220305e-08,1.299752827343797e-07,3.103842565264061e-09,1.886672043248137e-05,0.00039971146964212025,3.2358012094348724e-07,0.0007786688763365645,6.619300859522487e-09,2.2474937674630865e-05,6.354952007779388e-08,7.607606920091839e-06,9.800853705380031e-11,1.0898842512237641e-10,1.61449443608866e-06,1.449867726607776e-07,4.0195289221602475e-12,1.1276077484853416e-10,4.025400447895267e-11
2.3663395869418963e-06,0.16628943999999996,0.8585084662769803,0.0,0.0,0.4441449154414493,0.08904123326175283,0.01108088331326774,9.002097551612267e-06,0.002886354718740657,0.03881544092431838,0.02046162178279267,5.238517066359994e-05,7.941153390503764e-11,0.002129340344272599,5.872216376670243e-11,0.0004926586035498096,2.907613411960892e-09,1.013676225427559e-05,1.8333316106600377e-09,1.1433790940899836e-10,1.720836693321733e-05,1.4211489893649017e-05,0.006415549104182582,7.986368828802753e-05,0.0004644759338248705,4.2764731175117103e-08,5.870028222674992e-09,3.686853791737748e-08,1.29978106684143e-07,3.1230490999068173e-09,1.8978519066820637e-05,0.0004019616433489701,3.237387867532739e-07,0.0007791650170261708,6.618393409376699e-09,2.2489867142205488e-05,6.358180550693625e-08,7.605014750945346e-06,9.8085481094908e-11,1.0902963980965376e-10,1.6155776344587512e-06,1.4494681311893713e-07,4.022184281866341e-12,1.12665634935034e-10,4.0180809475288195e-11
2.3678041624783547e-06,0.16628943999999996,0.8585084662769803,0.0,0.0,0.4441432873809077,0.08902954210091432,0.01107588484777294,9.00278678932607e-06,0.0028864277602119663,0.03884027199608175,0.020472077868412923,5.237092698308194e-05,7.955162592748683e-11,0.0021290562653673794,5.871004440014718e-11,0.000492715817355917,2.907421268901117e-09,1.0128244414440222e-05,1.8344816095408356e-09,1.1439289021209913e-10,1.7194461867003913e-05,1.4220921669001623e-05,0.006414685174124189,7.935519968525179e-05,0.00046461095987721744,4.250537029707067e-08,5.8665975388705525e-09,3.686801406798494e-08,1.2998087407506623e-07,3.1423228267638514e-09,1.9090664662595407e-05,0.00040421788978817273,3.238973327329155e-07,0.000779661083217848,6.617486180854028e-09,2.250479336702814e-05,6.36140633875518e-08,7.602423110341231e-06,9.816240469158107e-11,1.0907080178009186e-10,1.6166605381812444e-06,1.449068681502351e-07,4.024838941683186e-12,1.1257055033309201e-10,4.010828737351515e-11
2.369268738014813e-06,0.16628943999999996,0.8585084662769803,0.0,0.0,0.4441416483225999,0.08901785271288848,0.011070888660557953,9.003471817721144e-06,0.002886499618561823,0.03886510050239876,0.020482525720009616,5.235668980594858e-05,7.969185004887028e-11,0.0021287723088843453,5.869793397357967e-11,0.0004927730132718264,2.9072294316687077e-09,1.0119731795955025e-05,1.835631019838345e-09,1.1444780277737325e-10,1.7180612202844034e-05,1.4230351398288476e-05,0.006413821203072279,7.885151672582707e-05,0.0004647459145995151,4.224841467873984e-08,5.863169105352858e-09,3.686751625551949e-08,1.2998358539895557e-07,3.1616635073168434e-09,1.9203155497032184e-05,0.0004064801679294961,3.240557594889774e-07,0.0007801570748980462,6.616579175470599e-09,2.2519716353866555e-05,6.364629386745374e-08,7.59983199914822e-06,9.82393079922033e-11,1.0911191129587516e-10,1.617743147889444e-06,1.4486693782784448e-07,4.0274929031214645e-12,1.1247552167087614e-10,4.0036431196040706e-11
2.3707333135512715e-06,0.16628943999999996,0.8585084662769803,0.0,0.0,0.4441399983596867,0.08900616509504915,0.011065894750818595,9.004152675145903e-06,0.002886570304108448,0.038889926436347054,0.020492965381186168,5.2342459146216105e-05,7.983220623237303e-11,0.0021284884748366444,5.868583251109269e-11,0.0004928301912847608,2.9070379005693377e-09,1.0111224452141213e-05,1.8367798450638316e-09,1.145026472541183e-10,1.7166817675567274e-05,1.4239779084516073e-05,0.006412957192332652,7.835258725508753e-05,0.00046488079814975124,4.199383878978944e-08,5.859742920792984e-09,3.6867044441671946e-08,1.2998624114270884e-07,3.1810709046638564e-09,1.931598985945192e-05,0.00040874843705028047,3.242140676204815e-07,0.000780652992054072,6.615672394716364e-09,2.253463610747843e-05,6.367849709336497e-08,7.597241418223317e-06,9.831619114310386e-11,1.0915296861708145e-10,1.6188254642154072e-06,1.448270222241511e-07,4.030146167685574e-12,1.1238054957099354e-10,3.996523401455194e-11
2.37219788908773e-06,0.16628943999999996,0.8585084662769803,0.0,0.0,0.44413833758456966,0.08899447924478945,0.011060903117748681,9.004829399550217e-06,0.0028866398270653505,0.038914749791088124,0.020503396895215638,5.232823501771669e-05,7.99726944414031e-11,0.002128204763232904,5.867374003644563e-11,0.0004928873513818902,2.906846675897899e-09,1.0102722435844753e-05,1.837928088700773e-09,1.1455742379317983e-10,1.7153078018082412e-05,1.4249204730684613e-05,0.006412093143203624,7.785835956045796e-05,0.000465015610685045,4.1741617301592114e-08,5.856318983849082e-09,3.686659858834332e-08,1.2998884178834613e-07,3.2005447835615618e-09,1.942916605150788e-05,0.0004110226567399748,3.243722577189691e-07,0.0007811488346740519,6.614765840055129e-09,2.2549552632611514e-05,6.371067321090207e-08,7.594651368411827e-06,9.839305428857041e-11,1.091939740016597e-10,1.6199074877898672e-06,1.447871214107501e-07,4.032798736873556e-12,1.1228563465048048e-10,3.9894688950873275e-11
2.3736624646241884e-06,0.16628943999999996,0.8585084662769803,0.0,0.0,0.4441366660888835,0.0889827951595218,0.011055913760540057,9.005502028488318e-06,0.002886708197542083,0.038939570559866604,0.020513820305036283,5.231401743409809e-05,8.011331463958933e-11,0.0021279211740772826,5.866165657306462e-11,0.0004929444935503351,2.906655757938604e-09,1.0094225799435704e-05,1.8390757542044407e-09,1.1461213254690222e-10,1.7139392961458322e-05,1.4258628339788057e-05,0.0064112290569758035,7.736878237498062e-05,0.00046515035236163114,4.149172508950129e-08,5.852897293166573e-09,3.6866178657657925e-08,1.299913878130413e-07,3.2200849104652267e-09,1.9542682387409213e-05,0.00041330278690435087,3.2453033036856276e-07,0.0007816446027468979,6.613859512924587e-09,2.2564465934003663e-05,6.374282236455988e-08,7.592061850547363e-06,9.846989757086414e-11,1.0923492770540964e-10,1.620989219242159e-06,1.447472354584426e-07,4.035450612177003e-12,1.1219077752079408e-10,3.9824789177763643e-11
2.3751270401606468e-06,0.16628943999999996,0.8585084662769803,0.0,0.0,0.44413498396348905,0.08897111283667813,0.011050926678382618,9.0061705991218e-06,0.0028867754255450036,0.03896438873600945,0.0205242356532475,5.229980640882335e-05,8.025406679077951e-11,0.0021276377073695153,5.864958214404229e-11,0.0004930016177771685,2.9064651469650784e-09,1.0085734594807625e-05,1.8402228450015187e-09,1.1466677366908006e-10,1.7125762235004135e-05,1.4268049914814177e-05,0.00641036493493189,7.688380488050334e-05,0.00046528502333484666,4.124413723494834e-08,5.8494778473783024e-09,3.686578461197547e-08,1.299938796891542e-07,3.2396910535662886e-09,1.9656537194129515e-05,0.0004155887877694042,3.2468828614603346e-07,0.0007821402962622745,6.6129534147363875e-09,2.2579376016382973e-05,6.377494469769757e-08,7.589472865451883e-06,9.854672113023434e-11,1.0927582998196323e-10,1.6220706592001436e-06,1.4470736443723282e-07,4.038101795081001e-12,1.1209597878780502e-10,3.97555279196656e-11
2.376591615697105e-06,0.16628943999999996,0.8585084662769803,0.0,0.0,0.4441332912984666,0.08895943227371003,0.011045941870464326,9.00683514822264e-06,0.0028868415209780474,0.03898920431292513,0.02053464298210605,5.2285601955170536e-05,8.039495085903824e-11,0.0021273543631049655,5.863751677213805e-11,0.0004930587240494207,2.9062748432404654e-09,1.0077248873377119e-05,1.8413693644897503e-09,1.1472134731490975e-10,1.7112185566348618e-05,1.4277469458744627e-05,0.006409500778346461,7.64033767105378e-05,0.0004654196237591175,4.0998829027362715e-08,5.8460606451047255e-09,3.686541641390317e-08,1.2999631788426302e-07,3.2593629828277792e-09,1.9770728811601864e-05,0.00041788061988495015,3.2484612562086776e-07,0.0007826359152105635,6.612047546876197e-09,2.259428288446783e-05,6.380704035252575e-08,7.586884413935708e-06,9.862352510493474e-11,1.0931668108276816e-10,1.6231518082901404e-06,1.4466750841632521e-07,4.040752287064045e-12,1.1200123905179129e-10,3.968689845339904e-11
2.3780561912335636e-06,0.16628943999999996,0.8585084662769803,0.0,0.0,0.44413158818311094,0.08894775346808878,0.011040959335971238,9.007495712176264e-06,0.0028869064936435118,0.039014017284102885,0.020545042333522646,5.227140408623243e-05,8.05359668086449e-11,0.0021270711412746694,5.862546047977798e-11,0.0004931158123540808,2.906084847017518e-09,1.0068768686083433e-05,1.8425153160376136e-09,1.1477585364094159e-10,1.709866268151866e-05,1.4286886974554984e-05,0.006408636588485786,7.592744795279729e-05,0.000465554153787948,4.075577596592606e-08,5.8426456849540745e-09,3.68650740263067e-08,1.2999870286119815e-07,3.2791004700173818e-09,1.9885255592899263e-05,0.00042017824412792187,3.250038493553372e-07,0.0007831314595828345,6.611141910703763e-09,2.2609186542967037e-05,6.38391094700946e-08,7.584296496797559e-06,9.870030963123991e-11,1.0935748125707244e-10,1.6242326671368588e-06,1.4462766746412254e-07,4.0434020895979945e-12,1.1190655890743376e-10,3.96188941088065e-11
2.379520766770022e-06,0.16628943999999996,0.8585084662769803,0.0,0.0,0.44412987470592463,0.08893607641730551,0.011035979074087527,9.008152326984625e-06,0.0028869703532428503,0.03903882764311188,0.020555433749058716,5.225721281491645e-05,8.06771146040915e-11,0.002126788041865387,5.861341328905512e-11,0.0004931728826781021,2.9058951585387073e-09,1.0060294083388148e-05,1.8436607029840206e-09,1.1483029280503207e-10,1.7085193305016955e-05,1.429630246521483e-05,0.006407772366607646,7.545596915142367e-05,0.0004656886135739083,4.0514953761157595e-08,5.8392329655225265e-09,3.68647574123211e-08,1.3000103507807555e-07,3.2989032887385084e-09,2.0000115904402593e-05,0.00042248162170538124,3.251614579045682e-07,0.0007836269293708128,6.610236507552994e-09,2.2624086996579874e-05,6.38711521902826e-08,7.581709114824581e-06,9.877707484346197e-11,1.0939823075191088e-10,1.6253132363633346e-06,1.4458784164822333e-07,4.046051204148011e-12,1.1181193894381184e-10,3.955150826934789e-11
2.3809853423064804e-06,0.16628943999999996,0.8585084662769803,0.0,0.0,0.44412815095461494,0.08892440111887127,0.011031001083995502,9.008805028269341e-06,0.0028870331093774648,0.03906363538360049,0.020565817269923646,5.224302815394435e-05,8.081839421008068e-11,0.0021265050648596523,5.860137522172965e-11,0.000493229935008404,2.905705778036319e-09,1.0051825115274992e-05,1.844805528638047e-09,1.1488466496629706e-10,1.707177715989878e-05,1.4305715933687774e-05,0.00640690811396116,7.498889130891272e-05,0.0004658230032686253,4.0276338336343494e-08,5.835822485394387e-09,3.686446653536076e-08,1.3000331498833141e-07,3.318771214459086e-09,2.0115308125954425e-05,0.00042479071415724715,3.253189518166158e-07,0.0007841223245668503,6.609331338732075e-09,2.2638984249996215e-05,6.39031686517872e-08,7.57912226879239e-06,9.885382087396835e-11,1.0943892981209354e-10,1.6263935165908654e-06,1.4454803103542026e-07,4.048699632172506e-12,1.1171737974440157e-10,3.9484734372648254e-11
2.3824499178429388e-06,0.16628943999999996,0.8585084662769803,0.0,0.0,0.44412641701608935,0.08891272757031717,0.011026025364875625,9.009453851274855e-06,0.0028870947715495233,0.03908844049929542,0.020576192936972153,5.222885011585208e-05,8.095980559152333e-11,0.0021262222102358184,5.858934629922915e-11,0.0004932869693318754,2.9055167057325485e-09,1.0043361831249702e-05,1.8459497962786877e-09,1.1493897028506484e-10,1.7058413967847826e-05,1.4315127382931549e-05,0.006406043831786623,7.452616588774713e-05,0.00046595732302277343,4.003990582880619e-08,5.832414243142255e-09,3.6864201359129244e-08,1.3000554304075718e-07,3.3387040245385272e-09,2.0230830651001393e-05,0.00042710548335875227,3.254763316325357e-07,0.0007846176451638965,6.608426405523549e-09,2.265387830789662e-05,6.393515899211558e-08,7.576535959465102e-06,9.893054785320016e-11,1.0947957868019532e-10,1.627473508438954e-06,1.4450823569169885e-07,4.051347375123096e-12,1.1162288188707387e-10,3.941856591099787e-11
2.383914493379397e-06,0.16628943999999996,0.8585084662769803,0.0,0.0,0.4441246729764515,0.0889010557691943,0.011021051915906549,9.010098830871608e-06,0.00288715534916277,0.03911324298400095,0.020586560790702025,5.221467871298973e-05,8.110134871353653e-11,0.002125939477968113,5.857732654264889e-11,0.0004933439856353783,2.9053279418396065e-09,1.0034904280340006e-05,1.8470935091546311e-09,1.1499320892283009e-10,1.704510344925118e-05,1.4324536815898044e-05,0.0064051795213153585,7.406774481174656e-05,0.0004660915729860662,3.9805632591028265e-08,5.8290082373272e-09,3.686396184762822e-08,1.3000771967953467e-07,3.358701498252441e-09,2.034668188672279e-05,0.00042942589152263647,3.2563359788645985e-07,0.0007851128911554703,6.607521709184431e-09,2.2668769174952383e-05,6.396712334757677e-08,7.573950187595383e-06,9.900725590968999e-11,1.09520177596547e-10,1.6285532125252475e-06,1.444684556822359e-07,4.053994434444569e-12,1.1152844594409426e-10,3.93529964318088e-11
2.3853790689158556e-06,0.16628943999999996,0.8585084662769803,0.0,0.0,0.44412291892099875,0.08888938571307395,0.01101608073626512,9.01074000155924e-06,0.0028872148515233453,0.039138042831598135,0.02059692087125205,5.22005139575214e-05,8.124302354144142e-11,0.002125656868026681,5.856531597275225e-11,0.000493400983905752,2.905139486559816e-09,1.0026452511095657e-05,1.8482366704840668e-09,1.150473810422082e-10,1.7031845323273246e-05,1.4333944235533376e-05,0.006404315183769563,7.361358046714424e-05,0.0004662257533072483,3.957349519162469e-08,5.825604466498932e-09,3.686374796516626e-08,1.3000984534427178e-07,3.3787634168156586e-09,2.046286025414863e-05,0.0004317519012010824,3.2579075110567094e-07,0.0007856080625356336,6.606617250946333e-09,2.26836568558257e-05,6.399906185327443e-08,7.571364953924486e-06,9.908394517008153e-11,1.0956072679922794e-10,1.6296326294654856e-06,1.4442869107139862e-07,4.056640811574834e-12,1.1143407248212365e-10,3.928801953802483e-11
2.386843644452314e-06,0.16628943999999996,0.8585084662769803,0.0,0.0,0.44412115493421983,0.08887771739954753,0.011011111825126417,9.011377397469847e-06,0.002887273287840614,0.03916284003604404,0.020607273218400335,5.2186355861425144e-05,8.138483004076076e-11,0.0021253743803776393,5.855331460997108e-11,0.0004934579641298148,2.9049513400857176e-09,1.0018006571588591e-05,1.8493792834545126e-09,1.1510148680688983e-10,1.701863930792876e-05,1.4343349644777937e-05,0.0064034508203621885,7.316362570339902e-05,0.00046635986413408955,3.9343470416178926e-08,5.822202929195975e-09,3.6863559676366866e-08,1.3001192047003895e-07,3.3988895634031817e-09,2.057936418826473e-05,0.00043408347528740555,3.2594779181067995e-07,0.0007861031592989637,6.605713032015586e-09,2.2698541355169695e-05,6.403097464310101e-08,7.568780259182305e-06,9.916061575914798e-11,1.0960122652406043e-10,1.6307117598734452e-06,1.4438894192274402e-07,4.059286507944904e-12,1.1133976206222038e-10,3.922362888849211e-11
2.3883082199887724e-06,0.16628943999999996,0.8585084662769803,0.0,0.0,0.4441193810997927,0.0888660508262268,0.01100614518166377,9.012011052371186e-06,0.002887330667227999,0.03918763459137087,0.020617617871562688,5.217220443649291e-05,8.152676817721684e-11,0.0021250920149831275,5.854132247440615e-11,0.0004935149262943687,2.9047635026001613e-09,1.0009566509413116e-05,1.8505213512226606e-09,1.1515552638159644e-10,1.7005485120154796e-05,1.4352753046566465e-05,0.006402586432296801,7.271783383375237e-05,0.0004664939056133786,3.911553526793675e-08,5.818803623945855e-09,3.686339694617626e-08,1.3001394548740566e-07,3.4190797231695056e-09,2.069619213810797e-05,0.00043642057701750265,3.261047205153018e-07,0.0007865981814405311,6.604809053573382e-09,2.2713422677628545e-05,6.406286184973209e-08,7.566196104087417e-06,9.923726779981248e-11,1.0964167700460467e-10,1.6317906043608947e-06,1.443492082990182e-07,4.0619315249788636e-12,1.1124551523984278e-10,3.915981819828483e-11
2.389772795525231e-06,0.16628943999999996,0.8585084662769803,0.0,0.0,0.44411759750058305,0.08885438599074359,0.011001180805048761,9.012640999669984e-06,0.0028873869987038146,0.039212426491685236,0.020627954869791444,5.2158059694330585e-05,8.16688379167291e-11,0.0021248097718013503,5.852933958582774e-11,0.0004935718703862028,2.9045759742764125e-09,1.0001132371686247e-05,1.8516628769142517e-09,1.1520949993203594e-10,1.699238247588174e-05,1.4362154443828092e-05,0.00640172202076748,7.227615863553903e-05,0.00046662787789091817,3.888966696837444e-08,5.815406549265242e-09,3.6863259739870485e-08,1.300159208224769e-07,3.4393336832659008e-09,2.081334256684894e-05,0.0004387631699710698,3.26261537726734e-07,0.0007870931289558728,6.603905316775902e-09,2.2728300827837575e-05,6.409472360462202e-08,7.563612489347143e-06,9.931390141316692e-11,1.0968207847215561e-10,1.6328691635375427e-06,1.443094902621563e-07,4.064575864093847e-12,1.1115133256485348e-10,3.909658123899485e-11
2.391237371061689e-06,0.16628943999999996,0.8585084662769803,0.0,0.0,0.4441158042186432,0.0888427228907502,0.01099621869445128,9.013267272415171e-06,0.002887442291192107,0.03923721573116736,0.02063828425177437,5.214392164635802e-05,8.181103922541199e-11,0.002124527650786637,5.851736596367616e-11,0.0004936287963920958,2.90438875527825e-09,9.992704205048058e-06,1.8528038636239683e-09,1.1526340762485914e-10,1.697933109010324e-05,1.4371553839486408e-05,0.006400857586958696,7.183855435026074e-05,0.00046676178111151927,3.866584295763164e-08,5.8120117036601565e-09,3.686314802306226e-08,1.3001784689693075e-07,3.459651232856305e-09,2.0930813951866016e-05,0.0004411112180725963,3.2641824394563437e-07,0.0007875880018409694,6.603001822754483e-09,2.2743175810423324e-05,6.412656003800026e-08,7.561029415657597e-06,9.939051671849289e-11,1.097224311557412e-10,1.6339474380109926e-06,1.442697878732825e-07,4.067219526700016e-12,1.1105721458152408e-10,3.903391183897854e-11
2.3927019465981476e-06,0.16628943999999996,0.8585084662769803,0.0,0.0,0.44411400133521206,0.08883106152391906,0.010991258849039526,9.013889903301204e-06,0.002887496553523503,0.039262002304070266,0.020648606055833883,5.212979030380902e-05,8.195337206957251e-11,0.002124245651889484,5.85054016270623e-11,0.00049368570429882,2.9042018457600688e-09,9.984282055662153e-06,1.8539443144153469e-09,1.1531724962761646e-10,1.696633067694516e-05,1.4380951236459528e-05,0.006399993132045222,7.140497568343172e-05,0.0004668956154189991,3.8444040894829147e-08,5.808619085626114e-09,3.6863061761707275e-08,1.3001972412805574e-07,3.4800321631312737e-09,2.1048604784807303e-05,0.0004434646855921438,3.265748396661997e-07,0.0007880828000922228,6.602098572615759e-09,2.2758047630003665e-05,6.41583712788683e-08,7.558446883703747e-06,9.946711383328137e-11,1.0976273528212119e-10,1.635025428386703e-06,1.4423010119270996e-07,4.069862514200557e-12,1.1096316182854114e-10,3.8971803883569925e-11
2.394166522134606e-06,0.16628943999999996,0.8585084662769803,0.0,0.0,0.4441121889307141,0.08881940188794303,0.010986301267980034,9.014508924671366e-06,0.002887549794436046,0.039286786204718975,0.020658920319926444,5.211566567773149e-05,8.209583641570802e-11,0.0021239637750566105,5.849344659476841e-11,0.0004937425940931447,2.904015245866974e-09,9.975865969216196e-06,1.8550842323207106e-09,1.1537102610871553e-10,1.6953380949733373e-05,1.4390346637660115e-05,0.006399128657192029,7.09753778042045e-05,0.0004670293809561766,3.8224238658260156e-08,5.805228693648323e-09,3.6863000922110133e-08,1.3002155292878795e-07,3.500476267320533e-09,2.116671357164458e-05,0.00044582353714591664,3.2673132537624404e-07,0.0007885775237064344,6.601195567441834e-09,2.2772916291187874e-05,6.419015745499752e-08,7.555864894159474e-06,9.954369287325333e-11,1.0980299107578784e-10,1.6361031352679436e-06,1.4419043027994166e-07,4.072504827991655e-12,1.1086917483901303e-10,3.891025131525502e-11
2.3956310976710644e-06,0.16628943999999996,0.8585084662769803,0.0,0.0,0.4441103670847606,0.08880774398053519,0.0109813459504377,9.015124368521057e-06,0.0028876020225760573,0.03931156742750977,0.020669227081642174,5.210154777898753e-05,8.223843223050386e-11,0.002123682020231002,5.848150088524864e-11,0.0004937994657618399,2.9038289557348837e-09,9.96745599092252e-06,1.856223620341123e-09,1.154247372373791e-10,1.694048162106062e-05,1.4399740045995488e-05,0.006398264163554218,7.054971634478504e-05,0.00046716307786487057,3.800641434547523e-08,5.801840526201831e-09,3.6862965470929774e-08,1.3002333370774996e-07,3.52098334070379e-09,2.128513883271588e-05,0.000448187737696633,3.2688770155727855e-07,0.0007890721726807844,6.600292808290444e-09,2.2787781798576744e-05,6.422191869292782e-08,7.55328344768763e-06,9.962025395238025e-11,1.0984319875896693e-10,1.6371805592557576e-06,1.4415077519367068e-07,4.0751464694624976e-12,1.1077525414047788e-10,3.8849248133813227e-11
2.397095673207523e-06,0.16628943999999996,0.8585084662769803,0.0,0.0,0.44410853587614957,0.08879608779942888,0.010976392895575789,9.015736266501122e-06,0.002887653246498977,0.03933634596690934,0.0206795263782047,5.208743661825356e-05,8.238115948083106e-11,0.002123400387351967,5.846956451662997e-11,0.0004938563192916784,2.903642975490629e-09,9.959052165518826e-06,1.857362481446358e-09,1.1547838318360361e-10,1.6927632402852164e-05,1.4409131464367638e-05,0.0063973996522769284,7.01279473996458e-05,0.00046729670628589714,3.7790546273249e-08,5.798454581751708e-09,3.68629553751847e-08,1.3002506686928787e-07,3.5415531806202938e-09,2.1403879102761044e-05,0.00045055725255370275,3.2704396868458965e-07,0.0007895667470128113,6.599390296195129e-09,2.2802644156762672e-05,6.425365511796662e-08,7.550702544940112e-06,9.969679718290497e-11,1.0988335855162094e-10,1.6382577009489267e-06,1.441111359917813e-07,4.077787439995271e-12,1.1068140025491227e-10,3.8788788396423156e-11
2.3985602487439812e-06,0.16628943999999996,0.8585084662769803,0.0,0.0,0.4441066953828674,0.0887844333423778,0.010971442102555979,9.016344649921175e-06,0.0028877034746702234,0.03936112181745406,0.020689818246471127,5.207333220602052e-05,8.252401813374395e-11,0.0021231188763551835,5.845763750671282e-11,0.0004939131546694407,2.903457305252053e-09,9.95065453726891e-06,1.8585008185748882e-09,1.1553196411811834e-10,1.6914833006430457e-05,1.4418520895673305e-05,0.0063965351244952805,6.971002752454426e-05,0.00046743026635906964,3.75766129774501e-08,5.7950708587532254e-09,3.686297060225763e-08,1.3002675281351014e-07,3.562185586476634e-09,2.1522932930946093e-05,0.0004529320473732216,3.2720012722731887e-07,0.0007900612467003926,6.598488032165424e-09,2.281750337032972e-05,6.428536685418881e-08,7.548122186557921e-06,9.977332267536216e-11,1.0992347067145215e-10,1.639334560943934e-06,1.4407151273135003e-07,4.080427740965156e-12,1.1058761369874074e-10,3.872886621773885e-11
2.4000248242804396e-06,0.16628943999999996,0.8585084662769803,0.0,0.0,0.4441048456820897,0.08877278060715581,0.010966493570538369,9.016949549752917e-06,0.002887752715466037,0.03938589497374921,0.020700102722932264,5.2059234552593965e-05,8.266700815647787e-11,0.002122837487172748,5.844571987297203e-11,0.0004939699718819175,2.9032719451281037e-09,9.942263149963512e-06,1.8596386346338876e-09,1.1558548021234511e-10,1.690208314257865e-05,1.4427908342804035e-05,0.006395670581334311,6.929591373535656e-05,0.0004675637582231961,3.736459321280064e-08,5.791689355652009e-09,3.686301111989979e-08,1.3002839193632562e-07,3.5828803597535046e-09,2.1642298880881708e-05,0.00045531208815778606,3.273561776485411e-07,0.0007905556717417257,6.5975860171870315e-09,2.283235944385373e-05,6.43170540244373e-08,7.545542373171233e-06,9.984983053859952e-11,1.0996353533390736e-10,1.6404111398349348e-06,1.4403190546864687e-07,4.083067373740335e-12,1.104938949828464e-10,3.866947576993175e-11
2.401489399816898e-06,0.16628943999999996,0.8585084662769803,0.0,0.0,0.4441029868501834,0.08876112959155696,0.010961547298681497,9.017550996633468e-06,0.0028878009771743443,0.03941066543046814,0.020710379843713,5.204514366809444e-05,8.281012951644683e-11,0.002122556219733227,5.843381163255757e-11,0.0004940267709159136,2.9030868952189428e-09,9.933878046921217e-06,1.8607759324992583e-09,1.1563893163835859e-10,1.6889382521603006e-05,1.4437293808646231e-05,0.006394806023908912,6.888556350673288e-05,0.0004676971820160809,3.715446595254777e-08,5.788310070884217e-09,3.6863076896235015e-08,1.3002998462948246e-07,3.6036373040107744e-09,2.1761975530630923e-05,0.00045769734125614104,3.2751212040534477e-07,0.000791050022135311,6.5966842522220194e-09,2.284721238190243e-05,6.4348716750324e-08,7.5429631053994725e-06,9.992632087979848e-11,1.100035527521836e-10,1.6414874382137247e-06,1.439923142591366e-07,4.085706339682001e-12,1.1040024461258247e-10,3.861061128270538e-11
2.4029539753533564e-06,0.16628943999999996,0.8585084662769803,0.0,0.0,0.444101118962709,0.08874948029339559,0.010956603286142376,9.018149020868678e-06,0.0028878482679956024,0.039435433182351536,0.020720649644572868,5.203105956245755e-05,8.295338218124116e-11,0.0021222750739617064,5.842191280229555e-11,0.0004940835517582503,2.9029021556160318e-09,9.925499270989403e-06,1.861912715015664e-09,1.1569231856884728e-10,1.6876730853394245e-05,1.4446677296081199e-05,0.006393941453323793,6.847893477058356e-05,0.000467830537874523,3.694621038803233e-08,5.784933002876708e-09,3.6863167899763303e-08,1.3003153128060606e-07,3.6244562248915775e-09,2.1881961472711644e-05,0.0004600877733626602,3.276679559489091e-07,0.0007915442978799335,6.59578273820901e-09,2.2862062189035475e-05,6.438035515223157e-08,7.540384383851382e-06,1.0000279380449513e-10,1.1004352313723442e-10,1.6425634566697108e-06,1.4395273915748055e-07,4.088344640144359e-12,1.1030666308778428e-10,3.855226704327952e-11
2.404418550889815e-06,0.16628943999999996,0.8585084662769803,0.0,0.0,0.44409924209442264,0.08873783271050602,0.010951661532076497,9.01874365243646e-06,0.002887894596043659,0.0394601982242067,0.020730912160906695,5.201698224543437e-05,8.30967661186251e-11,0.00212199404977984,5.841002339868928e-11,0.0004941403143957692,2.9027177264022405e-09,9.91712686454528e-06,1.8630489849965796e-09,1.1574564117707498e-10,1.686412784748774e-05,1.4456058807985232e-05,0.006393076870673434,6.807598591440292e-05,0.0004679638259343191,3.673980592817873e-08,5.781558150047202e-09,3.686328409936412e-08,1.300330322732384e-07,3.645336930124895e-09,2.2002255314088983e-05,0.00046248335151667517,3.278236847245837e-07,0.0007920384989746473,6.594881476063384e-09,2.2876908869804587e-05,6.441196934931561e-08,7.537806209125101e-06,1.00079249416601e-10,1.1008344669777708e-10,1.6436391957898879e-06,1.4391318021753843e-07,4.090982276474653e-12,1.1021315090278242e-10,3.84944373963483e-11
2.4058831264262733e-06,0.16628943999999996,0.8585084662769803,0.0,0.0,0.44409735631927866,0.08872618684074275,0.01094672203563787,9.019334920990104e-06,0.0028879399693466,0.03948496055090671,0.020741167427745563,5.200291172659163e-05,8.324028129653458e-11,0.002121713147105901,5.839814343792001e-11,0.0004941970588153358,2.902533607651932e-09,9.90876086949698e-06,1.8641847452243608e-09,1.1579889963684277e-10,1.685157321312259e-05,1.4465438347229633e-05,0.006392212277042052,6.767667577943929e-05,0.0004680970463302623,3.653523219888869e-08,5.778185510804468e-09,3.686342546429943e-08,1.3003448798687605e-07,3.666279229527217e-09,2.2122855676163293e-05,0.00046488404310165076,3.2797930717196604e-07,0.000792532625418759,6.593980466677479e-09,2.2891752428753606e-05,6.444355945950744e-08,7.53522858180824e-06,1.0015568781842448e-10,1.1012332364030115e-10,1.6447146561588108e-06,1.438736374923702e-07,4.093619250013158e-12,1.1011970854641637e-10,3.843711674400961e-11
2.4073477019627317e-06,0.16628943999999996,0.8585084662769803,0.0,0.0,0.44409546171043335,0.0887145426819802,0.01094178479597904,9.019922855861592e-06,0.0028879843958476005,0.03950972015738968,0.020751415479757746,5.1988848015312144e-05,8.338392768307479e-11,0.0021214323658548303,5.838627293584815e-11,0.0004942537850038429,2.9023497994310734e-09,9.900401327284734e-06,1.8653199984503263e-09,1.1585209412245206e-10,1.6839066659299604e-05,1.4474815916680796e-05,0.0063913476735035744,6.728096365871751e-05,0.00046823019919614605,3.633246904236498e-08,5.774815083548465e-09,3.6863591964216306e-08,1.3003589879700947e-07,3.6872829350027215e-09,2.2243761194748093e-05,0.0004672898158442217,3.2813482372497983e-07,0.0007930266772118124,6.593079710920797e-09,2.290659287041858e-05,6.447512559951747e-08,7.532651502477962e-06,1.0023210911069082e-10,1.1016315416907692e-10,1.645789838358576e-06,1.4383411103423834e-07,4.096255562093228e-12,1.1002633650204944e-10,3.838029954567274e-11
2.40881227749919e-06,0.16628943999999996,0.8585084662769803,0.0,0.0,0.4440935583402475,0.08870290023211279,0.010936849812251083,9.020507486064895e-06,0.0028880278834057817,0.03953447703865805,0.020761656351249914,5.197479112079507e-05,8.35277052465178e-11,0.002121151705938283,5.837441190801431e-11,0.0004943104929482123,2.9021663017973226e-09,9.892048278882065e-06,1.866454747394845e-09,1.1590522480866757e-10,1.6826607894838137e-05,1.448419151920024e-05,0.006390483061121612,6.688880929492231e-05,0.0004683632846647643,3.613149651634523e-08,5.77144686667051e-09,3.686378356914923e-08,1.3003726507516144e-07,3.708347860542794e-09,2.2364970520045034e-05,0.0004697006378130897,3.2829023481195153e-07,0.0007935206543535745,6.592179209640212e-09,2.292143019932789e-05,6.450666788483876e-08,7.530074971701062e-06,1.003085133925637e-10,1.102029384861652e-10,1.6468647429687953e-06,1.4379460089461e-07,4.098891214041293e-12,1.0993303524758377e-10,3.832398031793751e-11
2.4102768530356485e-06,0.16628943999999996,0.8585084662769803,0.0,0.0,0.44409164628029024,0.08869125948905478,0.010931917083603665,9.02108884029929e-06,0.002888070439797047,0.03955923118977774,0.02077189007616842,5.1960741052056264e-05,8.367161395530032e-11,0.002120871167264683,5.836256036964031e-11,0.0004943671826354,2.9019831148001232e-09,9.883701764797094e-06,1.867588994747442e-09,1.1595829187068156e-10,1.6814196628431844e-05,1.4493565157644682e-05,0.0063896184409494485,6.650017287814877e-05,0.0004684963028679165,3.593229489327532e-08,5.768080858553465e-09,3.6864000249522326e-08,1.3003858718892572e-07,3.729473822223977e-09,2.248648231660858e-05,0.00047211647741779536,3.284455408556885e-07,0.0007940145568440206,6.591278963660198e-09,2.2936264420002263e-05,6.453818642975145e-08,7.5274989900340485e-06,1.0038490076166552e-10,1.1024267679142814e-10,1.647939370566582e-06,1.4375510712415946e-07,4.101526207176895e-12,1.0983980525547674e-10,3.826815363445406e-11
2.411741428572107e-06,0.16628943999999996,0.8585084662769803,0.0,0.0,0.444089725601343,0.0886796204507403,0.01092698660918504,9.021666946952624e-06,0.002888112072714939,0.039583982605877546,0.020782116688100722,5.194669781792874e-05,8.381565377802131e-11,0.0021205907497392662,5.835071833563044e-11,0.0004944238540523976,2.9018002384808045e-09,9.875361825073878e-06,1.8687227431669184e-09,1.160112954840782e-10,1.680183256870326e-05,1.4502936834866073e-05,0.006388753814030028,6.611501504352736e-05,0.0004686292539364075,3.57348446593977e-08,5.764717057571873e-09,3.6864241976150937e-08,1.3003986550200602e-07,3.750660638205472e-09,2.260829526330899e-05,0.00047453730340736203,3.286007422735541e-07,0.0007945083846833223,6.590378973783024e-09,2.295109553695494e-05,6.456968134732723e-08,7.524923558023232e-06,1.0046127131409835e-10,1.1028236928253967e-10,1.6490137217265325e-06,1.4371562977277086e-07,4.10416054281271e-12,1.097466469927576e-10,3.8212814125757973e-11
2.4132060041085653e-06,0.16628943999999996,0.8585084662769803,0.0,0.0,0.44408779637340307,0.08866798311512307,0.010922058388142085,9.022241834104614e-06,0.0028881527897714767,0.03960873128214827,0.02079233622027693,5.193266142706307e-05,8.39598246834397e-11,0.002120310453264133,5.833888582057261e-11,0.0004944805071862372,2.901617672872677e-09,9.867028499293785e-06,1.8698559952814813e-09,1.1606423582479897e-10,1.6789515424257285e-05,1.4512306553711661e-05,0.00638788918139594,6.573329686872965e-05,0.0004687621380000537,3.5539126513788294e-08,5.761355462092144e-09,3.6864508720243313e-08,1.3004110037425437e-07,3.771908128725119e-09,2.273040805328501e-05,0.0004769630848688268,3.2875583947754445e-07,0.0007950021378718325,6.589479240788984e-09,2.2965923554691678e-05,6.460115274943461e-08,7.522348676204804e-06,1.005376251444639e-10,1.1032201615499769e-10,1.650087797020707e-06,1.4367616888954097e-07,4.106794222254569e-12,1.0965356092104476e-10,3.8157956479085824e-11
2.4146705796450237e-06,0.16628943999999996,0.8585084662769803,0.0,0.0,0.44408585866568806,0.08865634748017655,0.010917132419620296,9.022813529530106e-06,0.002888192598497999,0.03963347721384203,0.020802548705571494,5.191863188792778e-05,8.410412664047197e-11,0.0021200302777382935,5.832706283873952e-11,0.0004945371420239925,2.9014354180011207e-09,9.858701826576975e-06,1.8709887536888777e-09,1.1611711306910823e-10,1.6777244903733586e-05,1.4521674317024043e-05,0.006387024544069434,6.535497987136212e-05,0.000468894955187684,3.5345121367313236e-08,5.757996070472685e-09,3.686480045340168e-08,1.300422921617098e-07,3.7932161160950296e-09,2.285281939389597e-05,0.0004793937912256563,3.289108328743629e-07,0.0007954958164100756,6.588579765436616e-09,2.2980748477710915e-05,6.463260074674423e-08,7.51977434510493e-06,1.0061396234588492e-10,1.1036161760213615e-10,1.6511615970186206e-06,1.4363672452278173e-07,4.109427246801502e-12,1.0956054749656435e-10,3.81035754381696e-11
2.416135155181482e-06,0.16628943999999996,0.8585084662769803,0.0,0.0,0.44408391254664087,0.0886447135438937,0.010912208702763838,9.023382060702323e-06,0.0028882315063459966,0.03965822039627156,0.020812754176504935,5.190460920880981e-05,8.424855961818996e-11,0.0021197502230577182,5.831524940408988e-11,0.0004945937585527837,2.9012534738836804e-09,9.850381845583902e-06,1.872121020956545e-09,1.1616992739355987e-10,1.6765020715857807e-05,1.4531040127641214e-05,0.0063861599030624145,6.498002600625327e-05,0.0004690277056271468,3.51528103415439e-08,5.754638881064098e-09,3.686511714762347e-08,1.300434412166369e-07,3.8145844246957126e-09,2.297552800666343e-05,0.000481829392236062,3.29065722865496e-07,0.0007959894202987335,6.58768054846294e-09,2.299557031050378e-05,6.466402544873491e-08,7.51720056523984e-06,1.0069028301002435e-10,1.1040117381513809e-10,1.6522351222872276e-06,1.435972967200236e-07,4.112059617745756e-12,1.0946760717016888e-10,3.804966580301294e-11
2.4175997307179405e-06,0.16628943999999996,0.8585084662769803,0.0,0.0,0.44408195808393336,0.08863308130428689,0.010907287236715543,9.023947454796118e-06,0.002888269520687954,0.039682960824809446,0.020822952665245777,5.1890593397815077e-05,8.43931235858185e-11,0.002119470289115386,5.830344553026973e-11,0.0004946503567597791,2.901071840530166e-09,9.842068594516857e-06,1.873252799621771e-09,1.1622267897496418e-10,1.6752842569491748e-05,1.4540403988396609e-05,0.0063852952593764535,6.460839766264141e-05,0.00046916038944531073,3.4962174767594334e-08,5.751283892209308e-09,3.686545877530187e-08,1.3004454788756397e-07,3.836012880970092e-09,2.3098532627213688e-05,0.00048426985799120885,3.2922050984728576e-07,0.0007964829495386358,6.586781590583665e-09,2.3010389057554204e-05,6.469542696369963e-08,7.514627337115908e-06,1.0076658722710659e-10,1.1044068498304899e-10,1.653308373390911e-06,1.4355788552801856e-07,4.114691336372834e-12,1.0937474038735648e-10,3.799622242964828e-11
2.419064306254399e-06,0.16628943999999996,0.8585084662769803,0.0,0.0,0.4440799953444721,0.08862145075938792,0.010902368020616946,9.024509738691183e-06,0.0028883066488181778,0.039707698494887436,0.020833144203612475,5.187658446286885e-05,8.45378185127331e-11,0.002119190475801331,5.82916512306138e-11,0.0004947069366321989,2.900890517942734e-09,9.833762111121615e-06,1.8743840921918633e-09,1.1627536799035562e-10,1.674071017368239e-05,1.4549765902119183e-05,0.0063844306140028,6.424005766126806e-05,0.00046929300676807354,3.477319618492757e-08,5.747931102243745e-09,3.686582530922648e-08,1.3004561251932198e-07,3.8575013134159145e-09,2.3221832005209215e-05,0.0004867151589133382,3.293751942110044e-07,0.0007969764041307487,6.5858828924934295e-09,2.3025204723339027e-05,6.472680539875228e-08,7.512054661229759e-06,1.0084287508593648e-10,1.104801512927907e-10,1.6543813508914756e-06,1.4351849099274343e-07,4.117322403961535e-12,1.0928194758829146e-10,3.7943240229878155e-11
2.4205288817908573e-06,0.16628943999999996,0.8585084662769803,0.0,0.0,0.444078024394403,0.0886098219072477,0.010897451053608296,9.025068938975269e-06,0.002888342897953617,0.03973243340199568,0.02084332882307555,5.18625824117164e-05,8.46826443684577e-11,0.0021189107830026873,5.827986651814677e-11,0.000494763498157318,2.900709506115988e-09,9.825462432689065e-06,1.8755149011443243e-09,1.1632799461696117e-10,1.672862323770982e-05,1.4559125871633424e-05,0.006383565967922407,6.387496925138374e-05,0.00046942555772036207,3.4585856340086266e-08,5.744580509495477e-09,3.6866216722583555e-08,1.300466354530818e-07,3.8790495525782935e-09,2.3345424904282777e-05,0.0004891652657537924,3.295297763429259e-07,0.0007974697840761646,6.5849844548660206e-09,2.3040017312328027e-05,6.475816085983445e-08,7.509482538068346e-06,1.0091914667392035e-10,1.1051957292917601e-10,1.6554540553481347e-06,1.4347911315940307e-07,4.11995282178398e-12,1.0918922920782433e-10,3.789071417099742e-11
2.4219934573273157e-06,0.16628943999999996,0.8585084662769803,0.0,0.0,0.4440760452991164,0.08859819474593635,0.010892536334828569,9.025625081947377e-06,0.0028883782752346984,0.039757165541682064,0.020853506554759666,5.184858725192346e-05,8.482760112266247e-11,0.0021186312106037408,5.826809140558466e-11,0.0004948200413224685,2.9005288050370635e-09,9.817169596056943e-06,1.8766452289270295e-09,1.1638055903216899e-10,1.671658147113407e-05,1.4568483899759442e-05,0.0063827013221059445,6.351309610767062e-05,0.00046955804242614237,3.440013718540312e-08,5.741232112285382e-09,3.686663298895614e-08,1.30047617026393e-07,3.900657431040522e-09,2.346931010195924e-05,0.000491620149590964,3.2968425662439876e-07,0.0007979630893760919,6.5840862783546204e-09,2.3054826828984033e-05,6.478949345172255e-08,7.506910968109058e-06,1.009954020770842e-10,1.105589500749233e-10,1.6565264873175088e-06,1.434397520724341e-07,4.122582591105666e-12,1.0909658567551363e-10,3.783863927550468e-11
2.423458032863774e-06,0.16628943999999996,0.8585084662769803,0.0,0.0,0.4440740581232523,0.08858656927354305,0.01088762386341551,9.026178193620946e-06,0.002888412787726128,0.03978189490955153,0.020863677429445962,5.1834598990876815e-05,8.49726887451613e-11,0.002118351758485975,5.82563259053362e-11,0.0004948765661150433,2.9003484146857238e-09,9.808883637611585e-06,1.877775077958431e-09,1.1643306141349816e-10,1.6704584583840893e-05,1.4577839989312964e-05,0.006381836677513834,6.315440232708914e-05,0.00046969046100841974,3.4216020877634944e-08,5.737885908927302e-09,3.686707408232404e-08,1.3004855757322143e-07,3.922324783415395e-09,2.359348638958284e-05,0.000494079781828159,3.29838635431916e-07,0.0007984563200318463,6.583188363592033e-09,2.306963327776298e-05,6.48208032780354e-08,7.504339951819809e-06,1.0107164138009507e-10,1.1059828291067209e-10,1.6575986473536177e-06,1.4340040777550826e-07,4.1252117131854865e-12,1.0900401741564731e-10,3.7787010620792916e-11
2.4249226084002325e-06,0.16628943999999996,0.8585084662769803,0.0,0.0,0.4440720629307067,0.0885749454881758,0.010882713638505629,9.026728299726972e-06,0.0028884464424177247,0.03980662150126533,0.020873841477574324,5.1820617635784905e-05,8.511790720590985e-11,0.002118072426528113,5.824457002950429e-11,0.0004949330725224978,2.9001683350344447e-09,9.800604593289728e-06,1.8789044506277515e-09,1.164855019385688e-10,1.6692632286086392e-05,1.4587194143105454e-05,0.0063809720350962735,6.279885242565164e-05,0.000469822813589251,3.403348977659034e-08,5.7345418977281825e-09,3.6867539977063316e-08,1.3004945742398705e-07,3.944051446334531e-09,2.371795257222995e-05,0.0004965441341913935,3.2999291313718803e-07,0.0007989494760448419,6.582290711190909e-09,2.3084436663114028e-05,6.485209044124183e-08,7.501769489659136e-06,1.0114786466627855e-10,1.1063757161499859e-10,1.6586705360078767e-06,1.4336108031153634e-07,4.127840189275794e-12,1.0891152484726527e-10,3.773582333883316e-11
2.426387183936691e-06,0.16628943999999996,0.8585084662769803,0.0,0.0,0.44407005978463615,0.08856332338796137,0.01087780565923424,9.0272754257172e-06,0.0028884792462252136,0.03983134531254033,0.020883998729245755,5.180664319367839e-05,8.52632564750032e-11,0.002117793214606171,5.823282378988751e-11,0.0004949895605323541,2.8999885660485103e-09,9.79233249858038e-06,1.880033349295184e-09,1.1653788078507255e-10,1.6680724288540625e-05,1.459654636394409e-05,0.006380107395793279,6.244641133513078e-05,0.0004699551002897426,3.385252644367762e-08,5.731200076988243e-09,3.686803064794608e-08,1.3005031690560134e-07,3.965837258438551e-09,2.384270746863033e-05,0.0004990131787271109,3.301470901072076e-07,0.0007994425574165829,6.581393321743995e-09,2.3099236989479565e-05,6.488335504266863e-08,7.49919958207629e-06,1.0122407201763974e-10,1.106768163644317e-10,1.6597421538290935e-06,1.4332176972267162e-07,4.1304680206224196e-12,1.0881910838418221e-10,3.768507261583785e-11
2.4278517594731493e-06,0.16628943999999996,0.8585084662769803,0.0,0.0,0.44406804874746403,0.08855170297104524,0.010872899924735452,9.027819596767185e-06,0.002888511205991039,0.039856066339148365,0.020894149214224913,5.179267567141086e-05,8.540873652267347e-11,0.0021175141225935014,5.822108719798147e-11,0.0004950460301322021,2.8998091076860968e-09,9.78406738852668e-06,1.8811617762921143e-09,1.1659019813074438e-10,1.6668860302330128e-05,1.460589665463186e-05,0.006379242760534713,6.209704439970486e-05,0.0004700873212300644,3.367311364046096e-08,5.7278604450011145e-09,3.6868546070139594e-08,1.3005113634150502e-07,3.987682060365048e-09,2.3967749911071547e-05,0.0005014868877998473,3.3030116670432455e-07,0.0007999355641486541,6.580496195824375e-09,2.311403426129536e-05,6.491459718250893e-08,7.496630229511345e-06,1.0130026351488013e-10,1.1071601733346972e-10,1.6608135013634678e-06,1.432824760503141e-07,4.133095208464746e-12,1.0872676843501098e-10,3.7634753691920485e-11
2.4293163350096077e-06,0.16628943999999996,0.8585084662769803,0.0,0.0,0.44406602988088656,0.08854008423559148,0.010867996434142227,9.028360837779446e-06,0.00288854232848516,0.03988078457691559,0.020904292961942565,5.177871507565935e-05,8.55543473192879e-11,0.002117235150360833,5.820936026498046e-11,0.0004951024813097037,2.8996299598983594e-09,9.775809297727861e-06,1.8822897339213344e-09,1.1664245415333406e-10,1.665704003907939e-05,1.4615245017967597e-05,0.006378378130240333,6.175071737254755e-05,0.0004702194765294484,3.349523432713037e-08,5.7245230000539935e-09,3.6869086219205653e-08,1.300519160517047e-07,4.009585694737973e-09,2.4093078745315984e-05,0.0005039652340898218,3.3045514328630817e-07,0.0008004284962427156,6.579599333985675e-09,2.3128828482990588e-05,6.494581695983046e-08,7.494061432395294e-06,1.0137643923741931e-10,1.107551746945966e-10,1.6618845791545894e-06,1.4324319933511439e-07,4.135721754035724e-12,1.0863450540318636e-10,3.758486186073317e-11
2.430780910546066e-06,0.16628943999999996,0.8585084662769803,0.0,0.0,0.44406400324587825,0.08852846717978244,0.010863095186586362,9.028899173386492e-06,0.00288857262040585,0.03990550002172169,0.020914430001498206,5.176476141292513e-05,8.570008883534645e-11,0.0021169562977763267,5.819764300177881e-11,0.0004951589140525942,2.899451122629526e-09,9.767558260341219e-06,1.8834172244572653e-09,1.1669464903057903e-10,1.664526321095122e-05,1.4624591456746007e-05,0.006377513505819836,6.140739641236388e-05,0.00047035156630620385,3.331887166100004e-08,5.7211877404277864e-09,3.686965107109941e-08,1.3005265635281067e-07,4.031548006154127e-09,2.4218692830496513e-05,0.0005064481905904863,3.3060902020641914e-07,0.0008009213537004927,6.578702736762342e-09,2.3143619658987925e-05,6.497701447258415e-08,7.491493191150143e-06,1.0145259926340971e-10,1.1079428861829935e-10,1.6629553877434407e-06,1.4320393961697756e-07,4.1383476585619356e-12,1.0854231968698943e-10,3.7535392469106536e-11
2.4322454860825245e-06,0.16628943999999996,0.8585084662769803,0.0,0.0,0.44406196890269845,0.08851685180181881,0.010858196181198541,9.02943462795391e-06,0.0028886020883804775,0.03993021266949937,0.020924560361662684,5.175081468953427e-05,8.584596104147961e-11,0.002116677564705613,5.818593541897262e-11,0.0004952153283486857,2.8992725958169767e-09,9.759314310084122e-06,1.8845442501461855e-09,1.1674678294017726e-10,1.6633529530686205e-05,1.4633935973757729e-05,0.006376648888172902,6.106704807987994e-05,0.0004704835906777128,3.3144008994907593e-08,5.717854664397268e-09,3.687024060216845e-08,1.300533575580727e-07,4.053568841171876e-09,2.4344591039030674e-05,0.0005089357306060053,3.307627978134711e-07,0.0008014141365237717,6.577806404669849e-09,2.3158407793703595e-05,6.500818981761306e-08,7.488925506189022e-06,1.0152874366975952e-10,1.1083335927308516e-10,1.6640259276683965e-06,1.4316469693506752e-07,4.140972923263634e-12,1.0845021167957232e-10,3.7486340916664415e-11
2.433710061618983e-06,0.16628943999999996,0.8585084662769803,0.0,0.0,0.44405992691089735,0.08850523809991945,0.010853299417108313,9.029967225583388e-06,0.002888630738966296,0.03995492251623357,0.020934684070880897,5.1736874911638445e-05,8.599196390844648e-11,0.0021163989510118377,5.817423752686122e-11,0.0004952717241858696,2.8990943793913343e-09,9.751077480236072e-06,1.8856708132064675e-09,1.1679885605976143e-10,1.6621838711640946e-05,1.4643278571789397e-05,0.006375784278189244,6.072963933428699e-05,0.00047061554976045024,3.297062987566472e-08,5.714523770231203e-09,3.687085478915126e-08,1.3005401997741741e-07,4.075648048296504e-09,2.4470772256508288e-05,0.0005114278277487098,3.3091647645190164e-07,0.0008019068447143915,6.576910338204954e-09,2.3173192891547475e-05,6.503934309066128e-08,7.4863583779162805e-06,1.0160487253214595e-10,1.108723868254988e-10,1.665096199465228e-06,1.4312547132781096e-07,4.143597549354801e-12,1.0835818176898361e-10,3.743770265544532e-11
2.4351746371554413e-06,0.16628943999999996,0.8585084662769803,0.0,0.0,0.4440578773293222,0.08849362607232113,0.010848404893444154,9.030496990115718e-06,0.0028886585786512225,0.03997962955796085,0.020944801157274547,5.172294208521558e-05,8.613809740713227e-11,0.0021161204565557095,5.8162549335448874e-11,0.0004953281015521178,2.898916473276549e-09,9.742847803640786e-06,1.8867969158288128e-09,1.1685086856687272e-10,1.6610190467825477e-05,1.465261925362365e-05,0.006374919676748668,6.039513752964823e-05,0.00047074744366997536,3.2798718042393044e-08,5.711195056192518e-09,3.6871493609176164e-08,1.3005464391748431e-07,4.097785477968333e-09,2.4597235381604065e-05,0.0005139244559364789,3.310700564618312e-07,0.0008023994782742375,6.576014537845924e-09,2.3187974956923137e-05,6.507047438638314e-08,7.483791806727589e-06,1.016809859250385e-10,1.1091137144014073e-10,1.666166203667107e-06,1.43086262832902e-07,4.1462215380431816e-12,1.0826623033819357e-10,3.738947318949925e-11
2.4366392126918997e-06,0.16628943999999996,0.8585084662769803,0.0,0.0,0.4440558202161238,0.08848201571727862,0.01084351260933346,9.031023945133796e-06,0.0028886856138546028,0.04000433379076881,0.02095491164864486,5.1709016216070596e-05,8.628436150854644e-11,0.0021158420811955413,5.815087085444627e-11,0.0004953844604354877,2.8987388773899836e-09,9.734625312708313e-06,1.8879225601764935e-09,1.169028206389361e-10,1.6598584513939518e-05,1.466195802203919e-05,0.006374055084721123,6.006351041126753e-05,0.00047087927252095714,3.262825742494057e-08,5.70786852053843e-09,3.68721570397593e-08,1.300552296816618e-07,4.119980982546715e-09,2.4723979325956264e-05,0.0005164255893901134,3.3122353817913343e-07,0.0008028920372052369,6.575119004052789e-09,2.3202753994227943e-05,6.510158379835241e-08,7.481225793010053e-06,1.01757083921711e-10,1.1095031327968459e-10,1.6672359408046095e-06,1.430470714873063e-07,4.1488448905303446e-12,1.0817435776512044e-10,3.734164807449143e-11
2.438103788228358e-06,0.16628943999999996,0.8585084662769803,0.0,0.0,0.4440537556287622,0.08847040703306432,0.010838622563902554,9.031548113965574e-06,0.0028887118509279856,0.04002903521079535,0.020965015572475466,5.1695097309836166e-05,8.64307561838205e-11,0.002115563824787297,5.8139202093272295e-11,0.000495440800824121,2.898561591642491e-09,9.72641003941723e-06,1.8890477483855985e-09,1.1695471245323568e-10,1.6587020565407798e-05,1.4671294879810844e-05,0.006373190502966764,5.973472611202915e-05,0.00047101103642715965,3.245923214215614e-08,5.704544161520579e-09,3.687284505880358e-08,1.3005577757012323e-07,4.142234416298183e-09,2.485100301408067e-05,0.0005189312026306355,3.3137692193548944e-07,0.0008033845215093514,6.5742237372675645e-09,2.3217530007853084e-05,6.51326714190718e-08,7.478660337142304e-06,1.0183316659426526e-10,1.1098921250489575e-10,1.6683054114057205e-06,1.430078973272655e-07,4.151467608011731e-12,1.0808256442265693e-10,3.7294222917284294e-11
2.4395683637648166e-06,0.16628943999999996,0.8585084662769803,0.0,0.0,0.44405168362401454,0.08845880001796824,0.010833734756276737,9.032069519687003e-06,0.0028887372961558786,0.04005373381422812,0.020975112955935245,5.168118537197347e-05,8.657728140420587e-11,0.0021152856871846284,5.8127543061055636e-11,0.0004954971227062502,2.8983846159385076e-09,9.718202015316785e-06,1.890172482565282e-09,1.1700654418689087e-10,1.6575498338414405e-05,1.4680629829709576e-05,0.006372325932336003,5.940875314870586e-05,0.0004711427355014749,3.2291626500285964e-08,5.701221977385187e-09,3.687355764459612e-08,1.3005628787986235e-07,4.164545635378793e-09,2.4978305383238727e-05,0.0005214412704765965,3.3153020805846154e-07,0.0008038769311885739,6.573328737914492e-09,2.3232303002183674e-05,6.516373733998251e-08,7.476095439494611e-06,1.0190923401364192e-10,1.1102806927464922e-10,1.6693746159958448e-06,1.4296874038830169e-07,4.154089691676702e-12,1.0799085067869679e-10,3.72471933755273e-11
2.441032939301275e-06,0.16628943999999996,0.8585084662769803,0.0,0.0,0.4440496042579801,0.08844719467029788,0.010828849185580289,9.032588185124945e-06,0.0028887619557565023,0.04007842959730382,0.020985203825881156,5.1667280407772995e-05,8.672393714107192e-11,0.0021150076682389268,5.811589376663648e-11,0.0004955534260701974,2.8982079501761306e-09,9.710001271529157e-06,1.8912967647980147e-09,1.1705831601683276e-10,1.6564017549936113e-05,1.468996287450255e-05,0.006371461373669593,5.908556041824671e-05,0.0004712743698558999,3.212542499118807e-08,5.6979019663731875e-09,3.6874294775807255e-08,1.3005676090472866e-07,4.186914497822605e-09,2.5105885383355635e-05,0.0005239557680413054,3.3168339687154073e-07,0.0008043692662449206,6.572434006400291e-09,2.3247072981598805e-05,6.519478165147379e-08,7.473531100428984e-06,1.0198528624964477e-10,1.1106688374594841e-10,1.67044355509781e-06,1.42929600705222e-07,4.156711142708596e-12,1.078992168961621e-10,3.720055515722284e-11
2.4424975148377334e-06,0.16628943999999996,0.8585084662769803,0.0,0.0,0.4440475175860876,0.088435590988378,0.010823965850936463,9.033104132860071e-06,0.0028887858358825403,0.04010312255630764,0.02099528820886122,5.1653382422355307e-05,8.687072336590371e-11,0.0021147297677993593,5.810425421856821e-11,0.0004956097109043777,2.8980315942471973e-09,9.701807838751686e-06,1.8924205971398396e-09,1.1711002811978156e-10,1.6552577917774766e-05,1.4699294016953165e-05,0.006370596827798666,5.876511719403819e-05,0.00047140593960158034,3.1960612290724226e-08,5.694584126720356e-09,3.687505643148761e-08,1.3005719693546282e-07,4.2093408635223435e-09,2.5233741976876187e-05,0.0005264746707300848,3.318364886942231e-07,0.0008048615266804298,6.571539543114378e-09,2.32618399504716e-05,6.522580444289286e-08,7.470967320299279e-06,1.0206132337094913e-10,1.1110565607394357e-10,1.671512229231876e-06,1.4289047831212327e-07,4.1593319622847724e-12,1.0780766343303071e-10,3.715430402030983e-11
2.4439620903741918e-06,0.16628943999999996,0.8585084662769803,0.0,0.0,0.44404542366310196,0.08842398897055052,0.01081908475146755,9.033617385229721e-06,0.002888808942621881,0.04012781268757264,0.021005366131117427,5.163949142067186e-05,8.701764005030015e-11,0.0021144519857129135,5.8092624425119155e-11,0.0004956659771973027,2.897855548037372e-09,9.69362174725917e-06,1.8935439816206247e-09,1.1716168067222414e-10,1.654117916058874e-05,1.4708623259821093e-05,0.006369732295544817,5.844739312215351e-05,0.00047153744484877555,3.179717325691194e-08,5.691268456657458e-09,3.6875842591066904e-08,1.3005759625973104e-07,4.231824594218565e-09,2.5361874138690665e-05,0.000528997954237441,3.319894838420511e-07,0.0008053537124971543,6.570645348429108e-09,2.3276603913169305e-05,6.525680580255466e-08,7.46840409945131e-06,1.0213734544512924e-10,1.1114438641195041e-10,1.672580638915745e-06,1.4285137324239668e-07,4.161952151576674e-12,1.0771619064236404e-10,3.71084357722103e-11
2.44542666591065e-06,0.16628943999999996,0.8585084662769803,0.0,0.0,0.4440433225431299,0.08841238861517434,0.01081420588629485,9.034127964330733e-06,0.0028888312819983514,0.0401524999874791,0.0210154376185887,5.1625607407505865e-05,8.71646871659719e-11,0.0021141743218244407,5.8081004394274275e-11,0.0004957222249375805,2.897679811426223e-09,9.685443026906174e-06,1.8946669202443276e-09,1.1721327385039264e-10,1.652982099792339e-05,1.4717950605862334e-05,0.006368867777720176,5.8132358217579594e-05,0.0004716688857069156,3.16350929283309e-08,5.687954954410375e-09,3.68766532343508e-08,1.3005795916215987e-07,4.254365553478197e-09,2.5490280855974773e-05,0.0005315255945442848,3.321423826266932e-07,0.0008058458236971589,6.569751422700017e-09,2.3291364874053346e-05,6.528778581775169e-08,7.465841438222942e-06,1.0221335253866098e-10,1.1118307491146901e-10,1.6736487846645705e-06,1.4281228552873218e-07,4.164571711749874e-12,1.0762479887233506e-10,3.706294626941184e-11
2.4468912414471086e-06,0.16628943999999996,0.8585084662769803,0.0,0.0,0.4440412142796284,0.08840078992062525,0.010809329254538725,9.034635892022276e-06,0.002888852859972446,0.04017718445245395,0.021025502696913875,5.161173038747304e-05,8.731186468473933e-11,0.002113896775976694,5.8069394133737016e-11,0.0004957784541139188,2.897504384287302e-09,9.677271707129363e-06,1.8957894149892538e-09,1.1726480783024295e-10,1.6518503150240673e-05,1.4727276057829223e-05,0.006368003275127464,5.781998286044057e-05,0.0004718002622845509,3.147435652220315e-08,5.684643618200238e-09,3.687748834151983e-08,1.300582859243705e-07,4.276963606685273e-09,2.5618961128129278e-05,0.0005340575679150441,3.322951853559783e-07,0.0008063378602825156,6.568857766266052e-09,2.330612283747936e-05,6.531874457476428e-08,7.463279336944213e-06,1.0228934471695519e-10,1.1122172172220257e-10,1.6747166669909673e-06,1.4277321520312363e-07,4.1671906439641314e-12,1.075334884662572e-10,3.701783141699683e-11
2.448355816983567e-06,0.16628943999999996,0.8585084662769803,0.0,0.0,0.4440390989254093,0.08838919288529579,0.010804454855318585,9.035141189928624e-06,0.0028888736824420544,0.040201866078970215,0.02103556139143472,5.1597860365022553e-05,8.745917257853054e-11,0.0021136193480103716,5.8057793650930955e-11,0.0004958346647151271,2.8973292664882244e-09,9.669107816949863e-06,1.8969114678083163e-09,1.1731628278743435e-10,1.650722533894777e-05,1.4736599618470511e-05,0.006367138788560076,5.75102377922016e-05,0.0004719315746894294,3.131494943284009e-08,5.681334446243559e-09,3.687834789312548e-08,1.300585768250128e-07,4.29961862101654e-09,2.574791396659809e-05,0.0005365938508948703,3.324478923339801e-07,0.0008068298222553011,6.567964379449796e-09,2.3320877807797303e-05,6.534968215887032e-08,7.460717795937427e-06,1.0236532204435346e-10,1.1126032699207622e-10,1.675784286405024e-06,1.4273416229687337e-07,4.169808949373441e-12,1.0744225976261235e-10,3.697308716822449e-11
2.4498203925200254e-06,0.16628943999999996,0.8585084662769803,0.0,0.0,0.4440369765326478,0.08837759750759493,0.010799582687752931,9.035643879441922e-06,0.002888893755243172,0.04022654486354634,0.02104561372719892,5.1583997344437855e-05,8.760661081937944e-11,0.002113342037764161,5.804620295300176e-11,0.0004958908567301185,2.8971544578907474e-09,9.660951384975665e-06,1.8980330806293045e-09,1.1736769889730912e-10,1.6495987286424815e-05,1.474592129053137e-05,0.006366274318802158,5.7203094111878685e-05,0.0004720628230284213,3.115685722963393e-08,5.678027436752377e-09,3.687923187008976e-08,1.3005883213979886e-07,4.322330465434789e-09,2.5877138394829813e-05,0.0005391344203066987,3.326005038610407e-07,0.0008073217096175911,6.567071262557726e-09,2.333562978935148e-05,6.538059865435564e-08,7.458156815517278e-06,1.0244128458416759e-10,1.1129889086725632e-10,1.6768516434143122e-06,1.4269512684059706e-07,4.172426629126096e-12,1.0735111309508037e-10,3.692870952404485e-11
2.451284968056484e-06,0.16628943999999996,0.8585084662769803,0.0,0.0,0.4440348471528878,0.08836600378594818,0.010794712750959348,9.036143981724927e-06,0.0028889130841506087,0.04025122080274569,0.021055659728963134,5.157014132983754e-05,8.775417937942372e-11,0.002113064845074771,5.80346220468188e-11,0.0004959470301479113,2.8969799583508487e-09,9.652802439404014e-06,1.8991542553551442e-09,1.1741905633487346e-10,1.6484788716051823e-05,1.4755241076753455e-05,0.006365409866628663,5.689852327222925e-05,0.00047219400740762643,3.1000065655579285e-08,5.674722587934351e-09,3.6880140253700173e-08,1.3005905214153652e-07,4.345099010660387e-09,2.6006633448064704e-05,0.0005416792532484555,3.3275302023386586e-07,0.0008078135223714595,6.5661784158804116e-09,2.3350378786480618e-05,6.541149414452397e-08,7.455596395990939e-06,1.0251723239866723e-10,1.1133741349216914e-10,1.6779187385239026e-06,1.4265610886422875e-07,4.175043684364734e-12,1.0726004879256812e-10,3.688469453268418e-11
2.452749543592942e-06,0.16628943999999996,0.8585084662769803,0.0,0.0,0.4440327108370499,0.0883544117187972,0.010789845044054546,9.03664151771371e-06,0.0028889316748787006,0.04027589389317592,0.02106569942119598,5.155629232517624e-05,8.790187823090306e-11,0.002112787769776981,5.802305093897714e-11,0.000496003184957631,2.8968057677188026e-09,9.644661008023858e-06,1.900274993864168e-09,1.1747035527477796e-10,1.6473629352234603e-05,1.4764558979874923e-05,0.006364545432805451,5.6596497075959426e-05,0.00047232512793226163,3.0844560625144846e-08,5.671419897992925e-09,3.68810730256103e-08,1.3005923710016257e-07,4.367924129168986e-09,2.6136398173331232e-05,0.0005442283270900657,3.3290544174553094e-07,0.0008083052605189729,6.565285839692776e-09,2.336512480351793e-05,6.544236871170724e-08,7.453036537658177e-06,1.0259316554912856e-10,1.1137589500951984e-10,1.6789855722363733e-06,1.4261710839702542e-07,4.177660116226397e-12,1.0716906717923892e-10,3.684103828914055e-11
2.4542141191294006e-06,0.16628943999999996,0.8585084662769803,0.0,0.0,0.44403056763543675,0.08834282130459985,0.010784979566154347,9.03713650812034e-06,0.002888949533081998,0.04030056413148847,0.021075732828081162,5.154245033424556e-05,8.804970734615708e-11,0.0021125108117036754,5.801148963579927e-11,0.0004960593211485127,2.8966318858392543e-09,9.636527118218309e-06,1.9013952980103794e-09,1.1752159589129928e-10,1.6462508920429947e-05,1.4773875002630479e-05,0.006363681018089354,5.629698767190993e-05,0.00047245618470681604,3.069032822292089e-08,5.66811936512743e-09,3.6882030167833367e-08,1.3005938728277574e-07,4.390805695156973e-09,2.6266431629186835e-05,0.0005467816194706856,3.330577686855945e-07,0.0008087969240621899,6.564393534254307e-09,2.3379867844791155e-05,6.54732224372758e-08,7.450477240811467e-06,1.0266908409580955e-10,1.1141433556031204e-10,1.680052145051828e-06,1.425781254675722e-07,4.180275925842579e-12,1.0707816857454219e-10,3.679773693478192e-11
2.455678694665859e-06,0.16628943999999996,0.8585084662769803,0.0,0.0,0.4440284175977409,0.08833123254182987,0.010780116316373727,9.03762897343554e-06,0.0028889666643559576,0.04032523151437791,0.021085759973520423,5.152861536067495e-05,8.81976666976235e-11,0.0021122339706858826,5.799993814333694e-11,0.0004961154387099018,2.8964583125512987e-09,9.628400796967092e-06,1.9025151696237225e-09,1.1757277835832218e-10,1.6451427147169844e-05,1.478318914775142e-05,0.00636281662322825,5.5999967551271806e-05,0.00047258717783487856,3.0537354701320964e-08,5.664820987533218e-09,3.688301166274401e-08,1.3005950295366882e-07,4.413743584545939e-09,2.6396732885768498e-05,0.0005493391082956473,3.332100013400784e-07,0.0008092885130031565,6.563501499809292e-09,2.3394607914622646e-05,6.550405540164851e-08,7.4479185057360945e-06,1.0274498809801336e-10,1.1145273528386611e-10,1.6811184574679067e-06,1.4253916010378732e-07,4.182891114339294e-12,1.0698735329324366e-10,3.675478665681487e-11
2.4571432702023174e-06,0.16628943999999996,0.8585084662769803,0.0,0.0,0.4440262607730513,0.08831964542897677,0.01077525529382681,9.038118933931321e-06,0.002888983074237629,0.040349896038581495,0.021095780881136672,5.15147874079327e-05,8.834575625783622e-11,0.0021119572465528166,5.798839646737314e-11,0.0004961715376312567,2.8962850476885528e-09,9.62028207084907e-06,1.903634610510345e-09,1.1762390284932193e-10,1.6440383760084988e-05,1.4792501417965654e-05,0.006361952248961161,5.570540954377427e-05,0.00047271810741936665,3.038562647942783e-08,5.661524763401776e-09,3.688401749307024e-08,1.3005958437436147e-07,4.436737674939287e-09,2.6527301024464516e-05,0.0005519007717337484,3.333621399916087e-07,0.0008097800273439044,6.562609736587039e-09,2.3409345017329385e-05,6.553486768430318e-08,7.445360332710256e-06,1.0282087761404342e-10,1.1149109431783862e-10,1.6821845099798013e-06,1.42500212332927e-07,4.1855056828371146e-12,1.0689662164545497e-10,3.6712183687908764e-11
2.458607845738776e-06,0.16628943999999996,0.8585084662769803,0.0,0.0,0.4440240972098595,0.08830805996454576,0.010770396497626905,9.038606409663588e-06,0.002888998768206326,0.040374557700878555,0.021105795574276963,5.15009664793268e-05,8.849397599942356e-11,0.0021116806391319144,5.7976864613423825e-11,0.0004962276179021499,2.896112091079234e-09,9.612170966044741e-06,1.904753622452871e-09,1.1767496953734716e-10,1.642937848792735e-05,1.4801811815997743e-05,0.0063610878960183095,5.5413286813920005e-05,0.0004728489735622637,3.023513014044365e-08,5.658230690920862e-09,3.688504764189719e-08,1.3005963180363161e-07,4.459787845637353e-09,2.6658135138049356e-05,0.0005544665882141137,3.3351418491935893e-07,0.0008102714670864493,6.561718244802116e-09,2.3424079157223075e-05,6.556565936378661e-08,7.442802722005181e-06,1.0289675270129166e-10,1.1152941279824131e-10,1.6832503030802702e-06,1.4246128218159072e-07,4.188119632451234e-12,1.0680597393666464e-10,3.666992430562518e-11
2.4600724212752342e-06,0.16628943999999996,0.8585084662769803,0.0,0.0,0.44402192695606696,0.08829647614705753,0.0107655399268865,9.0390914204747e-06,0.0028890137516843005,0.040399216498089925,0.021115804076015623,5.148715257800588e-05,8.864232589510638e-11,0.0021114041482488744,5.7965342586739914e-11,0.0004962836795122695,2.8959394425462255e-09,9.604067508338771e-06,1.905872207210663e-09,1.1772597859500366e-10,1.6418411060592002e-05,1.4811120344568948e-05,0.0063602235651212214,5.512357285717974e-05,0.0004729797763649599,3.00858524308485e-08,5.654938768274613e-09,3.68861020926562e-08,1.3005964549754779e-07,4.482893977580197e-09,2.678923433024877e-05,0.0005570365364235817,3.33666136399233e-07,0.0008107628322327875,6.5608270246545634e-09,2.3438810338610183e-05,6.559643051772508e-08,7.440245673885227e-06,1.0297261341616194e-10,1.1156769085946002e-10,1.6843158372596536e-06,1.424223696757258e-07,4.190732964291531e-12,1.0671541046776793e-10,3.662800483208548e-11
2.461390539258047e-06,0.16628943999999996,0.8585084662769803,0.0,0.0,0.4440199680463103,0.08828605211824384,0.010761170915253842,9.039525838926771e-06,0.0028890266337809386,0.0404214069633374,0.021124806452785545,5.14747260776205e-05,8.877595206049947e-11,0.002111155405948578,5.795498116916404e-11,0.0004963341189979881,2.8957843221211437e-09,9.596780955666552e-06,1.9068785696853144e-09,1.177718376152179e-10,1.640857251100932e-05,1.4819496424140457e-05,0.006359445686752353,5.486486815488215e-05,0.00047309744481452014,2.9952533595559874e-08,5.651977874497995e-09,3.688707186308173e-08,1.3005962918782603e-07,4.503737246136659e-09,2.6907449513708762e-05,0.0005593530050302554,3.3380281305849697e-07,0.0008112049970863685,6.560025158925526e-09,2.3452065875890573e-05,6.562410707035302e-08,7.437944811800591e-06,1.0304087581708382e-10,1.1160210666592902e-10,1.6852745970469024e-06,1.423873635282497e-07,4.193084435664242e-12,1.0663397561588296e-10,3.659056492352214e-11
2.4627086572408594e-06,0.16628943999999996,0.8585084662769803,0.0,0.0,0.44401800378959666,0.08827562942121102,0.010756803704875749,9.039958290863614e-06,0.002889038948600221,0.04044359510306343,0.02113380384943503,5.146230527383103e-05,8.89096836089274e-11,0.00211090675777195,5.794462771917154e-11,0.0004963845433528719,2.8956294509536823e-09,9.58950063595567e-06,1.907884588797159e-09,1.1781765021944477e-10,1.6398764202637147e-05,1.4827870993629416e-05,0.006358667827331892,5.4608074491929196e-05,0.00047321506211265576,2.982018180836865e-08,5.649018719285158e-09,3.6888061293347735e-08,1.3005958594063394e-07,4.5246256637296064e-09,2.7025878056005827e-05,0.0005616727880995145,3.33939414442243e-07,0.0008116471015200468,6.559223513499034e-09,2.346531902339683e-05,6.565176711474285e-08,7.4356444058018256e-06,1.0310912666119817e-10,1.1163648993612534e-10,1.6862331478573874e-06,1.4235237171210687e-07,4.195435408336594e-12,1.0655260945128719e-10,3.655339477807759e-11
2.464026775223672e-06,0.16628943999999996,0.8585084662769803,0.0,0.0,0.4440160342196464,0.0882652080549122,0.010752438295103599,9.040388790316754e-06,0.0028890506999790363,0.0404657809150346,0.021142796282230668,5.1449890168605726e-05,8.904352052068878e-11,0.0021106582035884595,5.793428224004713e-11,0.0004964349525696502,2.895474828903937e-09,9.582226567190918e-06,1.908890265781513e-09,1.1786341653253032e-10,1.638898594102571e-05,1.483624405501288e-05,0.006357889987368069,5.4353173219233803e-05,0.00047333262833165496,2.968878773844875e-08,5.64606130130529e-09,3.688907037209336e-08,1.3005951593713963e-07,4.54555914695205e-09,2.7144519326423112e-05,0.0005639958706176232,3.3407594074484787e-07,0.0008120891455352305,6.558422088491615e-09,2.34785697842577e-05,6.567941070561208e-08,7.433344456067805e-06,1.031773659877399e-10,1.116708407647133e-10,1.6871914900436071e-06,1.4231739424487886e-07,4.197785883106842e-12,1.0647131218391314e-10,3.6516491805143685e-11
2.4653448932064846e-06,0.16628943999999996,0.8585084662769803,0.0,0.0,0.44401405936980926,0.08825478801831026,0.010748074685288277,9.04081735118386e-06,0.002889061891718459,0.040487964397043476,0.02115178376726765,5.1437480763810675e-05,8.917746277613844e-11,0.002110409743266527,5.7923944734906354e-11,0.0004964853466411329,2.895320455828692e-09,9.574958767103805e-06,1.9098956018591013e-09,1.1790913667899157e-10,1.637923753252501e-05,1.4844615610265827e-05,0.006357112167363602,5.410014589550369e-05,0.0004734501435432217,2.9558342157005384e-08,5.643105619225488e-09,3.6890099088183346e-08,1.3005941935681e-07,4.566537613457604e-09,2.7263372701346076e-05,0.0005663222377324953,3.3421239215856814e-07,0.000812531129133311,6.557620884010826e-09,2.3491818161598633e-05,6.570703789709955e-08,7.431044962773173e-06,1.0324559383539653e-10,1.1170515924533715e-10,1.6881496239565148e-06,1.4228243114373223e-07,4.200135860769885e-12,1.0639008402075699e-10,3.647985344210026e-11
2.4666630111892973e-06,0.16628943999999996,0.8585084662769803,0.0,0.0,0.4440120792730679,0.08824436931037778,0.01074371287478018,9.041243987230232e-06,0.0028890725275841356,0.040510145546908224,0.02116076632047158,5.14250770612105e-05,8.931151035568644e-11,0.002110161376673552,5.79136152066967e-11,0.0004965357255602092,2.895166331581461e-09,9.56769725317405e-06,1.910900598236212e-09,1.179548107830078e-10,1.6369518784295476e-05,1.4852985661361146e-05,0.00635633436781576,5.3848974285063864e-05,0.00047356760781867423,2.9428835936863162e-08,5.6401516717108515e-09,3.689114743070161e-08,1.3005929637742952e-07,4.587560981923973e-09,2.7382437563984493e-05,0.0005686518747522194,3.3434876887365176e-07,0.0008129730523156618,6.556819900155383e-09,2.350506415854181e-05,6.573464874277156e-08,7.428745926088396e-06,1.0331381024224725e-10,1.117394454706328e-10,1.6891075499455274e-06,1.4224748242542168e-07,4.202485342117298e-12,1.0630892516589665e-10,3.644347715411301e-11
2.46798112917211e-06,0.16628943999999996,0.8585084662769803,0.0,0.0,0.4440100939620425,0.08823395193009699,0.010739352862929223,9.041668712090198e-06,0.0028890826113066492,0.040532324362472394,0.02116974395760025,5.1412679062468855e-05,8.944566323979711e-11,0.0021099131036759235,5.790329365819882e-11,0.0004965860893198506,2.8950124560125123e-09,9.56044204263116e-06,1.9119052561048527e-09,1.1800043896841267e-10,1.635982950431825e-05,1.4861354210269697e-05,0.006355556589216408,5.3599640355684385e-05,0.00047368502122883087,2.9300260051133928e-08,5.6371994574245285e-09,3.6892215388949856e-08,1.3005914717511736e-07,4.608629172054377e-09,2.750171330441145e-05,0.0005709847671432655,3.3448507107834704e-07,0.0008134149150836377,6.556019137015251e-09,2.351830777820617e-05,6.57622432956278e-08,7.426447346179822e-06,1.0338201524581215e-10,1.1177369953223834e-10,1.6900652683585365e-06,1.4221254810629295e-07,4.204834327937357e-12,1.0622783582051075e-10,3.6407360433829394e-11
2.4692992471549225e-06,0.16628943999999996,0.8585084662769803,0.0,0.0,0.44400810346899416,0.08822353587645951,0.010734994649084856,9.042091539268542e-06,0.0028890921465818935,0.040554500841604585,0.02117871669424539,5.140028676914908e-05,8.957992140898794e-11,0.0021096649241390463,5.789298009202759e-11,0.00049663643791311,2.8948588289689227e-09,9.553193152455957e-06,1.9129095766429056e-09,1.1804602135868585e-10,1.6350169501405205e-05,1.4869721258960308e-05,0.006354778832052046,5.335212627639641e-05,0.0004738023838439683,2.9172605571927068e-08,5.63424897502775e-09,3.689330295244996e-08,1.3005897192434468e-07,4.629742104579211e-09,2.7621199319559994e-05,0.0005733209005287192,3.34621298958869e-07,0.0008138567174385738,6.555218594671814e-09,2.3531549023707433e-05,6.578982160810751e-08,7.424149223209759e-06,1.0345020888307785e-10,1.1180792152080445e-10,1.6910227795419187e-06,1.4217762820228602e-07,4.207182819015096e-12,1.0614681618289672e-10,3.637150080108311e-11
2.470617365137735e-06,0.16628943999999996,0.8585084662769803,0.0,0.0,0.4440061078258286,0.08821312114846645,0.010730638232596068,9.042512482141912e-06,0.002889101137071438,0.04057667498219808,0.021187684545834452,5.138790018271484e-05,8.971428484382862e-11,0.002109416837927363,5.788267451063331e-11,0.0004966867713331234,2.894705450294625e-09,9.545950599382136e-06,1.9139135610142787e-09,1.180915580769454e-10,1.634053858520848e-05,1.487808680939977e-05,0.006354001096803876,5.310641441533494e-05,0.0004739196957339731,2.9045863669792193e-08,5.63130022317997e-09,3.68944101109394e-08,1.3005877079795242e-07,4.650899701226249e-09,2.774089501299953e-05,0.0005756602606867592,3.347574526994894e-07,0.0008142984593817849,6.554418273197984e-09,2.3544787898158145e-05,6.581738373209498e-08,7.421851557336525e-06,1.035183911904471e-10,1.118421115260063e-10,1.6919800838405463e-06,1.421427227289379e-07,4.209530816132303e-12,1.0606586644848931e-10,3.6335895802670795e-11
2.4719354831205477e-06,0.16628943999999996,0.8585084662769803,0.0,0.0,0.4440041070641005,0.08820270774512823,0.010726283612811378,9.042931553960207e-06,0.002889109586402887,0.04059884678217071,0.021196647527632388,5.137551930453059e-05,8.984875352494013e-11,0.0021091688449043746,5.787237691630284e-11,0.0004967370895731103,2.8945523198304293e-09,9.538714399897826e-06,1.9149172103690715e-09,1.1813704924594043e-10,1.6330936566229682e-05,1.4886450863552914e-05,0.0063532233839478395,5.2862487337591664e-05,0.0004740369569682453,2.892002561248214e-08,5.628353200538878e-09,3.689553685436614e-08,1.3005854396716869e-07,4.672101884715943e-09,2.7860799794954e-05,0.0005780028335488973,3.3489353248257214e-07,0.0008147401409145655,6.553618172658307e-09,2.3558024404667706e-05,6.584492971892586e-08,7.419554348714508e-06,1.0358656220379607e-10,1.1187626963655418e-10,1.6929371815977975e-06,1.4210783170138594e-07,4.2118783200675635e-12,1.0598498680987992e-10,3.630054301203791e-11
2.4732536011033603e-06,0.16628943999999996,0.8585084662769803,0.0,0.0,0.4440021012150171,0.08819229566546452,0.010721930789078881,9.043348767847945e-06,0.0028891174981702447,0.04062101623946445,0.021205605654743345,5.136314413586237e-05,8.998332743299363e-11,0.002108920944932657,5.7862087311160755e-11,0.0004967873926263741,2.894399437414074e-09,9.53148457024715e-06,1.9159205258437163e-09,1.1818249498804344e-10,1.6321363255828763e-05,1.489481342338259e-05,0.0063524456939546715,5.2620327803064655e-05,0.0004741541676156744,2.879508276371953e-08,5.625407905760432e-09,3.68966831728924e-08,1.3005829160162483e-07,4.693348578762995e-09,2.7980913082272297e-05,0.000580348605198261,3.3502953848853024e-07,0.0008151817620381878,6.552818293109118e-09,2.3571258546342367e-05,6.587245961939298e-08,7.417257597494243e-06,1.0365472195848394e-10,1.1191039594020322e-10,1.6938940731555673e-06,1.4207295513437069e-07,4.2142253315963304e-12,1.0590417745683476e-10,3.6265440029012816e-11
2.474571719086173e-06,0.16628943999999996,0.8585084662769803,0.0,0.0,0.4440000903094418,0.08818188490850405,0.010717579760746214,9.043764136805641e-06,0.002889124875934265,0.0406431833520452,0.021214558942112476,5.1350774677878264e-05,9.011800654870965e-11,0.0021086731378738843,5.7851805697170536e-11,0.0004968376804863035,2.8942468028802667e-09,9.52426112643179e-06,1.916923508561141e-09,1.1822789542524352e-10,1.6311818466232485e-05,1.4903174490849668e-05,0.006351668027289957,5.237991876433929e-05,0.0004742713277447528,2.8671026582528666e-08,5.622464337499001e-09,3.689784905689371e-08,1.3005801386937318e-07,4.7146397080533854e-09,2.8101234298248904e-05,0.0005826975618680502,3.3516547089589297e-07,0.0008156233227539032,6.552018634598649e-09,2.3584490326285315e-05,6.589997348375213e-08,7.414961303822455e-06,1.037228704893e-10,1.1194449052376526e-10,1.69485075885428e-06,1.420380930422393e-07,4.216571851490898e-12,1.0582343857631308e-10,3.6230584479585084e-11
2.4758898370689855e-06,0.16628943999999996,0.8585084662769803,0.0,0.0,0.4439980743778981,0.08817147547328472,0.010713230527160592,9.044177673711134e-06,0.002889131723222804,0.04066534811790243,0.021223507404527633,5.133841093164909e-05,9.025279085285696e-11,0.002108425423588848,5.784153207613568e-11,0.0004968879531463717,2.89409441606072e-09,9.51704408421256e-06,1.9179261596309146e-09,1.1827325067913922e-10,1.630230201054255e-05,1.4911534067913095e-05,0.00635089038441417,5.2141243364577996e-05,0.0004743884374235038,2.8547848622111418e-08,5.619522494407387e-09,3.689903449694782e-08,1.3005771093690388e-07,4.7359751982323354e-09,2.8221762872622718e-05,0.0005850496899398228,3.353013298813735e-07,0.0008160648230629393,6.551219197167131e-09,2.359771974759665e-05,6.592747136172781e-08,7.412665467842141e-06,1.0379100783054093e-10,1.1197855347311975e-10,1.6958072390328963e-06,1.4200324543894806e-07,4.21891788052045e-12,1.0574277035248717e-10,3.619597401556141e-11
2.477207955051798e-06,0.16628943999999996,0.8585084662769803,0.0,0.0,0.44399605345057364,0.08816106735885326,0.010708883087668809,9.044589391320937e-06,0.0028891380435311725,0.04068751053504898,0.021232451056621103,5.1326052898149026e-05,9.038768032625184e-11,0.0021081778019374775,5.783126644970091e-11,0.0004969382106001392,2.893942276784187e-09,9.509833459111004e-06,1.9189284801494057e-09,1.1831856087093204e-10,1.6292813702743395e-05,1.4919892156529912e-05,0.006350112765782734,5.19042849354128e-05,0.00047450549671947134,2.8425540528644884e-08,5.616582375136838e-09,3.6900239483840175e-08,1.3005738296916024e-07,4.757354975906501e-09,2.8342498241530242e-05,0.0005874049759418226,3.3543711561981393e-07,0.0008165062629665019,6.550419980846941e-09,2.36109468133734e-05,6.595495330251939e-08,7.410370089692615e-06,1.0385913401600995e-10,1.1201258487322288e-10,1.6967635140289279e-06,1.4196841233806602e-07,4.221263419451127e-12,1.0566217296676068e-10,3.616160631432405e-11
2.4785260730346107e-06,0.16628943999999996,0.8585084662769803,0.0,0.0,0.4439940275573236,0.08815066056426542,0.010704537441617238,9.044999302271542e-06,0.002889143840322475,0.04070967060152081,0.02124138991287133,5.131370057825619e-05,9.052267494975687e-11,0.002107930272778861,5.782100881935333e-11,0.0004969884528412523,2.893790384876506e-09,9.502629266410917e-06,1.9199304711999287e-09,1.1836382612142005e-10,1.628335335770968e-05,1.492824875865521e-05,0.006349335171846065,5.166902699486281e-05,0.0004746225056997974,2.830409404051922e-08,5.6136439783371924e-09,3.690146400856845e-08,1.3005703012955627e-07,4.778778968628366e-09,2.8463439847361284e-05,0.0005897634065474281,3.3557282828422484e-07,0.0008169476424657727,6.5496209856627314e-09,2.362417152670966e-05,6.598241935480658e-08,7.408075169509573e-06,1.039272490789426e-10,1.1204658480811897e-10,1.6977195841784486e-06,1.419335937527775e-07,4.223608469046026e-12,1.0558164659778613e-10,3.612747907864606e-11
2.4798441910174233e-06,0.16628943999999996,0.8585084662769803,0.0,0.0,0.4439919967276742,0.08814025508858563,0.010700193588351845,9.04540741908074e-06,0.0028891491170279547,0.04073182831537657,0.021250323987604597,5.130135397275332e-05,9.065777470428027e-11,0.002107682835971258,5.78107591864236e-11,0.0004970386798634448,2.8936387401606374e-09,9.495431521159994e-06,1.920932133852893e-09,1.1840904655099143e-10,1.6273920791213342e-05,1.4936603876242233e-05,0.00634855760304963,5.143545324526269e-05,0.0004747394644311702,2.8183500987331133e-08,5.610707302656921e-09,3.690270806232392e-08,1.3005665257999323e-07,4.800247104876343e-09,2.858458713874216e-05,0.0005921249685734762,3.3570846804589254e-07,0.0008173889615619108,6.5488222116315e-09,2.363739389069648e-05,6.600986956675503e-08,7.405780707425159e-06,1.0399535305211645e-10,1.1208055336095203e-10,1.6986754498161032e-06,1.418987896958857e-07,4.225953030065202e-12,1.055011914214857e-10,3.6093590036290875e-11
2.481162309000236e-06,0.16628943999999996,0.8585084662769803,0.0,0.0,0.443989960990827,0.08812985093088704,0.010695851527218202,9.045813754148906e-06,0.0028891538770473286,0.04075398367469752,0.021259253294996776,5.1289013082328376e-05,9.079297957077486e-11,0.002107435491372128,5.780051755208709e-11,0.000497088891660538,2.8934873424566957e-09,9.488240238171365e-06,1.9219334691659564e-09,1.1845422227961864e-10,1.626451581993046e-05,1.4944957511242359e-05,0.0063477800598339875,5.120354757119923e-05,0.0004748563729798249,2.8063753288696023e-08,5.607772346743091e-09,3.690397163649762e-08,1.300562504808737e-07,4.821759314057442e-09,2.8705939570477048e-05,0.0005944896489786369,3.358440350743108e-07,0.00081783022025605,6.548023658762736e-09,2.365061390842191e-05,6.603730398602261e-08,7.403486703568025e-06,1.0406344596785055e-10,1.1211449061397399e-10,1.6996311112751206e-06,1.4186400017981557e-07,4.228297103265771e-12,1.0542080761106985e-10,3.605993693977762e-11
2.4824804269830485e-06,0.16628943999999996,0.8585084662769803,0.0,0.0,0.4439879203756621,0.08811944809025145,0.010691511257561473,9.046218319760258e-06,0.0028891581237491244,0.040776136677587206,0.021268177849074952,5.127667790757515e-05,9.092828953023715e-11,0.002107188238838143,5.779028391736508e-11,0.0004971390882264413,2.8933361915819896e-09,9.481055432025208e-06,1.9229344781841684e-09,1.1849935342685235e-10,1.6255138261447697e-05,1.4953309665605057e-05,0.0063470025426348425,5.097329403747173e-05,0.00047497323141159546,2.794484295340465e-08,5.6048391092415434e-09,3.690525472269354e-08,1.300558239911193e-07,4.843315526500075e-09,2.8827496603430175e-05,0.0005968574348618636,3.3597952953718523e-07,0.0008182714185493014,6.547225327058572e-09,2.3663831582971178e-05,6.606472265976468e-08,7.401193158063385e-06,1.0413152785788303e-10,1.1214839664855584e-10,1.7005865688873247e-06,1.418292252166165e-07,4.230640689401904e-12,1.0534049533705401e-10,3.60265175662838e-11
2.483798544965861e-06,0.16628943999999996,0.8585084662769803,0.0,0.0,0.4439858749107417,0.08810904656576914,0.010687172778726453,9.046621128084175e-06,0.002889161860471008,0.04079828732217112,0.021277097663719116,5.126434844899397e-05,9.10637045637065e-11,0.002106941078225209,5.7780058283125933e-11,0.0004971892695551531,2.8931852873510686e-09,9.473877117070317e-06,1.9239351619401226e-09,1.18544440111816e-10,1.6245787934268465e-05,1.4961660341277999e-05,0.006346225051883099,5.0744676887063775e-05,0.0004750900397918778,2.782676207854818e-08,5.6019075887969534e-09,3.690655731270044e-08,1.3005537326818658e-07,4.864915673425336e-09,2.894925770449651e-05,0.0005992283134607631,3.3611495160058815e-07,0.00081871255644275,6.546427216513825e-09,2.3677046917426525e-05,6.609212563463934e-08,7.39890007103308e-06,1.0419959875352715e-10,1.1218227154519963e-10,1.7015418229831452e-06,1.4179446481796584e-07,4.2329837892248034e-12,1.0526025476727984e-10,3.5993329717165454e-11
2.4851166629486737e-06,0.16628943999999996,0.8585084662769803,0.0,0.0,0.44398382462431446,0.0880986463565388,0.010682836090057548,9.047022191176382e-06,0.0028891650905201174,0.04082043560659654,0.02128601275266386,5.125202470699228e-05,9.119922465226418e-11,0.0021066940093884827,5.776984065008621e-11,0.0004972394356407612,2.8930346295757474e-09,9.466705307425723e-06,1.924935521454098e-09,1.185894824532002e-10,1.6236464657818825e-05,1.4970009540207063e-05,0.006345447588004904,5.0517680539126785e-05,0.0004752067981856361,2.770950284833192e-08,5.598977784052735e-09,3.69078793984968e-08,1.3005489846808092e-07,4.886559686949616e-09,2.9071222346536694e-05,0.0006016022721500096,3.3625030142888014e-07,0.0008191536339374578,6.545629327116144e-09,2.3690259914867293e-05,6.611951295681402e-08,7.396607442595642e-06,1.0426765868569078e-10,1.1221611538354607e-10,1.7024968738916311e-06,1.41759718995172e-07,4.2353264034828365e-12,1.0518008606693452e-10,3.596037121769033e-11
2.4864347809314864e-06,0.16628943999999996,0.8585084662769803,0.0,0.0,0.44398176954431795,0.08808824746166757,0.010678501190898792,9.047421520980233e-06,0.0028891678171733782,0.04084258152903223,0.02129492312949997,5.123970668188532e-05,9.133484977703251e-11,0.0021064470321823904,5.775963101881196e-11,0.0004972895864774425,2.8928842180651433e-09,9.459540016982239e-06,1.925935557734206e-09,1.1863448056925754e-10,1.6227168252452985e-05,1.4978357264336253e-05,0.006344670151421704,5.029228958698514e-05,0.0004753235066574367,2.75930575331469e-08,5.5960496936512335e-09,3.6909220972277125e-08,1.300543997453729e-07,4.908247500087985e-09,2.919339000827875e-05,0.0006039792984398074,3.363855791846657e-07,0.0008195946510344609,6.544831658846172e-09,2.370347057837003e-05,6.614688467197045e-08,7.394315272866341e-06,1.0433570768466858e-10,1.1224992824238464e-10,1.7034517219404596e-06,1.4172498775917706e-07,4.237668532921529e-12,1.0509998939856636e-10,3.592763991709566e-11
2.487752898914299e-06,0.16628943999999996,0.8585084662769803,0.0,0.0,0.44397970969838313,0.08807784988027077,0.010674168080593857,9.047819129327923e-06,0.002889170043677829,0.040864725087668224,0.02130382880767612,5.122739437389672e-05,9.147057991917403e-11,0.002106200146460648,5.774942938971979e-11,0.0004973397220594639,2.8927340526257213e-09,9.452381259404097e-06,1.926935271776535e-09,1.1867943457779752e-10,1.6217898539458625e-05,1.4986703515607796e-05,0.006343892742550289,5.006848879615382e-05,0.0004754401652714244,2.7477418488847138e-08,5.593123316233841e-09,3.69105820264122e-08,1.3005387725321485e-07,4.929979046715339e-09,2.9315760174278454e-05,0.0006063593799743078,3.3652078502900547e-07,0.000820035607734771,6.544034211677577e-09,2.371667891100843e-05,6.61742408253096e-08,7.392023561957257e-06,1.044037457803563e-10,1.1228371019966714e-10,1.7044063674559494e-06,1.4169027112056042e-07,4.2400101782835014e-12,1.050199649221064e-10,3.5895133688016523e-11
2.4890710168971116e-06,0.16628943999999996,0.8585084662769803,0.0,0.0,0.4439776451138373,0.08806745361147192,0.010669836758486055,9.048215027941694e-06,0.0028891717732509405,0.04088686628071551,0.02131272980050046,5.1215087783159224e-05,9.160641505989065e-11,0.0021059533520762777,5.773923576307814e-11,0.0004973898423811834,2.8925841330613214e-09,9.445229048130518e-06,1.9279346645652934e-09,1.187243445961817e-10,1.6208655341061804e-05,1.4995048295962222e-05,0.006343115361802845,4.984626310237078e-05,0.00047555677409132985,2.736257815556128e-08,5.590198650440818e-09,3.6911962553449224e-08,1.3005333114335338e-07,4.951754261567368e-09,2.9438332334852012e-05,0.0006087425045300596,3.366559191213358e-07,0.0008204765040393749,6.543236985577174e-09,2.372988491585331e-05,6.620158146155846e-08,7.389732309977333e-06,1.0447177300232687e-10,1.1231746133251379e-10,1.7053608107630716e-06,1.4165556908954116e-07,4.242351340308631e-12,1.0494001279488868e-10,3.5862850426113675e-11
2.490389134879924e-06,0.16628943999999996,0.8585084662769803,0.0,0.0,0.44397557581770797,0.08805705865440262,0.010665507223918354,9.048609228435031e-06,0.002889173009080924,0.04090900510640585,0.021321626121142256,5.120278690971526e-05,9.174235518042276e-11,0.0021057066488816226,5.77290501390084e-11,0.0004974399474370486,2.892434459173198e-09,9.438083396377306e-06,1.9289337370729478e-09,1.187692107413186e-10,1.619943848043172e-05,1.5003391607338202e-05,0.006342338009587001,4.962559760964949e-05,0.00047567333318049217,2.72485290566603e-08,5.5872756949115075e-09,3.6913362546157246e-08,1.3005276156614537e-07,4.973573080257795e-09,2.956110598599159e-05,0.0006111286600144961,3.367909816193543e-07,0.0008209173399492339,6.542439980505121e-09,2.3743088595972802e-05,6.622890662497477e-08,7.387441517032426e-06,1.0453978937948439e-10,1.123511817172228e-10,1.7063150521854615e-06,1.4162088167598164e-07,4.2446920197340734e-12,1.0486013317166448e-10,3.5830788050373984e-11
2.4917072528627368e-06,0.16628943999999996,0.8585084662769803,0.0,0.0,0.44397350183672646,0.08804666500820255,0.010661179476233369,9.049001742313868e-06,0.002889173754327047,0.040931141562991505,0.021330517782633483,5.1190491753517656e-05,9.187840026204834e-11,0.002105460036728371,5.771887251748609e-11,0.0004974900372215995,2.8922850307600513e-09,9.430944317138443e-06,1.9299324902603707e-09,1.1881403312965994e-10,1.6190247781685075e-05,1.5011733451672673e-05,0.006341560686305875,4.940647758834512e-05,0.0004757898426018442,2.713526379820871e-08,5.584354448284521e-09,3.6914781997474704e-08,1.3005216867057495e-07,4.9954354392284525e-09,2.9684080629317966e-05,0.0006135178344643939,3.369259726793013e-07,0.0008213581154652845,6.541643196414944e-09,2.3756289954432268e-05,6.625621635935183e-08,7.385151183225386e-06,1.0460779494034265e-10,1.1238487142928525e-10,1.7072690920454294e-06,1.415862088893904e-07,4.247032217294139e-12,1.0478032620462404e-10,3.5798944502457014e-11
2.4930253708455494e-06,0.16628943999999996,0.8585084662769803,0.0,0.0,0.44397142319733046,0.0880362726720192,0.010656853514773374,9.049392580977728e-06,0.0028891740121199396,0.04095327564874502,0.02133940479787039,5.117820231443025e-05,9.201455028608233e-11,0.0021052135154675665,5.770870289834204e-11,0.0004975401117294666,2.892135847618071e-09,9.423811823187692e-06,1.9309309250769753e-09,1.1885881187719542e-10,1.6181083069890237e-05,1.5020073830900945e-05,0.006340783392358136,4.9188888473237e-05,0.0004759063024179209,2.702277506778764e-08,5.581434909197445e-09,3.6916220900498125e-08,1.3005155260426483e-07,5.017341275745305e-09,2.9807255772013674e-05,0.0006159100160443629,3.370608924558921e-07,0.0008217988305884381,6.540846633253602e-09,2.3769488994294223e-05,6.628351070802498e-08,7.3828613086560904e-06,1.0467578971322038e-10,1.1241853054338967e-10,1.7082229306639745e-06,1.4155155073892513e-07,4.249371933720474e-12,1.0470059204341835e-10,3.576731774609954e-11
2.494343488828362e-06,0.16628943999999996,0.8585084662769803,0.0,0.0,0.4439693399256684,0.088025881645008,0.01065252933888033,9.0497817557209e-06,0.002889173785561893,0.04097540736195894,0.021348287179615115,5.116591859222858e-05,9.215080523387562e-11,0.002104967084949631,5.7698541281263655e-11,0.0004975901709553724,2.8919869095409625e-09,9.416685927080166e-06,1.931929042460852e-09,1.189035470994492e-10,1.617194417107113e-05,1.5028412746956497e-05,0.006340006128138037,4.897281586163039e-05,0.00047602271269087327,2.691105563331995e-08,5.5785170762870916e-09,3.6917679248554937e-08,1.3005091351349078e-07,5.0392905279340486e-09,2.99306309267473e-05,0.0006183051930453622,3.3719574110210377e-07,0.0008222394853195811,6.540050290961746e-09,2.3782685718618576e-05,6.631078971387661e-08,7.380571893421513e-06,1.0474377372568645e-10,1.1245215913343057e-10,1.7091765683607933e-06,1.4151690723339566e-07,4.251711169742126e-12,1.0462093083517157e-10,3.57359057677591e-11
2.4956616068111746e-06,0.16628943999999996,0.8585084662769803,0.0,0.0,0.44396725204760273,0.08801549192633211,0.010648206947895852,9.050169277733598e-06,0.0028891730777271707,0.04099753670094563,0.021357164940497216,5.11536405866005e-05,9.228716508681433e-11,0.0021047207450243786,5.768838766579597e-11,0.0004976402148941315,2.8918382163199774e-09,9.409566641153952e-06,1.9329268433389074e-09,1.1894823891147537e-10,1.61628309122108e-05,1.5036750201771105e-05,0.00633922889403547,4.87582455114728e-05,0.0004761390734824608,2.680009834271661e-08,5.5756009481897565e-09,3.6919157035138065e-08,1.3005025154320076e-07,5.061283134719037e-09,3.005420561162208e-05,0.000620703353883201,3.373305187695347e-07,0.0008226800796595748,6.539254169473725e-09,2.3795880130462575e-05,6.63380534193404e-08,7.378282937615783e-06,1.0481174700489239e-10,1.1248575727252555e-10,1.7101300054542947e-06,1.4148227838126702e-07,4.2540499260853595e-12,1.0454134272450269e-10,3.570470657593376e-11
2.496979724793987e-06,0.16628943999999996,0.8585084662769803,0.0,0.0,0.4439651595887126,0.08800510351516232,0.010643886341161252,9.050555158103065e-06,0.002889171891662296,0.04101966366403698,0.021366038093015256,5.114136829714688e-05,9.242362982631906e-11,0.002104474495541032,5.767824205134291e-11,0.0004976902435406513,2.891689767743965e-09,9.402453977531676e-06,1.9339243286270087e-09,1.1899288742785453e-10,1.6153743121254845e-05,1.5045086197274986e-05,0.006338451690436016,4.854516333948749e-05,0.00047625538485405875,2.6689896122747984e-08,5.572686523540842e-09,3.69206542538735e-08,1.3004956683702381e-07,5.083319035808507e-09,3.0177979350109492e-05,0.0006231044870970684,3.3746522560837793e-07,0.0008231206136092556,6.538458268717602e-09,2.3809072232880652e-05,6.63653018664079e-08,7.3759944413302326e-06,1.0487970957798802e-10,1.125193250330184e-10,1.7110832422616082e-06,1.4144766419066265e-07,4.256388203473843e-12,1.0446182785354936e-10,3.567371820016461e-11
2.4982978427768e-06,0.16628943999999996,0.8585084662769803,0.0,0.0,0.4439630625742976,0.08799471641067709,0.010639567518017524,9.050939407814709e-06,0.0028891702303863523,0.04104178824958428,0.021374906649538297,5.1129101723382245e-05,9.256019943384395e-11,0.00210422833634824,5.766810443716844e-11,0.0004977402568899305,2.891541563599389e-09,9.395347948122106e-06,1.9349214992301035e-09,1.1903749276268977e-10,1.6144680627114463e-05,1.5053420735396583e-05,0.006337674517720987,4.833355541932629e-05,0.0004763716468666687,2.6580441977660977e-08,5.569773800975055e-09,3.6922170898630236e-08,1.3004885953728363e-07,5.105398171754901e-09,3.0301951670980668e-05,0.0006255085813480811,3.375998617670697e-07,0.0008235610871694349,6.537662588615456e-09,2.382226202892471e-05,6.639253509663363e-08,7.373706404653462e-06,1.0494766147127068e-10,1.1255286248648534e-10,1.712036279098598e-06,1.4141306466936712e-07,4.258726002628777e-12,1.0438238636197818e-10,3.5642938692124917e-11
2.4996159607596124e-06,0.16628943999999996,0.8585084662769803,0.0,0.0,0.44396096102938154,0.0879843306120624,0.010635250477805351,9.051322037753212e-06,0.0028891680968912733,0.04106391045595784,0.021383770622307424,5.111684086473543e-05,9.269687389087608e-11,0.0021039822672940947,5.765797482239777e-11,0.0004977902549370617,2.891393603670361e-09,9.388248564621728e-06,1.935918356042364e-09,1.1908205502960326e-10,1.6135643259669347e-05,1.5061753818062616e-05,0.006336897376267481,4.812340797973688e-05,0.0004764878595809142,2.6471728989044833e-08,5.5668627791268355e-09,3.6923706963444304e-08,1.3004812978501962e-07,5.127520483883359e-09,3.0426122108251658e-05,0.0006279156254178284,3.3773442739273176e-07,0.0008240015003408994,6.536867129083405e-09,2.383544952164408e-05,6.641975315113852e-08,7.3714188276713906e-06,1.050156027105276e-10,1.1258636970375516e-10,1.712989116279874e-06,1.413784798248293e-07,4.2610633242686406e-12,1.0430301838700591e-10,3.5612366125042375e-11
2.500934078742425e-06,0.16628943999999996,0.8585084662769803,0.0,0.0,0.4439588549787145,0.08797394611851159,0.010630935219865134,9.05170305870363e-06,0.0028891654941421282,0.041086030281546934,0.021392630023437314,5.110458572055028e-05,9.283365317893455e-11,0.002103736288226147,5.764785320601851e-11,0.0004978402376772303,2.891245887738689e-09,9.381155838516359e-06,1.936914899947315e-09,1.1912657434173282e-10,1.612663084977034e-05,1.5070085447198353e-05,0.006336120266448419,4.791470740274833e-05,0.00047660402305704753,2.6363750314810327e-08,5.563953456629873e-09,3.6925262442450855e-08,1.3004737771999361e-07,5.149685914257766e-09,3.055049020111921e-05,0.0006303256082069403,3.3786892263122865e-07,0.0008244418531244114,6.536071890031547e-09,2.3848634714085312e-05,6.644695607061691e-08,7.369131710467312e-06,1.0508353332182894e-10,1.1261984675491161e-10,1.7139417541188017e-06,1.4134390966416538e-07,4.263400169109362e-12,1.0422372406342585e-10,3.5581998592045965e-11
2.5022521967252376e-06,0.16628943999999996,0.8585084662769803,0.0,0.0,0.44395674444677746,0.0879635629292254,0.010626621743536962,9.052082481352463e-06,0.00288916242507741,0.041108147724759445,0.02140148486491765,5.109233629008625e-05,9.297053727956984e-11,0.002103490398991422,5.7637739586881834e-11,0.0004978902051057142,2.8910984155839003e-09,9.374069781082692e-06,1.937911131817968e-09,1.1917105081172884e-10,1.6117643229241767e-05,1.507841562472732e-05,0.006335343188632604,4.7707440221875665e-05,0.0004767201373549574,2.625649918751284e-08,5.5610458321171855e-09,3.692683733004244e-08,1.300466034807018e-07,5.171894405773069e-09,3.0675055493896466e-05,0.0006327385187336718,3.380033476266313e-07,0.0008248821455207079,6.535276871364304e-09,2.386181760929249e-05,6.64741438953416e-08,7.366845053121945e-06,1.0515145333028108e-10,1.1265329370929598e-10,1.7148941929275174e-06,1.4130935419416155e-07,4.26573653786456e-12,1.0414450352361626e-10,3.555183420778291e-11
2.5035703147080502e-06,0.16628943999999996,0.8585084662769803,0.0,0.0,0.44395462945778447,0.08795318104341188,0.010622310048160645,9.052460316288742e-06,0.002889158892609316,0.041130262784021744,0.02141033515861464,5.108009257251916e-05,9.310752617436297e-11,0.0021032445994364343,5.762763396370369e-11,0.0004979401572178854,2.890951186983265e-09,9.366990403389917e-06,1.9389070525169507e-09,1.1921548455175098e-10,1.610868023088365e-05,1.5086744352571307e-05,0.0063345661431847555,4.7501593120339204e-05,0.0004768362025341677,2.61499689144475e-08,5.558139904221803e-09,3.6928431620789335e-08,1.3004580720439862e-07,5.194145902076807e-09,3.079981753595722e-05,0.0006351543461324892,3.381377025217351e-07,0.000825322377530503,6.534482072980475e-09,2.387499821030724e-05,6.650131666516666e-08,7.364558855713505e-06,1.0521936276027573e-10,1.1268671063553053e-10,1.715846433016936e-06,1.4127481342127772e-07,4.268072431245173e-12,1.0406535689755951e-10,3.55218711081844e-11
2.504888432690863e-06,0.16628943999999996,0.8585084662769803,0.0,0.0,0.44395251003568603,0.0879428004602862,0.01061800013307571,9.052836574005074e-06,0.0028891548996240277,0.04115237545777839,0.021419180916272505,5.106785456694176e-05,9.324461984492485e-11,0.0021029988894072055,5.761753633506597e-11,0.0004979900940092089,2.890804201711842e-09,9.35991771630128e-06,1.9399026628966307e-09,1.1925987567346533e-10,1.6099741688473648e-05,1.5095071632650746e-05,0.006333789130465567,4.729715292930214e-05,0.0004769522186538434,2.6044152876838998e-08,5.555235671576132e-09,3.6930045309315195e-08,1.300449890271013e-07,5.2164403475033124e-09,3.0924775881673245e-05,0.0006375730796526796,3.3827198745826593e-07,0.0008257625491544852,6.533687494773084e-09,2.3888176520168436e-05,6.652847441953437e-08,7.362273118317735e-06,1.05287261636893e-10,1.1272009760152133e-10,1.7167984746967636e-06,1.4124028735164948e-07,4.27040784995963e-12,1.0398628431287293e-10,3.549210744782225e-11
2.5062065506736755e-06,0.16628943999999996,0.8585084662769803,0.0,0.0,0.4439503862041727,0.08793242117907074,0.010613691997621416,9.053211264898697e-06,0.002889150448981983,0.04117448574449196,0.021428022149514878,5.105562227236446e-05,9.338181827289545e-11,0.002102753268749278,5.7607446699417657e-11,0.0004980400154752432,2.8906574595425144e-09,9.352851730475658e-06,1.940897963799248e-09,1.1930422428804174e-10,1.609082743676877e-05,1.5103397466884393e-05,0.006333012150831741,4.709410662612786e-05,0.00047706818577279627,2.5939044527755553e-08,5.552333132811915e-09,3.6931678390516096e-08,1.3004414908359938e-07,5.2387776872065005e-09,3.1049930090353795e-05,0.0006399947086569718,3.3840620257610243e-07,0.0008262026603933198,6.532893136629775e-09,2.390135254191251e-05,6.655561719748085e-08,7.35998784100797e-06,1.0535514998415877e-10,1.1275345467445541e-10,1.7177503182755117e-06,1.4120577599109195e-07,4.2727427947142095e-12,1.039072858948147e-10,3.546254140207318e-11
2.507524668656488e-06,0.16628943999999996,0.8585084662769803,0.0,0.0,0.44394825798667764,0.08792204319899484,0.01060938564113674,9.05358439927252e-06,0.002889145543518151,0.04119659364264287,0.021436858869846285,5.1043395687716004e-05,9.351912143994314e-11,0.0021025077373077305,5.7597365055076e-11,0.000498089921611641,2.8905109602460014e-09,9.345792456369146e-06,1.9418929560570415e-09,1.1934853050615088e-10,1.6081937311506867e-05,1.5111721857189212e-05,0.006332235204636045,4.689244133265151e-05,0.00047718410394948586,2.5834637392422847e-08,5.54943228656117e-09,3.6933330859490694e-08,1.3004328750748137e-07,5.261157867081611e-09,3.117527972618953e-05,0.000642419222620165,3.3854034801384714e-07,0.0008266427112476483,6.532098998432911e-09,2.39145262785736e-05,6.658274503763779e-08,7.357703023855198e-06,1.0542302782500096e-10,1.1278678192082842e-10,1.7187019640605034e-06,1.4117127934510213e-07,4.275077266212574e-12,1.0382836176629983e-10,3.5433171167630583e-11
2.5088427866393007e-06,0.16628943999999996,0.8585084662769803,0.0,0.0,0.44394612540638007,0.08791166651929488,0.010605081062960408,9.05395598733613e-06,0.002889140186042306,0.04121869915072912,0.021445691088653573,5.103117481184411e-05,9.36565293277639e-11,0.0021022622949271944,5.758729140022772e-11,0.0004981398124141487,2.890364703590905e-09,9.338739904236625e-06,1.942887640492372e-09,1.193927944379622e-10,1.6073071149407987e-05,1.5120044805480916e-05,0.006331458292227346,4.6692144313469865e-05,0.00047729997324202445,2.5730925067777654e-08,5.546533131455479e-09,3.693500271133094e-08,1.300424044311391e-07,5.283580833650106e-09,3.1300824358191533e-05,0.0006448466111277793,3.386744239092729e-07,0.0008270827017180882,6.531305080059324e-09,2.3927697733183083e-05,6.66098579782395e-08,7.355418666928095e-06,1.0549089518359121e-10,1.1282007940644921e-10,1.7196534123578905e-06,1.4113679741886227e-07,4.277411265155863e-12,1.0374951204793678e-10,3.5403994958458196e-11
2.5101609046221133e-06,0.16628943999999996,0.8585084662769803,0.0,0.0,0.44394398848620803,0.08790129113921406,0.010600778262430877,9.054326039206826e-06,0.0028891343793392846,0.04124080226726608,0.021454518817207262,5.101895964351615e-05,9.379404191808078e-11,0.002102016941451867,5.7577225732930165e-11,0.000498189687878606,2.890218689343747e-09,9.331694084133327e-06,1.9438820179178466e-09,1.1943701619314097e-10,1.6064228788175427e-05,1.5128366313673625e-05,0.0063306814139506675,4.6493202974251613e-05,0.0004774157937081823,2.562790121983587e-08,5.543635666125688e-09,3.6936693941413157e-08,1.3004149998577197e-07,5.306046534241343e-09,3.142656356013398e-05,0.0006472768638747144,3.388084303982415e-07,0.0008275226318052347,6.530511381380725e-09,2.394086690876992e-05,6.663695605712907e-08,7.3531347702930925e-06,1.0555875208303448e-10,1.12853347196429e-10,1.72060466347266e-06,1.411023302172426e-07,4.279744792243268e-12,1.0367073685803112e-10,3.5375011008396045e-11
2.511479022604926e-06,0.16628943999999996,0.8585084662769803,0.0,0.0,0.4439418472488413,0.0878909170580025,0.010596477238886357,9.054694564910606e-06,0.0028891281261692577,0.04126290299078631,0.021463342066663022,5.100675018141981e-05,9.393165919264302e-11,0.002101771676725526,5.7567168051112435e-11,0.0004982395480009472,2.890072917268978e-09,9.3246550059164e-06,1.944876089136435e-09,1.1948119588084652e-10,1.6055410066496673e-05,1.5136686383679588e-05,0.006329904570147221,4.62956048600613e-05,0.0004775315654053887,2.5525559584172026e-08,5.540739889203182e-09,3.693840454536214e-08,1.300405743014183e-07,5.328554916927697e-09,3.1552496910498106e-05,0.0006497099706639216,3.3894236761527706e-07,0.0008279625015096587,6.529717902263903e-09,2.3954033808360972e-05,6.66640393117591e-08,7.350851334014421e-06,1.0562659854468153e-10,1.1288658535521403e-10,1.721555717708648e-06,1.4106787774480415e-07,4.2820778481714254e-12,1.0359203631259637e-10,3.534621757303831e-11
2.5127971405877385e-06,0.16628943999999996,0.8585084662769803,0.0,0.0,0.443939701716715,0.08788054427491693,0.010592177991664814,9.055061574383147e-06,0.0028891214292679863,0.0412850013198394,0.02147216084806299,5.0994546424163756e-05,9.406938113322535e-11,0.002101526500591546,5.755711835257658e-11,0.0004982893927771999,2.88992738712902e-09,9.317622679246473e-06,1.945869854941603e-09,1.1952533360973e-10,1.6046614824044078e-05,1.5145005017409893e-05,0.006329127761154457,4.609933765370132e-05,0.000477647288390737,2.542389396605819e-08,5.537845799319168e-09,3.694013451871922e-08,1.3003962750695927e-07,5.351105930336968e-09,3.167862399241353e-05,0.000652145921405094,3.3907623569437743e-07,0.0008284023108319093,6.528924642570333e-09,2.396719843498028e-05,6.669110777919854e-08,7.3485683581541626e-06,1.0569443459185263e-10,1.1291979394659378e-10,1.7225065753685521e-06,1.4103344000580186e-07,4.284410433634391e-12,1.0351341052539763e-10,3.531761292381635e-11
2.514115258570551e-06,0.16628943999999996,0.8585084662769803,0.0,0.0,0.4439375519120219,0.08787017278922082,0.010587880520103964,9.05542707747081e-06,0.002889114291347084,0.04130709725299168,0.021480975172337175,5.098234837027834e-05,9.420720772162762e-11,0.0021012814128929104,5.75470766349988e-11,0.0004983392222034866,2.8897820986843123e-09,9.310597113589204e-06,1.9468633161174234e-09,1.195694294879321e-10,1.6037842901475413e-05,1.5153322216774172e-05,0.006328350987306114,4.5904389174075066e-05,0.00047776296272098936,2.5322898237135157e-08,5.534953395103943e-09,3.6941883857312784e-08,1.3003865973011725e-07,5.3736995238893715e-09,3.1804944393602724e-05,0.0006545847061133649,3.3921003476757125e-07,0.0008288420597725121,6.528131602156609e-09,2.3980360791649507e-05,6.671816149613996e-08,7.346285842772305e-06,1.057622602469667e-10,1.1295297303368018e-10,1.7234572367539383e-06,1.4099901700418735e-07,4.2867425493245035e-12,1.0343485960795445e-10,3.5289195350724395e-11
2.5154333765533637e-06,0.16628943999999996,0.8585084662769803,0.0,0.0,0.44393539785671554,0.08785980260018426,0.010583584823541294,9.055791083931578e-06,0.002889106715094268,0.0413291907888261,0.021489785050304785,5.0970156018216245e-05,9.434513893967369e-11,0.002101036413472226,5.7537042895930515e-11,0.0004983890362760228,2.889637051693317e-09,9.303578318216851e-06,1.947856473438694e-09,1.1961348362308175e-10,1.6029094140434162e-05,1.5161637983680057e-05,0.0063275742489322506,4.571074737456358e-05,0.0004778785884525785,2.5222566335931613e-08,5.5320626751886154e-09,3.694365255729568e-08,1.3003767109749184e-07,5.396335647768562e-09,3.193145770632669e-05,0.0006570263149080218,3.3934376496539676e-07,0.0008292817483319713,6.527338780874775e-09,2.3993520881388388e-05,6.674520049889893e-08,7.344003787926787e-06,1.0583007552963382e-10,1.1298612267894424e-10,1.7244077021652567e-06,1.40964608743612e-07,4.2890741959316366e-12,1.0335638366954326e-10,3.526096316645877e-11
2.5167514945361763e-06,0.16628943999999996,0.8585084662769803,0.0,0.0,0.4439332395725134,0.08784943370708385,0.010579290901314061,9.056153603436029e-06,0.0028890987031736106,0.04135128192594202,0.021498590492675586,5.095796936635313e-05,9.448317476921096e-11,0.0021007915021717415,5.7527017132799586e-11,0.0004984388349911188,2.8894922459125466e-09,9.296566302209802e-06,1.948849327671057e-09,1.1965749612229388e-10,1.6020368383549718e-05,1.5169952320034114e-05,0.006326797546359298,4.551840034141859e-05,0.0004779941656416122,2.5122892268900732e-08,5.52917363820446e-09,3.694544061464266e-08,1.3003666173456542e-07,5.419014252631207e-09,3.205816352732727e-05,0.0006594707380112359,3.39477426418247e-07,0.0008297213765107688,6.5265461785717824e-09,2.4006678707213908e-05,6.677222482342027e-08,7.341722193673551e-06,1.0589788046232782e-10,1.1301924294423215e-10,1.7253579719018499e-06,1.4093021522742977e-07,4.291405374142959e-12,1.032779828172497e-10,3.52329146981668e-11
2.518069612518989e-06,0.16628943999999996,0.8585084662769803,0.0,0.0,0.443931077080899,0.08783906610920256,0.010574998752759291,9.056514645568272e-06,0.002889090258225794,0.04137337066295497,0.021507391510051224,5.0945788412988366e-05,9.462131519210995e-11,0.0021005466788333524,5.7516999342911457e-11,0.0004984886183451786,2.8893476810966303e-09,9.289561074458136e-06,1.9498418795711222e-09,1.1970146709216815e-10,1.601166547443732e-05,1.517826522774161e-05,0.0063260208799100935,4.532733629217886e-05,0.000478109694343877,2.502387010624069e-08,5.526286282781582e-09,3.694724802559898e-08,1.3003563176569227e-07,5.4417352899015855e-09,3.218506145777398e-05,0.0006619179657468041,3.3961101925451355e-07,0.0008301609443093646,6.525753795089877e-09,2.4019834272140515e-05,6.679923450528721e-08,7.339441060066597e-06,1.0596567506712657e-10,1.1305233389073074e-10,1.7263080462619658e-06,1.408958364586997e-07,4.293736084644169e-12,1.0319965715597281e-10,3.520504828962374e-11
2.5193877305018015e-06,0.16628943999999996,0.8585084662769803,0.0,0.0,0.44392891040312554,0.08782869980582984,0.010570708377213793,9.056874219826887e-06,0.002889081382868351,0.04139545699849655,0.021516188112926517,5.093361315634563e-05,9.475956019026326e-11,0.0021003019432986212,5.750698952345034e-11,0.0004985383863346996,2.8892033569983067e-09,9.282562643663156e-06,1.950834129886565e-09,1.1974539663878718e-10,1.6002985257697927e-05,1.5186576708705685e-05,0.0063252442499039324,4.5137543574099006e-05,0.0004782251746148413,2.492549398222151e-08,5.523400607551117e-09,3.6949074786851785e-08,1.3003458131414094e-07,5.464498711813533e-09,3.231215110321144e-05,0.0006643679885388983,3.397445436008191e-07,0.0008306004517281976,6.524961630267161e-09,2.4032987579181014e-05,6.682622957971919e-08,7.3371603871580125e-06,1.0603345936168676e-10,1.1308539557900724e-10,1.7272579255427663e-06,1.408614724401893e-07,4.296066328118648e-12,1.0312140678841487e-10,3.51773623088589e-11
2.520705848484614e-06,0.16628943999999996,0.8585084662769803,0.0,0.0,0.44392673956021844,0.08781833479626139,0.01056641977401416,9.057232335625836e-06,0.0028890720796959117,0.04141754093121414,0.021524980311690797,5.092144359457363e-05,9.489790974558503e-11,0.0021000572954087897,5.749698767148025e-11,0.000498588138956274,2.889059273368449e-09,9.275571018338918e-06,1.9518260793562556e-09,1.1978928486771531e-10,1.5994327578917788e-05,1.5194886764828434e-05,0.006324467656656604,4.4949010662593034e-05,0.0004783406065096589,2.4827758097534707e-08,5.520516611144842e-09,3.695092089479855e-08,1.3003351050210314e-07,5.487304470980079e-09,3.243943207350294e-05,0.0006668207969108416,3.3987799958410645e-07,0.000831039898767685,6.52416968393685e-09,2.4046138631345522e-05,6.685321008157686e-08,7.334880174998052e-06,1.0610123336754364e-10,1.1311842806903825e-10,1.72820761004034e-06,1.4082712317437713e-07,4.2983961052468645e-12,1.0304323181514394e-10,3.5149855137215224e-11
2.5220239664674267e-06,0.16628943999999996,0.8585084662769803,0.0,0.0,0.4439245645729779,0.08780797107979918,0.010562132942496782,9.057589002295391e-06,0.0028890623512804444,0.04143962245977085,0.021533768116629114,5.090927972574674e-05,9.503636384001057e-11,0.002099812735004793,5.748699378394629e-11,0.0004986378762065873,2.8889154299561326e-09,9.268586206813778e-06,1.9528177287103666e-09,1.1983313188399744e-10,1.5985692284667953e-05,1.520319539801093e-05,0.006323691100480434,4.476172615970316e-05,0.0004784559900831729,2.4730656714142022e-08,5.517634292193026e-09,3.695278634605691e-08,1.3003241945067086e-07,5.510152520738836e-09,3.25669039827785e-05,0.000669276381483886,3.4001138732935006e-07,0.0008314792854282237,6.523377955927605e-09,2.405928743164143e-05,6.688017604537393e-08,7.332600423635156e-06,1.0616899710693217e-10,1.1315143142015788e-10,1.7291571000497136e-06,1.4079278866345566e-07,4.300725416708066e-12,1.0296513233460274e-10,3.512252516979782e-11
2.5233420844502393e-06,0.16628943999999996,0.8585084662769803,0.0,0.0,0.44392238546198187,0.08779760865575134,0.010557847881997831,9.057944229083017e-06,0.0028890522001714927,0.04146170158284517,0.02154255153792359,5.0897121547865696e-05,9.51749224554955e-11,0.002099568261927269,5.7477007857675733e-11,0.0004986875980824188,2.8887718265086404e-09,9.261608217231902e-06,1.9538090786704767e-09,1.1987693779215764e-10,1.597707922250361e-05,1.5211502610151919e-05,0.006322914581684331,4.4575678792581015e-05,0.00047857132538991907,2.4634184155016118e-08,5.514753649327096e-09,3.695467113785809e-08,1.3003130827988514e-07,5.5330428153174454e-09,3.269456644938576e-05,0.0006717347329760047,3.401447069593028e-07,0.0008319186117101905,6.5225864460643595e-09,2.4072433983074774e-05,6.690712750527335e-08,7.330321133116013e-06,1.0623675059530855e-10,1.131844056910981e-10,1.7301063958648598e-06,1.4075846890933415e-07,4.30305426317944e-12,1.0288710844308107e-10,3.5095370828171255e-11
2.524660202433052e-06,0.16628943999999996,0.8585084662769803,0.0,0.0,0.4439202022475883,0.08778724752343206,0.010553564591853288,9.058298025154277e-06,0.0028890416288964117,0.041483778299130934,0.021551330585654633,5.088496905885825e-05,9.531358557401494e-11,0.0020993238760165732,5.7467029889379154e-11,0.0004987373045806413,2.8886284627714636e-09,9.254637057554802e-06,1.954800129949689e-09,1.1992070269619834e-10,1.596848824096323e-05,1.5219808403149078e-05,0.006322138100573812,4.439085741198008e-05,0.0004786866124841282,2.453833480834017e-08,5.511874681179771e-09,3.6956575267020934e-08,1.3003017710875216e-07,5.555975309219834e-09,3.282241909583321e-05,0.0006741958422007059,3.4027795859758765e-07,0.000832357877613941,6.521795154167374e-09,2.408557828864899e-05,6.693406449509024e-08,7.328042303485604e-06,1.0630449385301079e-10,1.1321735094003721e-10,1.7310554977787126e-06,1.407241639136414e-07,4.305382645334916e-12,1.0280916023478896e-10,3.506839054665945e-11
2.5259783204158645e-06,0.16628943999999996,0.8585084662769803,0.0,0.0,0.44391801494993877,0.08777688768216164,0.010549283071398938,9.058650399593707e-06,0.0028890306399606044,0.041505852607337086,0.021560105269802156,5.087282225657985e-05,9.545235317756351e-11,0.002099079577112795,5.745705987565153e-11,0.0004987869956982213,2.888485338488382e-09,9.247672735562838e-06,1.9557908832527415e-09,1.1996442669959896e-10,1.5959919189567584e-05,1.5228112778899425e-05,0.006321361657451064,4.4207250990776826e-05,0.0004788018514197304,2.4443103121339507e-08,5.508997386381838e-09,3.6958498730478255e-08,1.3002902605520365e-07,5.578949957600471e-09,3.295046154874048e-05,0.0006766597000658554,3.404111423660158e-07,0.0008327970831398121,6.521004080052417e-09,2.409872035136456e-05,6.696098704830731e-08,7.325763934787241e-06,1.0637222690313338e-10,1.132502672245274e-10,1.732004406083172e-06,1.4068987367772847e-07,4.307710563847462e-12,1.0273128780187548e-10,3.504158276916769e-11
2.527296438398677e-06,0.16628943999999996,0.8585084662769803,0.0,0.0,0.44391582358895976,0.08776652913126626,0.010545003319970376,9.059001361405686e-06,0.0028890192358477437,0.041527924506187475,0.02156887560024684,5.086068113881426e-05,9.559122524815423e-11,0.002098835365055763,5.7447097812973486e-11,0.0004988366714322187,2.888342453401473e-09,9.240715258856739e-06,1.956781339276102e-09,1.200081099053157e-10,1.5951371918818612e-05,1.5236415739297456e-05,0.006320585252614968,4.402484862250371e-05,0.00047891704225035847,2.4348483598822157e-08,5.506121763565213e-09,3.6960441526017386e-08,1.3002785523615298e-07,5.601966716628211e-09,3.307869343879205e-05,0.0006791262975725021,3.4054425838349273e-07,0.0008332362282881203,6.520213223532004e-09,2.4111860174220866e-05,6.69878951980695e-08,7.323486027062632e-06,1.0643994975868729e-10,1.1328315460153066e-10,1.7329531210691207e-06,1.4065559820267173e-07,4.310038019388369e-12,1.0265349123437844e-10,3.5014945968878605e-11
2.5286145563814898e-06,0.16628943999999996,0.8585084662769803,0.0,0.0,0.4439136281843668,0.0877561718700781,0.010540725336903003,9.0593509195153e-06,0.0028890074190200082,0.041549993994420754,0.02157764158677134,5.084854570327431e-05,9.573020176781772e-11,0.002098591239685065,5.7437143697712335e-11,0.0004988863317797864,2.8881998072511024e-09,9.2337646348591e-06,1.9577714987080812e-09,1.200517524157803e-10,1.594284628019819e-05,1.524471728623646e-05,0.006319808886361141,4.3843639519889546e-05,0.0004790321850293511,2.4254470809882143e-08,5.5032478113640034e-09,3.69624036508916e-08,1.3002666476752252e-07,5.625025542642854e-09,3.320711440068106e-05,0.0006815956258137363,3.4067730677041535e-07,0.000833675313059163,6.519422584414209e-09,2.412499776021494e-05,6.70147889771838e-08,7.321208580351903e-06,1.065076624382875e-10,1.1331601312749595e-10,1.7339016430264295e-06,1.406213374892753e-07,4.312365012625213e-12,1.0257577062030647e-10,3.498847863227618e-11
2.5299326743643024e-06,0.16628943999999996,0.8585084662769803,0.0,0.0,0.44391142875566575,0.08774581589793506,0.010536449121532053,9.059699082769184e-06,0.0028889951919183056,0.04157206107079013,0.021586403239061476,5.08364159476025e-05,9.586928271860242e-11,0.0020983472008400538,5.7427197526123214e-11,0.0004989359767381709,2.888057399776004e-09,9.226820870815883e-06,1.958761362228946e-09,1.200953543328995e-10,1.593434212616664e-05,1.5253017421609519e-05,0.006319032558981984,4.366361301343156e-05,0.00047914727980975514,2.4161059380831455e-08,5.500375528409889e-09,3.696438510227605e-08,1.3002545476418307e-07,5.6481263925111585e-09,3.3335724073060406e-05,0.000684067675973553,3.408102876457314e-07,0.0008341143374532191,6.518632162502591e-09,2.4138133112340447e-05,6.70416684181389e-08,7.3189315946936585e-06,1.0657536496684777e-10,1.133488428582631e-10,1.734849972243972e-06,1.4058709153807419e-07,4.314691544224802e-12,1.0249812604567641e-10,3.4962179249483805e-11
2.531250792347115e-06,0.16628943999999996,0.8585084662769803,0.0,0.0,0.4439092253221558,0.08773546121418088,0.010532174673192578,9.060045859936367e-06,0.0028889825569624918,0.04159412573406326,0.021595160566707405,5.0824291869371655e-05,9.600846808257353e-11,0.0020981032483598644,5.741725929435023e-11,0.0004989856063047112,2.887915230713299e-09,9.219883973797921e-06,1.959750930511009e-09,1.201389157580547e-10,1.5925859310161277e-05,1.5261316147307045e-05,0.0063182562707667115,4.348475854998077e-05,0.0004792623266443301,2.4068243991616927e-08,5.4975049133354195e-09,3.6966385878524867e-08,1.300242253400156e-07,5.67126922429266e-09,3.3464522098500246e-05,0.0006865424393257116,3.409432011245037e-07,0.0008345533014705486,6.517841957597933e-09,2.4151266233590237e-05,6.706853355309924e-08,7.31665507012502e-06,1.066430573547674e-10,1.1338164384908623e-10,1.735798109009632e-06,1.4055286034933658e-07,4.317017614852848e-12,1.0242055759443321e-10,3.4936046343131724e-11
2.5325689103299276e-06,0.16628943999999996,0.8585084662769803,0.0,0.0,0.44390701790293247,0.08772510781816502,0.010527901991219451,9.060391259709105e-06,0.0028889695165515926,0.041616187983022045,0.02160391357920483,5.081217346608567e-05,9.614775784181181e-11,0.0020978593820834227,5.74073289984276e-11,0.0004990352204768388,2.8877732997984732e-09,9.212953950702388e-06,1.9607402042187295e-09,1.2018243679210115e-10,1.5917397686594678e-05,1.5269613465217948e-05,0.006317480022001389,4.330706569132822e-05,0.0004793773255855506,2.397601938578894e-08,5.494635964776509e-09,3.6968405977360564e-08,1.300229766079577e-07,5.694453996122835e-09,3.359350812343294e-05,0.0006890199072326358,3.410760473239393e-07,0.0008349922051113937,6.517051969496903e-09,2.4164397126955162e-05,6.709538441389967e-08,7.314379006681674e-06,1.0671073961800287e-10,1.1341441615475123e-10,1.7367460536103136e-06,1.4051864392306696e-07,4.319343225170766e-12,1.0234306534853786e-10,3.491007845153302e-11
2.53388702831274e-06,0.16628943999999996,0.8585084662769803,0.0,0.0,0.4439048065168895,0.08771475570924246,0.01052363107494739,9.060735290703697e-06,0.0028889560730640277,0.04163824781646249,0.021612662285956118,5.080006073518003e-05,9.628715197841441e-11,0.002097615601849458,5.739740663428067e-11,0.0004990848192520787,2.887631606765452e-09,9.206030808254286e-06,1.9617291840088358e-09,1.2022591753536786e-10,1.590895711085287e-05,1.527790937723149e-05,0.006316703812968981,4.3130524112826736e-05,0.0004794922766856096,2.388438036292159e-08,5.491768681366162e-09,3.697044539610916e-08,1.3002170867991573e-07,5.717680666465983e-09,3.372268179810291e-05,0.0006915000711443191,3.4120882636048325e-07,0.0008354310483759784,6.5162621979914825e-09,2.417752579542225e-05,6.712222103207056e-08,7.312103404397909e-06,1.0677841178454993e-10,1.1344715982945446e-10,1.7376938063319546e-06,1.4048444225900866e-07,4.321668375839264e-12,1.022656493880345e-10,3.488427410846408e-11
2.535205146295553e-06,0.16628943999999996,0.8585084662769803,0.0,0.0,0.4439025911827215,0.08770440488677389,0.010519361923710946,9.061077961461287e-06,0.002888942228857815,0.04166030523319452,0.021621406696271474,5.0787953674022646e-05,9.642665047449346e-11,0.002097371907496516,5.7387492197727174e-11,0.0004991344026280476,2.8874901513466475e-09,9.19911455300794e-06,1.9627178705304038e-09,1.2026935808765736e-10,1.5900537439293447e-05,1.5286203885234185e-05,0.00631592764394938,4.295512360202916e-05,0.0004796071799964218,2.3793321771586584e-08,5.4889030617376185e-09,3.6972504133695016e-08,1.300204216668295e-07,5.740949195220485e-09,3.3852042776529945e-05,0.0006939829225972191,3.4134153834535283e-07,0.0008358698312645095,6.515472642871382e-09,2.4190652241977815e-05,6.714904343883232e-08,7.3098282633066586e-06,1.0684607386224276e-10,1.1347987492680081e-10,1.7386413674595336e-06,1.4045025535664657e-07,4.323993067518833e-12,1.0218830979093352e-10,3.485863188339285e-11
2.5365232642783654e-06,0.16628943999999996,0.8585084662769803,0.0,0.0,0.4439003719189264,0.08769405535012548,0.010515094536844507,9.061419280448695e-06,0.0028889279862707876,0.04168236023204181,0.021630146819370057,5.07758522799144e-05,9.656625331217491e-11,0.002097128298862967,5.73775856844782e-11,0.0004991839706024546,2.887348933272906e-09,9.192205191348434e-06,1.9637062644249546e-09,1.203127585482453e-10,1.589213852924351e-05,1.5294496991110544e-05,0.006315151515219443,4.2780854057318635e-05,0.0004797220355696264,2.3702838523403938e-08,5.486039104529005e-09,3.6974582188376016e-08,1.300191156787478e-07,5.7642595422979695e-09,3.398159071645449e-05,0.0006964684532131942,3.4147418339251934e-07,0.0008363085537771766,6.51468330392263e-09,2.4203776469606848e-05,6.717585166508256e-08,7.3075535834395525e-06,1.0691372586284312e-10,1.1351256149997624e-10,1.7395887372770807e-06,1.4041608321520988e-07,4.3263173008649285e-12,1.0211104663329865e-10,3.4833150366713516e-11
2.537709570462897e-06,0.16628943999999996,0.8585084662769803,0.0,0.0,0.4438983712368116,0.08768474186599862,0.010511255396650819,9.061725318712404e-06,0.002888914829242988,0.04170220766275171,0.0216380092721356,5.076496586825968e-05,9.6691985063397e-11,0.002096909124249138,5.7368676593349704e-11,0.0004992285686092661,2.8872220397129128e-09,9.185992665013696e-06,1.9645955692581736e-09,1.203517847659963e-10,1.5884597144149563e-05,1.5301959589139853e-05,0.006314453034036575,4.262497018235621e-05,0.0004798253648123176,2.362189135737119e-08,5.483462963281447e-09,3.697646895152923e-08,1.3001792415598248e-07,5.78527457621959e-09,3.40983434345462e-05,0.0006987077145954563,3.415935067975933e-07,0.0008367033524173562,6.5139730835142575e-09,2.421558637975405e-05,6.719996696967431e-08,7.305506765930914e-06,1.0697460407526166e-10,1.1354195507116042e-10,1.7404412067767911e-06,1.4038534090766707e-07,4.328408719542645e-12,1.0204157520856567e-10,3.481035322762964e-11
2.538895876647428e-06,0.16628943999999996,0.8585084662769803,0.0,0.0,0.44389636739973753,0.08767542942242261,0.010507417684572126,9.062030274909996e-06,0.0028889013530804778,0.04172205313319475,0.021645868266245035,5.075408404261402e-05,9.681780130384087e-11,0.0020966900188189174,5.7359773913263956e-11,0.0004992731541374902,2.887095337984934e-09,9.179785731939676e-06,1.9654846380343634e-09,1.203907786610853e-10,1.5877072358449464e-05,1.530942105434692e-05,0.0063137545859078,4.246998708564243e-05,0.00047992865546641494,2.354140250388241e-08,5.480888166492352e-09,3.6978371358867066e-08,1.3001671743062983e-07,5.806323422483158e-09,3.4215247072834546e-05,0.00070094913339231,3.417127761545055e-07,0.0008370981021533402,6.513263037866394e-09,2.4227394497157255e-05,6.722407083495439e-08,7.303460322059724e-06,1.0703547415791855e-10,1.1357132561833667e-10,1.741293521750423e-06,1.403546105547279e-07,4.330499767978357e-12,1.0197216581268422e-10,3.47876840940588e-11
2.5400821828319596e-06,0.16628943999999996,0.8585084662769803,0.0,0.0,0.44389436042079,0.08766611801894662,0.010503581400122891,9.062334155062431e-06,0.0028888875594464333,0.041741896642541375,0.021653723808234403,5.074320680087317e-05,9.694370202050434e-11,0.0020964709824541653,5.73508776408773e-11,0.0004993177271856474,2.8869688278897034e-09,9.173584396435327e-06,1.9663734712058946e-09,1.2042974030478958e-10,1.5869564070140057e-05,1.531688138810154e-05,0.006313056171028795,4.231589762809691e-05,0.0004800319075690007,2.3461368363541782e-08,5.478314713171591e-09,3.6980289410189595e-08,1.3001549558099497e-07,5.827406053456267e-09,3.433230138936553e-05,0.0007031927036693224,3.41831991542581e-07,0.0008374928029852328,6.512553166816938e-09,2.423920082398951e-05,6.724816328281803e-08,7.301414251846475e-06,1.0709633610414605e-10,1.1360067317920623e-10,1.7421456824031046e-06,1.403238921553095e-07,4.3325904466461094e-12,1.0190281849707804e-10,3.4765141987025756e-11
2.541268489016491e-06,0.16628943999999996,0.8585084662769803,0.0,0.0,0.4438923503129319,0.0876568076551232,0.010499746542817481,9.062636965143862e-06,0.0028888734499913082,0.041761738189970685,0.02166157590458275,5.07323341408906e-05,9.706968720039372e-11,0.0020962520150366506,5.734198777277889e-11,0.0004993622877523187,2.8868425092270065e-09,9.167388662702207e-06,1.967262069220435e-09,1.2046866976804087e-10,1.586207217784849e-05,1.53243405917765e-05,0.006312357789593337,4.216269474007654e-05,0.00048013512115699196,2.33817853781911e-08,5.475742602324932e-09,3.698222310303301e-08,1.300142586846939e-07,5.848522440542276e-09,3.444950614450198e-05,0.0007054384195455089,3.419511530453038e-07,0.000837887454913127,6.511843470198741e-09,2.4251005362418746e-05,6.727224433498221e-08,7.299368555310913e-06,1.0715718995014946e-10,1.1362999779112645e-10,1.7429976889393665e-06,1.4029318570816836e-07,4.334680756018786e-12,1.0183353331210453e-10,3.474272588721138e-11
2.5424547952010223e-06,0.16628943999999996,0.8585084662769803,0.0,0.0,0.443890337089004,0.08764749833050843,0.010495913112170166,9.06293871108206e-06,0.002888859026352945,0.04178157777467035,0.02166942456171275,5.072146606047776e-05,9.719575683052373e-11,0.0020960331164480645,5.733310430549132e-11,0.0004994068358361433,2.886716381795778e-09,9.161198534835301e-06,1.968150432520999e-09,1.205075671214254e-10,1.5854596580830714e-05,1.5331798666743156e-05,0.006311659441793321,4.2010371420634604e-05,0.0004802382962671287,2.3302650011072565e-08,5.473171832954931e-09,3.6984172437080764e-08,1.3001300681869973e-07,5.869672556787225e-09,3.456686110091806e-05,0.0007076862751926972,3.420702607385214e-07,0.000838282057937106,6.511133947843901e-09,2.4262808114612105e-05,6.729631401298618e-08,7.2973232324720455e-06,1.07218035706959e-10,1.1365929949099028e-10,1.7438495415631464e-06,1.402624912119011e-07,4.336770696572217e-12,1.017643103068309e-10,3.472043479566638e-11
2.5435224707671004e-06,0.16628943999999996,0.8585084662769803,0.0,0.0,0.44388852253374517,0.08763912082651427,0.010492464243978745,9.063209377446214e-06,0.0028888457777953612,0.041799431722101606,0.021676485417861498,5.0711688701796055e-05,9.730929169186989e-11,0.0020958361664692306,5.7325114654698586e-11,0.0004994469184376759,2.886603030443625e-09,9.155632216070026e-06,1.9689497591734928e-09,1.2054254734359672e-10,1.5847882393214312e-05,1.5338509970297194e-05,0.00631103095768872,4.1874026732741433e-05,0.00048033112099790947,2.3231808005574804e-08,5.470859286668717e-09,3.698594021092217e-08,1.3001186740349254e-07,5.8887364777859375e-09,3.4672608789472084e-05,0.0007097111700044903,3.421774117200733e-07,0.0008386371588459009,6.510495526580709e-09,2.427342906614769e-05,6.731796701590551e-08,7.295482761442881e-06,1.072727899638387e-10,1.1368565146144875e-10,1.7446160774974592e-06,1.4023487638197047e-07,4.338651328117841e-12,1.0170206280520932e-10,3.470047891443432e-11
2.544483378776571e-06,0.16628943999999996,0.8585084662769803,0.0,0.0,0.4438868872923867,0.08763158179205471,0.010489361250009325,9.063452247793948e-06,0.002888833638604093,0.041815498914464816,0.021682837814780122,5.0702892247652915e-05,9.741153153629202e-11,0.0020956589590024025,5.7317928397242085e-11,0.0004994829841324085,2.8865011464019e-09,9.150626416632845e-06,1.9696689911748377e-09,1.2057400739664054e-10,1.5841850780336057e-05,1.5344549363580618e-05,0.006310465345533914,4.1751916716970936e-05,0.00048041463665504045,2.316835569386571e-08,5.468778922769666e-09,3.698754203855385e-08,1.3001083166129205e-07,5.905917330838503e-09,3.4767885427892e-05,0.0007115350497816042,3.422738104407302e-07,0.0008389567157954992,6.509921067909364e-09,2.428298668827907e-05,6.733744686887392e-08,7.293826596343598e-06,1.0732206320362464e-10,1.1370935241451983e-10,1.7453058535092885e-06,1.402100313095026e-07,4.340343641691031e-12,1.0164608317755794e-10,3.468260395113448e-11
2.5454442867860412e-06,0.16628943999999996,0.8585084662769803,0.0,0.0,0.44388525002901374,0.0876240434386416,0.010486259191206368,9.06369443034717e-06,0.0028888212961485932,0.04183156481766434,0.021689187966465674,5.069409879413872e-05,9.751382676545263e-11,0.0020954817964836487,5.7310746332959704e-11,0.0004995190416349225,2.8863993874666103e-09,9.145624302140398e-06,1.9703880699530275e-09,1.206054465067733e-10,1.5835829681714824e-05,1.5350588018752604e-05,0.006309899755782468,4.163037155969131e-05,0.0004804981271316225,2.3105190899787703e-08,5.466699437248989e-09,3.6989154126732326e-08,1.3000978623251446e-07,5.923120265850217e-09,3.4863260198812605e-05,0.0007133603232700493,3.423701739961559e-07,0.0008392762406593548,6.509346723266833e-09,2.4292543142311634e-05,6.735691929691374e-08,7.2921706764582315e-06,1.0737133116330633e-10,1.1373303839972044e-10,1.7459955288998355e-06,1.401851940749923e-07,4.342035714118775e-12,1.0159014442928068e-10,3.46648092767191e-11
2.5464051947955116e-06,0.16628943999999996,0.8585084662769803,0.0,0.0,0.44388361075022253,0.08761650576604536,0.010483158067311583,9.063935928168907e-06,0.002888808751275569,0.04184762943128449,0.021695535876225896,5.068530834001152e-05,9.761617737246422e-11,0.0020953046788499668,5.7303568459878335e-11,0.0004995550909446093,2.8862977535292e-09,9.140625874567946e-06,1.971106995734783e-09,1.2063686471084462e-10,1.582981904501197e-05,1.5356625936536293e-05,0.0063093341885328445,4.1509387669006555e-05,0.00048058159244684863,2.3042311809832926e-08,5.464620829585957e-09,3.69907764768567e-08,1.3000873115709336e-07,5.940345269843266e-09,3.495873298042322e-05,0.0007151869874713948,3.4246650242481877e-07,0.0008395957334374928,6.508772492562629e-09,2.4302098429398728e-05,6.737638431108706e-08,7.290515001795573e-06,1.0742059381046835e-10,1.1375670943617314e-10,1.7466851037763692e-06,1.40160364677394e-07,4.3437275456485085e-12,1.0153424658398656e-10,3.4647094426772464e-11
2.547366102804982e-06,0.16628943999999996,0.8585084662769803,0.0,0.0,0.44388196946255926,0.08760896877403798,0.01048005787806663,9.064176744303107e-06,0.0028887960048265306,0.041863692754913126,0.02170188154734543,5.0676520884012105e-05,9.77185833504414e-11,0.0020951276060383354,5.729639477599755e-11,0.0004995911320608855,2.8861962444806922e-09,9.135631135846511e-06,1.9718257687449203e-09,1.2066826204555584e-10,1.5823818818156288e-05,1.5362663117656773e-05,0.006308768643882743,4.138896148115427e-05,0.0004806650326198516,2.29797166317807e-08,5.462543099257992e-09,3.699240908829681e-08,1.3000766647466232e-07,5.957592328785948e-09,3.505430365184511e-05,0.0007170150394088327,3.425627957696671e-07,0.0008399151941299343,6.5081983757031956e-09,2.4311652550690812e-05,6.739584192238445e-08,7.288859572364148e-06,1.0746985114948926e-10,1.1378036554288358e-10,1.7473745782459154e-06,1.401355431155963e-07,4.345419136526294e-12,1.014783896649033e-10,3.462945891251565e-11
2.5483270108144524e-06,0.16628943999999996,0.8585084662769803,0.0,0.0,0.4438803261725205,0.0876014324623927,0.010476958623213151,9.064416881774847e-06,0.002888783057637821,0.04187975478814158,0.02170822498308609,5.066773642486406e-05,9.782104469250285e-11,0.00209495057798571,5.7289225279289664e-11,0.0004996271649831931,2.8860948602117752e-09,9.130640087863175e-06,1.972544389206382e-09,1.2069963854746023e-10,1.581782894934341e-05,1.5368699562849844e-05,0.006308203121929094,4.126908946027145e-05,0.0004807484476697151,2.291740357976238e-08,5.460466245719156e-09,3.699405195708439e-08,1.3000659222419295e-07,5.9748614271579494e-09,3.514997209313048e-05,0.0007188444761269724,3.4265905407368317e-07,0.0008402346227366981,6.507624372587247e-09,2.4321205507326752e-05,6.741529214179755e-08,7.287204388172215e-06,1.0751910328313918e-10,1.1380400673834622e-10,1.7480639524152572e-06,1.4011072938842265e-07,4.347110487007437e-12,1.0142257369517895e-10,3.461190212173868e-11
2.549191828022976e-06,0.16628943999999996,0.8585084662769803,0.0,0.0,0.44387884550478485,0.08759465036343529,0.010474170092536168,9.064632427727885e-06,0.0028887712342226743,0.04189420951442004,0.02171393216668136,5.065983297287006e-05,9.791330723096544e-11,0.002094791290955176,5.7282776310587794e-11,0.000499659587606986,2.8860037209657046e-09,9.126151301783733e-06,1.9731910173753368e-09,1.2072785961721616e-10,1.581244688093661e-05,1.537413173489709e-05,0.006307694171655782,4.1161675554128996e-05,0.0004808234997499837,2.286156158566002e-08,5.458597826769862e-09,3.699553931273147e-08,1.3000561725071002e-07,5.990422450373318e-09,3.523615718514302e-05,0.0007204921507352464,3.4274565661594085e-07,0.0008405220810495418,6.507107866960822e-09,2.4329802173475347e-05,6.743279102812507e-08,7.2857149320858586e-06,1.0756342566292145e-10,1.1382527108078162e-10,1.748684303499053e-06,1.400884037315453e-07,4.348632497101065e-12,1.0137237435215888e-10,3.459616799844192e-11
2.5500566452314993e-06,0.16628943999999996,0.8585084662769803,0.0,0.0,0.44387736322501536,0.08758786881522539,0.010471382318318576,9.064847428577992e-06,0.002888759249484184,0.041908663194853056,0.021719637544589526,5.065193194632357e-05,9.800561460375194e-11,0.0020946320400823753,5.72763307303157e-11,0.0004996920035928616,2.8859126826220897e-09,9.121665508009686e-06,1.9738375223188383e-09,1.207560638683255e-10,1.5807073123407712e-05,1.5379563311953222e-05,0.006307185239914103,4.1054705142721574e-05,0.0004808985315096787,2.280594539998992e-08,5.456730117222197e-09,3.6997034978873514e-08,1.3000463458731489e-07,6.0060013060555805e-09,3.532242128820434e-05,0.0007221409425144733,3.4283223083468294e-07,0.000840809513373004,6.506591453323165e-09,2.4338397898025485e-05,6.745028394363378e-08,7.284225674655642e-06,1.0760774377741555e-10,1.1384652337389063e-10,1.7493045735034913e-06,1.4006608441875956e-07,4.35015431285003e-12,1.0132220821177548e-10,3.4580496961973584e-11
2.5508349807191704e-06,0.16628943999999996,0.8585084662769803,0.0,0.0,0.4438760277987657,0.08758176589259131,0.010468873968139808,9.065040465070854e-06,0.002888748325783328,0.041921670612804544,0.021724770842771402,5.064482309539148e-05,9.808872956846427e-11,0.002094488745173701,5.7270532603910965e-11,0.000499721172304437,2.8858308343179758e-09,9.117630853097232e-06,1.974419271541395e-09,1.2078143333615314e-10,1.5802243816671668e-05,1.5384451223024254e-05,0.006306727217248267,4.0958808876758234e-05,0.0004809660427306815,2.2756082847054466e-08,5.455049784849525e-09,3.699838818369095e-08,1.3000374363865778e-07,6.0200375150093e-09,3.540012646470179e-05,0.0007236258085521107,3.4291012343847043e-07,0.0008410681802432037,6.506126759641005e-09,2.4346133245744052e-05,6.746602246899996e-08,7.282885512823995e-06,1.0764762643695164e-10,1.138656401465982e-10,1.7498627472485682e-06,1.4004600246063241e-07,4.351523781008716e-12,1.0127708708656007e-10,3.456644665216242e-11
2.5516133162068415e-06,0.16628943999999996,0.8585084662769803,0.0,0.0,0.44387469107388083,0.08757566341581331,0.01046636623040317,9.065233063356165e-06,0.0028887372723303763,0.041934677183175194,0.021729902681924533,5.063771620757829e-05,9.817188084126676e-11,0.002094345479482,5.726473721976208e-11,0.0004997503356387647,2.8857490676209492e-09,9.113598623911448e-06,1.9750009211947295e-09,1.2080678922134836e-10,1.5797421184592873e-05,1.5389338652965738e-05,0.006306269209699081,4.086326797426024e-05,0.00048103353751315206,2.2706401246519847e-08,5.453370026502752e-09,3.699974812021333e-08,1.3000284650443464e-07,6.0340881537503935e-09,3.547789550891727e-05,0.0007251115762589708,3.429879931436162e-07,0.0008413268260620109,6.50566214036103e-09,2.4353867832054644e-05,6.748175616998462e-08,7.281545511912185e-06,1.076875056388991e-10,1.1388474717995749e-10,1.750420855438302e-06,1.4002592563966595e-07,4.352893092025052e-12,1.0123199287916905e-10,3.455244688755262e-11
2.5523916516945126e-06,0.16628943999999996,0.8585084662769803,0.0,0.0,0.4438733530536979,0.08756956138477427,0.010463859104971277,9.065425224996931e-06,0.00288872608955766,0.041947682905756,0.021735033063728856,5.0630611282165336e-05,9.825506841850814e-11,0.0020942022429737335,5.72589445767277e-11,0.0004997794935956088,2.8856673824720722e-09,9.109568821351658e-06,1.975582471392919e-09,1.2083213154298258e-10,1.5792605200276264e-05,1.5394225602163312e-05,0.006305811217316277,4.076808062144714e-05,0.0004811010158670604,2.265689968462816e-08,5.451690841901091e-09,3.7001114787637804e-08,1.300019432049247e-07,6.048153214882596e-09,3.5555728359288885e-05,0.0007265982441145435,3.430658399723171e-07,0.0008415854508294256,6.505197595430009e-09,2.43616016575658e-05,6.74974850522196e-08,7.280205671924017e-06,1.0772738140548626e-10,1.1390384448361618e-10,1.7509788981288737e-06,1.400058539550819e-07,4.354262246030076e-12,1.0118692560056323e-10,3.453849741547553e-11
2.5531699871821837e-06,0.16628943999999996,0.8585084662769803,0.0,0.0,0.4438720137415336,0.08756345979935751,0.010461352591706743,9.065616951548348e-06,0.002888714777895382,0.04196068778033937,0.021740161989854956,5.06235083184269e-05,9.833829229653813e-11,0.002094059035615357,5.725315467365521e-11,0.0004998086461747437,2.8855857788122666e-09,9.105541446298926e-06,1.9761639222492708e-09,1.2085746032006354e-10,1.5787795836940107e-05,1.539911207100229e-05,0.006305353240149269,4.067324501598572e-05,0.0004811684778023416,2.2607577250811042e-08,5.450012230765414e-09,3.7002488186198785e-08,1.3000103376037016e-07,6.0622326918365244e-09,3.563362495464149e-05,0.0007280858106070844,3.431436639444333e-07,0.0008418440545454474,6.504733124795737e-09,2.4369334722885995e-05,6.751320912129907e-08,7.2788659928632005e-06,1.0776725372949065e-10,1.1392293206720109e-10,1.7515368753763648e-06,1.3998578740607515e-07,4.355631243154539e-12,1.011418852614184e-10,3.452459796585702e-11
2.553948322669855e-06,0.16628943999999996,0.8585084662769803,0.0,0.0,0.4438706731406846,0.08755735865944694,0.010458846690472152,9.065808244557808e-06,0.0028887033377716187,0.04197369180671919,0.021745289461964093,5.061640731563018e-05,9.842155247170728e-11,0.0020939158573733212,5.724736750938092e-11,0.0004998377933759548,2.8855042565823304e-09,9.101516499616173e-06,1.9767452738763227e-09,1.208827755715358e-10,1.5782993067915693e-05,1.5403998059865857e-05,0.006304895278247166,4.057875936690562e-05,0.00048123592332889977,2.2558433040420394e-08,5.448334192819539e-09,3.700386831666625e-08,1.3000011819094826e-07,6.0763265782400015e-09,3.571158523417933e-05,0.000729574274233555,3.4322146507949975e-07,0.0008421026372100726,6.504268728406533e-09,2.4377067028625465e-05,6.75289283827767e-08,7.277526474733354e-06,1.0780712259613026e-10,1.1394200994031095e-10,1.7520947872367573e-06,1.3996572599181389e-07,4.35700008352806e-12,1.010968718721492e-10,3.451074829823067e-11
2.554726658157526e-06,0.16628943999999996,0.8585084662769803,0.0,0.0,0.4438693312544274,0.08755125796492713,0.010456341401130095,9.065999105564954e-06,0.0028886917696123436,0.04198669498469066,0.021750415481708304,5.060930827303538e-05,9.850484894036693e-11,0.0020937727082140796,5.724158308273008e-11,0.0004998669351990377,2.8854228157229025e-09,9.097493982148261e-06,1.977326526385861e-09,1.209080773162804e-10,1.5778196866647167e-05,1.5408883569139192e-05,0.006304437331658764,4.0484621894515296e-05,0.00048130335245662046,2.2509466157488617e-08,5.4466567277826894e-09,3.700525517801064e-08,1.2999919651662e-07,6.090434866651952e-09,3.578960913747697e-05,0.0007310636334995679,3.4329924340002885e-07,0.0008423611988232983,6.503804406207861e-09,2.438479857539206e-05,6.754464284219144e-08,7.276187117538002e-06,1.0784698803574802e-10,1.1396107811242366e-10,1.752652633765934e-06,1.399456697114398e-07,4.3583687672810755e-12,1.0105188544311154e-10,3.44969481703454e-11
2.555504993645197e-06,0.16628943999999996,0.8585084662769803,0.0,0.0,0.44386798808601874,0.08754515771568314,0.01045383672354314,9.066189536101784e-06,0.002888680073841433,0.04199969731405049,0.021755540050730448,5.060221118989579e-05,9.858818169886933e-11,0.0020936295881040764,5.723580139251698e-11,0.000499896071643799,2.885341456174476e-09,9.093473894722098e-06,1.977907679888916e-09,1.2093336557311533e-10,1.57734072066912e-05,1.5413768599207808e-05,0.006303979400432559,4.03908308303275e-05,0.00048137076519535365,2.2460675708480625e-08,5.444979835375051e-09,3.700664877025557e-08,1.2999826875731198e-07,6.1045575505757445e-09,3.586769660448814e-05,0.0007325538869193071,3.4337699892579553e-07,0.000842619739385118,6.503340158146188e-09,2.4392529363792983e-05,6.756035250504704e-08,7.274847921280581e-06,1.0788685004548419e-10,1.1398013659299532e-10,1.753210415019681e-06,1.3992561856406822e-07,4.359737294544063e-12,1.010069259843833e-10,3.448319731186514e-11
2.556283329132868e-06,0.16628943999999996,0.8585084662769803,0.0,0.0,0.44386664363869605,0.0875390579116006,0.010451332657573843,9.066379537692606e-06,0.002888668250880681,0.04201269879459671,0.021760663170664305,5.0595116065457795e-05,9.86715507435675e-11,0.0020934864970097587,5.7230022437544984e-11,0.0004999252027100559,2.885260177877425e-09,9.089456238146733e-06,1.9784887344957723e-09,1.2095864036079538e-10,1.5768624061716795e-05,1.5418653150454163e-05,0.00630352148461674,4.029738441697677e-05,0.0004814381615549162,2.2412060804834906e-08,5.443303515321681e-09,3.7008049094606727e-08,1.2999733493292925e-07,6.118694624064864e-09,3.594584757553916e-05,0.0007340450330154683,3.4345473167531214e-07,0.0008428782588955247,6.502875984169446e-09,2.4400259394438075e-05,6.757605737680096e-08,7.273508885964445e-06,1.0792670860026542e-10,1.1399918539148049e-10,1.7537681310536866e-06,1.399055725487884e-07,4.361105665445908e-12,1.0096199350573006e-10,3.446949548311906e-11
2.557061664620539e-06,0.16628943999999996,0.8585084662769803,0.0,0.0,0.44386529791567675,0.08753295855256565,0.010448829203084754,9.06656911185415e-06,0.0028886563011498137,0.042025699426128785,0.021765784843134604,5.0588022898960876e-05,9.875495607081531e-11,0.0020933434348975725,5.7224246216606645e-11,0.0004999543283976363,2.8851789807719843e-09,9.085441013213453e-06,1.979069690315976e-09,1.2098390169801204e-10,1.576384740550499e-05,1.542353722326271e-05,0.006303063584259195,4.020428090813507e-05,0.00048150554154511053,2.2363620567953027e-08,5.4416277673422564e-09,3.7009456149913076e-08,1.2999639506312587e-07,6.132846079664039e-09,3.602406199131605e-05,0.0007355370703192113,3.4353244167131874e-07,0.0008431367573545101,6.502411884221996e-09,2.4407988667934842e-05,6.759175746290003e-08,7.272170011592858e-06,1.0796656373704146e-10,1.1401822451719431e-10,1.7543257819235422e-06,1.3988553166466372e-07,4.362473880116343e-12,1.0091708801690346e-10,3.4455842454188764e-11
2.5578400001082103e-06,0.16628943999999996,0.8585084662769803,0.0,0.0,0.44386395092015896,0.08752685963846511,0.01044632635993841,9.066758260095616e-06,0.0028886442250664972,0.042038699208447536,0.0217709050697571,5.058093168963778e-05,9.883839767696738e-11,0.002093200401733963,5.72184727284838e-11,0.0004999834487063785,2.885097864798234e-09,9.081428220695882e-06,1.979650547458334e-09,1.210091496033941e-10,1.5759077211948623e-05,1.5428420818019176e-05,0.006302605699407512,4.0111518568441175e-05,0.0004815729051757048,2.2315354121073733e-08,5.439952591156176e-09,3.7010869935928685e-08,1.2999544916751512e-07,6.147011910916403e-09,3.610233979287642e-05,0.0007370299973700772,3.4361012893360176e-07,0.0008433952347620649,6.5019478582489305e-09,2.4415717184889153e-05,6.760745276875997e-08,7.270831298169005e-06,1.0800641545847437e-10,1.1403725397942439e-10,1.7548833676847436e-06,1.3986549591073153e-07,4.363841938685589e-12,1.0087220952739827e-10,3.4442237956909595e-11
2.5586183355958814e-06,0.16628943999999996,0.8585084662769803,0.0,0.0,0.4438626026553218,0.08752076116918625,0.010443824127997338,9.06694698391869e-06,0.0028886320230463564,0.04205169814135513,0.02177602385213867,5.057384243671442e-05,9.892187555837904e-11,0.0020930573974853733,5.7212701971947563e-11,0.0005000125636361313,2.885016829896142e-09,9.077417861350076e-06,1.980231306030929e-09,1.2103438409550707e-10,1.575431345505205e-05,1.5433303935105297e-05,0.006302147830108987,4.001909567342065e-05,0.0004816402524564286,2.226726059104585e-08,5.43827798648997e-09,3.701229045442784e-08,1.29994497265745e-07,6.161192112409284e-09,3.6180680921644315e-05,0.0007385238127159294,3.4368779347935327e-07,0.0008436536911181772,6.501483906198017e-09,2.442344494591048e-05,6.762314329974316e-08,7.269492745695994e-06,1.080462637247905e-10,1.1405627378749036e-10,1.755440888392691e-06,1.3984546528600373e-07,4.365209841281788e-12,1.0082735804633071e-10,3.44286817499714e-11
2.5593966710835525e-06,0.16628943999999996,0.8585084662769803,0.0,0.0,0.4438612531243249,0.08751466314461691,0.010441322507124049,9.067135284817579e-06,0.002888619695502982,0.04206469622465515,0.021781141191877323,5.056675513941003e-05,9.900538971140625e-11,0.002092914422118252,5.720693394575846e-11,0.0005000416731867545,2.8849358760055415e-09,9.073409935914625e-06,1.980811966141114e-09,1.2105960519285382e-10,1.57495561089309e-05,1.5438186574904605e-05,0.006301689976410611,3.9927010509399976e-05,0.000481707583397003,2.2219339116409473e-08,5.4366039530640735e-09,3.701371770417813e-08,1.2999353937717002e-07,6.175386676653756e-09,3.625908531939234e-05,0.0007400185149129126,3.437654353316028e-07,0.0008439121264228346,6.501020028012615e-09,2.4431171951606193e-05,6.763882906120544e-08,7.268154354176856e-06,1.0808610857989655e-10,1.1407528395054982e-10,1.7559983441026902e-06,1.3982543978946676e-07,4.366577588033879e-12,1.0078253358285366e-10,3.441517361639112e-11
2.5601750065712236e-06,0.16628943999999996,0.8585084662769803,0.0,0.0,0.44385990233030925,0.08750856556464542,0.010438821497181046,9.067323164279125e-06,0.0028886072428479462,0.04207769345815247,0.021786257090562325,5.0559669796937133e-05,9.908894013240574e-11,0.0020927714755990465,5.7201168648666496e-11,0.0005000707773581179,2.884855003066123e-09,9.069404445110734e-06,1.9813925278955307e-09,1.2108481291387425e-10,1.574480514781179e-05,1.5443068737803218e-05,0.006301232138359094,3.983526137343985e-05,0.0004817748980071157,2.2171588837160526e-08,5.4349304905965865e-09,3.701515168444979e-08,1.2999257552108142e-07,6.189595597098195e-09,3.633755292825706e-05,0.0007415141025253699,3.4384305451050734e-07,0.0008441705406760236,6.500556223636189e-09,2.4438898202580667e-05,6.76545100584784e-08,7.266816123614543e-06,1.0812595003732145e-10,1.1409428447771709e-10,1.7565557348699517e-06,1.3980541942008174e-07,4.367945179071946e-12,1.0073773614590638e-10,3.440171329230499e-11
2.5608755085101273e-06,0.16628943999999996,0.8585084662769803,0.0,0.0,0.44385868553839486,0.08750307812271046,0.010436571110464097,9.067491896688514e-06,0.002888595928826489,0.04208939024155855,0.021790860168584447,5.0553294659436284e-05,9.91641665174109e-11,0.0020926428483689988,5.719598221362025e-11,0.0005000969665129788,2.8847822865839696e-09,9.065801585579364e-06,1.981914949467883e-09,1.211074884412238e-10,1.574053472076887e-05,1.5447462276976514e-05,0.0063008200975291605,3.975297305617756e-05,0.0004818354672016438,2.212875924830261e-08,5.433424862321196e-09,3.7016448023457726e-08,1.2999170296442686e-07,6.202395896146543e-09,3.6408227774207327e-05,0.0007428608872267948,3.439128923985996e-07,0.0008444030955048752,6.50013886276114e-09,2.4445851183674787e-05,6.766861888699551e-08,7.265611853728936e-06,1.081618043932972e-10,1.1411137672108512e-10,1.7570573310800035e-06,1.397874054704713e-07,4.3691758779758455e-12,1.0069744156732696e-10,3.438963967773321e-11
2.561576010449031e-06,0.16628943999999996,0.8585084662769803,0.0,0.0,0.4438574677282274,0.08749759104072924,0.010434321218389053,9.067660290005553e-06,0.002888584514093547,0.042101086336327156,0.02179546208177967,5.0546921104122385e-05,9.92394222738678e-11,0.002092514244454133,5.719079798719578e-11,0.0005001231513104624,2.8847096355791945e-09,9.062200699171223e-06,1.9824372915346013e-09,1.211301531619892e-10,1.5736269426157863e-05,1.5451855430447518e-05,0.006300408069444417,3.9670954324409595e-05,0.0004818960231833375,2.208606701571705e-08,5.431919696099561e-09,3.7017749815591644e-08,1.299908256037273e-07,6.215207814593983e-09,3.647895373289603e-05,0.0007442083869233039,3.439827119502651e-07,0.0008446356332820136,6.499721561587608e-09,2.4452803554381064e-05,6.768272386462463e-08,7.264407714222752e-06,1.081976559773761e-10,1.1412846117340644e-10,1.757558874771201e-06,1.397693956721996e-07,4.370406450947867e-12,1.00657168893319e-10,3.4377604439141607e-11
2.5622765123879347e-06,0.16628943999999996,0.8585084662769803,0.0,0.0,0.4438562489020574,0.08749210431862141,0.010432071820855662,9.067828345298934e-06,0.002888572998945007,0.042112781742318806,0.021800062831288596,5.0540549130407664e-05,9.931470739912185e-11,0.0020923856638299927,5.718561596846026e-11,0.0005001493317504956,2.884637050007562e-09,9.058601786376355e-06,1.982959554171953e-09,1.2115280708948294e-10,1.5732009245419495e-05,1.5456248198499624e-05,0.006299996054138312,3.958920395868036e-05,0.0004819565659592141,2.2043511526720002e-08,5.430414991721001e-09,3.701905705827782e-08,1.299899434527126e-07,6.228031346492633e-09,3.654973076286699e-05,0.0007455566005851198,3.4405251318343057e-07,0.000844868154007425,6.499304320070871e-09,2.445975531513744e-05,6.76968249952107e-08,7.263203705097996e-06,1.0823350485153032e-10,1.1414553784113984e-10,1.7580603659836006e-06,1.397513900244575e-07,4.371636898083637e-12,1.0061691813016116e-10,3.436560739097302e-11
2.5629770143268384e-06,0.16628943999999996,0.8585084662769803,0.0,0.0,0.443855029062124,0.08748661795630708,0.010429822917763662,9.067996063632609e-06,0.002888561383675463,0.04212447645939491,0.021804662418246218,5.053417873770013e-05,9.939002189051859e-11,0.002092257106472129,5.7180436156474134e-11,0.0005001755078330125,2.8845645298247758e-09,9.055004847673633e-06,1.9834817374557498e-09,1.2117545023697666e-10,1.5727754160066628e-05,1.5460640581409512e-05,0.006299584051644108,3.9507720746394994e-05,0.00048201709553624087,2.2001092162654548e-08,5.428910748991051e-09,3.7020369754998164e-08,1.299890565254554e-07,6.24086648968811e-09,3.662055882290805e-05,0.0007469055271876711,3.441222961059385e-07,0.0008451006576810964,6.498887138174606e-09,2.4466706466388362e-05,6.77109222825235e-08,7.26199982635664e-06,1.0826935092450602e-10,1.1416260673095522e-10,1.7585618047571974e-06,1.3973338852641973e-07,4.372867219475093e-12,1.0057668928350188e-10,3.4353648345929655e-11
2.563538544159217e-06,0.16628943999999996,0.8585084662769803,0.0,0.0,0.44385405049487897,0.08748222028945819,0.010428020530003258,9.068130265836767e-06,0.0028885520006523336,0.04213385057189364,0.021808348657543088,5.052907330413485e-05,9.945041599419634e-11,0.0020921540703056395,5.71762855567346e-11,0.0005001964877136165,2.8845064440591236e-09,9.052122929008922e-06,1.9839002679005816e-09,1.2119359345047025e-10,1.5724346905155705e-05,1.54641612845161e-05,0.006299253795320177,3.944259503042547e-05,0.0004820656071652381,2.1967186233357796e-08,5.4277052651832966e-09,3.702142596590143e-08,1.2998834211554208e-07,6.25116365893811e-09,3.667737217286751e-05,0.0007479873552761357,3.4417822162938704e-07,0.0008452870227949972,6.49855276373821e-09,2.4472278143617935e-05,6.772222004585272e-08,7.2610348784561765e-06,1.0829808349393594e-10,1.141762837232767e-10,1.7589637255923077e-06,1.397189613293337e-07,4.3738533674985485e-12,1.005444572401826e-10,3.434408920474901e-11
2.5641000739915955e-06,0.16628943999999996,0.8585084662769803,0.0,0.0,0.44385307127878243,0.0874778228537133,0.01042621845984476,9.068264252741581e-06,0.0028885425536324637,0.042143224241550134,0.02181203415111316,5.052396888580048e-05,9.951082896488812e-11,0.002092051049061285,5.717213637390897e-11,0.0005002174647941032,2.8844484002595885e-09,9.049242279392306e-06,1.9843187474414696e-09,1.2121172975225366e-10,1.5720942903149065e-05,1.546768174046303e-05,0.006298923547267123,3.937763958891361e-05,0.0004821141103209981,2.19333670766725e-08,5.4265000777817954e-09,3.702248567899779e-08,1.2998762465226645e-07,6.261468282446542e-09,3.673421826634331e-05,0.0007490696403080538,3.442341354079325e-07,0.0008454733769517795,6.498218427561359e-09,2.4477849429701263e-05,6.773351534396054e-08,7.260070014339647e-06,1.0832681433697433e-10,1.1418995572507803e-10,1.759365612777516e-06,1.3970453679778222e-07,4.3748394348302916e-12,1.0051223928681869e-10,3.4334554301694985e-11
2.564661603823974e-06,0.16628943999999996,0.8585084662769803,0.0,0.0,0.443852091414971,0.08747342564903181,0.010424416707236525,9.068398024888568e-06,0.00288853304276581,0.042152597468294216,0.021815718899533383,5.051886548238622e-05,9.957126080122712e-11,0.0020919480427264753,5.716798860750403e-11,0.0005002384390744476,2.8843903984032415e-09,9.046362899055068e-06,1.9847371761168368e-09,1.2122985914910614e-10,1.571754214462401e-05,1.5471201949393485e-05,0.00629859330750182,3.931285380667979e-05,0.0004821626050070841,2.189963437764488e-08,5.425295186685937e-09,3.702354889623264e-08,1.2998690414280704e-07,6.271780359427732e-09,3.6791097082422126e-05,0.0007501523817628649,3.4429003744474275e-07,0.000845659720151435,6.497884129625247e-09,2.448342032486627e-05,6.77448081787638e-08,7.259105234008006e-06,1.0835554339647256e-10,1.1420362273975795e-10,1.7597674663333397e-06,1.3969011493131799e-07,4.375825421517805e-12,1.0048003542613712e-10,3.432504353162013e-11
2.5652231336563527e-06,0.16628943999999996,0.8585084662769803,0.0,0.0,0.44385111090457624,0.08746902867537307,0.01042261527212689,9.068531582817263e-06,0.0028885234682018085,0.042161970252056015,0.021819402903378426,5.051376309357952e-05,9.963171150184669e-11,0.002091845051288621,5.716384225702384e-11,0.0005002594105546282,2.884332438467132e-09,9.043484788223953e-06,1.985155553964919e-09,1.212479816477902e-10,1.5714144620187386e-05,1.547472191144713e-05,0.006298263076041072,3.92482370713041e-05,0.000482211091227059,2.1865987827151653e-08,5.424090591798635e-09,3.702461561921395e-08,1.299861805942841e-07,6.2820998880726834e-09,3.684800860027399e-05,0.0007512355791221289,3.443459277460955e-07,0.0008458460523939557,6.497549869910841e-09,2.448899082934434e-05,6.775609855216343e-08,7.258140537462194e-06,1.0838427065096233e-10,1.1421728477069297e-10,1.7601692862802731e-06,1.3967569572948708e-07,4.376811327606944e-12,1.0044784566081192e-10,3.431555683105089e-11
2.5657285105054937e-06,0.16628943999999996,0.8585084662769803,0.0,0.0,0.4438502278933234,0.08746507159657131,0.010420994251946829,9.068651602240864e-06,0.0028885147967560617,0.04217040537863432,0.021822717870700333,5.0509171810883256e-05,9.968613326023468e-11,0.0020917523717210464,5.7160111751795274e-11,0.0005002782824926347,2.884280310347417e-09,9.040895574087449e-06,1.9855320506023208e-09,1.212642860042474e-10,1.5711089605600323e-05,1.5477889666338115e-05,0.0062979658748406175,3.919022604057764e-05,0.00048225472158946813,2.1835779337509003e-08,5.423006709563831e-09,3.70255786645172e-08,1.2998552680780369e-07,6.291393831585728e-09,3.689925690921009e-05,0.0007522108461169849,3.443962189934951e-07,0.0008460137420438667,6.4972490688254985e-09,2.449400394952148e-05,6.776625778533528e-08,7.257272382208612e-06,1.0841012370465769e-10,1.142295763400352e-10,1.7605308955138316e-06,1.3966272072572059e-07,4.377698574217232e-12,1.0041888692608514e-10,3.43070393056273e-11
2.566233887354635e-06,0.16628943999999996,0.8585084662769803,0.0,0.0,0.4438493443600688,0.08746111470483589,0.010419373488861138,9.068771448973813e-06,0.002888506073944286,0.04217884014629024,0.021826032235795798,5.05045813495343e-05,9.974057029658681e-11,0.0020916597042006362,5.715638239269653e-11,0.0005002971521624808,2.884228216147676e-09,9.038307388589882e-06,1.985908506128064e-09,1.2128058478355828e-10,1.5708037196234183e-05,1.5481057221481988e-05,0.006297668680392542,3.9132351001384436e-05,0.00048229834509980516,2.1805640155322746e-08,5.421923067094591e-09,3.7026544548789806e-08,1.2998487057038708e-07,6.300693807295284e-09,3.6950531674729054e-05,0.0007531864816012187,3.4444650074669025e-07,0.0008461814228184848,6.496948298665384e-09,2.4499016753589913e-05,6.777641502772293e-08,7.256404294822968e-06,1.0843597530845937e-10,1.1424186387757856e-10,1.7608924775556761e-06,1.3964974787959426e-07,4.378585755617414e-12,1.003899396128987e-10,3.429854113387057e-11
2.566739264203776e-06,0.16628943999999996,0.8585084662769803,0.0,0.0,0.44384846030562725,0.0874571580001376,0.010417752982832151,9.068891123405491e-06,0.0028884972998743375,0.04218727455497355,0.0218293459990791,5.0499991709301266e-05,9.979502260990698e-11,0.0020915670487182164,5.715265417936049e-11,0.0005003160195641564,2.8841761558510987e-09,9.035720231887204e-06,1.9862849205696444e-09,1.2129687799061766e-10,1.5704987385302495e-05,1.5484224576983088e-05,0.006297371492708941,3.9074611512956136e-05,0.00048234196176065886,2.177557005894063e-08,5.420839664314733e-09,3.702751327171505e-08,1.299842118870677e-07,6.309999813204646e-09,3.7001832881833685e-05,0.0007541624852012302,3.4449677301184876e-07,0.0008463490947178031,6.496647559414185e-09,2.45040292417156e-05,6.778657028071449e-08,7.255536275305916e-06,1.0846182547853275e-10,1.1425414738568633e-10,1.7612540324206964e-06,1.396367771907639e-07,4.3794728718423816e-12,1.0036100372323226e-10,3.429006225831779e-11
2.567194103368003e-06,0.16628943999999996,0.8585084662769803,0.0,0.0,0.4438476642116862,0.08745359712580174,0.010416294747158418,9.068998683397236e-06,0.0028884893594745185,0.04219486521582565,0.021832327871825923,5.04958617349535e-05,9.984404275287966e-11,0.0020914836690689403,5.714929976668034e-11,0.0005003329982863718,2.884129330557478e-09,9.033392670600986e-06,1.986623658462738e-09,1.2131153711673289e-10,1.5702244771531914e-05,1.5487075026326436e-05,0.006297104029587279,3.9022761506413584e-05,0.0004823812109012537,2.17485658573342e-08,5.419864806684024e-09,3.7028387549268064e-08,1.2998361698500344e-07,6.318380373006598e-09,3.70480265634374e-05,0.0007550412028725403,3.445420099425678e-07,0.0008464999918388023,6.496376920501926e-09,2.4508540211034078e-05,6.779570830861682e-08,7.254755115768747e-06,1.084850894069306e-10,1.1426519909977905e-10,1.7615794085753239e-06,1.3962510541501667e-07,4.380271220748933e-12,1.0033497119124153e-10,3.42824477179782e-11
2.56764894253223e-06,0.16628943999999996,0.8585084662769803,0.0,0.0,0.44384686769683074,0.08745003640292107,0.010414836719642653,9.069106104421472e-06,0.002888481377720823,0.042202455585833167,0.02183530925773929,5.049173242535107e-05,9.989307526866356e-11,0.002091400299156322,5.714594628149911e-11,0.0005003499751713572,2.88408253269951e-09,9.031065942872176e-06,1.986962363119715e-09,1.2132619173683332e-10,1.5699504252091522e-05,1.548992531412046e-05,0.006296836571963344,3.8971020621590424e-05,0.0004824204544977367,2.1721617274345718e-08,5.418890143085104e-09,3.7029264126266306e-08,1.2998302010953044e-07,6.3267658149205755e-09,3.70942416397786e-05,0.0007559202181456589,3.44587239195663e-07,0.0008466508817707982,6.4961063066015985e-09,2.4513050924693445e-05,6.780484472723039e-08,7.253974011206124e-06,1.0850835217055218e-10,1.142762475536889e-10,1.7619047627396054e-06,1.3961343538614002e-07,4.381069516917109e-12,1.0030894791522501e-10,3.4274848710670274e-11
2.568103781696457e-06,0.16628943999999996,0.8585084662769803,0.0,0.0,0.4438460707616487,0.08744647583147443,0.0104133789002574,9.069213386759486e-06,0.0028884733546911787,0.04221004566495996,0.021838290157118207,5.048760378032298e-05,9.994212015653275e-11,0.0020913169389736768,5.7142593723545584e-11,0.0005003669502191095,2.8840357622649e-09,9.02874004880843e-06,1.9873010345603747e-09,1.2134084185446445e-10,1.56967658220739e-05,1.5492775440441212e-05,0.006296569119845851,3.891938854084589e-05,0.00048245969255198567,2.1694724150174374e-08,5.4179156734625336e-09,3.703014300251144e-08,1.2998242126428643e-07,6.3351561375243126e-09,3.71404781000465e-05,0.0007567995307510367,3.4463246077554767e-07,0.0008468017645137851,6.495835717701255e-09,2.451756138281458e-05,6.781397953755681e-08,7.253192961618505e-06,1.0853161378061752e-10,1.1428729274912194e-10,1.762230094924363e-06,1.396017671038743e-07,4.3818677603722965e-12,1.0028293389655477e-10,3.4267265193431714e-11
2.568558620860684e-06,0.16628943999999996,0.8585084662769803,0.0,0.0,0.4438452734067256,0.08744291541144077,0.010411921288975202,9.069320530691769e-06,0.0028884652904632912,0.042217635453170047,0.02184127057026075,5.048347579969755e-05,9.999117741576124e-11,0.0020912335885143224,5.713924209254736e-11,0.0005003839234296258,2.8839890192413412e-09,9.026414988515482e-06,1.987639672804441e-09,1.213554874731647e-10,1.569402947658417e-05,1.549562540536529e-05,0.006296301673243486,3.886786494769199e-05,0.0004824989250658735,2.1667886324658133e-08,5.416941397760794e-09,3.703102417802677e-08,1.299818204529294e-07,6.34355133979584e-09,3.718673593347025e-05,0.0007576791404199999,3.446776746856764e-07,0.0008469526400677576,6.4955651537892675e-09,2.452207158551776e-05,6.782311274059399e-08,7.252411967006343e-06,1.0855487423252176e-10,1.1429833468780146e-10,1.7625554051404084e-06,1.395901005679572e-07,4.382665951139852e-12,1.0025692913656331e-10,3.425969712216827e-11
2.569013460024911e-06,0.16628943999999996,0.8585084662769803,0.0,0.0,0.44384447563264473,0.087439355142799,0.010410463885768594,9.069427536498013e-06,0.002888457185114652,0.04222522495042757,0.021844250497464062,5.047934848330235e-05,1.0004024704562307e-10,0.002091150247771575,5.713589138823096e-11,0.000500400894802905,2.8839423036165136e-09,9.024090762097193e-06,1.9879782778715615e-09,1.2137012859646517e-10,1.5691295210740005e-05,1.5498475208968807e-05,0.0062960342321649,3.8816449526788036e-05,0.0004825381520412682,2.1641103637905133e-08,5.415967315925579e-09,3.703190765322173e-08,1.299812176791263e-07,6.351951420837977e-09,3.7233015129317355e-05,0.0007585590468847478,3.4472288092912314e-07,0.0008471035084327102,6.495294614854506e-09,2.452658153292371e-05,6.783224433733265e-08,7.251631027370087e-06,1.0857813351656716e-10,1.1430937337145496e-10,1.7628806933985443e-06,1.3957843577812356e-07,4.3834640892448974e-12,1.0023093363652938e-10,3.4252144449625236e-11
2.569468299189138e-06,0.16628943999999996,0.8585084662769803,0.0,0.0,0.4438436774399877,0.08743579502552817,0.010409006690610123,9.069534404457107e-06,0.00288844903872253,0.042232814156696837,0.021847229939024354,5.047522183096425e-05,1.0008932904539232e-10,0.0020910669167387543,5.713254161032176e-11,0.0005004178643389471,2.883895615378084e-09,9.021767369655517e-06,1.988316849781306e-09,1.2138476522788984e-10,1.5688563019671594e-05,1.5501324851327624e-05,0.0062957667966187176,3.8765141963934104e-05,0.0004825773734800392,2.1614375932097632e-08,5.414993427901558e-09,3.703279342785504e-08,1.299806129464757e-07,6.360356379136647e-09,3.7279315676890654e-05,0.0007594392498783545,3.4476807951052667e-07,0.0008472543696086371,6.495024100884866e-09,2.453109122515336e-05,6.784137432876489e-08,7.250850142710175e-06,1.0860139164831719e-10,1.1432040880176663e-10,1.7632059597095627e-06,1.3956677273410566e-07,4.384262174712761e-12,1.002049473977636e-10,3.424460713288539e-11
2.569923138353365e-06,0.16628943999999996,0.8585084662769803,0.0,0.0,0.4438428788293341,0.08743223505960734,0.010407549703472319,9.06964113484714e-06,0.002888440851363979,0.04224040307194229,0.021850208895236915,5.047109584250943e-05,1.001384234143431e-10,0.002090983595409179,5.7129192758544034e-11,0.0005004348320377528,2.8838489545137048e-09,9.019444811290545e-06,1.9886553885531726e-09,1.2139939737095558e-10,1.568583289852164e-05,1.5504174332518337e-05,0.006295499366613528,3.871394194606879e-05,0.00048261658938405095,2.1587703048955562e-08,5.4140197336329075e-09,3.7033681501813096e-08,1.299800062585963e-07,6.3687662136219e-09,3.732563756553265e-05,0.0007603197491347582,3.4481327043349794e-07,0.0008474052235955326,6.494753611868439e-09,2.4535600662326882e-05,6.785050271588057e-08,7.250069313027049e-06,1.0862464862587775e-10,1.1433144098043885e-10,1.7635312040842449e-06,1.3955511143563303e-07,4.385060207568795e-12,1.0017897042154544e-10,3.423708512955675e-11
2.570377977517592e-06,0.16628943999999996,0.8585084662769803,0.0,0.0,0.4438420798012612,0.08742867524501569,0.010406092924327728,9.06974772794542e-06,0.0028884326231158365,0.04224799169612849,0.021853187366396094,5.0466970517763324e-05,1.0018753015174955e-10,0.002090900283776171,5.7125844832620914e-11,0.0005004517978993247,2.8838023210110177e-09,9.017123087100483e-06,1.9889938942065814e-09,1.21414025029172e-10,1.5683104842445298e-05,1.5507023652617153e-05,0.006295231942157892,3.866284916126426e-05,0.00048265579975516207,2.1561084829962038e-08,5.41304623306551e-09,3.7034571875634324e-08,1.2997939761913652e-07,6.377180923553023e-09,3.73719807846245e-05,0.0007612005443887577,3.448584537007299e-07,0.0008475560703933908,6.494483147794197e-09,2.454010984456479e-05,6.785962949966025e-08,7.249288538321136e-06,1.0864790443389035e-10,1.1434246990919178e-10,1.7638564265333636e-06,1.395434518824326e-07,4.38585818783803e-12,1.0015300270907889e-10,3.422957839268328e-11
2.570832816681819e-06,0.16628943999999996,0.8585084662769803,0.0,0.0,0.4438412803563445,0.08742511558173237,0.01040463635314888,9.069854184028455e-06,0.0028884243540547223,0.042255580029220204,0.021856165352795318,5.046284585655071e-05,1.002366492568859e-10,0.002090816981833051,5.712249783227447e-11,0.0005004687619236661,2.8837557148576542e-09,9.014802197181675e-06,1.9893323667608767e-09,1.2142864820604157e-10,1.5680378846610206e-05,1.5509872811699746e-05,0.00629496452326034,3.861186329871869e-05,0.00048269500459523354,2.1534521119205256e-08,5.412072926144294e-09,3.703546454909168e-08,1.299787870316595e-07,6.385600507344747e-09,3.741834532358125e-05,0.0007620816353760166,3.449036293170218e-07,0.0008477069100022056,6.494212708649952e-09,2.4544618771988103e-05,6.786875468108592e-08,7.248507818592864e-06,1.0867115909138244e-10,1.1435349558968908e-10,1.7641816270676796e-06,1.3953179407422857e-07,4.386656115545729e-12,1.0012704426160903e-10,3.422208687877316e-11
2.571287655846046e-06,0.16628943999999996,0.8585084662769803,0.0,0.0,0.4438404804951576,0.08742155606973664,0.010403179989908319,9.069960503371967e-06,0.002888416044257043,0.042263168071182265,0.021859142854727117,5.045872185869563e-05,1.0028578072902627e-10,0.002090733689573144,5.711915175722565e-11,0.0005004857241107817,2.8837091360412274e-09,9.012482141628596e-06,1.9896708062353305e-09,1.2144326690505962e-10,1.5677654906196428e-05,1.5512721809842647e-05,0.006294697109929371,3.856098404875473e-05,0.00048273420390612166,2.1508011760304565e-08,5.41109981281313e-09,3.703635952191692e-08,1.299781744997429e-07,6.394024963863391e-09,3.746473117185732e-05,0.0007629630218330511,3.4494879728618353e-07,0.0008478577424219708,6.4939422944235e-09,2.4549127444716918e-05,6.787787826113965e-08,7.247727153842656e-06,1.0869441259981762e-10,1.1436451802361162e-10,1.7645068056979448e-06,1.3952013801074243e-07,4.387453990717229e-12,1.0010109508036428e-10,3.421461054687485e-11
2.5717424950102728e-06,0.16628943999999996,0.8585084662769803,0.0,0.0,0.44383968021827197,0.08741799670900782,0.010401723834578573,9.070066686250897e-06,0.0028884076937989904,0.042270755821979686,0.021862119872483106,5.0454598524021437e-05,1.0033492456744496e-10,0.002090650406989773,5.71158066071943e-11,0.0005005026844606769,2.883662584549341e-09,9.010162920533875e-06,1.9900092126491392e-09,1.2145788112971433e-10,1.567493301639645e-05,1.5515570647122196e-05,0.006294429702173452,3.851021110281516e-05,0.0004827733976896752,2.1481556595955836e-08,5.4101268930180655e-09,3.7037256794805966e-08,1.2997756002702185e-07,6.4024542925847395e-09,3.7511138318946195e-05,0.0007638447034972258,3.449939576103871e-07,0.0008480085676526802,6.493671905103957e-09,2.455363586287151e-05,6.788700024079196e-08,7.246946544070928e-06,1.0871766493576002e-10,1.1437553721267584e-10,1.7648319624349022e-06,1.395084836916932e-07,4.388251813377459e-12,1.000751551664724e-10,3.4207149350786605e-11
2.5721973341744998e-06,0.16628943999999996,0.8585084662769803,0.0,0.0,0.44383887952625733,0.08741443749952527,0.010400267887132187,9.070172732939402e-06,0.0028883993027565423,0.04227834328157765,0.021865096406353972,5.045047585235079e-05,1.0038408077141616e-10,0.002090567134076264,5.711246238189915e-11,0.0005005196429733594,2.8836160603695903e-09,9.007844533988282e-06,1.990347586021428e-09,1.2147249088348674e-10,1.567221317241515e-05,1.5518419323613866e-05,0.006294162300001023,3.845954415345416e-05,0.0004828125859477472,2.1455155472133735e-08,5.409154166704425e-09,3.703815636758777e-08,1.2997694361702558e-07,6.410888491849153e-09,3.755756675437364e-05,0.0007647266801067605,3.4503911029458326e-07,0.0008481593856943272,6.493401540679122e-09,2.455814402657297e-05,6.789612062101463e-08,7.246165989278095e-06,1.087409161217627e-10,1.143865531585255e-10,1.7651570972892835e-06,1.3949683111679705e-07,4.389049583551611e-12,1.0004922452111004e-10,3.4199703246201054e-11
2.5726521733387268e-06,0.16628943999999996,0.8585084662769803,0.0,0.0,0.44383807841968087,0.0874108784412684,0.010398812147541684,9.070278643710855e-06,0.0028883908712054635,0.04228593044994141,0.021868072456629518,5.044635384350566e-05,1.0043324934021421e-10,0.002090483870825945,5.7109119081057915e-11,0.0005005365996488368,2.883569563489553e-09,9.005526982080751e-06,1.990685926371246e-09,1.2148709616985078e-10,1.5669495369469777e-05,1.5521267839394085e-05,0.006293894903420492,3.840898289433619e-05,0.00048285176868218595,2.1428808234514896e-08,5.408181633815682e-09,3.7039058239765544e-08,1.299763252732842e-07,6.419327560385295e-09,3.76040164677043e-05,0.0007656089514007168,3.4508425534296893e-07,0.0008483101965469056,6.493131201136376e-09,2.4562651935941402e-05,6.790523940278218e-08,7.245385489464562e-06,1.0876416616565536e-10,1.1439756586281556e-10,1.7654822102718105e-06,1.3948518028576785e-07,4.389847301265028e-12,1.0002330314546114e-10,3.419227219334418e-11
2.5731070125029538e-06,0.16628943999999996,0.8585084662769803,0.0,0.0,0.4438372768991086,0.08740731953421668,0.010397356615779606,9.070384418837867e-06,0.002888382399221308,0.042293517327036435,0.02187104802359863,5.044223249730733e-05,1.0048243027311332e-10,0.0020904006172321435,5.710577670438715e-11,0.0005005535544871182,2.883523093896794e-09,9.003210264898371e-06,1.9910242337175693e-09,1.2150169699227321e-10,1.5666779602789953e-05,1.5524116194539385e-05,0.006293627512440237,3.8358527020233045e-05,0.00048289094589483054,2.140251472684376e-08,5.407209294297954e-09,3.7039962412198135e-08,1.299757049994234e-07,6.427771497947485e-09,3.765048744854277e-05,0.0007664915171189911,3.451293927570576e-07,0.0008484610002104087,6.492860886465003e-09,2.4567159591096764e-05,6.791435658705548e-08,7.244605044630736e-06,1.0878741503345419e-10,1.1440857532726194e-10,1.7658073013931959e-06,1.394735311983166e-07,4.390644966542526e-12,9.999739104057768e-11,3.4184856147292986e-11
2.5735618516671808e-06,0.16628943999999996,0.8585084662769803,0.0,0.0,0.44383647496510414,0.08740376077834969,0.010395901291818485,9.070490058592257e-06,0.002888373886879417,0.04230110391282827,0.02187402310754932,5.043811181357639e-05,1.005316235693878e-10,0.0020903173732881902,5.710243525160238e-11,0.0005005705074882144,2.8834766515788725e-09,9.00089438252641e-06,1.9913625080793005e-09,1.215162933542138e-10,1.566406586761762e-05,1.5526964389125046e-05,0.006293360127068608,3.830817622701333e-05,0.00048293011758752534,2.1376274796901984e-08,5.406237148097132e-09,3.70408688848444e-08,1.2997508279894297e-07,6.436220302822688e-09,3.7696979686524104e-05,0.0007673743770023266,3.4517452254187726e-07,0.0008486117966848296,6.492590596652886e-09,2.4571666992160233e-05,6.792347217479561e-08,7.243824654777012e-06,1.0881066275030162e-10,1.1441958155349098e-10,1.7661323706641425e-06,1.3946188385415176e-07,4.391442579409222e-12,9.99714882075623e-11,3.417745506280834e-11
2.5740166908314078e-06,0.16628943999999996,0.8585084662769803,0.0,0.0,0.44383567261822926,0.08740020217364695,0.010394446175630848,9.070595563245087e-06,0.002888365334254922,0.04230869020728263,0.021876997708768674,5.043399179213275e-05,1.0058082922831203e-10,0.0020902341389874165,5.709909472241804e-11,0.0005005874586521367,2.883430236523332e-09,8.9985793350483e-06,1.9917007494752725e-09,1.2153088525912503e-10,1.5661354159207025e-05,1.5529812423227318e-05,0.006293092747313921,3.8257930211641686e-05,0.00048296928376211215,2.1350088292638006e-08,5.40526519515625e-09,3.7041777656899515e-08,1.2997445867531734e-07,6.444673973503715e-09,3.7743493171321436e-05,0.0007682575307922984,3.452196447022559e-07,0.000848762585970162,6.492320331686891e-09,2.457617413925196e-05,6.793258616697003e-08,7.243044319903792e-06,1.0883390933437525e-10,1.1443058454312585e-10,1.7664574180953434e-06,1.3945023825297916e-07,4.392240139890487e-12,9.994559464756132e-11,3.417006890080995e-11
2.5744715299956348e-06,0.16628943999999996,0.8585084662769803,0.0,0.0,0.44383486985904363,0.08739664372008818,0.01039299126718923,9.070700933066646e-06,0.0028883567414227447,0.042316276210365364,0.021879971827542918,5.0429872432795625e-05,1.0063004724916026e-10,0.002090150914323154,5.70957551165475e-11,0.0005006044079788981,2.8833838487176984e-09,8.996265122545665e-06,1.9920389579242436e-09,1.2154547271045243e-10,1.565864447282473e-05,1.553266029692296e-05,0.006292825373184467,3.8207788672177826e-05,0.00048300844442041946,2.1323955058661672e-08,5.4042934354213355e-09,3.704268872937453e-08,1.2997383263216644e-07,6.4531325100952604e-09,3.779002789264932e-05,0.0007691409782313021,3.45264759238898e-07,0.0008489133680663985,6.492050091556441e-09,2.458068103249156e-05,6.794169856453058e-08,7.242264040011464e-06,1.0885715473831081e-10,1.1444158429788567e-10,1.766782443697481e-06,1.3943859439450228e-07,4.393037648011012e-12,9.991971036155304e-11,3.41626976181358e-11
2.5749263691598617e-06,0.16628943999999996,0.8585084662769803,0.0,0.0,0.4438340666881055,0.08739308541765302,0.010391536566466159,9.07080616832646e-06,0.002888348108457596,0.042323861922042474,0.021882945464157377,5.04257537353836e-05,1.0067927763120685e-10,0.002090067699288738,5.7092416433703066e-11,0.0005006213554685126,2.8833374881494984e-09,8.993951745098305e-06,1.9923771334449015e-09,1.2156005571163434e-10,1.5655936803749545e-05,1.553550801028714e-05,0.006292558004688502,3.815775130776381e-05,0.0004830475995642831,2.1297874944410882e-08,5.403321868839052e-09,3.704360210246509e-08,1.2997320467296828e-07,6.46159591088082e-09,3.783658384025069e-05,0.0007700247190625712,3.4530986615675727e-07,0.0008490641429735323,6.4917798762496756e-09,2.4585187672000227e-05,6.795080936842675e-08,7.241483815100417e-06,1.0888039898770627e-10,1.1445258081938337e-10,1.7671074474812293e-06,1.3942695227842177e-07,4.39383510379582e-12,9.989383535055777e-11,3.415534116873043e-11
2.5753812083240887e-06,0.16628943999999996,0.8585084662769803,0.0,0.0,0.44383326310597065,0.08738952726632124,0.010390082073434169,9.070911269293287e-06,0.00288833943543398,0.04233144734228007,0.021885918618896487,5.0421635699714525e-05,1.0072852037372618e-10,0.0020899844938775036,5.7089078673595963e-11,0.0005006383011209946,2.88329115480624e-09,8.99163920278422e-06,1.9927152760558595e-09,1.2157463426610214e-10,1.5653231147272547e-05,1.5538355563395796e-05,0.00629229064183426,3.8107817818623294e-05,0.00048308674919553827,2.127184780041226e-08,5.402350495351987e-09,3.704451777496838e-08,1.299725748011304e-07,6.470064173979632e-09,3.788316100390543e-05,0.0007709087530301616,3.4535496546162514e-07,0.000849214910691556,6.4915096857528045e-09,2.4589694057898303e-05,6.795991857961943e-08,7.240703645171036e-06,1.089036421166495e-10,1.1446357410920252e-10,1.7674324294572532e-06,1.3941531190443592e-07,4.394632507270349e-12,9.986796961569167e-11,3.41479995135845e-11
2.5758360474883157e-06,0.16628943999999996,0.8585084662769803,0.0,0.0,0.4438324591131933,0.08738596926607264,0.010388627788065789,9.071016236235126e-06,0.002888330722426194,0.0423390324710444,0.02188889129204384,5.041751832560561e-05,1.0077777547599263e-10,0.0020899012980827893,5.7085741835936413e-11,0.0005006552449363611,2.8832448486754154e-09,8.989327495679613e-06,1.9930533857756646e-09,1.2158920837728005e-10,1.565052749869702e-05,1.5541202956325983e-05,0.006292023284629942,3.805798790606334e-05,0.000483125893316004,2.1245873471959985e-08,5.4013793149058476e-09,3.704543574800539e-08,1.2997194302026976e-07,6.478537299920263e-09,3.7929759373436896e-05,0.0007717930798789367,3.454000571532578e-07,0.0008493656712204624,6.4912395200553425e-09,2.4594200190305e-05,6.796902619905223e-08,7.2399235302237035e-06,1.0892688406154779e-10,1.144745641690689e-10,1.7677573896362058e-06,1.3940367327224039e-07,4.395429858459147e-12,9.984211315786418e-11,3.4140672611650676e-11
2.5762908866525427e-06,0.16628943999999996,0.8585084662769803,0.0,0.0,0.44383165471032565,0.0873824114168871,0.010387173710333543,9.071121069419232e-06,0.0028883219695083266,0.04234661730830188,0.02189186348388212,5.041340161287341e-05,1.008270429372805e-10,0.002089818111897933,5.708240592043354e-11,0.0005006721869146292,2.8831985697445143e-09,8.987016623858884e-06,1.993391462622789e-09,1.2160377804858517e-10,1.564782585333848e-05,1.554405018915281e-05,0.006291755933083715,3.800826127245919e-05,0.0004831650319275064,2.121995180988691e-08,5.4004083274483e-09,3.70463560221574e-08,1.2997130933385417e-07,6.487015287078257e-09,3.79763789386947e-05,0.000772677699354587,3.454451412362671e-07,0.0008495164245602444,6.490969379145892e-09,2.459870606934145e-05,6.797813222766229e-08,7.239143470258795e-06,1.0895012484444903e-10,1.1448555100058895e-10,1.7680823280287325e-06,1.3939203638152824e-07,4.396227157387118e-12,9.981626597800188e-11,3.413336041642838e-11
2.5767002419003466e-06,0.16628943999999996,0.8585084662769803,0.0,0.0,0.4438309303975725,0.08737920948176242,0.01038586521788072,9.071215305142325e-06,0.0028883140578201943,0.04235344341256758,0.021894538045250246,5.040969713673933e-05,1.0087139421880314e-10,0.002089743252542487,5.7079404384683675e-11,0.0005006874331243665,2.8831569419522875e-09,8.984937553447994e-06,1.9936957036942694e-09,1.2161688695948718e-10,1.5645396081404393e-05,1.554661256187114e-05,0.006291515321536514,3.796359536059558e-05,0.0004832002519692071,2.1196667222457392e-08,5.399534603693577e-09,3.7047186234867295e-08,1.2997073738958358e-07,6.494649629955279e-09,3.801835466141225e-05,0.0007734741068691212,3.454857104113397e-07,0.0008496520964193405,6.490726273508991e-09,2.460276114394225e-05,6.798632629404805e-08,7.238441463300661e-06,1.0897104059881292e-10,1.1449543638999305e-10,1.768374753963403e-06,1.393815646686001e-07,4.396944681760409e-12,9.979301144969715e-11,3.4126791982745406e-11
2.5771095971481506e-06,0.16628943999999996,0.8585084662769803,0.0,0.0,0.44383020575349186,0.08737600766896794,0.010384556893570884,9.07130943293127e-06,0.0028883061139184612,0.042360269280661306,0.02189721221719117,5.0405993196036566e-05,1.0091575551001643e-10,0.002089668400960779,5.707640359543078e-11,0.0005007026778460833,2.8831153361727108e-09,8.98285915972759e-06,1.9939999181671526e-09,1.2162999227933563e-10,1.5642967924893644e-05,1.554917480502325e-05,0.0062912747145848795,3.791901264901223e-05,0.0004832354675514498,2.1173425064284623e-08,5.398661036172449e-09,3.7048018310723675e-08,1.299701639071229e-07,6.502287908950012e-09,3.806034753713208e-05,0.0007742707510218368,3.455262734288876e-07,0.0008497877624552348,6.4904831879306034e-09,2.4606816013497565e-05,6.799451907332466e-08,7.237739500878866e-06,1.0899195540800688e-10,1.1450531916692962e-10,1.7686671622674297e-06,1.3937109436579566e-07,4.397662163841005e-12,9.976976443806693e-11,3.4120235401402654e-11
2.5775189523959545e-06,0.16628943999999996,0.8585084662769803,0.0,0.0,0.44382948077848244,0.08737280597848911,0.010383248737384014,9.071403452979318e-06,0.002888298137856712,0.04236709491255886,0.021899885999909167,5.040228979063e-05,1.0096012681039138e-10,0.0020895935571479556,5.7073403552460634e-11,0.0005007179210797948,2.8830737523966413e-09,8.980781442748201e-06,1.9943041060547608e-09,1.21643094010607e-10,1.564054138041651e-05,1.555173691866404e-05,0.006291034112234709,3.7874512922955144e-05,0.0004832706786755539,2.1150225225314043e-08,5.397787624849641e-09,3.7048852251662305e-08,1.2996958888909137e-07,6.509930123865274e-09,3.81023575585296e-05,0.0007750676316290183,3.4556683028958567e-07,0.0008499234226679207,6.490240122404487e-09,2.4610870678095438e-05,6.800271056615793e-08,7.237037582993679e-06,1.0901286924753737e-10,1.145151993326265e-10,1.7689595529485536e-06,1.3936062547288615e-07,4.398379603646544e-12,9.974652494362165e-11,3.4113690637095196e-11
2.5779283076437584e-06,0.16628943999999996,0.8585084662769803,0.0,0.0,0.44382875547294187,0.08736960441031137,0.010381940749300078,9.071497365479248e-06,0.002888290129688397,0.0423739203082361,0.021902559393607936,5.0398586920384066e-05,1.0100450811939896e-10,0.0020895187210991668,5.707040425555838e-11,0.0005007331628255165,2.883032190614928e-09,8.978704402559212e-06,1.9946082673703676e-09,1.2165619215577318e-10,1.563811644459122e-05,1.555429890284812e-05,0.006290793514491884,3.783009596835659e-05,0.00048330588534285476,2.1127067602723776e-08,5.396914369681509e-09,3.704968805525257e-08,1.2996901233778304e-07,6.517576271731218e-09,3.8144384718297495e-05,0.0007758647485074909,3.4560738100170096e-07,0.0008500590770573931,6.489997076918281e-09,2.461492513782421e-05,6.801090077324496e-08,7.236335709645367e-06,1.0903378220834717e-10,1.14525076888117e-10,1.769251926014508e-06,1.393501579896409e-07,4.399097001196095e-12,9.972329296721281e-11,3.410715766047381e-11
2.5783376628915623e-06,0.16628943999999996,0.8585084662769803,0.0,0.0,0.44382802983726605,0.08736640296442025,0.010380632929299052,9.071591170623327e-06,0.0028882820894668318,0.042380745467668984,0.02190523239849066,5.0394884585162775e-05,1.0104889943651025e-10,0.002089443892809561,5.706740570450847e-11,0.0005007484030832652,2.8829906508184046e-09,8.976628039208828e-06,1.9949124021272033e-09,1.216692867173013e-10,1.5635693114043955e-05,1.5556860757632368e-05,0.00629055292136226,3.778576157184884e-05,0.0004833410875546652,2.1103952084533666e-08,5.396041270625054e-09,3.7050525721469315e-08,1.2996843425579763e-07,6.5252263536183625e-09,3.818642900916583e-05,0.0007766621014745827,3.456479255639087e-07,0.0008501947256236465,6.489754051463101e-09,2.461897939276994e-05,6.801908969527283e-08,7.235633880834195e-06,1.090546942191441e-10,1.1453495183466167e-10,1.7695442814730217e-06,1.3933969191582792e-07,4.3998143565075e-12,9.970006850949387e-11,3.410063644744614e-11
2.578706082614586e-06,0.16628943999999996,0.8585084662769803,0.0,0.0,0.44382737648321896,0.08736352176766132,0.010379456034992462,9.071675503622278e-06,0.0028882748259058525,0.042386887909149865,0.02190763777061484,5.0391552940796956e-05,1.0108886017840183e-10,0.0020893765539790107,5.706470764608861e-11,0.0005007621180430361,2.8829532837912955e-09,8.974759890929404e-06,1.995186100711504e-09,1.2168106876070167e-10,1.5633513486282043e-05,1.5559166316346357e-05,0.006290336391494716,3.774593102636184e-05,0.0004833727657369391,2.1083184028751253e-08,5.395255614921532e-09,3.705128121525552e-08,1.2996791267540037e-07,6.532114790110556e-09,3.822428351203735e-05,0.000777379920850188,3.4568441041359387e-07,0.0008503168043544174,6.4895353456748054e-09,2.4622628047204655e-05,6.802645862691538e-08,7.2350022729836144e-06,1.0907351422131843e-10,1.1454383705687975e-10,1.7698073863377043e-06,1.3933027365426752e-07,4.400459940188855e-12,9.967917292640979e-11,3.409477738431076e-11
2.57907450233761e-06,0.16628943999999996,0.8585084662769803,0.0,0.0,0.44382672286236935,0.08736064066993232,0.0103782792768022,9.071759749957835e-06,0.002888267536463499,0.042393030159236,0.02191004282810942,5.038822172959088e-05,1.0112882902604327e-10,0.0020893092214259376,5.7062010191475915e-11,0.0005007758317975759,2.8829159345580804e-09,8.972892290960891e-06,1.9954597778034607e-09,1.2169284790514214e-10,1.5631335153620602e-05,1.5561471770330557e-05,0.00629011986537284,3.7706167026071936e-05,0.0004834044403122964,2.1062449913915828e-08,5.394470085611352e-09,3.705203821890867e-08,1.299673898589943e-07,6.53900641125263e-09,3.826215187994385e-05,0.0007780979311776214,3.457208902870199e-07,0.0008504388783683722,6.4893166560993695e-09,2.4626276535900926e-05,6.803382651868685e-08,7.234370701208523e-06,1.0909233348265616e-10,1.1455272016762173e-10,1.7700704769522396e-06,1.3932085653398626e-07,4.401105489685107e-12,9.9658283434327e-11,3.408892779780061e-11
2.579442922060634e-06,0.16628943999999996,0.8585084662769803,0.0,0.0,0.4438260689750039,0.08735775967122275,0.010377102654713668,9.071843909769158e-06,0.0028882602211783627,0.04239917221791007,0.021912447571121353,5.038489095144452e-05,1.0116880597904894e-10,0.0020892418951468086,5.7059313340511884e-11,0.0005007895443468983,2.8828786031120634e-09,8.971025239336045e-06,1.995733433412623e-09,1.2170462415241176e-10,1.5629158113616555e-05,1.55637771196261e-05,0.00628990334300087,3.766646941685664e-05,0.0004834361112816953,2.1041749661154555e-08,5.393684682661155e-09,3.705279673121471e-08,1.2996686580836828e-07,6.545901217008511e-09,3.830003410763079e-05,0.000778816132324801,3.4575736518546164e-07,0.0008505609476655058,6.489097982728594e-09,2.4629924858921758e-05,6.804119337109287e-08,7.233739165509109e-06,1.0911115198542409e-10,1.1456160116774326e-10,1.770333553322249e-06,1.3931144055481161e-07,4.401751005009604e-12,9.963740003379206e-11,3.40830876702755e-11
2.5798113417836577e-06,0.16628943999999996,0.8585084662769803,0.0,0.0,0.4438254148214081,0.08735487877152211,0.010375926168712264,9.071927983195099e-06,0.00288825288008895,0.042405314085154786,0.021914851999797216,5.038156060625761e-05,1.0120879103703316e-10,0.0020891745751380913,5.705661709303753e-11,0.0005008032556910168,2.882841289446547e-09,8.969158736086873e-06,1.9960070675485117e-09,1.2171639750429658e-10,1.5626982363832017e-05,1.5566082364273235e-05,0.006289686824383022,3.762683804503986e-05,0.0004834677786460917,2.1021083192029777e-08,5.392899406044606e-09,3.705355675339707e-08,1.299663405253939e-07,6.552799207094891e-09,3.833793018985293e-05,0.0007795345241599865,3.4579383510972683e-07,0.0008506830122458151,6.4888793255575985e-09,2.4633573016331022e-05,6.8048559184613e-08,7.2331076658855615e-06,1.0912996971782306e-10,1.1457048005811793e-10,1.7705966154533493e-06,1.3930202571656983e-07,4.402396486175294e-12,9.961652272513803e-11,3.4077256979380236e-11
2.5801797615066816e-06,0.16628943999999996,0.8585084662769803,0.0,0.0,0.4438247604018666,0.08735199797081998,0.010374749818783386,9.072011970374186e-06,0.002888245513233677,0.0424114557609529,0.02191725611428321,5.037823069392954e-05,1.0124878419961032e-10,0.0020891072613962542,5.7053921448893465e-11,0.0005008169658299469,2.8828039935548333e-09,8.967292781244618e-06,1.9962806802206204e-09,1.2172816796257972e-10,1.5624807901834267e-05,1.5568387504311378e-05,0.006289470309523509,3.75872727573882e-05,0.00048349944240644473,2.1000450430815205e-08,5.392114255736193e-09,3.705431828629746e-08,1.2996581401186455e-07,6.559700380164464e-09,3.837584012137569e-05,0.0007802531065517819,3.4583030006307753e-07,0.0008508050721092949,6.488660684580959e-09,2.4637221008193427e-05,6.805592395972435e-08,7.232476202338071e-06,1.0914878671066605e-10,1.1457935683955872e-10,1.7708596633511536e-06,1.392926120190863e-07,4.403041933195363e-12,9.959565150871378e-11,3.407143569953236e-11
2.5805481812297055e-06,0.16628943999999996,0.8585084662769803,0.0,0.0,0.4438241057166634,0.08734911726910594,0.010373573604912433,9.072095871444632e-06,0.002888238120650879,0.04241759724528724,0.02191965991472521,5.0374901214359496e-05,1.0128878546639475e-10,0.0020890399539177655,5.705122640791986e-11,0.000500830674763703,2.8827667154302132e-09,8.965427374839792e-06,1.9965542714384107e-09,1.2173993552904115e-10,1.5622634725195764e-05,1.557069253978136e-05,0.006289253798426525,3.7547773401113576e-05,0.00048353110256371115,2.0979851300293792e-08,5.391329231701929e-09,3.705508132815178e-08,1.2996528626950976e-07,6.566604735798709e-09,3.8413763896988064e-05,0.0007809718793691202,3.4586676004788316e-07,0.000850927127255941,6.488442059789663e-09,2.4640868834572228e-05,6.806328769693208e-08,7.231844774866823e-06,1.0916760296260189e-10,1.1458823151288718e-10,1.7711226970212713e-06,1.3928319946218525e-07,4.403687346083257e-12,9.95747863850839e-11,3.406562381145335e-11
2.5809166009527293e-06,0.16628943999999996,0.8585084662769803,0.0,0.0,0.44382345076608193,0.08734623666636954,0.010372397527084798,9.072179686544343e-06,0.002888230702378801,0.0424237385381407,0.02192206340126869,5.037157216744633e-05,1.013287948370008e-10,0.0020889726526990967,5.704853196995646e-11,0.0005008443824923007,2.8827294550659732e-09,8.963562516902149e-06,1.9968278412113158e-09,1.2175170020545793e-10,1.56204628314941e-05,1.5572997470724208e-05,0.006289037291096256,3.75083398238722e-05,0.0004835627591188421,2.095928572137266e-08,5.390544333911173e-09,3.705584587900337e-08,1.2996475730017556e-07,6.573512274379089e-09,3.8451701511493624e-05,0.0007816908424812677,3.459032150640148e-07,0.0008510491776857495,6.48822345117717e-09,2.4644516495530444e-05,6.807065039672669e-08,7.231213383472004e-06,1.0918641843780391e-10,1.1459710407898765e-10,1.7713857164693075e-06,1.392737880456899e-07,4.4043327248519945e-12,9.955392735466029e-11,3.405982129666878e-11
2.581285020675753e-06,0.16628943999999996,0.8585084662769803,0.0,0.0,0.4438227955504044,0.08734335616260044,0.010371221585285882,9.0722634158109e-06,0.0028882232584556042,0.04242987963949621,0.021924466574058794,5.0368243553088656e-05,1.0136881231104285e-10,0.0020889053577367186,5.704583813484257e-11,0.0005008580890157563,2.8826922124554027e-09,8.961698207460714e-06,1.997101389548741e-09,1.217634619936041e-10,1.561829221831203e-05,1.5575302297179326e-05,0.006288820787536873,3.746897187375783e-05,0.00048359441207279137,2.0938753618323868e-08,5.389759562341315e-09,3.705661194096986e-08,1.2996422710571108e-07,6.580422994763807e-09,3.848965295969981e-05,0.0007824099957578344,3.4593966511370733e-07,0.0008511712233987149,6.488004858739819e-09,2.4648163991132768e-05,6.807801205957057e-08,7.230582028153802e-06,1.0920523315694042e-10,1.1460597453869577e-10,1.771648721700863e-06,1.392643777694224e-07,4.404978069514513e-12,9.953307441766029e-11,3.40540281301846e-11
2.581653440398777e-06,0.16628943999999996,0.8585084662769803,0.0,0.0,0.4438221400699125,0.08734047575778825,0.010370045779501087,9.072347059381588e-06,0.0028882157889193634,0.042436020549336775,0.021926869433240296,5.0364915371184824e-05,1.0140883788813515e-10,0.0020888380690271013,5.704314490241708e-11,0.0005008717943340862,2.8826549875917822e-09,8.959834446543757e-06,1.9973749164600612e-09,1.2177522089525073e-10,1.561612288323744e-05,1.557760701918661e-05,0.0062886042877525385,3.74296693993027e-05,0.0004836260614265151,2.091825491646896e-08,5.388974916961939e-09,3.7057379513015454e-08,1.2996369568781592e-07,6.587336895672696e-09,3.8527618236434315e-05,0.000783129339068762,3.45976110200897e-07,0.0008512932643948338,6.487786282469576e-09,2.465181132144334e-05,6.80853726859539e-08,7.229950708912398e-06,1.0922404715175992e-10,1.1461484289279291e-10,1.771911712721536e-06,1.3925496863320398e-07,4.405623380084268e-12,9.951222757455439e-11,3.404824428898961e-11
2.582021860121801e-06,0.16628943999999996,0.8585084662769803,0.0,0.0,0.44382148432488705,0.08733759545192266,0.0103688701097158,9.072430617393369e-06,0.0028882082938080714,0.042442161267645426,0.02192927197895762,5.0361587621632866e-05,1.014488715678921e-10,0.0020887707865667195,5.704045227251844e-11,0.0005008854984473072,2.8826177804683833e-09,8.957971234178815e-06,1.997648421954625e-09,1.2178697691216576e-10,1.561395482386336e-05,1.557991163678752e-05,0.006288387791747402,3.7390432249480966e-05,0.00048365770718096106,2.0897789537193508e-08,5.388190397737436e-09,3.7058148593357956e-08,1.299631630482535e-07,6.594253977709193e-09,3.8565597336548735e-05,0.0007838488722843135,3.460125503258233e-07,0.0008514153006741012,6.487567722357307e-09,2.4655458486524713e-05,6.80927322763818e-08,7.2293194257479776e-06,1.0924286038125724e-10,1.1462370914214106e-10,1.7721746895369195e-06,1.3924556063685474e-07,4.406268656574475e-12,9.949138682588513e-11,3.4042469755920266e-11
2.5823902798448248e-06,0.16628943999999996,0.8585084662769803,0.0,0.0,0.4438208283156083,0.08733471524499334,0.010367694575915425,9.072514089982893e-06,0.0028882007731596314,0.04244830179440529,0.021931674211354824,5.035826030433058e-05,1.0148891334992793e-10,0.002088703510352046,5.703776024498468e-11,0.000500899201355437,2.8825805910784786e-09,8.956108570392687e-06,1.9979219060417473e-09,1.217987300461144e-10,1.561178803778794e-05,1.5582216150022205e-05,0.006288171299525599,3.735126027370187e-05,0.0004836893493370768,2.0877357403334683e-08,5.38740600464373e-09,3.7058919184236236e-08,1.2996262918891833e-07,6.601174240639983e-09,3.860359025489702e-05,0.0007845685952750913,3.460489854886683e-07,0.0008515373322365124,6.487349178399477e-09,2.4659105486440786e-05,6.810009083131662e-08,7.2286881786607255e-06,1.0926167283011178e-10,1.1463257328761795e-10,1.7724376521526031e-06,1.392361537801937e-07,4.406913898997884e-12,9.947055217184297e-11,3.403670450958229e-11
2.5827586995678486e-06,0.16628943999999996,0.8585084662769803,0.0,0.0,0.4438201720423556,0.08733183513699001,0.010366519178085355,9.072597477286515e-06,0.0028881932270118653,0.0424544421295995,0.021934076130575637,5.035493341917549e-05,1.0152896323385703e-10,0.002088636240379555,5.703506881965343e-11,0.0005009129030584933,2.88254341941534e-09,8.954246455211437e-06,1.9981953687307214e-09,1.218104802988586e-10,1.560962252261445e-05,1.558452055892969e-05,0.006287954811091258,3.7312153321805275e-05,0.0004837209878958159,2.0856958442219166e-08,5.386621737656881e-09,3.705969128665687e-08,1.299620941115503e-07,6.6080976824464185e-09,3.864159698634273e-05,0.0007852885079120355,3.460854156940054e-07,0.0008516593590820631,6.487130650590928e-09,2.466275232125651e-05,6.810744835122225e-08,7.228056967650822e-06,1.0928048455568691e-10,1.1464143532999227e-10,1.7727006005741723e-06,1.3922674806303896e-07,4.40755910736778e-12,9.944972361269342e-11,3.403094852460327e-11
2.5831271192908725e-06,0.16628943999999996,0.8585084662769803,0.0,0.0,0.4438195155054074,0.08732895512790237,0.01036534391621099,9.072680779440264e-06,0.0028881856554025093,0.04246058227321129,0.021936477736763403,5.035160696606485e-05,1.015690212192937e-10,0.002088568976645722,5.703237799636186e-11,0.0005009266035564947,2.8825062654722263e-09,8.952384888660399e-06,1.9984688100308058e-09,1.2182222767215756e-10,1.5607458275951263e-05,1.5586824863550978e-05,0.006287738326448488,3.727311124406815e-05,0.00048375262285812635,2.0836592577657798e-08,5.3858375967397674e-09,3.7060464897639134e-08,1.299615578178057e-07,6.615024303062068e-09,3.8679617525780484e-05,0.0007860086100664,3.4612184094413557e-07,0.0008517813812107485,6.486912138920823e-09,2.4666398991034863e-05,6.811480483660751e-08,7.22742579271845e-06,1.0929929554613556e-10,1.1465029527006644e-10,1.7729635348072096e-06,1.3921734348520763e-07,4.408204281697632e-12,9.942890114904777e-11,3.402520178161795e-11
2.5834955390138964e-06,0.16628943999999996,0.8585084662769803,0.0,0.0,0.44381885870504173,0.08732607521772018,0.010364168790277725,9.072763996579868e-06,0.002888178058369215,0.04246672222522393,0.021938879030061136,5.034828094489563e-05,1.016090873058522e-10,0.0020885017191470236,5.702968777494674e-11,0.00050094030284946,2.882469129242395e-09,8.95052387076417e-06,1.998742229951233e-09,1.2183397216776727e-10,1.5605295295411862e-05,1.5589129063927337e-05,0.0062875218456013935,3.723413389120251e-05,0.0004837842542249485,2.0816259730600257e-08,5.385053581861758e-09,3.706124001769981e-08,1.2996102030955566e-07,6.62195410350571e-09,3.87176518681156e-05,0.0007867289016097657,3.461582612373622e-07,0.0008519033986225641,6.486693643383107e-09,2.4670045495838555e-05,6.812216028795367e-08,7.226794653863791e-06,1.0931810574018974e-10,1.1465915310874833e-10,1.7732264548572916e-06,1.3920794004651575e-07,4.408849422000172e-12,9.94080847812309e-11,3.4019464262941294e-11
2.5838639587369202e-06,0.16628943999999996,0.8585084662769803,0.0,0.0,0.4438182016415355,0.08732319540643323,0.010362993800270955,9.07284712884075e-06,0.0028881704359495514,0.04247286198562075,0.021941280010611502,5.034495535556456e-05,1.0164916149314676e-10,0.0020884344678799367,5.702699815524443e-11,0.0005009540009374087,2.882432010719104e-09,8.948663401546618e-06,1.9990156285012097e-09,1.2184571378744092e-10,1.5603133578614823e-05,1.5591433160097723e-05,0.006287305368554067,3.719522111434486e-05,0.00048381588199723156,2.079595982827462e-08,5.384269693004004e-09,3.7062016650124915e-08,1.299604815886457e-07,6.628887081904488e-09,3.8755700008249646e-05,0.000787449382414057,3.4619467657678436e-07,0.0008520254113175053,6.4864751639758114e-09,2.4673691835732568e-05,6.812951470570116e-08,7.226163551087025e-06,1.0933691518504443e-10,1.1466800884684477e-10,1.7734893607299937e-06,1.3919853774677833e-07,4.409494528288332e-12,9.938727450929253e-11,3.4013735944331694e-11
2.584232378459944e-06,0.16628943999999996,0.8585084662769803,0.0,0.0,0.44381754431516507,0.0873203156940313,0.010361818946176077,9.072930176358033e-06,0.0028881627881810023,0.042479001554385123,0.021943680678556798,5.034163019796808e-05,1.0168924378079174e-10,0.0020883672228409395,5.702430913709085e-11,0.0005009676978203608,2.8823949098956054e-09,8.94680348103089e-06,1.9992890056899104e-09,1.218574525329287e-10,1.56009731231838e-05,1.559373715210189e-05,0.006287088895310581,3.71563727650603e-05,0.00048384750617592434,2.0775692798548587e-08,5.3834859301343555e-09,3.7062794792731094e-08,1.299599416566719e-07,6.635823236644802e-09,3.879376194111214e-05,0.0007881700523515158,3.4623108696767253e-07,0.0008521474192955672,6.4862567006893095e-09,2.467733801078111e-05,6.813686809033964e-08,7.225532484388335e-06,1.0935572392878468e-10,1.1467686248508622e-10,1.7737522524308855e-06,1.391891365858094e-07,4.410139600575764e-12,9.936647033373249e-11,3.4008016802679464e-11
2.584600798182968e-06,0.16628943999999996,0.8585084662769803,0.0,0.0,0.4438168867262059,0.08731743608050423,0.010360644227978487,9.073013139266514e-06,0.002888155115100969,0.042485140931500485,0.021946081034038986,5.033830547200238e-05,1.0172933416840138e-10,0.002088299984026511,5.702162072032155e-11,0.0005009813934983362,2.8823578267651402e-09,8.9449441092394e-06,1.999562361526484e-09,1.2186918840597772e-10,1.5598813926747536e-05,1.559604103998174e-05,0.006286872425875009,3.7117588695349044e-05,0.0004838791267619633,2.0755458562092698e-08,5.382702293213949e-09,3.706357444300197e-08,1.2995940051538085e-07,6.642762569414993e-09,3.8831837661660435e-05,0.0007888909112946907,3.4626749240846644e-07,0.0008522694225567449,6.48603825351316e-09,2.4680984021046183e-05,6.814422044237747e-08,7.224901453767898e-06,1.09374531890278e-10,1.1468571402435733e-10,1.7740151299655335e-06,1.3917973656342202e-07,4.410784638875436e-12,9.934567225511521e-11,3.4002306821131226e-11
2.584969217905992e-06,0.16628943999999996,0.8585084662769803,0.0,0.0,0.44381622887493316,0.0873145565658418,0.010359469645663581,9.073096017700707e-06,0.002888147416746769,0.04249128011695033,0.021948481077199693,5.033498117756338e-05,1.0176943265558985e-10,0.0020882327514331325,5.7018932904771587e-11,0.0005009950879713562,2.8823207613209517e-09,8.943085286193847e-06,1.99983569602005e-09,1.2188092140833223e-10,1.559665598693985e-05,1.5598344823777247e-05,0.006286655960251403,3.7078868757634035e-05,0.00048391074375628876,2.073525704323046e-08,5.381918782222483e-09,3.706435560489268e-08,1.2995885816672223e-07,6.649705079839988e-09,3.886992716484203e-05,0.0007896119591164727,3.463038928986499e-07,0.000852391421101034,6.485819822446184e-09,2.4684629866591714e-05,6.815157176225397e-08,7.224270459225896e-06,1.0939333905615143e-10,1.146945634655462e-10,1.7742779933395001e-06,1.3917033767942818e-07,4.4114296431998545e-12,9.932488027342985e-11,3.399660597929854e-11
2.585300795656713e-06,0.16628943999999996,0.8585084662769803,0.0,0.0,0.44381563658473566,0.08731196508716657,0.01035841263774779,9.073170536176871e-06,0.0028881404666493463,0.04249680521996756,0.02195064084912619,5.033198968143735e-05,1.0180552821888061e-10,0.0020881722474151796,5.701651438468254e-11,0.0005010074119668547,2.8822874175373634e-09,8.941412814647925e-06,2.000081678823502e-09,1.218914786574465e-10,1.559471491357914e-05,1.560041814023285e-05,0.006286461144452729,3.704407552494033e-05,0.00048393919598105285,2.0717103593971557e-08,5.381213729979968e-09,3.7065059943036135e-08,1.2995836902194503e-07,6.6559560532041265e-09,3.890421949769165e-05,0.0007902610635425199,3.4633664911383295e-07,0.0008525012157579503,6.485623248254019e-09,2.4687910986801605e-05,6.815818706802205e-08,7.223702594985304e-06,1.094102649236837e-10,1.1470252616930627e-10,1.7745145582732823e-06,1.3916187965700396e-07,4.4120101180543845e-12,9.930617270300619e-11,3.399148301494411e-11
2.5856323734074346e-06,0.16628943999999996,0.8585084662769803,0.0,0.0,0.44381504408248523,0.08730937368855611,0.010357355739874495,9.073244986435151e-06,0.002888133496137085,0.042502330167710434,0.02195280036828942,5.0328998534687156e-05,1.0184163034223657e-10,0.0020881117484308613,5.701409635132643e-11,0.0005010197349863722,2.8822540880692495e-09,8.939740787617909e-06,2.000327644353089e-09,1.2190203358397562e-10,1.5592774854457882e-05,1.5602491372441685e-05,0.006286266331747966,3.700933401303034e-05,0.00048396764529797876,2.0698976533510754e-08,5.380508779692741e-09,3.706576550387851e-08,1.2995787890176317e-07,6.66220959902095e-09,3.893852298674738e-05,0.0007909103207653613,3.463694013241727e-07,0.0008526110065941793,6.485426687097631e-09,2.4691191973687e-05,6.816480153847648e-08,7.2231347599685186e-06,1.0942719017736988e-10,1.1471048717480822e-10,1.7747511117454643e-06,1.391534225563869e-07,4.4125905654094606e-12,9.928747007169653e-11,3.398636742003993e-11
2.585963951158156e-06,0.16628943999999996,0.8585084662769803,0.0,0.0,0.44381445136838055,0.0873067823700031,0.010356298952033053,9.073319368573e-06,0.002888126505237025,0.04250785496016703,0.021954959634791944,5.03260077372364e-05,1.0187773902537651e-10,0.0020880512544776144,5.701167880458224e-11,0.0005010320570299249,2.8822207729116757e-09,8.938069205118178e-06,2.0005735926154044e-09,1.219125861891852e-10,1.5590835807861257e-05,1.5604564520433588e-05,0.006286071522140044,3.6974644115169305e-05,0.0004839960917077488,2.0680875805961354e-08,5.379803931338419e-09,3.706647228760733e-08,1.2995738780749629e-07,6.668465717753587e-09,3.8972837628362856e-05,0.0007915597306929696,3.464021495291235e-07,0.0008527207936097173,6.485230138972252e-09,2.4694472827293775e-05,6.817141517396318e-08,7.222566954175671e-06,1.0944411478425867e-10,1.1471844648268681e-10,1.7749876537600945e-06,1.391449663774379e-07,4.413170985274398e-12,9.926877237971409e-11,3.398125918095185e-11
2.5862955289088774e-06,0.16628943999999996,0.8585084662769803,0.0,0.0,0.44381385844262006,0.08730419113150019,0.010355242274212815,9.073393682687654e-06,0.0028881194939761458,0.04251337959732544,0.021957118648736056,5.03230172890085e-05,1.0191385426801911e-10,0.0020879907655528755,5.7009261744328644e-11,0.0005010443780975296,2.8821874720597062e-09,8.9363980671626e-06,2.0008195236170214e-09,1.219231364743388e-10,1.558889777207798e-05,1.56066375842371e-05,0.006285876715631886,3.694000572491268e-05,0.0004840245352110511,2.066280136041075e-08,5.379099184900565e-09,3.706718029528389e-08,1.2995689574039414e-07,6.6747244076525846e-09,3.900716341889113e-05,0.0007922092932335526,3.4643489373232354e-07,0.0008528305768045611,6.485033603874655e-09,2.46977535476691e-05,6.817802797480806e-08,7.221999177606889e-06,1.0946103879661073e-10,1.1472640409348301e-10,1.775224184321217e-06,1.3913651112001738e-07,4.4137513776589315e-12,9.925007962715749e-11,3.39761582812177e-11
2.5866271066595987e-06,0.16628943999999996,0.8585084662769803,0.0,0.0,0.44381326530540155,0.08730159997304004,0.010354185706403132,9.073467928876152e-06,0.0028881124623813753,0.042518904079173844,0.02195927741022384,5.032002718992671e-05,1.0194997606988317e-10,0.0020879302816540807,5.700684517044406e-11,0.0005010566981892024,2.8821541855084005e-09,8.934727373764577e-06,2.0010654373644966e-09,1.2193368444069786e-10,1.5586960745400106e-05,1.5608710563881386e-05,0.006285681912226415,3.69054187360973e-05,0.0004840529758085691,2.064475314362929e-08,5.3783945403578975e-09,3.7067889526618944e-08,1.2995640270169515e-07,6.680985668188648e-09,3.904150035470282e-05,0.0007928590082955208,3.4646763393561745e-07,0.0008529403561787066,6.484837081799572e-09,2.4701034134859513e-05,6.81846399413534e-08,7.221431430262305e-06,1.0947796222189755e-10,1.147343600077713e-10,1.7754607034328748e-06,1.3912805678398491e-07,4.414331742572639e-12,9.923139181424878e-11,3.39710647052347e-11
2.58695868441032e-06,0.16628943999999996,0.8585084662769803,0.0,0.0,0.44381267195692226,0.08729900889461531,0.010353129248593359,9.073542107235332e-06,0.0028881054104795832,0.04252442840570039,0.021961435919357144,5.031703743991407e-05,1.0198610443068741e-10,0.0020878698027786695,5.7004429082806635e-11,0.000501069017304961,2.882120913252814e-09,8.933057124937034e-06,2.001311333864367e-09,1.219442300895221e-10,1.558502472612306e-05,1.5610783459396233e-05,0.006285487111926538,3.687088304284482e-05,0.00048408141350098197,2.062673110006936e-08,5.377689997686632e-09,3.7068599981144614e-08,1.2995590869268053e-07,6.687249499938651e-09,3.9075848432182116e-05,0.0007935088757874945,3.465003701386251e-07,0.0008530501317321505,6.484640572741266e-09,2.4704314588910897e-05,6.81912510739485e-08,7.2208637121420485e-06,1.0949488502448498e-10,1.1474231422617509e-10,1.7756972110991072e-06,1.3911960336919943e-07,4.414912080024851e-12,9.921270894124035e-11,3.3965978438895375e-11
2.5872902621610415e-06,0.16628943999999996,0.8585084662769803,0.0,0.0,0.4438120783973793,0.0872964178962187,0.01035207290077285,9.073616217861868e-06,0.0028880983382975965,0.04252995257689331,0.021963594176237645,5.031404803889357e-05,1.0202223935015056e-10,0.0020878093289240793,5.700201348129427e-11,0.0005010813354448222,2.8820876552880044e-09,8.931387320692512e-06,2.0015572131231545e-09,1.2195477342206954e-10,1.558308971254496e-05,1.5612856270810915e-05,0.006285292314735161,3.6836398539498e-05,0.0004841098482889725,2.060873517669876e-08,5.376985556866807e-09,3.706931165932173e-08,1.299554137146222e-07,6.6935159023170245e-09,3.911020764771331e-05,0.0007941588956182699,3.465331023428329e-07,0.0008531599034648892,6.48444407669548e-09,2.470759490986968e-05,6.819786137292873e-08,7.220296023246249e-06,1.095118072121861e-10,1.1475026674927844e-10,1.7759337073239524e-06,1.391111508755194e-07,4.415492390025098e-12,9.919403100828543e-11,3.396089946742277e-11
2.587621839911763e-06,0.16628943999999996,0.8585084662769803,0.0,0.0,0.44381148462696896,0.08729382697784291,0.010351016662930956,9.073690260852189e-06,0.002888091245862176,0.042535476592740824,0.021965752180966726,5.031105898678788e-05,1.0205838082799132e-10,0.0020877488600877497,5.69995983657846e-11,0.0005010936526088041,2.882054411609022e-09,8.929717961042952e-06,2.001803075147358e-09,1.2196531443959561e-10,1.5581155702968096e-05,1.561492899815441e-05,0.006285097520655179,3.680196512074664e-05,0.00048413828017322306,2.0590765321522758e-08,5.37628121787891e-09,3.707002456141636e-08,1.2995491776876048e-07,6.69978487438458e-09,3.914457799769215e-05,0.0007948090676969073,3.4656583055061194e-07,0.0008532696713769189,6.484247593657761e-09,2.4710875097782536e-05,6.820447083862759e-08,7.2197283635750364e-06,1.0952872880738348e-10,1.1475821757764245e-10,1.7761701921114457e-06,1.3910269930280254e-07,4.4160726725829965e-12,9.917535801553729e-11,3.395582777540339e-11
2.5879534176624843e-06,0.16628943999999996,0.8585084662769803,0.0,0.0,0.44381089064588697,0.08729123613948071,0.010349960535057028,9.073764236302545e-06,0.0028880841332000313,0.04254100045323125,0.021967909933645578,5.030807028351961e-05,1.0209452886392839e-10,0.0020876883962671214,5.699718373615495e-11,0.0005011059687969247,2.882021182210918e-09,8.928049045999888e-06,2.0020489199434625e-09,1.2197585314335426e-10,1.5579222695697797e-05,1.5617001641456183e-05,0.006284902729689478,3.676758268153506e-05,0.0004841667091544113,2.0572821480441102e-08,5.3755769807000255e-09,3.7070738686855944e-08,1.299544208563391e-07,6.706056416285996e-09,3.917895947852916e-05,0.0007954593919326522,3.465985547626019e-07,0.0008533794354682363,6.484051123622308e-09,2.4714155152695654e-05,6.82110794713899e-08,7.21916073312854e-06,1.0954564979208136e-10,1.1476616671186255e-10,1.7764066654656184e-06,1.3909424865090576e-07,4.416652927707965e-12,9.915668996323114e-11,3.395076334794365e-11
2.5882849954132057e-06,0.16628943999999996,0.8585084662769803,0.0,0.0,0.44381029645432885,0.08728864538112475,0.010348904517140425,9.073838144308966e-06,0.002888077000337811,0.042546524158352916,0.021970067434375122,5.0305081929011115e-05,1.0213068345768047e-10,0.0020876279374596345,5.699476959228236e-11,0.0005011182840092021,2.8819879670887376e-09,8.926380575574319e-06,2.002294747517929e-09,1.2198638953459702e-10,1.55772906890431e-05,1.561907420074581e-05,0.00628470794184094,3.6733251117110134e-05,0.0004841951352332158,2.055490359930887e-08,5.374872845308068e-09,3.707145403568197e-08,1.2995392297863456e-07,6.7123305281803365e-09,3.9213352086642216e-05,0.0007961098682349793,3.466312749790004e-07,0.0008534891957388373,6.483854666584111e-09,2.471743507465511e-05,6.821768727155592e-08,7.218593131906887e-06,1.0956257014602651e-10,1.147741141525461e-10,1.7766431273905016e-06,1.390857989196856e-07,4.417233155409359e-12,9.913802685155135e-11,3.3945706170794805e-11
2.588616573163927e-06,0.16628943999999996,0.8585084662769803,0.0,0.0,0.44380970205248943,0.08728605470276789,0.010347848609170493,9.073911984967314e-06,0.0028880698473021213,0.04255204770809415,0.021972224683256117,5.030209392318463e-05,1.0216684460896619e-10,0.002087567483662733,5.699235593404366e-11,0.0005011305982456551,2.8819547662375275e-09,8.924712549776854e-06,2.0025405578772072e-09,1.2199692361457382e-10,1.557535968131584e-05,1.5621146676052226e-05,0.006284513157112439,3.669897032294777e-05,0.00048422355841031895,2.053701162729932e-08,5.374168811685248e-09,3.7072170608848306e-08,1.2995342413689993e-07,6.718607208700275e-09,3.924775581844858e-05,0.0007967604965135485,3.4666399120257686e-07,0.0008535989521887184,6.483658222539721e-09,2.472071486370761e-05,6.822429423945022e-08,7.218025559910211e-06,1.0957948990653534e-10,1.1478205990024483e-10,1.7768795778901226e-06,1.3907735010899765e-07,4.417813355696855e-12,9.911936868057523e-11,3.3940656229002935e-11
2.5889481509146485e-06,0.16628943999999996,0.8585084662769803,0.0,0.0,0.44380910744056334,0.08728346410440277,0.010346792811136587,9.073985758373243e-06,0.0028880626741195105,0.04255757110244336,0.021974381680389076,5.0299106265962224e-05,1.0220301231750427e-10,0.0020875070348738557,5.698994276131541e-11,0.0005011429115063026,2.8819215796523293e-09,8.923044968617603e-06,2.0027863510277255e-09,1.2200745538453263e-10,1.5573429670831326e-05,1.5623219067404434e-05,0.006284318375506841,3.666474019480994e-05,0.0004842519786863993,2.0519145512724147e-08,5.373464879810952e-09,3.7072888406060615e-08,1.2995292433234287e-07,6.7248864570804866e-09,3.928217067038215e-05,0.0007974112766782279,3.4669670343570597e-07,0.0008537087048178756,6.483461791483912e-09,2.4723994519899756e-05,6.8230900375408e-08,7.217458017138639e-06,1.0959640909092733e-10,1.147900039555119e-10,1.7771160169685061e-06,1.3906890221869716e-07,4.418393528580063e-12,9.910071545047896e-11,3.3935613507155906e-11
2.58927972866537e-06,0.16628943999999996,0.8585084662769803,0.0,0.0,0.4438085126187443,0.08728087358602225,0.010345737123028059,9.074059464622242e-06,0.002888055480816478,0.04256309434138897,0.021976538425874322,5.0296118957265785e-05,1.0223918658301336e-10,0.002087446591090448,5.698753007397394e-11,0.0005011552237911639,2.8818884073281806e-09,8.921377832106276e-06,2.003032126975897e-09,1.2201798484571952e-10,1.557150065590782e-05,1.562529137483229e-05,0.006284123597027002,3.6630560628707134e-05,0.0004842803960621281,2.050130519960065e-08,5.372761049659393e-09,3.707360742616248e-08,1.29952423566215e-07,6.731168274622918e-09,3.931659663889417e-05,0.0007980622086390611,3.4672941167706617e-07,0.0008538184536263055,6.483265373409799e-09,2.4727274043277338e-05,6.823750567978127e-08,7.216890503592301e-06,1.0961332763774221e-10,1.1479794631897914e-10,1.777352444629675e-06,1.390604552486387e-07,4.418973674068118e-12,9.908206716154662e-11,3.393057799095683e-11
2.5896113064160913e-06,0.16628943999999996,0.8585084662769803,0.0,0.0,0.44380791758722604,0.08727828314761907,0.010344681544834264,9.074133103809587e-06,0.0028880482674194705,0.04256861742491942,0.021978694919811952,5.029313199701707e-05,1.0227536740521208e-10,0.002087386152309953,5.698511787189528e-11,0.0005011675351002583,2.8818552492601196e-09,8.919711140252102e-06,2.0032778857281184e-09,1.2202851199937877e-10,1.5569572634866936e-05,1.5627363598365142e-05,0.006283928821675777,3.6596431520920654e-05,0.0004843088105381858,2.048349063606034e-08,5.372057321211913e-09,3.7074327670500845e-08,1.2995192183981551e-07,6.737452660539615e-09,3.9351033720427556e-05,0.000798713292306315,3.467621159278766e-07,0.0008539281986140043,6.4830689683142665e-09,2.4730553433886598e-05,6.824411015289424e-08,7.216323019271327e-06,1.0963024556013978e-10,1.1480588699123252e-10,1.7775888608776502e-06,1.390520091986761e-07,4.419553792170498e-12,9.906342381382736e-11,3.392554966643258e-11
2.5899428841668127e-06,0.16628943999999996,0.8585084662769803,0.0,0.0,0.4438073223462016,0.0872756927891861,0.01034362607654455,9.07420667603037e-06,0.0028880410339548767,0.04257414035302324,0.021980851162301817,5.029014538513766e-05,1.0231155478381903e-10,0.0020873257185298126,5.698270615495524e-11,0.0005011798454336061,2.881822105443183e-09,8.918044893063832e-06,2.003523627290767e-09,1.2203903684675262e-10,1.556764560603373e-05,1.5629435738031685e-05,0.006283734049456008,3.656235276801142e-05,0.00048433722211525056,2.0465701772616587e-08,5.3713536944499655e-09,3.7075049139067575e-08,1.2995141915432173e-07,6.743739613240527e-09,3.938548191143937e-05,0.0007993645275904678,3.4679481619204825e-07,0.0008540379397809681,6.482872576192683e-09,2.473383269177446e-05,6.825071379507287e-08,7.2157555641758455e-06,1.096471629073611e-10,1.1481382597278719e-10,1.77782526571645e-06,1.3904356406866265e-07,4.4201338828970245e-12,9.904478540743911e-11,3.392052851810752e-11
2.590274461917534e-06,0.16628943999999996,0.8585084662769803,0.0,0.0,0.4438067268958635,0.08727310251071609,0.01034257071814827,9.07428018137948e-06,0.0028880337804490395,0.04257966312568893,0.021983007153443593,5.0287159121548926e-05,1.0234774871855292e-10,0.0020872652897474748,5.698029492302934e-11,0.0005011921547912271,2.8817889758724037e-09,8.916379090549773e-06,2.0037693516702015e-09,1.2204955938908125e-10,1.5565719567736407e-05,1.5631507793861264e-05,0.006283539280370535,3.652832426680232e-05,0.0004843656307939945,2.0447938555907593e-08,5.370650169350494e-09,3.707577183112121e-08,1.299509155109518e-07,6.750029133006971e-09,3.941994120840312e-05,0.0008000159144021832,3.4682751247013004e-07,0.0008541476771271932,6.4826761970389575e-09,2.4737111816987144e-05,6.825731660665794e-08,7.215188138305988e-06,1.0966407965721125e-10,1.148217632642305e-10,1.778061659150089e-06,1.3903511985845112e-07,4.420713946257037e-12,9.902615194259419e-11,3.391551453113709e-11
2.5906060396682554e-06,0.16628943999999996,0.8585084662769803,0.0,0.0,0.4438061312364039,0.08727051231220188,0.010341515469634781,9.074353619951627e-06,0.0028880265069282443,0.042585185742905055,0.02198516289333671,5.028417320617214e-05,1.0238394920913229e-10,0.0020872048659603846,5.6977884175992834e-11,0.0005012044631731418,2.8817558605428083e-09,8.914713732717779e-06,2.004015058872766e-09,1.2206007962760317e-10,1.5563794518306442e-05,1.5633579765883855e-05,0.006283344514422187,3.6494345914386084e-05,0.00048439403657509053,2.0430200930540006e-08,5.369946745890145e-09,3.707649574711804e-08,1.2995041091103132e-07,6.7563212209101805e-09,3.945441160779684e-05,0.0008006674526523296,3.468602047601077e-07,0.0008542574106526758,6.482479830848296e-09,2.4740390809570253e-05,6.826391858798795e-08,7.2146207416618835e-06,1.0968099575239139e-10,1.1482969886621402e-10,1.7782980411825817e-06,1.390266765678934e-07,4.4212939822595446e-12,9.9007523419437e-11,3.3910507692010374e-11
2.590937617418977e-06,0.16628943999999996,0.8585084662769803,0.0,0.0,0.44380553536801437,0.08726792219363637,0.01034046033099343,9.074426991841324e-06,0.0028880192134187275,0.042590708204660196,0.021987318382080404,5.028118763892837e-05,1.0242015625527567e-10,0.002087144447165989,5.6975473913720776e-11,0.000501216770579371,2.8817227594494246e-09,8.913048819575263e-06,2.0042607489047853e-09,1.2207059756355482e-10,1.5561870456078462e-05,1.5635651654128328e-05,0.006283149751613786,3.6460417608107044e-05,0.0004844224394592173,2.041248884760545e-08,5.369243424051469e-09,3.707722088790425e-08,1.2994990535577549e-07,6.762615875152196e-09,3.948889310609844e-05,0.000801319142251982,3.46892893065628e-07,0.0008543671403574119,6.482283477617196e-09,2.4743669669570502e-05,6.82705197393813e-08,7.2140533742436615e-06,1.0969791124749353e-10,1.148376327792602e-10,1.7785344118179382e-06,1.3901823419684094e-07,4.421873990914362e-12,9.89888998380066e-11,3.390550798611907e-11
2.5912691951696982e-06,0.16628943999999996,0.8585084662769803,0.0,0.0,0.44380493929088616,0.08726533215501238,0.010339405302213573,9.074500297142898e-06,0.0028880118999466725,0.042596230510943,0.021989473619773676,5.0278202419738545e-05,1.0245636985670175e-10,0.0020870840333617343,5.6973064136087906e-11,0.0005012290770099358,2.8816896725872842e-09,8.911384351129177e-06,2.0045064217725686e-09,1.2208111319817089e-10,1.55599473793904e-05,1.563772345862311e-05,0.006282954991948149,3.642653924557693e-05,0.0004844508394470482,2.039480225911293e-08,5.3685402038154175e-09,3.707794725251187e-08,1.2994939884628047e-07,6.768913093853854e-09,3.952338569980387e-05,0.0008019709831124101,3.469255773919254e-07,0.0008544768662413978,6.4820871373398885e-09,2.474694839703502e-05,6.827712006116464e-08,7.213486036051455e-06,1.0971482620659308e-10,1.1484556500384338e-10,1.7787707710601668e-06,1.390097927451446e-07,4.422453972231494e-12,9.897028119845842e-11,3.3900515397649664e-11
2.5916007729204196e-06,0.16628943999999996,0.8585084662769803,0.0,0.0,0.4438043430052099,0.08726274219632277,0.010338350383284558,9.074573535950484e-06,0.002888004566538212,0.04260175266174214,0.021991628606515334,5.027521754852343e-05,1.0249259001312906e-10,0.0020870236245450697,5.6970654842968784e-11,0.0005012413824648573,2.881656599951404e-09,8.90972032738602e-06,2.004752077482408e-09,1.2209162653268408e-10,1.5558025286583373e-05,1.5639795179398568e-05,0.0062827602354280825,3.6392710724680436e-05,0.0004844792365392477,2.0377141105861602e-08,5.367837085154328e-09,3.7078674840484945e-08,1.2994889138389515e-07,6.775212880101025e-09,3.955788938542617e-05,0.0008026229751450678,3.4695825773359746e-07,0.0008545865883046299,6.481890810009837e-09,2.4750226992008986e-05,6.828371955369004e-08,7.212918727085392e-06,1.0973174049647065e-10,1.1485349554068368e-10,1.7790071189132745e-06,1.390013522126546e-07,4.4230339262193565e-12,9.895166750103444e-11,3.389552991304711e-11
2.5918716265224164e-06,0.16628943999999996,0.8585084662769803,0.0,0.0,0.44380385576686965,0.08726062661416381,0.010337488740533914,9.074633312746516e-06,0.0028879985613721303,0.042606263387120376,0.02199338874933435,5.0272779575779936e-05,1.0252218178343828e-10,0.002086974282516138,5.6968687139974046e-11,0.0005012514336119221,2.881629594691589e-09,8.908361377932277e-06,2.0049527318188942e-09,1.221002127808725e-10,1.5556455929002182e-05,1.5641487429377773e-05,0.0062826011483655885,3.6365114371726243e-05,0.0004845024309254,2.0362733204455475e-08,5.367262808886812e-09,3.707927008901135e-08,1.2994847615038834e-07,6.780360846119281e-09,3.9586082398652995e-05,0.000803155675442203,3.4698495014223516e-07,0.000854676213365043,6.481730447080446e-09,2.475290505670858e-05,6.828910981992306e-08,7.2124553350592706e-06,1.0974555671042627e-10,1.1485997245087854e-10,1.7792001742850796e-06,1.389944581358205e-07,4.423507648910798e-12,9.893646632734385e-11,3.389146271683168e-11
2.592142480124413e-06,0.16628943999999996,0.8585084662769803,0.0,0.0,0.4438033683896031,0.08725851108533368,0.010336627171070005,9.074693045287232e-06,0.0028879925429347703,0.0426107740087361,0.021995148724821507,5.027034183513153e-05,1.025517779273304e-10,0.0020869249438121595,5.696671976012589e-11,0.0005012614841080002,2.881602598918428e-09,8.907002725220445e-06,2.0051533747140806e-09,1.2210879749577355e-10,1.555488722592493e-05,1.5643179623529066e-05,0.006282442063405419,3.6337551152993986e-05,0.0004845256233802159,2.0348342215381196e-08,5.366688600374234e-09,3.707986615437519e-08,1.299480602825052e-07,6.7855105237057025e-09,3.96142828088995e-05,0.000803688476504315,3.4701163989584047e-07,0.0008547658358759953,6.481570092785289e-09,2.4755583033058338e-05,6.829449953320956e-08,7.211991962534896e-06,1.0975937252578088e-10,1.1486644823554155e-10,1.7793932220621733e-06,1.3898756467215816e-07,4.423981353378151e-12,9.892126845143237e-11,3.3887400243225916e-11
2.59241333372641e-06,0.16628943999999996,0.8585084662769803,0.0,0.0,0.4438028808735135,0.08725639560982847,0.010335765674887027,9.074752733623657e-06,0.0028879865112403,0.04261528452658312,0.021996908533030338,5.026790432653475e-05,1.0258137844465199e-10,0.002086875608431743,5.696475270335558e-11,0.0005012715339531045,2.881575612629202e-09,8.905644369253395e-06,2.005354006171369e-09,1.2211738067805626e-10,1.5553319176452234e-05,1.564487176186851e-05,0.006282282980549094,3.6310021013210326e-05,0.0004845488139040607,2.0333968110325275e-08,5.366114459604552e-09,3.70804630365888e-08,1.2994764378092147e-07,6.790661912813231e-09,3.964249061427216e-05,0.0008042213782834417,3.4703832699472524e-07,0.0008548554558374844,6.481409747121584e-09,2.475826092108336e-05,6.82998886937301e-08,7.21152860951234e-06,1.0977318793676304e-10,1.1487292289499052e-10,1.7795862622467356e-06,1.3898067182158497e-07,4.4244550396265225e-12,9.890607387336592e-11,3.388334248443499e-11
2.5926841873284066e-06,0.16628943999999996,0.8585084662769803,0.0,0.0,0.44380239321870374,0.08725428018764438,0.010334904251979176,9.074812377806736e-06,0.0028879804663028627,0.04261979494065539,0.021998668174014295,5.02654670499461e-05,1.0261098333524965e-10,0.0020868262763734996,5.696278596959418e-11,0.0005012815831472469,2.881548635821195e-09,8.904286310033812e-06,2.0055546261941566e-09,1.2212596232838885e-10,1.555175177968613e-05,1.5646563844412057e-05,0.006282123899798131,3.628252389721721e-05,0.0004845720024972996,2.031961086139375e-08,5.365540386566444e-09,3.708106073571355e-08,1.2994722664630132e-07,6.795815013256723e-09,3.967070581288135e-05,0.0008047543807317097,3.4706501143958025e-07,0.0008549450732495085,6.481249410086683e-09,2.476093872080886e-05,6.83052773016627e-08,7.211065275991675e-06,1.0978700294348151e-10,1.1487939642953388e-10,1.7797792948409461e-06,1.389737795840181e-07,4.4249287076610555e-12,9.88908825931972e-11,3.387928943274667e-11
2.5929550409304034e-06,0.16628943999999996,0.8585084662769803,0.0,0.0,0.4438019054252769,0.08725216481877751,0.010334042902340648,9.074871977887341e-06,0.002887974408136579,0.04262430525094676,0.02200042764782671,5.026303000532203e-05,1.026405925989699e-10,0.0020867769476360406,5.6960819558772734e-11,0.0005012916316904394,2.8815216684916874e-09,8.902928547564173e-06,2.005755234785833e-09,1.2213454244743876e-10,1.5550185034730097e-05,1.5648255871175623e-05,0.0062819648211540425,3.6255059749972105e-05,0.0004845951891602976,2.030527044074452e-08,5.364966381248525e-09,3.708165925176422e-08,1.2994680887930724e-07,6.800969824851604e-09,3.969892840284115e-05,0.0008052874838013313,3.4709169323108866e-07,0.0008550346881120656,6.48108908167788e-09,2.4763616432260068e-05,6.831066535718536e-08,7.210601961972971e-06,1.0980081754599919e-10,1.1488586883947938e-10,1.779972319846982e-06,1.3896688795937447e-07,4.42540235748688e-12,9.887569461098044e-11,3.387524108035373e-11
2.5934967481343965e-06,0.16628943999999996,0.8585084662769803,0.0,0.0,0.44380092942298205,0.08724793424098011,0.01033232042284835,9.074991045944145e-06,0.002887962252173841,0.042633325560162534,0.022003946094149865,5.0258156611792916e-05,1.0269982424516448e-10,0.0020866783001179208,5.6956887705673166e-11,0.0005013117268240259,2.881467762257297e-09,8.900213912883666e-06,2.006156417689365e-09,1.2215169809435571e-10,1.5547053496669248e-05,1.565163975742657e-05,0.006281646670192538,3.620023014213183e-05,0.00048464155669702855,2.027663997321158e-08,5.363818573727526e-09,3.708285873473783e-08,1.2994597145084336e-07,6.8112845807601176e-09,3.975539574928792e-05,0.0008063539916139231,3.471450488567819e-07,0.0008552139101887689,6.480768450727732e-09,2.476897159044049e-05,6.832143981171174e-08,7.209675392441736e-06,1.0982844553867292e-10,1.1489881028680611e-10,1.7803583471032384e-06,1.389531065485232e-07,4.426349602532944e-12,9.884532854060697e-11,3.386715844235587e-11
2.5940384553383896e-06,0.16628943999999996,0.8585084662769803,0.0,0.0,0.4437999528674478,0.08724370387640555,0.010330598236363703,9.075109938199305e-06,0.0028879500434645963,0.04264234545418196,0.02200746387242473,5.025328414559743e-05,1.0275907338200805e-10,0.002086579665866277,5.6952957143502726e-11,0.0005013318193539659,2.8814138939042665e-09,8.897500465227755e-06,2.0065575549089246e-09,1.2216884762412917e-10,1.554392455512599e-05,1.56550234207488e-05,0.0062813285276766264,3.614553175165095e-05,0.0004846879165171666,2.0248076486144076e-08,5.362671036950244e-09,3.7084061485700265e-08,1.2994513150081087e-07,6.82160617907351e-09,3.981189263860079e-05,0.0008074209013406604,3.471983938772336e-07,0.0008553931220675778,6.480447854249475e-09,2.477432639582634e-05,6.833221205872757e-08,7.208748900919211e-06,1.0985607191528134e-10,1.1491174723942362e-10,1.7807443440329088e-06,1.3893932758836102e-07,4.427296774805757e-12,9.881497566263057e-11,3.3859094508440846e-11
2.5951218697463758e-06,0.16628943999999996,0.8585084662769803,0.0,0.0,0.4437979980999202,0.08723524378680268,0.010327154742231615,9.075347196919019e-06,0.00288792546825482,0.04266038399643886,0.022014497426521826,5.0243541993801775e-05,1.0287762412273108e-10,0.002086382437118025,5.694509988972397e-11,0.0005013719966033221,2.8813062707551443e-09,8.892077131037586e-06,2.007359692403373e-09,1.2220312835346725e-10,1.5537674433131183e-05,1.566179007911686e-05,0.006280692268029553,3.603652687975107e-05,0.0004847806130192912,2.0191149571666602e-08,5.3603767752619005e-09,3.7086476792376067e-08,1.2994344405707868e-07,6.842269897098544e-09,3.9924974986076763e-05,0.00080955592502124,3.473050521240461e-07,0.0008557515152314416,6.479806764621858e-09,2.4785034949020932e-05,6.83537499358754e-08,7.20689615190261e-06,1.0991131982227219e-10,1.1493760767030064e-10,1.7815162469820228e-06,1.3891177701740198e-07,4.429190901195662e-12,9.875430948522907e-11,3.384302250634287e-11
2.596205284154362e-06,0.16628943999999996,0.8585084662769803,0.0,0.0,0.4437960411291809,0.08722678454972499,0.010323712419572936,9.075583757261992e-06,0.0028879006834000996,0.04267842087733407,0.022021528313487755,5.023380354711292e-05,1.0299624481131538e-10,0.0020861852613025525,5.693724779296844e-11,0.0005014121634393626,2.881198798869893e-09,8.886658545058042e-06,2.00816164748248e-09,1.2223738467776134e-10,1.5531434612050488e-05,1.5668555847298947e-05,0.006280056042308244,3.592804166644723e-05,0.00048487327868987855,2.0134487942983417e-08,5.3580835954540545e-09,3.708890517336877e-08,1.2994174659001696e-07,6.862960967383043e-09,4.003817532636913e-05,0.0008116925518261536,3.474116680146294e-07,0.0008561098676035176,6.4791658126211255e-09,2.479574209345672e-05,6.837527899987485e-08,7.205043714927834e-06,1.0996656127086879e-10,1.1496345015156627e-10,1.7822880288332236e-06,1.3888423624105168e-07,4.43108473698433e-12,9.869369608113825e-11,3.382702458340659e-11
2.597288698562348e-06,0.16628943999999996,0.8585084662769803,0.0,0.0,0.4437940819616659,0.08721832616493015,0.010320271268016207,9.075819622422782e-06,0.0028878756897875468,0.04269645609648792,0.022028556536668804,5.022406880269104e-05,1.0311493543793531e-10,0.0020859881383312236,5.692940084874064e-11,0.0005014523198629757,2.881091478073843e-09,8.881244707303747e-06,2.0089634203576725e-09,1.2227161663910534e-10,1.5525205035550527e-05,1.5675320726313795e-05,0.00627941985060735,3.5820072672812205e-05,0.00048496591355205943,2.0078089860285365e-08,5.3557914967979605e-09,3.709134663029085e-08,1.299400391412613e-07,6.883679378524559e-09,4.015149354152304e-05,0.0008138307787602907,3.475182415918225e-07,0.0008564681791836643,6.4785249980729e-09,2.480644783074592e-05,6.83967992618926e-08,7.2031915899996e-06,1.1002179626489856e-10,1.149892747025442e-10,1.783059689725152e-06,1.3885670525379733e-07,4.432978282498975e-12,9.863313545215175e-11,3.381110025300877e-11
2.5983721129703343e-06,0.16628943999999996,0.8585084662769803,0.0,0.0,0.4437921206037607,0.08720986863217732,0.01031683128718997,9.076054795575184e-06,0.00288785048829858,0.0427144896535244,0.022035582099388083,5.021433775767892e-05,1.0323369599276306e-10,0.0020857910681154985,5.69215590525178e-11,0.0005014924658750836,2.8809843081920922e-09,8.87583561773999e-06,2.009765011238517e-09,1.223058242793797e-10,1.551898564765781e-05,1.5682084717179727e-05,0.0062787836930207445,3.5712616488523994e-05,0.00048505851762888845,2.002195359813622e-08,5.353500478565601e-09,3.7093801164789354e-08,1.2993832175217834e-07,6.9044251192603e-09,4.026492951451856e-05,0.0008159706028501168,3.4762477289820225e-07,0.0008568264499717397,6.477884320802328e-09,2.48171521625001e-05,6.841831073301682e-08,7.201339777122681e-06,1.1007702480811986e-10,1.150150813424275e-10,1.7838312297961905e-06,1.3882918405005987e-07,4.434871538066313e-12,9.857262759949893e-11,3.3795249032548135e-11
2.5994555273783205e-06,0.16628943999999996,0.8585084662769803,0.0,0.0,0.44379015706180114,0.08720141195122706,0.010313392476722773,9.076289279872405e-06,0.0028878250798089764,0.042732521548071174,0.022042605004945745,5.020461040920216e-05,1.033525264659686e-10,0.0020855940505669374,5.6913722399750215e-11,0.0005015326014766408,2.8808772890495126e-09,8.870431276283168e-06,2.0105664203327415e-09,1.223400076402519e-10,1.5512776392756932e-05,1.5688847820914662e-05,0.006278147569641533,3.560566973158163e-05,0.00048515109094334516,1.9966077445330827e-08,5.3512105400296806e-09,3.709626877854564e-08,1.2993659446386864e-07,6.925198178465589e-09,4.037848312926071e-05,0.000818112021143449,3.477312619760851e-07,0.0008571846799675998,6.4772437806341e-09,2.4827855090330175e-05,6.843981342425816e-08,7.19948827630192e-06,1.1013224690422219e-10,1.1504087009027999e-10,1.784602649184466e-06,1.3880167262419475e-07,4.436764504012556e-12,9.851217252384994e-11,3.377947044339425e-11
2.6005389417863067e-06,0.16628943999999996,0.8585084662769803,0.0,0.0,0.4437881913420738,0.08719295612184136,0.01030995483624315,9.07652307844723e-06,0.0028877994651889103,0.042750551779759484,0.022049625256619194,5.019488675436932e-05,1.0347142684771943e-10,0.002085397085597199,5.6905890885861684e-11,0.0005015727266686363,2.880770420470756e-09,8.86503168280118e-06,2.0113676478462553e-09,1.2237416676317785e-10,1.5506577215588823e-05,1.5695610038536116e-05,0.006277511480562075,3.549922904803364e-05,0.0004852436335183345,1.9910459704759793e-08,5.34892168046362e-09,3.7098749473274924e-08,1.2993485731716817e-07,6.945998545152438e-09,4.049215427057015e-05,0.0008202550307092437,3.478377088675299e-07,0.0008575428691710999,6.476603377392472e-09,2.4838556615846444e-05,6.846130734655029e-08,7.197637087542232e-06,1.1018746255682723e-10,1.1506664096503742e-10,1.7853739480278522e-06,1.3877417097049266e-07,4.438657180663424e-12,9.845177022532068e-11,3.3763764010848186e-11
2.601622356194293e-06,0.16628943999999996,0.8585084662769803,0.0,0.0,0.4437862234508163,0.08718450114378366,0.010306518365379656,9.076756194412166e-06,0.002887773645303003,0.042768580348224165,0.02205664285766332,5.018516679027219e-05,1.0359039712818057e-10,0.0020852001731180452,5.6898064506249695e-11,0.0005016128414520911,2.8806637022802567e-09,8.859636837113811e-06,2.012168693983166e-09,1.2240830168940196e-10,1.5500388061249104e-05,1.5702371371061195e-05,0.006276875425873971,3.539329111173264e-05,0.0004853361453766876,1.985509869328877e-08,5.346633899141581e-09,3.7101243250726144e-08,1.2993311035265084e-07,6.966826208468271e-09,4.060594282417467e-05,0.0008223996286374024,3.4794411361434227e-07,0.0008579010175820934,6.475963110901264e-09,2.4849256740658544e-05,6.84827925107507e-08,7.195786210848615e-06,1.1024267176949025e-10,1.1509239398550898e-10,1.7861451264639724e-06,1.3874667908318037e-07,4.440549568344138e-12,9.839142070347681e-11,3.374812926411149e-11
2.602705770602279e-06,0.16628943999999996,0.8585084662769803,0.0,0.0,0.44378425339421806,0.08717604701681886,0.01030308306376083,9.07698863085966e-06,0.002887747621010364,0.0427866072531036,0.022063657811310738,5.017545051398595e-05,1.0370943729751452e-10,0.002085003313041342,5.689024325628579e-11,0.0005016529458280592,2.880557134302245e-09,8.854246738993192e-06,2.012969558945805e-09,1.2244241245995845e-10,1.5494208875186025e-05,1.570913181950663e-05,0.006276239405668089,3.528785262402284e-05,0.0004854286265411622,1.9799992741600615e-08,5.344347195338451e-09,3.710375011268153e-08,1.2993135361063075e-07,6.987681157694198e-09,4.071984867669811e-05,0.0008245458120385258,3.480504762580748e-07,0.0008582591252004338,6.475322980983881e-09,2.4859955466375507e-05,6.850426892764157e-08,7.19393564622615e-06,1.1029787454569986e-10,1.1511812917037872e-10,1.7869161846302017e-06,1.3871919695642133e-07,4.4424416673794455e-12,9.833112395733912e-11,3.373256573624193e-11
2.603789185010265e-06,0.16628943999999996,0.8585084662769803,0.0,0.0,0.44378228117842083,0.08716759374071319,0.010299648931015235,9.077220390862213e-06,0.0028877213931646434,0.04280463249403967,0.022070670120772008,5.0165737922569415e-05,1.03828547345881e-10,0.0020848065052790654,5.6882427131315944e-11,0.0005016930397976276,2.880450716360749e-09,8.848861388164203e-06,2.0137702429347388e-09,1.224764991156721e-10,1.5488039603198733e-05,1.5715891384888717e-05,0.006275603420034561,3.5182910313483064e-05,0.00048552107703444327,1.9745140194066836e-08,5.34206156832987e-09,3.7106270060956245e-08,1.2992958713116375e-07,7.0085633822436424e-09,4.083387171565168e-05,0.0008266935780437132,3.481567968400276e-07,0.0008586171920259726,6.474682987463337e-09,2.487065279460573e-05,6.852573660793056e-08,7.192085393680018e-06,1.103530708888781e-10,1.151438465382069e-10,1.787687122663669e-06,1.3869172458431637e-07,4.444333478093601e-12,9.827087998538835e-11,3.371707296411689e-11
2.6048725994182514e-06,0.16628943999999996,0.8585084662769803,0.0,0.0,0.44378030680951847,0.08715914131523429,0.010296215966771414,9.077451477472586e-06,0.002887694962614068,0.04282265607067773,0.022077679789235836,5.0156029013065156e-05,1.0394772726343694e-10,0.0020846097497432938,5.6874616126660825e-11,0.0005017331233619151,2.8803444482795998e-09,8.843480784304848e-06,2.0145707461487925e-09,1.2251056169715894e-10,1.5481880191435575e-05,1.5722650068223402e-05,0.006274967469062791,3.507846093568057e-05,0.0004856134968791436,1.9690539408626494e-08,5.3397770173922146e-09,3.7108803097398206e-08,1.2992781095405058e-07,7.029472871661087e-09,4.094801182942522e-05,0.0008288429238043677,3.48263075401253e-07,0.0008589752180585612,6.4740431301622455e-09,2.4881348726956974e-05,6.854719556225137e-08,7.190235453215501e-06,1.1040826080238224e-10,1.1516954610743111e-10,1.7884579407012586e-06,1.386642619609046e-07,4.446225000810385e-12,9.821068878556923e-11,3.3701650488400896e-11
2.6070394282342237e-06,0.16628943999999996,0.8585084662769803,0.0,0.0,0.44377635163654183,0.0871422390152343,0.010289353542303377,9.07791164262987e-06,0.0028876414967644063,0.042858698229658584,0.02209169121581802,5.0136622227884115e-05,1.0418629666673037e-10,0.0020842163950001496,5.6859009459452755e-11,0.0005018132592792848,2.8801323609927328e-09,8.832733815975049e-06,2.0161712110389495e-09,1.2257861479887823e-10,1.5469590734910343e-05,1.5736164792812307e-05,0.006273695671458561,3.487102813396873e-05,0.00048579824471289623,1.958208662285961e-08,5.335211140838941e-09,3.711390844233713e-08,1.2992422966482002e-07,7.071373603924977e-09,4.1176642839332574e-05,0.0008331463432980156,3.484755066245177e-07,0.0008596911477442878,6.4727638235070315e-09,2.490273641045055e-05,6.859008733515797e-08,7.186536508552974e-06,1.1051862135347913e-10,1.1522089192321305e-10,1.7899992173351407e-06,1.3860936593601198e-07,4.450007183544596e-12,9.809046469145302e-11,3.3671014607579265e-11
2.609206257050196e-06,0.16628943999999996,0.8585084662769803,0.0,0.0,0.4437723879231113,0.08712534011498725,0.010282495787385297,9.078369150364184e-06,0.0028875872301403786,0.04289473372727754,0.022105692116138012,5.0117230134467074e-05,1.0442514542859044e-10,0.0020838232481107965,5.684342321673249e-11,0.0005018933535897617,2.879920871028619e-09,8.822005830505342e-06,2.017770955172687e-09,1.2264657208590252e-10,1.5457340081713368e-05,1.5749676001393014e-05,0.006272424013556391,3.4665528793464976e-05,0.0004859828702219008,1.9474621514316366e-08,5.330649559904717e-09,3.7119066162924e-08,1.2992061005630273e-07,7.1133832734107006e-09,4.1405740830776974e-05,0.0008374560481291429,3.486877702514466e-07,0.0008604069142564059,6.471485059591893e-09,2.49241185297062e-05,6.863294432998036e-08,7.182838812283088e-06,1.1062895622458074e-10,1.1527216676282255e-10,1.7915400156221338e-06,1.3855450883284565e-07,4.453788218162934e-12,9.797045164800392e-11,3.36406544934886e-11
2.6113730858661685e-06,0.16628943999999996,0.8585084662769803,0.0,0.0,0.44376841571632164,0.08710844461268306,0.010275642699045877,9.078824024402065e-06,0.0028875321693369684,0.04293076256081974,0.02211968251494056,5.009785270859176e-05,1.0466427347016153e-10,0.002083430308375969,5.682785736018603e-11,0.0005019734063034454,2.8797099769715053e-09,8.81129682367263e-06,2.0193699800796816e-09,1.2271443387573258e-10,1.5445127813419925e-05,1.5763183702079096e-05,0.006271152496046113,3.446193790413624e-05,0.0004861673735845229,1.936813142189815e-08,5.326092268827808e-09,3.712427627508832e-08,1.2991695243789988e-07,7.155501801052093e-09,4.163530494160445e-05,0.000841772016219386,3.4889986660180616e-07,0.0008611225175936995,6.470206836985076e-09,2.4945495097564213e-05,6.867576662920143e-08,7.179142364452399e-06,1.1073926544028157e-10,1.1532337076947841e-10,1.7930803366487614e-06,1.3849969060156364e-07,4.457568107238891e-12,9.78506496199529e-11,3.361056660415588e-11
2.613539914682141e-06,0.16628943999999996,0.8585084662769803,0.0,0.0,0.4437644350625528,0.0870915525065325,0.010268794274313972,9.079276288168885e-06,0.0028874763208664926,0.0429667847276231,0.022133662436641114,5.007848992579549e-05,1.0490368071253356e-10,0.0020830375750983056,5.681231185112426e-11,0.000502053417430935,2.8794996774030855e-09,8.800606790541716e-06,2.020968287263438e-09,1.2278220048261144e-10,1.543295351701952e-05,1.5776687902978134e-05,0.006269881119606625,3.426023086333807e-05,0.00048635175497802914,1.9262603889395706e-08,5.3215392618588045e-09,3.712953879525377e-08,1.2991325711511378e-07,7.1977291097492126e-09,4.1865334322872276e-05,0.0008460942257960615,3.4911179599161483e-07,0.0008618379577549463,6.468929154249801e-09,2.4966866126855388e-05,6.871855431419023e-08,7.175447165109691e-06,1.1084954902419833e-10,1.1537450408456036e-10,1.7946201814978567e-06,1.3844491119140238e-07,4.4613468533387275e-12,9.77310585638923e-11,3.3580747454813324e-11
2.615706743498113e-06,0.16628943999999996,0.8585084662769803,0.0,0.0,0.44376044600748427,0.08707466379476701,0.010261950510218613,9.079725964793668e-06,0.0028874196911598967,0.04300280022507738,0.02214763190533219,5.005914176138142e-05,1.0514336707673896e-10,0.0020826450475823995,5.6796786650492636e-11,0.0005021333869833236,2.8792899709026906e-09,8.78993572547759e-06,2.0225658782018332e-09,1.2284987221755108e-10,1.542081678485837e-05,1.579018861219179e-05,0.006268609884906098,3.4060383468086694e-05,0.0004865360145786044,1.915802666163582e-08,5.316990533260729e-09,3.713485374032905e-08,1.2990952438960993e-07,7.240065124327194e-09,4.2095828138581144e-05,0.0008504226553861102,3.4932355873321967e-07,0.0008625532347389193,6.467652009944653e-09,2.498823163040118e-05,6.876130746522393e-08,7.17175321430617e-06,1.1095980699899177e-10,1.1542556684764747e-10,1.7961595512486264e-06,1.3839017055069822e-07,4.465124459021615e-12,9.761167842841696e-11,3.355119361682915e-11
2.6178735723140855e-06,0.16628943999999996,0.8585084662769803,0.0,0.0,0.4437564485961086,0.08705777847563828,0.010255111403789043,9.080173077113838e-06,0.002887362286568046,0.0430388090506232,0.022161590944789672,5.00398081904246e-05,1.0538333248374993e-10,0.0020822527251348547,5.678128171888074e-11,0.0005022133149721925,2.879080856047481e-09,8.779283622157505e-06,2.0241627543476466e-09,1.2291744938836065e-10,1.5408717214581967e-05,1.5803685837815902e-05,0.0062673387926022025,3.386237190749514e-05,0.00048672015256136974,1.9054387680708334e-08,5.312446077309169e-09,3.7140221127698933e-08,1.2990575455927818e-07,7.282509771496049e-09,4.232678556541314e-05,0.0008547572838101674,3.495351551353683e-07,0.0008632683485443876,6.466375402623939e-09,2.5009591621013814e-05,6.880402616150888e-08,7.168060512095636e-06,1.1107003938638798e-10,1.1547655919655593e-10,1.79769844697672e-06,1.38335468626909e-07,4.468900926839758e-12,9.749250915426289e-11,3.352190171666037e-11
2.620040401130058e-06,0.16628943999999996,0.8585084662769803,0.0,0.0,0.4437524428727444,0.08704089654741784,0.01024827695205472,9.080617647679847e-06,0.002887304113362975,0.04307481120175128,0.02217553957847902,5.002048918777786e-05,1.0562357685447521e-10,0.0020818606070643303,5.6765797016531746e-11,0.0005022932014096038,2.8788723314126217e-09,8.768650473582991e-06,2.025758917129089e-09,1.2298493229967402e-10,1.5396654409077627e-05,1.581717958794058e-05,0.006266067843342306,3.366617275531076e-05,0.00048690416910040043,1.895167508223983e-08,5.307905888292379e-09,3.7145640975215275e-08,1.2990194791829247e-07,7.325062979810837e-09,4.255820579247274e-05,0.0008590980901767119,3.4974658550327587e-07,0.0008639832991701206,6.465099330838054e-09,2.5030946111496448e-05,6.884671048120171e-08,7.164369058534674e-06,1.1118024620719785e-10,1.155274812673765e-10,1.7992368697542927e-06,1.382808053666357e-07,4.4726762593385296e-12,9.737355067444499e-11,3.349286843481751e-11
2.6222072299460303e-06,0.16628943999999996,0.8585084662769803,0.0,0.0,0.4437484288810496,0.08702401800839678,0.010241447152045367,9.081059698759765e-06,0.002887245177739133,0.043110806676001416,0.022189477829561294,5.000118472807791e-05,1.0586410010975738e-10,0.0020814686926815965,5.675033250335175e-11,0.0005023730463080959,2.8786643955714597e-09,8.758036272091686e-06,2.027354367950313e-09,1.230523212529778e-10,1.5384627976416863e-05,1.5830669870650285e-05,0.00626479703776368,3.3471762962587584e-05,0.0004870880643687412,1.8849877191732344e-08,5.303369960511401e-09,3.715111330118832e-08,1.298981047571698e-07,7.367724679632524e-09,4.279008802103252e-05,0.0008634450538763263,3.499578501386868e-07,0.0008646980866148902,6.46382379313384e-09,2.5052295114643318e-05,6.888936050142967e-08,7.160678853682802e-06,1.1129042748133445e-10,1.1557833319451107e-10,1.8007748206500704e-06,1.3822618071564366e-07,4.47645045905659e-12,9.725480291439279e-11,3.3464090504846644e-11
2.6243740587620026e-06,0.16628943999999996,0.8585084662769803,0.0,0.0,0.44374440666403464,0.08700714285688521,0.010234622000790972,9.081499252343776e-06,0.0028871854858146025,0.043146795470961716,0.02220340572089915,4.998189478575119e-05,1.0610490217037018e-10,0.002081076981299573,5.673488813891912e-11,0.0005024528496806756,2.8784570470957055e-09,8.74744100936909e-06,2.028949108191917e-09,1.2311961654663956e-10,1.5372637529797872e-05,1.584415669402393e-05,0.006263526376493702,3.3279119850536164e-05,0.00048727183853842354,1.8748982520991625e-08,5.298838288280157e-09,3.715663812437792e-08,1.2989422536282842e-07,7.410494803089864e-09,4.302243146428542e-05,0.0008677981545760996,3.5016894933993986e-07,0.0008654127108774722,6.4625487880549054e-09,2.5073638643239877e-05,6.893197629831098e-08,7.156989897602648e-06,1.1140058322783208e-10,1.15629115110708e-10,1.802312300729414e-06,1.38171594618883e-07,4.480223528526022e-12,9.713626579208521e-11,3.3435564712336796e-11
2.626540887577975e-06,0.16628943999999996,0.8585084662769803,0.0,0.0,0.44374037626407414,0.08699027109121214,0.010227801495321825,9.081936330148581e-06,0.0028871250436322904,0.04318277758426764,0.022217323275062553,4.996261933501966e-05,1.0634598295701557e-10,0.002080685472233382,5.671946388249358e-11,0.0005025326115408128,2.8782502845556055e-09,8.736864676460069e-06,2.03054313921143e-09,1.2318681847593628e-10,1.5360682687488255e-05,1.585764006613495e-05,0.006262255860150044,3.30882211035443e-05,0.00048745549178048084,1.8648979764640756e-08,5.294310865925552e-09,3.71622154639853e-08,1.298903100186446e-07,7.453373284042246e-09,4.3255235347103085e-05,0.0008721573722141701,3.5037988340203163e-07,0.0008661271719566472,6.46127431414198e-09,2.509497671006291e-05,6.897455794697418e-08,7.153302190360095e-06,1.1151071346486447e-10,1.1567982714709696e-10,1.8038493110543779e-06,1.3811704702050966e-07,4.483995470272443e-12,9.701793921818235e-11,3.3407287893950995e-11
2.6287077163939474e-06,0.16628943999999996,0.8585084662769803,0.0,0.0,0.4437363377229199,0.08697340270972502,0.010220985632668537,9.082370953621697e-06,0.0028870638571610982,0.043218753013601306,0.022231230514334503,4.9943358349906544e-05,1.0658734239032124e-10,0.002080294164800388,5.6704059693025255e-11,0.0005026123319024346,2.878044106520111e-09,8.726307263780262e-06,2.0321364623437918e-09,1.2325392733308267e-10,1.5348763072767835e-05,1.5871119995051436e-05,0.0062609854893408735,3.2899044762339666e-05,0.00048763902426496504,1.854985779670377e-08,5.289787687787583e-09,3.716784533964474e-08,1.298863590045078e-07,7.496360058043226e-09,4.3488498905799094e-05,0.0008765226869943806,3.5059065261667906e-07,0.000866841469851204,6.460000369933232e-09,2.5116309327880735e-05,6.901710552157742e-08,7.149615732024435e-06,1.1162081820976303e-10,1.1573046943322343e-10,1.8053858526837742e-06,1.3806253786390542e-07,4.4877662868151355e-12,9.689982309615658e-11,3.337925693647651e-11
2.6308745452099197e-06,0.16628943999999996,0.8585084662769803,0.0,0.0,0.4437322910817123,0.08695653771078941,0.010214174409862067,9.082803143945701e-06,0.0028870019322970726,0.04325472175669057,0.022245127460716538,4.992411180424207e-05,1.0682898039083794e-10,0.002079903058320241,5.668867552916355e-11,0.0005026920107799187,2.8778385115570453e-09,8.715768761127311e-06,2.033729078901823e-09,1.2332094340725971e-10,1.5336878313871723e-05,1.5884596488836157e-05,0.006259715264665035,3.271156921728178e-05,0.00048782243616096114,1.8451605667252433e-08,5.285268748219404e-09,3.717352777141547e-08,1.2988237259687603e-07,7.539455062304815e-09,4.3722221387896824e-05,0.0008808940793810364,3.5080125727237985e-07,0.0008675556045599412,6.458726953964574e-09,2.5137636509453255e-05,6.905961909532717e-08,7.145930522668504e-06,1.117308974790341e-10,1.157810420970813e-10,1.8069219266732302e-06,1.38008067091698e-07,4.4915359806671494e-12,9.678191732242076e-11,3.3351468775892294e-11
2.633041374025892e-06,0.16628943999999996,0.8585084662769803,0.0,0.0,0.4437282363809922,0.08693967609278863,0.01020736782393373,9.083232922042406e-06,0.002886939274864537,0.04329068381130826,0.02225901413593418,4.990487967166906e-05,1.07070896879037e-10,0.0020795121521149183,5.6673311349266074e-11,0.0005027716481880874,2.877633498233272e-09,8.705249157691993e-06,2.0353209901766767e-09,1.2338786698464325e-10,1.5325028043933403e-05,1.5898069555546695e-05,0.006258445186712227,3.2525773201790996e-05,0.0004880057276366025,1.8354212599120768e-08,5.280754041587438e-09,3.71792627797737e-08,1.2987835106882915e-07,7.582658235662394e-09,4.395640205190188e-05,0.000885271530093774,3.5101169765447004e-07,0.0008682695760816688,6.457454064769984e-09,2.5158958267532188e-05,6.910209874049665e-08,7.142246562368821e-06,1.1184095128837575e-10,1.1583154526514605e-10,1.808457534075248e-06,1.3795363464578053e-07,4.495304554335436e-12,9.666422178645579e-11,3.332392039645519e-11
2.6352082028418644e-06,0.16628943999999996,0.8585084662769803,0.0,0.0,0.4437241736607127,0.08692281785412348,0.010200565871915233,9.083660308576935e-06,0.0028868758906172,0.04332663917527143,0.02227289056144228,4.988566192564845e-05,1.0731309177530778e-10,0.0020791214455087637,5.665796711140724e-11,0.0005028512441422016,2.877429065114859e-09,8.694748442069146e-06,2.0369121974382957e-09,1.2345469834843296e-10,1.5313211900928073e-05,1.5911539203235532e-05,0.006257175256063193,3.234163578592082e-05,0.0004881888988590857,1.825766798469064e-08,5.2762435622714455e-09,3.7185050385604835e-08,1.298742946901218e-07,7.62596951854052e-09,4.419104016707999e-05,0.000889655020102546,3.5122197404518397e-07,0.0008689833844152104,6.456181700881801e-09,2.5180274614861148e-05,6.91445445284439e-08,7.138563851205724e-06,1.1195097965269483e-10,1.1588197906240652e-10,1.8099926759392611e-06,1.3789924046733146e-07,4.499072010320955e-12,9.654673637093618e-11,3.329660882980567e-11
2.637375031657837e-06,0.16628943999999996,0.8585084662769803,0.0,0.0,0.4437201029602501,0.08690596299321186,0.010193768550838695,9.084085323961726e-06,0.0028868117852392473,0.04336258784644047,0.0222867567584302,4.9866458539464835e-05,1.0755556499995533e-10,0.0020787309378285258,5.6642642773386935e-11,0.0005029307986579539,2.8772252107672344e-09,8.684266602268506e-06,2.0385027019358388e-09,1.235214377788807e-10,1.5301429527616276e-05,1.5925005439950103e-05,0.006255905473289886,3.215913637006838e-05,0.0004883719499946849,1.8161961382746116e-08,5.271737304664608e-09,3.7190890610195756e-08,1.2987020372723544e-07,7.669388852919396e-09,4.442613501323939e-05,0.0008940445306227165,3.5143208672370867e-07,0.0008696970295594035,6.454909860831005e-09,2.5201585564175783e-05,6.918695652962933e-08,7.134882389263478e-06,1.1206098258612296e-10,1.1593234361239605e-10,1.8115273533116924e-06,1.3784488449683353e-07,4.502838351118783e-12,9.642946095185367e-11,3.326953115409248e-11
2.639541860473809e-06,0.16628943999999996,0.8585084662769803,0.0,0.0,0.44371602431841484,0.08688911150848859,0.010186975857736652,9.084507988360478e-06,0.0028867469643464047,0.04339852982271851,0.02230061274782688,4.984726948623187e-05,1.0779831647319782e-10,0.0020783406284033954,5.6627338292738983e-11,0.0005030103117514643,2.8770219337553476e-09,8.673803625725352e-06,2.040092504898115e-09,1.2358808555331963e-10,1.5289680571487694e-05,1.5938468273732926e-05,0.006254635838955649,3.197825467881426e-05,0.0004885548812087657,1.8067082515391747e-08,5.267235263173596e-09,3.71967834752273e-08,1.2986607844342855e-07,7.71291618230207e-09,4.4661685880518144e-05,0.0008984400431102613,3.5164203596624136e-07,0.0008704105115131032,6.4536385431475175e-09,2.522289112820397e-05,6.922933481363294e-08,7.131202176630412e-06,1.1217096010203296e-10,1.1598263903722308e-10,1.8130615672360097e-06,1.3779056667409265e-07,4.5066035792182235e-12,9.631239539863924e-11,3.324268449311534e-11
2.6417086892897815e-06,0.16628943999999996,0.8585084662769803,0.0,0.0,0.44371193777346235,0.08687226339840493,0.010180187789642097,9.084928321691992e-06,0.002886681433486997,0.0434344651020506,0.022314458550305855,4.982809473889766e-05,1.0804134611516454e-10,0.0020779505165650397,5.661205362673953e-11,0.0005030897834392721,2.8768192326438265e-09,8.663359499311049e-06,2.0416816075340016e-09,1.2365464194619295e-10,1.527796468470521e-05,1.595192771262166e-05,0.006253366353615372,3.179897075488771e-05,0.0004887376926657991,1.79730212650328e-08,5.262737432218649e-09,3.7202729002766974e-08,1.298619190987871e-07,7.756551451682292e-09,4.489769206917559e-05,0.0009028415392570658,3.5185182204604244e-07,0.0008711238302751821,6.45236774636046e-09,2.524419131966587e-05,6.927167944917122e-08,7.127523213399013e-06,1.1228091221305427e-10,1.1603286545760092e-10,1.8145953187527782e-06,1.3773628693825666e-07,4.510367697102925e-12,9.619553957428372e-11,3.321606601548408e-11
2.643875518105754e-06,0.16628943999999996,0.8585084662769803,0.0,0.0,0.44370784336310354,0.08685541866142843,0.010173404343588483,9.085346343633992e-06,0.0028866151981429733,0.043470393682422954,0.02232829418629013,4.980893427024996e-05,1.0828465384589328e-10,0.00207756060164764,5.659678873241538e-11,0.0005031692137383307,2.8766171059971242e-09,8.652934209343413e-06,2.0432700110328487e-09,1.237211072290827e-10,1.5266281524049294e-05,1.5965383764649186e-05,0.006252097017815665,3.162126495325678e-05,0.0004889203845293748,1.7879767671417478e-08,5.258243806233638e-09,3.720872721526156e-08,1.2985772595027327e-07,7.800294607513053e-09,4.5134152889388316e-05,0.0009072490009863283,3.5206144523348944e-07,0.0008718369858445329,6.451097468998435e-09,2.526548615127412e-05,6.931399050411359e-08,7.1238454996660435e-06,1.1239083893108816e-10,1.1608302299287723e-10,1.8161286088997168e-06,1.3768204522783368e-07,4.514130707250972e-12,9.607889333545642e-11,3.3189672933795516e-11
2.6460423469217263e-06,0.16628943999999996,0.8585084662769803,0.0,0.0,0.44370374112451544,0.08683857729604255,0.01016662551660976,9.085762073626824e-06,0.0028865482637309248,0.043506315561862324,0.022342119675956933,4.978978805292149e-05,1.0852823958532846e-10,0.0020771708829879177,5.6581543566552085e-11,0.0005032486026660021,2.876415552379676e-09,8.642527741596977e-06,2.044857716564884e-09,1.2378748167073866e-10,1.5254630750862592e-05,1.5978836437843743e-05,0.0062508278320950175,3.1445117935342855e-05,0.0004891029569622157,1.7787311928740798e-08,5.253754379666118e-09,3.7214778135530124e-08,1.29853499251774e-07,7.844145597675812e-09,4.537106766105067e-05,0.0009116624104480571,3.522709057961291e-07,0.0008725499782200692,6.449827709589774e-09,2.5286775635733963e-05,6.935626804549875e-08,7.120169035532643e-06,1.1250074026732347e-10,1.161331117610621e-10,1.81766143871175e-06,1.376278414807104e-07,4.5178926121350136e-12,9.59624565326226e-11,3.3163502503826855e-11
2.6482091757376986e-06,0.16628943999999996,0.8585084662769803,0.0,0.0,0.44369963109435057,0.08682173930074641,0.010159851305740373,9.086175530877123e-06,0.002886480635603075,0.04354223073843521,0.022355935039242415,4.977065605939506e-05,1.087721032533187e-10,0.0020767813599251754,5.656631808570206e-11,0.0005033279502400502,2.876214570356043e-09,8.632140081313075e-06,2.0464447252816e-09,1.2385376553710715e-10,1.5243012030994893e-05,1.5992285740228952e-05,0.0062495587969839525,3.1270510663355945e-05,0.0004892854101261887,1.769564438280843e-08,5.249269146977407e-09,3.722088178675695e-08,1.2984923925414764e-07,7.888104371450279e-09,4.560843571357908e-05,0.0009160817500146709,3.5248020399872806e-07,0.0008732628074007273,6.4485584666628034e-09,2.530805978574339e-05,6.93985121395504e-08,7.116493821104414e-06,1.1261061623225025e-10,1.161831318788567e-10,1.8191938092210588e-06,1.375736756341697e-07,4.521653414222341e-12,9.58462290101587e-11,3.313755202374606e-11
2.650376004553671e-06,0.16628943999999996,0.8585084662769803,0.0,0.0,0.44369551330874774,0.0868049046740545,0.010153081708015299,9.086586734361387e-06,0.002886412319048262,0.04357813921024725,0.022369740295846194,4.9751538262008694e-05,1.0901624476961477e-10,0.002076392031801319,5.655111224619259e-11,0.0005034072564786355,2.8760141584910644e-09,8.621771213209812e-06,2.048031038316142e-09,1.2391995909135986e-10,1.5231425034748386e-05,1.6005731679823934e-05,0.006248289913005178,3.1097424394746936e-05,0.000489467744182319,1.7604755528258483e-08,5.244788102642629e-09,3.722703819248473e-08,1.2984494620527094e-07,7.932170879485002e-09,4.584625638572123e-05,0.0009205070022766875,3.526893401033226e-07,0.0008739754733854681,6.447289738746083e-09,2.5329338613993227e-05,6.94407228516926e-08,7.112819856491524e-06,1.1272046683567489e-10,1.1623308346168008e-10,1.8207257214571331e-06,1.3751954762490856e-07,4.525413115975005e-12,9.573021060646636e-11,3.3111818833337905e-11
2.6525428333696433e-06,0.16628943999999996,0.8585084662769803,0.0,0.0,0.44369138780334094,0.08678807341449635,0.010146316720470056,9.086995702829516e-06,0.0028863433192928946,0.043614040975442546,0.022383535465235836,4.9732434632960553e-05,1.0926066405386764e-10,0.002076002897960893,5.6535926004133596e-11,0.0005034865214003075,2.875814315349987e-09,8.61142112149191e-06,2.049616656783671e-09,1.2398606259392257e-10,1.521986943682323e-05,1.6019174264643392e-05,0.006247021180673744,3.092584067677392e-05,0.0004896499592908031,1.7514636005840102e-08,5.2403112411507664e-09,3.723324737660782e-08,1.2984062035008428e-07,7.976345073768391e-09,4.608452902536853e-05,0.0009249381500385074,3.528983143692686e-07,0.0008746879761732778,6.446021524368644e-09,2.5350612133167332e-05,6.948290024656516e-08,7.109147141808781e-06,1.128302920867344e-10,1.1628296662369607e-10,1.8222571764468213e-06,1.3746545738905524e-07,4.529171719849909e-12,9.5614401154085e-11,3.308630031324598e-11
2.6547096621856157e-06,0.16628943999999996,0.8585084662769803,0.0,0.0,0.44368725461326924,0.08677124552061635,0.010139556340140724,9.087402454808255e-06,0.0028862736415019,0.04364993603220294,0.022397320566651294,4.971334514431406e-05,1.0950536102562636e-10,0.0020756139577511076,5.652075931542545e-11,0.0005035657450240009,2.8756150394986176e-09,8.601089789860371e-06,2.051201581781738e-09,1.2405207630250404e-10,1.5208344916263505e-05,1.603261350269769e-05,0.006245752600497188,3.0755741341181056e-05,0.0004898320556110187,1.7425276599747592e-08,5.235838557004722e-09,3.723950936336569e-08,1.2983626193063663e-07,8.02062690760044e-09,4.6323252989373025e-05,0.0009293751763142866,3.5310712705328835e-07,0.000875400315763169,6.444753822060236e-09,2.537188035594271e-05,6.952504438803838e-08,7.105475677175723e-06,1.1294009199390951e-10,1.1633278147784e-10,1.8237881752143796e-06,1.3741140486218655e-07,4.532929228298911e-12,9.549880047980227e-11,3.306099388422991e-11
2.656876491001588e-06,0.16628943999999996,0.8585084662769803,0.0,0.0,0.4436831137731858,0.08675442099097348,0.010132800564063954,9.087807008604605e-06,0.0028862032907796434,0.04368582437874745,0.022411095619109096,4.9694269768002664e-05,1.0975033560433608e-10,0.00207522521052186,5.650561213576667e-11,0.0005036449273690285,2.875416329503464e-09,8.590777201522063e-06,2.0527858143906425e-09,1.241180004721244e-10,1.5196851156403483e-05,1.6046049401992962e-05,0.0062444841729756735,3.058710849898732e-05,0.0004900140333015384,1.7336668235009405e-08,5.231370044721337e-09,3.7245824177336285e-08,1.2983187118612935e-07,8.065016335565049e-09,4.656242764336804e-05,0.0009338180643238974,3.5331577840951806e-07,0.0008761124921541823,6.443486630351521e-09,2.539314329498964e-05,6.956715533922743e-08,7.101805462716685e-06,1.1304986656503869e-10,1.1638252813584323e-10,1.8253187187815199e-06,1.3735738997934435e-07,4.536685643768916e-12,9.538340840476346e-11,3.303589700643779e-11
2.6590433198175604e-06,0.16628943999999996,0.8585084662769803,0.0,0.0,0.4436789653172673,0.08673759982414098,0.010126049389277005,9.088209382309139e-06,0.002886132272170846,0.04372170601333158,0.022424860641406648,4.967520847583474e-05,1.0999558770933611e-10,0.00207483665562577,5.649048442066135e-11,0.0005037240684550761,2.875218183931863e-09,8.580483339199135e-06,2.054369355673776e-09,1.2418383535514395e-10,1.518538784481427e-05,1.605948197053116e-05,0.006243215898602139,3.0419924535383033e-05,0.0004901958925201416,1.7248801974930555e-08,5.226905698831468e-09,3.72521918434299e-08,1.2982744835295977e-07,8.109513313502904e-09,4.68020523615927e-05,0.0009382667974889763,3.5352426868955415e-07,0.0008768245053453882,6.442219947774332e-09,2.541440096297181e-05,6.960923316250693e-08,7.0981364985608755e-06,1.1315961580733149e-10,1.164322067082594e-10,1.826848808167458e-06,1.3730341267505295e-07,4.540440968701984e-12,9.52682247445793e-11,3.3011007178693434e-11
2.6612101486335328e-06,0.16628943999999996,0.8585084662769803,0.0,0.0,0.4436748092792227,0.08672078201870605,0.010119302812817737,9.088609593799303e-06,0.00288606059066147,0.043757580934246754,0.02243861565212626,4.9656161239498295e-05,1.1024111725985816e-10,0.002074448292418196,5.6475376125426774e-11,0.0005038031683021955,2.8750206013521128e-09,8.570208185138309e-06,2.055952206677966e-09,1.242495812012918e-10,1.517395467325088e-05,1.607291121631016e-05,0.006241947777862427,3.025417210473138e-05,0.0004903776334238252,1.716166901858726e-08,5.222445513879997e-09,3.725861238688267e-08,1.298229936647631e-07,8.154117798484869e-09,4.7042126526719895e-05,0.0009427213594290542,3.537325981424977e-07,0.000877536355335887,6.440953772861859e-09,2.5435653372546455e-05,6.965127791952456e-08,7.0944687848424436e-06,1.1326933972738122e-10,1.16481817304488e-10,1.8283784443889612e-06,1.3724947288333456e-07,4.5441952055354e-12,9.51532493094318e-11,3.2986321937798025e-11
2.663376977449505e-06,0.16628943999999996,0.8585084662769803,0.0,0.0,0.4436706456923014,0.0867039675732698,0.010112560831724645,9.089007660742592e-06,0.002885988251179603,0.04379344913981964,0.022452360669639227,4.963712803056578e-05,1.1048692417502438e-10,0.0020740601202572677,5.646028720520057e-11,0.0005038822269307999,2.874823580333614e-09,8.559951721120053e-06,2.057534368433811e-09,1.2431523825769395e-10,1.516255133759959e-05,1.608633714732386e-05,0.006240679811235429,3.0089834125672436e-05,0.0004905592561688147,1.7075260698372354e-08,5.217989484425895e-09,3.7265085833250696e-08,1.2981850735245419e-07,8.1988297487861e-09,4.7282649529688456e-05,0.0009471817339577713,3.539407670149989e-07,0.0008782480421248113,6.439688104148866e-09,2.5456900536364495e-05,6.969328967121476e-08,7.090802321700533e-06,1.1337903833117776e-10,1.1653136003279915e-10,1.8299076284603918e-06,1.371955705377261e-07,4.547948356701786e-12,9.503848190417927e-11,3.2961838857845836e-11
2.6655438062654775e-06,0.16628943999999996,0.8585084662769803,0.0,0.0,0.443666474589303,0.08668715648644684,0.01010582344303687,9.089403600599754e-06,0.002885915258596319,0.04382931062841161,0.02246609571210975,4.9618108820498583e-05,1.1073300837384559e-10,0.0020736721385038984,5.644521761494814e-11,0.000503961244361658,2.8746271194469934e-09,8.5497139284676e-06,2.059115841956012e-09,1.2438080676890197e-10,1.5151177537825774e-05,1.609975977156224e-05,0.006239411999193212,2.9926893776327767e-05,0.0004907407609105759,1.6989568477591073e-08,5.213537605042222e-09,3.727161220840377e-08,1.2981398964426902e-07,8.24364912386044e-09,4.7523620769537965e-05,0.0009516479050791702,3.541487755513007e-07,0.0008789595657113261,6.438422940171895e-09,2.547814246707067e-05,6.973526847781228e-08,7.087137109279345e-06,1.1348871162412013e-10,1.1658083500035646e-10,1.8314363613937554e-06,1.3714170557129454e-07,4.551700424629194e-12,9.492392232845924e-11,3.293755554955395e-11
2.66771063508145e-06,0.16628943999999996,0.8585084662769803,0.0,0.0,0.4436622960025841,0.08667034875686504,0.010099090643794202,9.089797430627851e-06,0.0028858416177265245,0.04386516539841817,0.022479820797498766,4.9599103580651743e-05,1.1097936977521951e-10,0.0020732843465218133,5.6430167309469676e-11,0.000504040220615887,2.8744312172642304e-09,8.539494788055868e-06,2.060696628243679e-09,1.2444628697692117e-10,1.5139832977922133e-05,1.6113179097011452e-05,0.006238144342201149,2.9765334489603374e-05,0.0004909221478038255,1.6904583948105294e-08,5.209089870316185e-09,3.727819153851966e-08,1.2980944076580408e-07,8.28857588431567e-09,4.776503965324827e-05,0.0009561198569840697,3.543566239932797e-07,0.0008796709260946303,6.437158279469446e-09,2.549937917730367e-05,6.977721439886477e-08,7.083473147728194e-06,1.1359835961102852e-10,1.166302423132401e-10,1.8329646441987435e-06,1.370878779166533e-07,4.555451411741171e-12,9.480957037679007e-11,3.291346965960529e-11
2.6698774638974222e-06,0.16628943999999996,0.8585084662769803,0.0,0.0,0.4436581099640678,0.08665354438316536,0.010092362431037123,9.09018916788333e-06,0.0028857673333297926,0.0439010134482683,0.022493535943567775,4.958011228227836e-05,1.1122600829792914e-10,0.0020728967436775725,5.641513624340731e-11,0.000504119155714949,2.8742358723587855e-09,8.529294280320236e-06,2.062276728280656e-09,1.245116791212386e-10,1.5128517365857281e-05,1.6126595131653916e-05,0.006236876840718041,2.960513994858881e-05,0.000491103417002541,1.682029882802607e-08,5.204646274849157e-09,3.72848238500782e-08,1.298048609400564e-07,8.33360999188893e-09,4.800690559558097e-05,0.0009605975740465135,3.545643125804899e-07,0.0008803821232739579,6.435894120582184e-09,2.552061067969626e-05,6.981912749324615e-08,7.079810437201548e-06,1.137079822961564e-10,1.166795820764697e-10,1.834492477882778e-06,1.370340875059769e-07,4.559201320456873e-12,9.469542583867137e-11,3.288957887000516e-11
2.6720442927133946e-06,0.16628943999999996,0.8585084662769803,0.0,0.0,0.4436539165052509,0.0866367433640016,0.0100856388018068,9.090578829225005e-06,0.0028856924101111803,0.04393685477642395,0.022507241167882486,4.956113489653409e-05,1.1147292386064094e-10,0.0020725093293405845,5.6400124371251966e-11,0.0005041980496806437,2.8740410833057198e-09,8.519112385265195e-06,2.0638561430358245e-09,1.2457698343885108e-10,1.5117230413524819e-05,1.61400078834684e-05,0.006235609495196246,2.9446294082050347e-05,0.000491284568659972,1.6736704959452505e-08,5.200206813256703e-09,3.729150916985566e-08,1.298002503874622e-07,8.378751409422969e-09,4.824921801892559e-05,0.000965081040820296,3.5477184155020126e-07,0.0008810931572485784,6.434630462053119e-09,2.554183698687544e-05,6.986100781916873e-08,7.0761489778590845e-06,1.1381757968320204e-10,1.167288543940259e-10,1.8360198634510538e-06,1.369803342710164e-07,4.562950153191141e-12,9.458148849868265e-11,3.286588089745054e-11
2.674211121529367e-06,0.16628943999999996,0.8585084662769803,0.0,0.0,0.44364971565721223,0.08661994569804013,0.01007891975314511,9.090966431316995e-06,0.0028856168527220324,0.04397268938137954,0.022520936487816497,4.954217139448149e-05,1.1172011638190334e-10,0.002072122102883129,5.6385131647350273e-11,0.000504276902535104,2.8738468486818163e-09,8.508949082472867e-06,2.0654348734634002e-09,1.2464220016429342e-10,1.5105971836692784e-05,1.615341736043009e-05,0.006234342306081805,2.928878106001599e-05,0.0004914656029286503,1.665379430625685e-08,5.195771480168598e-09,3.7298247524919046e-08,1.2979560932593499e-07,8.424000100842657e-09,4.849197635314795e-05,0.0009695702420355604,3.5497921113744165e-07,0.0008818040280177979,6.43336730242778e-09,2.556305811146254e-05,6.990285543419575e-08,7.072488769865717e-06,1.1392715177532026e-10,1.1677805936887195e-10,1.8375468019065813e-06,1.3692661814311443e-07,4.566697912354584e-12,9.446775813658057e-11,3.284237349271231e-11
2.6763779503453393e-06,0.16628943999999996,0.8585084662769803,0.0,0.0,0.4436455074506198,0.08660315138395978,0.010072205282094647,9.091351990631603e-06,0.0028855406657607744,0.044008517261661294,0.02253462192055475,4.95232217470944e-05,1.1196758578014503e-10,0.0020717350636803725,5.6370158025911286e-11,0.0005043557143007894,2.8736531670657023e-09,8.49880435111144e-06,2.0670129205032237e-09,1.247073295296657e-10,1.509474135495355e-05,1.6166823570510702e-05,0.006233075273814547,2.9132585289450482e-05,0.0004916465199603986,1.657155895191394e-08,5.191340270228845e-09,3.73050389426207e-08,1.2979093797090308e-07,8.469356031132111e-09,4.873518003544236e-05,0.0009740651625954686,3.5518642157503344e-07,0.0008825147355809611,6.432104640254378e-09,2.5584274066073395e-05,6.9944670395253e-08,7.06882981339164e-06,1.1403669857513321e-10,1.1682719710297468e-10,1.8390732942502296e-06,1.3687293905322006e-07,4.5704446003536705e-12,9.435423452739497e-11,3.2819054440029434e-11
2.6785447791613117e-06,0.16628943999999996,0.8585084662769803,0.0,0.0,0.44364129191573903,0.08658636042045145,0.010065495385698736,9.09173552345218e-06,0.0028854638537736807,0.04404433841582683,0.02254829748309711,4.9504285925262124e-05,1.1221533197367345e-10,0.002071348211110388,5.635520346101319e-11,0.0005044344850004815,2.8734600370379612e-09,8.488678169943424e-06,2.068590285081052e-09,1.247723717646613e-10,1.5083538691674153e-05,1.618022652167854e-05,0.006231808398828221,2.897769141001823e-05,0.0004918273199063422,1.6489991097374757e-08,5.1869131780957e-09,3.731188345059285e-08,1.2978623653534627e-07,8.514819166312275e-09,4.897882851018667e-05,0.0009785657875729427,3.553934730936343e-07,0.0008832252799374511,6.430842474083998e-09,2.5605484863318437e-05,6.998645275864106e-08,7.065172108612367e-06,1.1414622008474201e-10,1.168762676973255e-10,1.8405993414807647e-06,1.3681929693190267e-07,4.574190219590801e-12,9.424091744152331e-11,3.279592155651601e-11
2.680711607977284e-06,0.16628943999999996,0.8585084662769803,0.0,0.0,0.44363706908243905,0.08656957280621802,0.010058790061001473,9.092117045875874e-06,0.0028853864212556456,0.04408015284246453,0.022561963192261655,4.948536389979369e-05,1.1246335488067327e-10,0.0020709615445541675,5.634026790660979e-11,0.0005045132146572777,2.8732674571812483e-09,8.47857051733383e-06,2.0701669681088356e-09,1.2483732709659404e-10,1.5072363573947096e-05,1.619362622189859e-05,0.006230541681550594,2.8824084289932266e-05,0.0004920080029169168,1.640908305898263e-08,5.182490198441683e-09,3.731878107674233e-08,1.2978150522983193e-07,8.560389473418892e-09,4.9222921228800225e-05,0.0009830721022074723,3.556003659217728e-07,0.0008839356610866901,6.429580802470734e-09,2.5626690515802864e-05,7.002820258004643e-08,7.06151565570875e-06,1.1425571630573691e-10,1.1692527125195986e-10,1.8421249445948911e-06,1.3676569170936687e-07,4.5779347724643946e-12,9.412780664482365e-11,3.2772972691579354e-11
2.6828784367932564e-06,0.16628943999999996,0.8585084662769803,0.0,0.0,0.44363283898020134,0.08655278853997415,0.010052089305047697,9.092496573816382e-06,0.0028853083726509306,0.04411596054019314,0.022575619064688076,4.946645564142197e-05,1.1271165441920495e-10,0.0020705750633956427,5.632535131653703e-11,0.0005045919032945867,2.8730754260804037e-09,8.468481371258215e-06,2.0717429704849912e-09,1.2490219575042584e-10,1.5061215732541537e-05,1.6207022679132605e-05,0.006229275122403575,2.867174902188739e-05,0.0004921885691418783,1.6328827266431515e-08,5.178071325953594e-09,3.732573184924537e-08,1.297767442625509e-07,8.606066920481044e-09,4.946745764960513e-05,0.000987584091901995,3.5580710028588587e-07,0.0008846458790281413,6.428319623971876e-09,2.5647891036126752e-05,7.006991991455296e-08,7.057860454867007e-06,1.1436518723920799e-10,1.1697420786597762e-10,1.8436501045872936e-06,1.367121233154661e-07,4.5816782613689785e-12,9.401490189870675e-11,3.275020572635053e-11
2.6850452656092288e-06,0.16628943999999996,0.8585084662769803,0.0,0.0,0.4436286016381253,0.08653600762044594,0.010045393114883032,9.092874123006648e-06,0.0028852297123538955,0.04415176150766119,0.02258926511684091,4.94475611208077e-05,1.1296023050720322e-10,0.0020701887670216924,5.631045364451935e-11,0.0005046705509361221,2.872883942322566e-09,8.4584107093106e-06,2.0733182930946705e-09,1.2496697794879352e-10,1.505009490185499e-05,1.6220415901339197e-05,0.006228008721803316,2.852067091907554e-05,0.0004923690187303136,1.624921626076517e-08,5.173656555332503e-09,3.73327357965425e-08,1.297719538393518e-07,8.651851476500137e-09,4.971243723769043e-05,0.0009921017422198336,3.5601367641035545e-07,0.0008853559337613082,6.427058937148036e-09,2.5669086436885187e-05,7.011160481665292e-08,7.054206506278749e-06,1.1447463288575616e-10,1.170230776375619e-10,1.8451748224506722e-06,1.3665859167971655e-07,4.5854206886952514e-12,9.390220296022601e-11,3.272761857312564e-11
2.687212094425201e-06,0.16628943999999996,0.8585084662769803,0.0,0.0,0.4436243570849363,0.08651923004637088,0.010038701487553897,9.09324970900148e-06,0.0028851504447097312,0.04418755574354653,0.022602901365012733,4.942868030854354e-05,1.1320908306247564e-10,0.0020698026548221604,5.629557484417597e-11,0.0005047491576058976,2.8726930044972714e-09,8.448358508711299e-06,2.0748929368100242e-09,1.2503167391203627e-10,1.5039000819865432e-05,1.6233805896473895e-05,0.006226742480160324,2.8370835511281618e-05,0.0004925493518306472,1.617024269241662e-08,5.1692458812937865e-09,3.7339792947333376e-08,1.2976713416377582e-07,8.697743111429047e-09,4.995785946477815e-05,0.0009966250388817053,3.562200945175426e-07,0.000886065825285737,6.4257987405633e-09,2.569027673066841e-05,7.015325734025773e-08,7.050553810140994e-06,1.1458405324550223e-10,1.1707188066399806e-10,1.8466990991757844e-06,1.3660509673131096e-07,4.5891620568301674e-12,9.378970958216673e-11,3.270520917481858e-11
2.6893789232411735e-06,0.16628943999999996,0.8585084662769803,0.0,0.0,0.44362010534899204,0.0865024558164976,0.010032014420107514,9.093623347180162e-06,0.0028850705740151653,0.04422334324655584,0.02261652782532727,4.940981317515803e-05,1.1345821200270133e-10,0.002069416726189869,5.628071486902701e-11,0.0005048277233282227,2.8725026111965705e-09,8.438324746314591e-06,2.076466902490454e-09,1.2509628385822203e-10,1.5027933228083912e-05,1.6247192672489253e-05,0.00622547639787956,2.8222228541058116e-05,0.000492729568590651,1.6091899319286413e-08,5.164839298567115e-09,3.734690333057218e-08,1.2976228543709033e-07,8.74374179615227e-09,5.0203723809094184e-05,0.0010011539677627905,3.5642635482782317e-07,0.000886775553601017,6.424539032785393e-09,2.571146193006194e-05,7.019487753870857e-08,7.046902366656187e-06,1.1469344831809761e-10,1.1712061704169225e-10,1.84822293575148e-06,1.3655163839913148e-07,4.592902368157019e-12,9.367742151313398e-11,3.268297550442467e-11
2.691545752057146e-06,0.16628943999999996,0.8585084662769803,0.0,0.0,0.44361584645828883,0.08648568492958567,0.010025331909591914,9.093995052749005e-06,0.0028849901045191603,0.044259124015424124,0.02263014451374249,4.939095969111943e-05,1.1370761724542949e-10,0.002069030980520627,5.6265873672499705e-11,0.0005049062481276956,2.8723127610151263e-09,8.428309398616327e-06,2.078040190982869e-09,1.251608080031745e-10,1.5016891871507575e-05,1.6260576237334928e-05,0.006224210475360545,2.8074835959976656e-05,0.0004929096691574538,1.6014179004860157e-08,5.160436801896459e-09,3.73540669754624e-08,1.297574078583216e-07,8.789847502465732e-09,5.0450029755239105e-05,0.0010056885148898615,3.566324575596215e-07,0.0008874851187067802,6.423279812385788e-09,2.5732642047646697e-05,7.023646546478682e-08,7.043252176032206e-06,1.1480281810273405e-10,1.1716928686618943e-10,1.8497463331647423e-06,1.3649821661176324e-07,4.596641625055507e-12,9.35653384976386e-11,3.266091556449475e-11
2.6937125808731182e-06,0.16628943999999996,0.8585084662769803,0.0,0.0,0.44361158044046894,0.08646891738440533,0.010018653953055972,9.094364840743843e-06,0.002884909040423607,0.04429489804891437,0.022643751446053555,4.9372119826839614e-05,1.1395729870807825e-10,0.002068645417213246,5.625105120793424e-11,0.0005049847320291995,2.8721234525503174e-09,8.418312441761382e-06,2.079612803121926e-09,1.2522524656049937e-10,1.5005876498573197e-05,1.627395659895776e-05,0.0062229447129974625,2.7928643924954815e-05,0.0004930896536775482,1.59370747163624e-08,5.15603838604009e-09,3.7361283911452325e-08,1.2975250162428798e-07,8.836060203057782e-09,5.069677679406477e-05,0.0010102286664384753,3.568384029294425e-07,0.0008881945206027026,6.422021077939863e-09,2.575381709599917e-05,7.027802117072412e-08,7.039603238482381e-06,1.1491216259815254e-10,1.1721789023219104e-10,1.8512692924007194e-06,1.3644483129750724e-07,4.6003798299018135e-12,9.345346027618271e-11,3.2639027386619996e-11
2.6958794096890906e-06,0.16628943999999996,0.8585084662769803,0.0,0.0,0.4436073073228257,0.08645215317973748,0.01001198054754939,9.094732726032492e-06,0.0028848273858839927,0.04433066534581693,0.02265734863789579,4.935329355267775e-05,1.1420725630793319e-10,0.0020682600356695443,5.623624742858984e-11,0.000505063175057897,2.8719346844023414e-09,8.408333851551018e-06,2.081184739730271e-09,1.2528959974161105e-10,1.4994886861111144e-05,1.6287333765301857e-05,0.006221679111179249,2.778363879465667e-05,0.0004932695222968007,1.586057952294862e-08,5.151644045770578e-09,3.736855416823022e-08,1.2974756692963112e-07,8.882379871489932e-09,5.094396442255038e-05,0.001014774408730221,3.570441911519063e-07,0.0008889037592885054,6.420762828027004e-09,2.5774987087691502e-05,7.031954470821229e-08,7.035955554225486e-06,1.150214818026534e-10,1.172664272335721e-10,1.8527918144427651e-06,1.363914823843928e-07,4.604116985068681e-12,9.334178658534327e-11,3.261730903092663e-11
2.698046238505063e-06,0.16628943999999996,0.8585084662769803,0.0,0.0,0.4436030271323114,0.08643539231437333,0.010005311690122743,9.09509872331718e-06,0.002884745145010071,0.04436642590494914,0.022670936104747554,4.933448083894412e-05,1.144574899621463e-10,0.0020678748352943644,5.6221462287650434e-11,0.0005051415772392248,2.871746455174313e-09,8.39837360345015e-06,2.0827560016187754e-09,1.2535386775575825e-10,1.4983922714299831e-05,1.6300707744308665e-05,0.006220413670289692,2.763980712596534e-05,0.0004934492751604575,1.5784686593931788e-08,5.1472537758748005e-09,3.7375877775719834e-08,1.2974260396684834e-07,8.928806482178418e-09,5.119159214368385e-05,0.0010193257282300253,3.572498224397785e-07,0.0008896128347639549,6.419505061230768e-09,2.579615203529164e-05,7.036103612841328e-08,7.032309123485756e-06,1.1513077571410506e-10,1.1731489796339866e-10,1.8543139002724725e-06,1.3633816980019024e-07,4.607853092925476e-12,9.323031715785491e-11,3.259575858558092e-11
2.7002130673210353e-06,0.16628943999999996,0.8585084662769803,0.0,0.0,0.44359873989554194,0.08641863478711423,0.009998647377827456,9.095462847136918e-06,0.0028846623218665114,0.04440217972515495,0.022684513861933018,4.931568165590367e-05,1.1470799958773455e-10,0.002067489815495574,5.6206695738230467e-11,0.0005052199385988894,2.8715587634723547e-09,8.38843167259445e-06,2.084326589586766e-09,1.2541805081005047e-10,1.4972983816620626e-05,1.631407854391707e-05,0.006219148390707534,2.749713567052597e-05,0.0004936289124131555,1.5709389197045414e-08,5.142867571153913e-09,3.7383254764075804e-08,1.2973761292632255e-07,8.975340010375942e-09,5.143965946634347e-05,0.0010238826115435173,3.574552970040026e-07,0.0008903217470288639,6.418247776138968e-09,2.5817311951363494e-05,7.040249548196837e-08,7.0286639464928804e-06,1.1524004432995297e-10,1.1736330251394358e-10,1.855835550869708e-06,1.3628489347242335e-07,4.611588155838278e-12,9.311905172269094e-11,3.2574374166303876e-11
2.7023798961370077e-06,0.16628943999999996,0.8585084662769803,0.0,0.0,0.44359444563880346,0.08640188059677169,0.009991987607715839,9.095825111869829e-06,0.0028845789204735434,0.044437926805304395,0.022698081924624993,4.929689597377968e-05,1.1495878510157888e-10,0.002067104975684081,5.6191947733380504e-11,0.000505298259162861,2.8713716079056988e-09,8.37850803379741e-06,2.0858965044222475e-09,1.254821491094834e-10,1.496206992981324e-05,1.632744617206349e-05,0.006217883272806547,2.735561137135771e-05,0.0004938084341989273,1.5634680696739916e-08,5.138485426423366e-09,3.739068516367928e-08,1.297325939963534e-07,9.021980432153847e-09,5.168816590518377e-05,0.0010284450454144433,3.576606150537302e-07,0.0008910304960830918,6.416990971343815e-09,2.583846684846701e-05,7.044392281900796e-08,7.0250200234820015e-06,1.1534928764722893e-10,1.1741164097670354e-10,1.8573567672126482e-06,1.3623165332838124e-07,4.615322176169929e-12,9.300799000514358e-11,3.2553153915895156e-11
2.70454672495298e-06,0.16628943999999996,0.8585084662769803,0.0,0.0,0.4435901443880582,0.08638512974216692,0.009985332376841089,9.096185531735461e-06,0.0028844949448075838,0.04447366714429319,0.02271164030784757,4.927812376275724e-05,1.1520984642042288e-10,0.0020667203152738354,5.617721822609282e-11,0.0005053765389573695,2.8711849870867784e-09,8.368602661557262e-06,2.087465746902122e-09,1.2554616285696474e-10,1.4951180818831589e-05,1.634081063668192e-05,0.006216618316955636,2.7215221359532998e-05,0.0004939878406612109,1.556055455251348e-08,5.13410733651288e-09,3.7398169005133495e-08,1.2972754736318656e-07,9.068727724384648e-09,5.1937110980522204e-05,0.0010330130167221397,3.578657767963512e-07,0.000891739081926545,6.415734645442004e-09,2.585961673915837e-05,7.048531818916025e-08,7.02137735469371e-06,1.1545850566255898e-10,1.1745991344241432e-10,1.8588775502778118e-06,1.361784492951301e-07,4.619055156280117e-12,9.289713172690296e-11,3.253209600376708e-11
2.7067135537689524e-06,0.16628943999999996,0.8585084662769803,0.0,0.0,0.44358583616895025,0.08636838222213092,0.009978681682257316,9.09654412079703e-06,0.00288441039880186,0.044509400741042364,0.022725189026478763,4.925936499298677e-05,1.1546118346087181e-10,0.0020663358336818418,5.6162507169306826e-11,0.0005054547780089002,2.870998899631319e-09,8.35871553006379e-06,2.08903431779241e-09,1.256100922533393e-10,1.4940316251800122e-05,1.635417194570405e-05,0.006215353523518924,2.707595295092293e-05,0.0004941671319428551,1.548700431727518e-08,5.129733296266449e-09,3.740570631925955e-08,1.2972247321104347e-07,9.115581864724886e-09,5.21864942182294e-05,0.001037586512479053,3.5807078243752307e-07,0.0008924475045591768,6.4144787970348594e-09,2.5880761635990072e-05,7.052668164156052e-08,7.017735940374039e-06,1.1556769837217227e-10,1.1750812000106656e-10,1.8603979010400938e-06,1.3612528129952535e-07,4.62278709852544e-12,9.278647660613455e-11,3.251119862548693e-11
2.7088803825849247e-06,0.16628943999999996,0.8585084662769803,0.0,0.0,0.4435815210068108,0.08635163803550411,0.009972035521019523,9.096900892963637e-06,0.002884325286347019,0.04454512759449781,0.022738728095253156,4.924061963458737e-05,1.1571279613939138e-10,0.0020659515303281606,5.614781451591444e-11,0.000505532976344187,2.8708133441584242e-09,8.348846613205058e-06,2.090602217848453e-09,1.2567393749741447e-10,1.492947599997061e-05,1.6367530107059328e-05,0.0062140888928558305,2.6937793643007006e-05,0.0004943463081861298,1.5414023635740928e-08,5.125363300542313e-09,3.7413297137092234e-08,1.2971737172214987e-07,9.162542831598472e-09,5.2436315149621024e-05,0.0010421655198283176,3.5827563218120045e-07,0.0008931557639809899,6.413223424728409e-09,2.590190155151107e-05,7.056801322485986e-08,7.014095780774448e-06,1.1567686577190937e-10,1.175562607419209e-10,1.8619178204727991e-06,1.360721492682227e-07,4.626518005259472e-12,9.267602435755579e-11,3.249046000232899e-11
2.711047211400897e-06,0.16628943999999996,0.8585084662769803,0.0,0.0,0.44357719892666436,0.08633489718113625,0.009965393890183652,9.097255861992463e-06,0.0028842396112917267,0.044580847703629876,0.02275225752876439,4.9221887657650294e-05,1.1596468437230673e-10,0.0020655674046359154,5.613314021876541e-11,0.0005056111339902097,2.8706283192906682e-09,8.338995884574027e-06,2.092169447815126e-09,1.2573769878598487e-10,1.491865983767945e-05,1.6380885128675065e-05,0.006212824425321172,2.6800731111746127e-05,0.0004945253695327308,1.5341606242860575e-08,5.1209973442129534e-09,3.7420941489875694e-08,1.297122430767645e-07,9.20961060418009e-09,5.268657331135184e-05,0.001046750026041378,3.5848032622966296e-07,0.0008938638601920358,6.411968527133497e-09,2.5923036498266936e-05,7.060931298723372e-08,7.01045687615182e-06,1.1578600785723034e-10,1.1760433575352275e-10,1.8634373095476739e-06,1.3601905312768966e-07,4.630247878832842e-12,9.256577469251145e-11,3.246987838083475e-11
2.7132140402168695e-06,0.16628943999999996,0.8585084662769803,0.0,0.0,0.44357286995323336,0.08631815965788639,0.00995875678680657,9.097609041490888e-06,0.0028841533774432554,0.04461656106743305,0.02276577734146769,4.9203169032242165e-05,1.1621684807580136e-10,0.002065183456031301,5.611848423067252e-11,0.0005056892509741878,2.8704438236541795e-09,8.329163317475057e-06,2.093736008427038e-09,1.2580137631385754e-10,1.4907867542305382e-05,1.639423701847648e-05,0.006211560121265227,2.666475320851717e-05,0.000494704316123788,1.526974596227599e-08,5.116635422165076e-09,3.7428639409059604e-08,1.2970708745320644e-07,9.256785162379314e-09,5.293726824531257e-05,0.001051340018515663,3.586848647835439e-07,0.0008945717931924142,6.410714102865882e-09,2.5944166488799944e-05,7.065058097639043e-08,7.006819226768438e-06,1.1589512462322266e-10,1.1765234512371717e-10,1.8649563692349383e-06,1.3596599280421648e-07,4.633976721593271e-12,9.245572731904747e-11,3.244945203238218e-11
2.715380869032842e-06,0.16628943999999996,0.8585084662769803,0.0,0.0,0.4435685341109442,0.08630142546462245,0.009952124207946096,9.097960444918623e-06,0.002884066588568069,0.04465226768492546,0.022779287547682252,4.918446372840828e-05,1.1646928716591617e-10,0.002064799683943584,5.610384650441669e-11,0.0005057673273235767,2.8702598558787246e-09,8.31934888493034e-06,2.0953019004087254e-09,1.2586497027387612e-10,1.489709889422773e-05,1.6407585784386832e-05,0.00621029598103383,2.65298479571081e-05,0.0004948831480998717,1.519843670480932e-08,5.112277529299596e-09,3.743639092629507e-08,1.2970190502788322e-07,9.304066486824679e-09,5.318839949852784e-05,0.0010559354847723059,3.588892480418562e-07,0.0008952795629822751,6.409460150546344e-09,2.5965291535649245e-05,7.069181723957932e-08,7.003182832891971e-06,1.1600421606460903e-10,1.1770028893966268e-10,1.8664750005033184e-06,1.359129682239273e-07,4.637704535885684e-12,9.234588194198434e-11,3.2429179252763004e-11
2.717547697848814e-06,0.16628943999999996,0.8585084662769803,0.0,0.0,0.443564191423932,0.08628469460022135,0.009945496150660997,9.09831008558976e-06,0.0028839792483923857,0.04468796755514859,0.022792788161593695,4.916577171617576e-05,1.1672200155854828e-10,0.0020644160878051047,5.6089226992752046e-11,0.0005058453630660636,2.870076414597791e-09,8.309552559686203e-06,2.096867124474854e-09,1.259284808569455e-10,1.488635367678508e-05,1.6420931434327445e-05,0.006209032004968444,2.6396003550772075e-05,0.0004950618656010006,1.5127672466980768e-08,5.107923660531608e-09,3.744419607343066e-08,1.2969669597531715e-07,9.351454558848401e-09,5.3439966623057484e-05,0.0010605364124539136,3.590934762020207e-07,0.0008959871695618191,6.408206668800739e-09,2.5986411651350968e-05,7.0733021823599e-08,6.999547694795457e-06,1.1611328217575517e-10,1.1774816728784522e-10,1.8679932043200756e-06,1.3585997931279058e-07,4.64143132405222e-12,9.22362382629888e-11,3.240905836176852e-11
2.7197145266647866e-06,0.16628943999999996,0.8585084662769803,0.0,0.0,0.44355984191604575,0.08626796706356862,0.009938872612011006,9.098657976674823e-06,0.0028838913606027434,0.04472366067716685,0.02280627919725633,4.9147092965556716e-05,1.1697499116945038e-10,0.0020640326670512887,5.607462564841084e-11,0.0005059233582295612,2.8698934984486668e-09,8.29977431421933e-06,2.0984316813303953e-09,1.259919082520556e-10,1.4875631676234458e-05,1.6434273976217848e-05,0.0062077681934062405,2.626320834933941e-05,0.0004952404687666473,1.5057447329555503e-08,5.10357381079038e-09,3.7452054882508633e-08,1.296914604681721e-07,9.398949360471053e-09,5.369196917589841e-05,0.0010651427893223818,3.592975494598912e-07,0.0008966946129312963,6.406953656260135e-09,2.600752684843835e-05,7.077419477480508e-08,6.995913812757275e-06,1.1622232295067698e-10,1.1779598025409226e-10,1.8695109816510395e-06,1.358070259966299e-07,4.645157088432339e-12,9.212679598064438e-11,3.2389087702783215e-11
2.721881355480759e-06,0.16628943999999996,0.8585084662769803,0.0,0.0,0.44355548561085323,0.08625124285355847,0.009932253589056831,9.099004131202764e-06,0.002883802928846549,0.04475934705006725,0.02281976066859551,4.912842744655137e-05,1.172282559142294e-10,0.0020636494211206395,5.606004242410834e-11,0.0005060013128422045,2.869711106072524e-09,8.290014120742893e-06,2.099995571670824e-09,1.2605525264630586e-10,1.486493268171096e-05,1.6447613417975828e-05,0.006206504546680178,2.6131450876386056e-05,0.0004954189577357452,1.498775545611824e-08,5.0992279750193214e-09,3.7459967385761e-08,1.2968619867727936e-07,9.446550874387023e-09,5.394440671889024e-05,0.0010697546032567486,3.595014680097808e-07,0.0008974018930910086,6.405701111560848e-09,2.6028637139441902e-05,7.081533613911811e-08,6.9922811870611325e-06,1.1633133838304833e-10,1.1784372792358535e-10,1.8710283334606357e-06,1.35754108201134e-07,4.6488818313628596e-12,9.201755479052159e-11,3.236926564238644e-11
2.7240481842967313e-06,0.16628943999999996,0.8585084662769803,0.0,0.0,0.443551122531646,0.0862345219690934,0.009925639078860168,9.099348562062921e-06,0.0028837139567326206,0.04479502667295901,0.022833232589409856,4.910977512915099e-05,1.1748179570834598e-10,0.002063266349454749,5.6045477272547685e-11,0.0005060792269323466,2.8695292361144895e-09,8.280271951212586e-06,2.101558796182293e-09,1.261185142249285e-10,1.4854256485187839e-05,1.6460949767517497e-05,0.006205241065119068,2.600071981645743e-05,0.0004955973326466956,1.4918591091676528e-08,5.09488614817597e-09,3.746793361560598e-08,1.2968091077166345e-07,9.494259083949646e-09,5.419727881862055e-05,0.0010743718422511028,3.5970523204448744e-07,0.0008981090100413086,6.404449033344567e-09,2.6049742536889493e-05,7.085644596203117e-08,6.988649817996028e-06,1.1644032846620796e-10,1.17891410380874e-10,1.8725452607119186e-06,1.3570122585186704e-07,4.6526055551780325e-12,9.190851438524607e-11,3.2349590569961685e-11
2.7262150131127036e-06,0.16628943999999996,0.8585084662769803,0.0,0.0,0.4435467527014445,0.08621780440908429,0.009919029078483707,9.099691282006976e-06,0.002883624447831721,0.04483069954497324,0.022846694973373424,4.9091135983341024e-05,1.1773561046711312e-10,0.002062883451498293,5.6030930146424475e-11,0.0005061571005285528,2.8693478872237256e-09,8.270547777332532e-06,2.1031213555418103e-09,1.261816931713121e-10,1.4843602881437086e-05,1.6474283032757423e-05,0.00620397774904766,2.587100401234639e-05,0.0004957755936373731,1.4849948561289755e-08,5.090548325231954e-09,3.747595360464419e-08,1.2967559691856736e-07,9.542073973157413e-09,5.445058504633523e-05,0.0010789944944125255,3.5990884175531784e-07,0.0008988159637826006,6.403197420258396e-09,2.6070843053306516e-05,7.089752428861725e-08,6.985019705856229e-06,1.165492931931667e-10,1.179390277098878e-10,1.8740617643665982e-06,1.3564837887427887e-07,4.656328262209599e-12,9.179967445456617e-11,3.2330060897313427e-11
2.728381841928676e-06,0.16628943999999996,0.8585084662769803,0.0,0.0,0.44354237614300207,0.08620109017245012,0.00991242358499113,9.100032303650829e-06,0.0028835344056770823,0.04486636566526259,0.02286014783403795,4.9072509979103835e-05,1.1798970010569585e-10,0.002062500726699036,5.6016400998431485e-11,0.0005062349336595981,2.8691670580534993e-09,8.260841570561154e-06,2.104683250417417e-09,1.2624478966702515e-10,1.4832971667990461e-05,1.6487613221608644e-05,0.006202714598786703,2.5742292462424167e-05,0.0004959537408451327,1.4781822268726398e-08,5.086214501172976e-09,3.7484027385655125e-08,1.2967025728347692e-07,9.589995526639527e-09,5.470432497784647e-05,0.0010836225479590779,3.60112297332113e-07,0.0008995227543153413,6.401946270954956e-09,2.609193870121598e-05,7.093857116353664e-08,6.981390850941249e-06,1.166582325566144e-10,1.1798657999394945e-10,1.8755778453850693e-06,1.355955671937144e-07,4.660049954786845e-12,9.169103468541942e-11,3.2310675058291455e-11
2.7305486707446484e-06,0.16628943999999996,0.8585084662769803,0.0,0.0,0.44353799287881024,0.08618437925811787,0.009905822595447148,9.1003716394765e-06,0.0028834438337649185,0.044902025033000885,0.02287359118483485,4.9053897086421755e-05,1.182440645391099e-10,0.002062118174507829,5.6001889781263266e-11,0.0005063127263544619,2.868986747261261e-09,8.251153302116914e-06,2.106244481468354e-09,1.2630780389183885e-10,1.4822362645101e-05,1.6500940341982833e-05,0.0062014516146530205,2.561457431802316e-05,0.0004961317744068145,1.4714206695145069e-08,5.081884670998783e-09,3.749215499159349e-08,1.296648920301456e-07,9.638023729642804e-09,5.495849819344766e-05,0.001088255991217829,3.603155989632711e-07,0.0009002293816400398,6.4006955840924345e-09,2.6113029493138697e-05,7.09795866310441e-08,6.977763253555799e-06,1.1676714654892667e-10,1.1803406731578636e-10,1.8770935047264414e-06,1.3554279073542324e-07,4.663770635236674e-12,9.158259476199805e-11,3.229143150842214e-11
2.7327154995606207e-06,0.16628943999999996,0.8585084662769803,0.0,0.0,0.44353360293110256,0.0861676716650224,0.009899226106917488,9.100709301833938e-06,0.002883352735554935,0.04493767764738283,0.02288702503907737,4.903529727527982e-05,1.1849870368222113e-10,0.002061735794378613,5.5987396447620524e-11,0.0005063904786423235,2.868806953508715e-09,8.24148294298399e-06,2.1078050493452287e-09,1.2637073602375033e-10,1.4811775615704959e-05,1.6514264401790302e-05,0.0062001887969595805,2.5487838880870325e-05,0.0004963096944587526,1.4647096397803471e-08,5.077558829723137e-09,3.750033645558589e-08,1.2965950132061806e-07,9.686158568017767e-09,5.521310427782454e-05,0.001092894812622925,3.6051874683577107e-07,0.0009009358457572574,6.3994453583346665e-09,2.613411544159336e-05,7.102057073499577e-08,6.974136914009781e-06,1.1687603516217148e-10,1.1808148975754335e-10,1.8786087433485674e-06,1.3549004942456962e-07,4.667490305883652e-12,9.147435436581321e-11,3.227232872454723e-11
2.734882328376593e-06,0.16628943999999996,0.8585084662769803,0.0,0.0,0.44352920632185955,0.0861509673921063,0.009892634116468907,9.101045302942853e-06,0.002883261114470831,0.04497332350762363,0.022900449409962605,4.901671051566854e-05,1.1875361744974468e-10,0.002061353585768417,5.59729209502146e-11,0.0005064681905525588,2.86862767546188e-09,8.231830463917828e-06,2.1093649546901775e-09,1.2643358623900475e-10,1.4801210385384252e-05,1.6527585408940137e-05,0.006198926146015559,2.536207560057044e-05,0.0004964875011367764,1.4580486008789436e-08,5.073236972373793e-09,3.750857181092723e-08,1.296540853152542e-07,9.734400028205945e-09,5.546814281997356e-05,0.0010975390007136932,3.607217411351959e-07,0.000901642146667609,6.398195592351209e-09,2.6155196559096706e-05,7.106152351885623e-08,6.970511832618225e-06,1.169848983881161e-10,1.1812884740079387e-10,1.8801235622080679e-06,1.3543734318624108e-07,4.671208969050072e-12,9.136631317575841e-11,3.2253365204469065e-11
2.7370491571925655e-06,0.16628943999999996,0.8585084662769803,0.0,0.0,0.44352480307281317,0.08613426643831969,0.009886046621169197,9.101379654894477e-06,0.0028831689739007827,0.04500896261295874,0.02291386431057346,4.89981367775866e-05,1.1900880575624412e-10,0.002060971548137352,5.595846324177172e-11,0.0005065458621147356,2.8684489117911635e-09,8.222195835450633e-06,2.1109241981370305e-09,1.2649635471211832e-10,1.4790666762329308e-05,1.6540903371340245e-05,0.006197663662126404,2.523727407213761e-05,0.0004966651945762215,1.4514370233779182e-08,5.06891909399245e-09,3.751686109107742e-08,1.2964864417275182e-07,9.782748097226701e-09,5.572361341311672e-05,0.0011021885441327922,3.6092458204575495e-07,0.0009023482843717622,6.396946284817376e-09,2.617627285816361e-05,7.11024450257051e-08,6.966888009701279e-06,1.1709373621823273e-10,1.181761403265514e-10,1.8816379622603614e-06,1.3538467194545777e-07,4.674926627056012e-12,9.125847086817182e-11,3.223453946660297e-11
2.739215986008538e-06,0.16628943999999996,0.8585084662769803,0.0,0.0,0.44352039320545017,0.08611756880262027,0.009879463618087204,9.101712369653343e-06,0.00288307631719793,0.045044594962643486,0.02292726975388063,4.897957603104366e-05,1.1926426851613076e-10,0.002060589680948621,5.5944023275037307e-11,0.0005066234933586087,2.8682706611714318e-09,8.212579027896775e-06,2.112482780311458e-09,1.2655904161590013e-10,1.4780144557302427e-05,1.655421829689748e-05,0.006196401345593909,2.5113424033574592e-05,0.0004968427749119305,1.4448743850816273e-08,5.064605189634738e-09,3.752520432965817e-08,1.2964317805016945e-07,9.831202762665063e-09,5.5979515654623595e-05,0.00110684343162439,3.611272697503064e-07,0.000903054258870438,6.3956974344143375e-09,2.6197344351307258e-05,7.114333529824377e-08,6.9632654455841484e-06,1.172025486437058e-10,1.1822336861528143e-10,1.8831519444596928e-06,1.3533203562718153e-07,4.678643282219398e-12,9.11508271168976e-11,3.221585004963617e-11
2.74138281482451e-06,0.16628943999999996,0.8585084662769803,0.0,0.0,0.44351597674101706,0.08610087448397302,0.009872885104292834,9.102043459058962e-06,0.00288298314768085,0.04508022055595283,0.02294066575274448,4.896102824606278e-05,1.19520005643663e-10,0.002060207983668506,5.592960100278016e-11,0.0005067010843141182,2.8680929222820668e-09,8.202980011358108e-06,2.1140407018311323e-09,1.2662164712147437e-10,1.4769643583601544e-05,1.656753019351766e-05,0.006195139196716263,2.4990515363498397e-05,0.0004970202422782631,1.4383601709117415e-08,5.060295254370176e-09,3.753360156044939e-08,1.2963768710294914e-07,9.87976401265873e-09,5.623584914592836e-05,0.0011115036520323864,3.613298044303776e-07,0.0009037600701644119,6.394449039829136e-09,2.6218411051039247e-05,7.118419437880168e-08,6.959644140597078e-06,1.1731133565543717e-10,1.182705323469113e-10,1.884665509759156e-06,1.352794341563244e-07,4.6823589368560315e-12,9.10433815933465e-11,3.219729551219293e-11
2.7435496436404825e-06,0.16628943999999996,0.8585084662769803,0.0,0.0,0.4435115537005244,0.08608418348135016,0.009866311076857048,9.102372934827553e-06,0.00288288946863403,0.04511583939218095,0.022954052319916967,4.894249339268315e-05,1.1977601705294532e-10,0.0020598264557663746,5.5915196377796506e-11,0.0005067786350113831,2.867915693807035e-09,8.193398755729187e-06,2.115597963305876e-09,1.266841713983019e-10,1.4759163657024483e-05,1.658083906910572e-05,0.00619387721578813,2.4868538078811616e-05,0.0004971975968090972,1.4318938727896957e-08,5.055989283282144e-09,3.754205281738647e-08,1.2963217148493832e-07,9.928431835886816e-09,5.64926134924564e-05,0.0011161691942986676,3.6153218626618876e-07,0.0009044657182545125,6.393201099754787e-09,2.6239472969869728e-05,7.122502230934304e-08,6.956024095075298e-06,1.1742009724405278e-10,1.1831763160084215e-10,1.886178659110723e-06,1.3522686745775735e-07,4.686073593279691e-12,9.093613396655516e-11,3.2178874432506617e-11
2.745716472456455e-06,0.16628943999999996,0.8585084662769803,0.0,0.0,0.4435071241047499,0.08606749579373102,0.009859741532851882,9.102700808553703e-06,0.0028827952833083152,0.04515145147064107,0.022967429468043407,4.892397144096257e-05,1.2003230265792782e-10,0.002059445096714668,5.590080935291406e-11,0.0005068561454806988,2.867738974434946e-09,8.183835230702417e-06,2.1171545653378034e-09,1.267466146142019e-10,1.4748704595833623e-05,1.659414493156574e-05,0.00619261540310069,2.474748233241805e-05,0.0004973748386378383,1.4254749895218294e-08,5.051687271467829e-09,3.7550558134556605e-08,1.2962663134841119e-07,9.977206221557078e-09,5.6749808303543356e-05,0.0011208400474613954,3.617344154366714e-07,0.0009051712031416236,6.391953612890282e-09,2.626053012030753e-05,7.126581913147263e-08,6.952405309358986e-06,1.1752883339990853e-10,1.1836466645595833e-10,1.8876913934652694e-06,1.3517433545631874e-07,4.689787253802149e-12,9.082908390324453e-11,3.2160585408097275e-11
2.7478833012724273e-06,0.16628943999999996,0.8585084662769803,0.0,0.0,0.44350268797424297,0.08605081142010189,0.009853176469350463,9.103027091711982e-06,0.0028827005949213723,0.045187056790665106,0.022980797209664346,4.890546236097988e-05,1.202888623724055e-10,0.002059063905988908,5.5886439880995994e-11,0.0005069336157525323,2.8675627628591145e-09,8.174289405773121e-06,2.118710508521468e-09,1.2680897693537333e-10,1.4738266220721043e-05,1.6607447788801063e-05,0.006191353758941716,2.4627338410982227e-05,0.0004975519678974212,1.4191030266862072e-08,5.047389214038225e-09,3.755911754619622e-08,1.2962106684409043e-07,1.0026087159395407e-08,5.700743319236623e-05,0.0011255162006533327,3.619364921194898e-07,0.0009058765248266827,6.390706577940681e-09,2.6281582514860293e-05,7.130658488644214e-08,6.9487877837932266e-06,1.1763754411309572e-10,1.184116369906386e-10,1.8892037137726002e-06,1.3512183807682256e-07,4.693499920733236e-12,9.072223106787741e-11,3.2142427055456156e-11
2.7500501300883996e-06,0.16628943999999996,0.8585084662769803,0.0,0.0,0.44349824532932847,0.08603413035945597,0.009846615883426994,9.103351795658572e-06,0.0028826054066581276,0.04522265535160335,0.02299415555721729,4.888696612283743e-05,1.2054569611001762e-10,0.0020586828830676876,5.587208791494477e-11,0.0005070110458575193,2.867387057777617e-09,8.164761250244522e-06,2.1202657934440077e-09,1.2687125852641605e-10,1.4727848354774081e-05,1.6620747648714345e-05,0.006190092283595617,2.4508096732731244e-05,0.0004977289847203188,1.4127774965221651e-08,5.043095106118056e-09,3.756773108668729e-08,1.296154781211681e-07,1.0075074639632926e-08,5.726548777586297e-05,0.001130197643100205,3.621384164910624e-07,0.0009065816833106821,6.389459993617142e-09,2.6302630166034585e-05,7.134731961515625e-08,6.945171518727967e-06,1.1774622937344725e-10,1.1845854328276581e-10,1.8907156209814752e-06,1.350693752440662e-07,4.697211596380904e-12,9.061557512271523e-11,3.212439800973511e-11
2.752216958904372e-06,0.16628943999999996,0.8585084662769803,0.0,0.0,0.4434937961901104,0.08601745261079315,0.009840059772156783,9.103674931632861e-06,0.002882509721671207,0.045258247152824276,0.023007504523038427,4.8868482696663456e-05,1.208028037842469e-10,0.002058302027432666,5.585775340770602e-11,0.0005070884358264594,2.867211857893352e-09,8.155250733232657e-06,2.1218204206852722e-09,1.2693345955035126e-10,1.4717450823441339e-05,1.663404451920767e-05,0.006188830977343509,2.4389747845298793e-05,0.0004979058892385414,1.4064979178212164e-08,5.038804942845765e-09,3.757639879055512e-08,1.29609865327326e-07,1.01241686529969e-08,5.752397167467018e-05,0.0011348843641190824,3.6234018872657903e-07,0.0009072866785946696,6.388213858636962e-09,2.6323673086336076e-05,7.138802335817825e-08,6.941556514517965e-06,1.1785488917054296e-10,1.1850538540973676e-10,1.8922271160396322e-06,1.3501694688283905e-07,4.700922283051273e-12,9.050911572787372e-11,3.2106496924443035e-11
2.7543837877203443e-06,0.16628943999999996,0.8585084662769803,0.0,0.0,0.4434893405764757,0.08600077817312,0.009833508132616239,9.103996510758972e-06,0.0028824135430813667,0.04529383219371413,0.023020844119364326,4.885001205261442e-05,1.2106018530841912e-10,0.0020579213385685706,5.58434363122722e-11,0.0005071657856903136,2.8670371619140958e-09,8.145757823671186e-06,2.1233743908179677e-09,1.269955801686428e-10,1.470707345449914e-05,1.66473384081826e-05,0.006187569840463262,2.4272282423609555e-05,0.0004980826815836513,1.4002638158209438e-08,5.034518719373462e-09,3.758512069246451e-08,1.296042286087563e-07,1.017336919069726e-08,5.7782884513041434e-05,0.0011395763531168144,3.6254180900002204e-07,0.0009079915106797469,6.386968171723629e-09,2.6344711288269577e-05,7.142869615573591e-08,6.937942771522757e-06,1.1796352349371471e-10,1.1855216344847182e-10,1.8937381998938154e-06,1.3496455291792977e-07,4.704631983048673e-12,9.040285254137764e-11,3.208872247114718e-11
2.7565506165363167e-06,0.16628943999999996,0.8585084662769803,0.0,0.0,0.443484878508098,0.08598410704544962,0.009826960961882885,9.104316544047326e-06,0.002882316873977915,0.045329410473676834,0.02303417435833364,4.8831554160877255e-05,1.2131784059570238e-10,0.0020575408159631873,5.5829136581686404e-11,0.0005072430954801993,2.8668629685525555e-09,8.136282490316154e-06,2.1249277044077826e-09,1.2705762054121745e-10,1.469671607801839e-05,1.6660629323540274e-05,0.0061863088732295535,2.4155691267804244e-05,0.0004982593618867545,1.3940747220997473e-08,5.030236430866897e-09,3.75938968272177e-08,1.295985681101816e-07,1.0222676244418735e-08,5.804222591879194e-05,0.0011442735995884714,3.6274327748418516e-07,0.000908696179567072,6.385722931606872e-09,2.636574478433927e-05,7.146933804772726e-08,6.934330290106594e-06,1.1807213233205315e-10,1.1859887747542482e-10,1.895248873489795e-06,1.349121932741341e-07,4.708340698675716e-12,9.029678521921483e-11,3.207107333918015e-11
2.758717445352289e-06,0.16628943999999996,0.8585084662769803,0.0,0.0,0.4434804100044406,0.0859674392268015,0.00982041825703536,9.104635042396142e-06,0.002882219717419133,0.04536498199213355,0.023047495251988678,4.8813108991671694e-05,1.215757695591065e-10,0.002057160459107357,5.58148541690458e-11,0.0005073203652273876,2.8666892765264215e-09,8.126824701750655e-06,2.1264803620135212e-09,1.2711958082648476e-10,1.4686378526331886e-05,1.6673917273181495e-05,0.006185048075913934,2.4039965301203027e-05,0.0004984359302785214,1.3879301744749209e-08,5.025958072505401e-09,3.760272722975075e-08,1.295928839748741e-07,1.0272089806307229e-08,5.830199552321538e-05,0.001148976093115846,3.629445943506914e-07,0.0009094006852578579,6.3844781370226724e-09,2.638677358704878e-05,7.150994907372581e-08,6.930719070638408e-06,1.181807156744109e-10,1.1864552756659164e-10,1.896759137772397e-06,1.348598678762624e-07,4.712048432233335e-12,9.019091341538917e-11,3.205354823535299e-11
2.7608842741682614e-06,0.16628943999999996,0.8585084662769803,0.0,0.0,0.44347593508476074,0.08595077471620151,0.009813880015153428,9.104952016592915e-06,0.0028821220764326796,0.0454005467485225,0.02306080681227704,4.8794676515252354e-05,1.2183397211148244e-10,0.0020567802674949696,5.5800589027505314e-11,0.0005073975949632993,2.8665160845584216e-09,8.117384426389437e-06,2.1280323641872262e-09,1.2718146118135765e-10,1.467606063400206e-05,1.66872022650068e-05,0.0061837874487848665,2.3925095568308298e-05,0.0004986123868891724,1.3818297169010413e-08,5.021683639481861e-09,3.761161193513149e-08,1.2958717634467527e-07,1.0321609868963112e-08,5.8562192961036465e-05,0.0011536838233659466,3.631457597700115e-07,0.000910105027753373,6.383233786713324e-09,2.640779770890132e-05,7.155052927298627e-08,6.927109113491748e-06,1.1828927350940995e-10,1.1869211379751986e-10,1.8982689936855209e-06,1.348075766491469e-07,4.715755186020831e-12,9.008523678197286e-11,3.2036145883672813e-11
2.763051102984234e-06,0.16628943999999996,0.8585084662769803,0.0,0.0,0.44347145376811264,0.08593411351268163,0.00980734623331799,9.105267477315878e-06,0.002882023954016001,0.04543610474229872,0.023074109051053178,4.8776256701910964e-05,1.2209244816552205e-10,0.002056400240622961,5.5786341110280995e-11,0.0005074747847195017,2.866343391376372e-09,8.107961632483411e-06,2.12958371147431e-09,1.2724326176127195e-10,1.4665762237789103e-05,1.6700484306916544e-05,0.00618252699210778,2.3811073232843742e-05,0.0004987887318485055,1.3757728993721771e-08,5.017413127002668e-09,3.762055097855575e-08,1.2958144536001502e-07,1.0371236425426654e-08,5.8822817870323265e-05,0.0011583967800895677,3.6334677391148366e-07,0.0009108092070549411,6.381989879427467e-09,2.6428817162399814e-05,7.159107868444976e-08,6.923500419044744e-06,1.183978058254446e-10,1.187386362433173e-10,1.899778442172169e-06,1.3475531951764895e-07,4.719460962335931e-12,8.997975496915772e-11,3.201886502506627e-11
2.765217931800206e-06,0.16628943999999996,0.8585084662769803,0.0,0.0,0.4434669660733506,0.08591745561528004,0.00980081690861108,9.10558143513545e-06,0.0028819253531367234,0.04547165597293377,0.023087401980079927,4.875784952197847e-05,1.2235119763375702e-10,0.0020560203779913045,5.5772110370653475e-11,0.0005075519345277043,2.8661711957132256e-09,8.098556288124127e-06,2.1311344044136683e-09,1.2730498272020582e-10,1.4655483176619572e-05,1.671376340681098e-05,0.006181266706145134,2.369788957583168e-05,0.0004989649652858735,1.3697592778235755e-08,5.013146530287679e-09,3.762954439534604e-08,1.2957569115993005e-07,1.0420969469173916e-08,5.9083869892452304e-05,0.0011631149531198342,3.6354763694332757e-07,0.0009115132231639425,6.380746413920107e-09,2.6449831960047024e-05,7.163159734674892e-08,6.9198929876800485e-06,1.185063126106889e-10,1.1878509497866079e-10,1.9012874841744643e-06,1.3470309640666596e-07,4.723165763474836e-12,8.987446762530594e-11,3.200170441710794e-11
2.7673847606161785e-06,0.16628943999999996,0.8585084662769803,0.0,0.0,0.44346247201913286,0.0859008010230409,0.009794292038115895,9.105893900515647e-06,0.0028818262767330476,0.045507200439915484,0.02310068561103002,4.8739454945827066e-05,1.2261022042855866e-10,0.002055640679103006,5.5757896761971306e-11,0.0005076290444197568,2.865999496307118e-09,8.089168361248105e-06,2.132684443537804e-09,1.2736662421069966e-10,1.4645223291555345e-05,1.6727039572590343e-05,0.006180006591156449,2.358553599370449e-05,0.0004991410873302219,1.3637884140380852e-08,5.008883844570178e-09,3.763859222094702e-08,1.2956991388208255e-07,1.0470808994099585e-08,5.934534867201034e-05,0.001167838332370837,3.6374834903266604e-07,0.0009122170760818128,6.3795033889526534e-09,2.6470842114345683e-05,7.167208529821314e-08,6.916286819784781e-06,1.1861479385309824e-10,1.1883149007780475e-10,1.9027961206336782e-06,1.3465090724113843e-07,4.7268695917322646e-12,8.976937439699919e-11,3.198466283375393e-11
2.769551589432151e-06,0.16628943999999996,0.8585084662769803,0.0,0.0,0.4434579716239244,0.08588414973501425,0.009787771618916766,9.10620488381546e-06,0.00288172672771413,0.04554273814274777,0.02311395995548757,4.872107294387226e-05,1.2286951646213758e-10,0.0020552611434640987,5.574370023765423e-11,0.0005077061144276439,2.865828291901417e-09,8.079797819641196e-06,2.1342338293729444e-09,1.2742818638387456e-10,1.4634982425763032e-05,1.674031281215494e-05,0.006178746647398368,2.3474003996453697e-05,0.0004993170981100508,1.3578598755506876e-08,5.004625065096818e-09,3.7647694490925125e-08,1.295641136627782e-07,1.0520754994516866e-08,5.960725385677836e-05,0.00117256690783622,3.639489103455378e-07,0.0009129207658100439,6.3782608032929586e-09,2.649184763779864e-05,7.171254257687368e-08,6.912681915750486e-06,1.1872324954041872e-10,1.1887782161458957e-10,1.9043043524902487e-06,1.3459875194605668e-07,4.730572449401511e-12,8.966447492908833e-11,3.196773906507982e-11
2.7717184182481232e-06,0.16628943999999996,0.8585084662769803,0.0,0.0,0.4434534649060004,0.08586750175025598,0.009781255648099198,9.10651439529025e-06,0.002881626708960465,0.04557826908095035,0.0231272250249495,4.8702703486574795e-05,1.2312908564654267e-10,0.0020548817705836318,5.572952075119634e-11,0.0005077831445834837,2.865657581244767e-09,8.07044463094277e-06,2.135782562439152e-09,1.274896693894519e-10,1.4624760424483797e-05,1.67535831334052e-05,0.006177486875124697,2.3363285205810405e-05,0.0004994929977534734,1.351973235559331e-08,5.000370187127587e-09,3.765685124096331e-08,1.295582906369841e-07,1.0570807465136525e-08,5.9869585097615566e-05,0.0011773006695878876,3.6414932104691865e-07,0.0009136242923501836,6.377018655715322e-09,2.651284854290894e-05,7.175296922046824e-08,6.90907827597307e-06,1.188316796601858e-10,1.189240896624493e-10,1.9058121806838073e-06,1.3454663044646747e-07,4.734274338774483e-12,8.955976886474084e-11,3.195093191702479e-11
2.7738852470640956e-06,0.16628943999999996,0.8585084662769803,0.0,0.0,0.4434489518834489,0.08585085706782764,0.009774744122749852,9.106822445093073e-06,0.0028815262233242594,0.045613793254058455,0.023140480830826978,4.868434654444264e-05,1.233889278936612e-10,0.002054502559973669,5.5715358256169336e-11,0.0005078601349195234,2.8654873630911363e-09,8.061108762649912e-06,2.1373306432504427e-09,1.275510733757718e-10,1.4614557135003535e-05,1.676685054424181e-05,0.006176227274586458,2.3253371353463505e-05,0.0004996687863881522,1.3461280728317586e-08,4.996119205935763e-09,3.7666062506861645e-08,1.295524449383463e-07,1.0620966401072142e-08,6.0132342048471035e-05,0.0011820396077746214,3.643495813007324e-07,0.0009143276557038365,6.37577694500054e-09,2.6533844842180025e-05,7.17933652664462e-08,6.9054759008527526e-06,1.189400841997366e-10,1.1897029429442034e-10,1.9073196061531977e-06,1.344945426674804e-07,4.737975262141755e-12,8.945525584548837e-11,3.193424021113835e-11
2.776052075880068e-06,0.16628943999999996,0.8585084662769803,0.0,0.0,0.44344443257417465,0.08583421568679646,0.009768237039956572,9.107129043276013e-06,0.0028814252736297915,0.045649310661622707,0.023153727384446827,4.8666002088032856e-05,1.2364904311521797e-10,0.0020541235111492793,5.570121270622549e-11,0.0005079370854681359,2.8653176361998487e-09,8.051790182121512e-06,2.138878072314888e-09,1.276123984898115e-10,1.4604372406623511e-05,1.678011505256574e-05,0.00617496784603193,2.3144254279305962e-05,0.0004998444641413882,1.3403239716211414e-08,4.9918721168078624e-09,3.7675328324530864e-08,1.2954657669920713e-07,1.0671231797813018e-08,6.039552436623745e-05,0.0011867837126208738,3.6454969126987397e-07,0.0009150308558726628,6.374535669935913e-09,2.6554836548115786e-05,7.183373075197309e-08,6.9018747907940055e-06,1.19048463146205e-10,1.1901643558314874e-10,1.908826629836499e-06,1.344424885342743e-07,4.741675221792619e-12,8.93509355112734e-11,3.191766278433445e-11
2.7782189046960403e-06,0.16628943999999996,0.8585084662769803,0.0,0.0,0.4434399069959013,0.08581757760623517,0.009761734396808372,9.107434199791513e-06,0.0028813238626737795,0.04568482130320879,0.02316696469705287,4.864767008795346e-05,1.2390943122277502e-10,0.0020537446236285244,5.568708405510072e-11,0.0005080139962618173,2.865148399335642e-09,8.042488856582292e-06,2.140424850134729e-09,1.2767364487720397e-10,1.459420609063136e-05,1.6793376666278344e-05,0.006173708589706694,2.30359259297197e-05,0.0005000200311400174,1.3345605215743149e-08,4.9876289150435894e-09,3.76846487299949e-08,1.2954068605062187e-07,1.0721603651238528e-08,6.0659131710807635e-05,0.0011915329744253903,3.647496511162159e-07,0.0009157338928583797,6.37329482931527e-09,2.6575823673220753e-05,7.187406571393531e-08,6.89827494620551e-06,1.1915681648653753e-10,1.190625136008979e-10,1.9103332526710475e-06,1.343904679721036e-07,4.745374220015118e-12,8.924680750049473e-11,3.190119848864694e-11
2.7803857335120127e-06,0.16628943999999996,0.8585084662769803,0.0,0.0,0.44343537516617454,0.08580094282522198,0.00975523619039546,9.107737924493611e-06,0.0028812219932257375,0.04572032517839735,0.023180192779807277,4.862935051486523e-05,1.2417009212773137e-10,0.00205336589693246,5.567297225661761e-11,0.0005080908673331829,2.864979651268696e-09,8.033204753126774e-06,2.141970977206479e-09,1.2773481268225582e-10,1.4584058040272483e-05,1.680663539328146e-05,0.006172449505853684,2.292837835588433e-05,0.0005001954875105525,1.3288373176530599e-08,4.983389595955803e-09,3.7694023759382094e-08,1.295347731223762e-07,1.0772081957579922e-08,6.092316374487534e-05,0.0011962873835601093,3.649494610006366e-07,0.0009164367666627602,6.3720544219389945e-09,2.659680623000018e-05,7.191437018894462e-08,6.894676367500085e-06,1.1926514420748374e-10,1.191085284195563e-10,1.911839475593458e-06,1.3433848090630412e-07,4.749072259096104e-12,8.914287145005254e-11,3.188484619099319e-11
2.782552562327985e-06,0.16628943999999996,0.8585084662769803,0.0,0.0,0.44343083710236536,0.08578431134284042,0.009748742417809231,9.108040227139255e-06,0.0028811196680283207,0.04575582228678362,0.02319341164379188,4.8611043339483504e-05,1.2443102574132218e-10,0.002052987330585119,5.565887726468817e-11,0.0005081676987149658,2.864811390774678e-09,8.023937838723179e-06,2.1435164540210285e-09,1.2779590204796537e-10,1.4573928110721836e-05,1.6819891241477475e-05,0.006171190594713217,2.282160371212705e-05,0.0005003708333790097,1.3231539600423711e-08,4.9791541548704574e-09,3.770345344893078e-08,1.2952883804300187e-07,1.0822666713449636e-08,6.118762013406498e-05,0.001201046930468763,3.6514912108301786e-07,0.000917139477287634,6.370814446614034e-09,2.6617784230960207e-05,7.195464421334267e-08,6.891079055094641e-06,1.1937344629561787e-10,1.1915448011064453e-10,1.913345299539644e-06,1.3428652726229918e-07,4.752769341321281e-12,8.903912699539289e-11,3.186860477293742e-11
2.7847193911439574e-06,0.16628943999999996,0.8585084662769803,0.0,0.0,0.44342629282167245,0.08576768315817929,0.00974225307614227,9.108341117389511e-06,0.002881016889797673,0.045791312627977324,0.023206621300009493,4.859274853257985e-05,1.2469223197461875e-10,0.00205260892411351,5.564479903331681e-11,0.0005082444904400108,2.864643616634775e-09,8.014688080217263e-06,2.1450612810637447e-09,1.278569131160401e-10,1.456381615905612e-05,1.6833144218769393e-05,0.006169931856523052,2.2715594254289828e-05,0.0005005460688711406,1.3175100540788618e-08,4.974922587126556e-09,3.771293783497685e-08,1.2952288093979346e-07,1.087335791578459e-08,6.145250054664226e-05,0.0012058116056659152,3.6534863152228394e-07,0.0009178420247348883,6.369574902153927e-09,2.6638757688607952e-05,7.199488782320548e-08,6.88748300941012e-06,1.1948172273732107e-10,1.1920036874532276e-10,1.9148507254448405e-06,1.342346069656054e-07,4.756465468975248e-12,8.893557377055085e-11,3.185247313046454e-11
2.7868862199599298e-06,0.16628943999999996,0.8585084662769803,0.0,0.0,0.4434217423411252,0.08575105827033251,0.009735768162488384,9.108640604810822e-06,0.0028809136612237655,0.04582679620160242,0.023219821759385126,4.8574466064983874e-05,1.2495371073852795e-10,0.0020522306770476046,5.563073751660309e-11,0.0005083212425412748,2.864476327635739e-09,8.005455444336091e-06,2.1466054588145728e-09,1.2791784602691425e-10,1.4553722044226315e-05,1.6846394333060943e-05,0.0061686732915184166,2.2610342338143495e-05,0.0005007211941121418,1.3119052101567785e-08,4.9706948880761086e-09,3.7722476953964376e-08,1.295169019388242e-07,1.0924155561900632e-08,6.17178046537675e-05,0.0012105813997354928,3.6554799247638473e-07,0.0009185444090064654,6.368335787378816e-09,2.665972661545168e-05,7.20351010543475e-08,6.883888230871443e-06,1.1958997351881412e-10,1.1924619439439756e-10,1.916355754243622e-06,1.3418271994183848e-07,4.760160644341543e-12,8.883221140819381e-11,3.183645017374965e-11
2.789053048775902e-06,0.16628943999999996,0.8585084662769803,0.0,0.0,0.4434171856775863,0.08573443667839921,0.009729287673942568,9.108938698876188e-06,0.002880809984970735,0.045862273007296846,0.02323301303276726,4.8556195907584745e-05,1.252154619437919e-10,0.0020518525889203294,5.5616692668744384e-11,0.0005083979550518213,2.8643095225699153e-09,7.996239897691728e-06,2.148148987748131e-09,1.2797870091976622e-10,1.4543645627030641e-05,1.6859641592256637e-05,0.0061674148999320555,2.2505840417808603e-05,0.0005008962092270409,1.3063390436663177e-08,4.966471053084073e-09,3.7732070842426325e-08,1.2951090116496185e-07,1.0975059649403139e-08,6.198353212904755e-05,0.0012153563033300205,3.6574720410235046e-07,0.0009192466301043651,6.367097101115455e-09,2.6680691024000888e-05,7.207528394232598e-08,6.8802947199074366e-06,1.1969819862612345e-10,1.1929195712832877e-10,1.917860386869927e-06,1.3413086611671864e-07,4.763854869702692e-12,8.872903953966285e-11,3.18205348269432e-11
2.7912198775918745e-06,0.16628943999999996,0.8585084662769803,0.0,0.0,0.44341262284775457,0.0857178183814835,0.009722811607601047,9.109235408966362e-06,0.002880705863677203,0.04589774304471246,0.02324619513092909,4.853793803133292e-05,1.2547748550098763e-10,0.0020514746592675557,5.56026644440386e-11,0.0005084746280048186,2.86414320023528e-09,7.98704140678493e-06,2.1496918683338098e-09,1.2803947793253533e-10,1.453358677008784e-05,1.687288600426186e-05,0.00616615668199427,2.240208104423428e-05,0.0005010711143402005,1.3008111748933661e-08,4.96225107752831e-09,3.774171953700471e-08,1.2950487874188358e-07,1.1026070176285637e-08,6.224968264900389e-05,0.0012201363071689955,3.659462665562543e-07,0.0009199486880306447,6.365858842197222e-09,2.670165092676646e-05,7.211543652244512e-08,6.8767024769507985e-06,1.1980639804513576e-10,1.1933765701723639e-10,1.9193646242570747e-06,1.34079045416076e-07,4.767548147340246e-12,8.86260577950151e-11,3.180472602794453e-11
2.793386706407847e-06,0.16628943999999996,0.8585084662769803,0.0,0.0,0.4434080538681674,0.08570120337869433,0.009716339960561255,9.109530744371021e-06,0.0028806012999566095,0.04593320631351464,0.023259368064569658,4.851969240724167e-05,1.2573978132052664e-10,0.002051096887628093,5.558865279688681e-11,0.0005085512614335374,2.8639773594354795e-09,7.977859938008675e-06,2.1512341010358612e-09,1.2810017720193908e-10,1.4523545337810875e-05,1.6886127576982945e-05,0.006164898637932955,2.229905686366631e-05,0.0005012459095759772,1.2953212289727957e-08,4.95803495679953e-09,3.7751423074418896e-08,1.2949883479209195e-07,1.1077187140782648e-08,6.251625589234469e-05,0.0012249214020384383,3.6614517999329295e-07,0.0009206505827874165,6.364621009464137e-09,2.6722606336260798e-05,7.215555882976007e-08,6.87311150243802e-06,1.199145717615352e-10,1.1938329413090692e-10,1.9208684673377846e-06,1.340272577658562e-07,4.771240479534829e-12,8.85232658030634e-11,3.1789022728200315e-11
2.7955535352238192e-06,0.16628943999999996,0.8585084662769803,0.0,0.0,0.4434034787552033,0.08568459166914562,0.009709872729921855,9.109824714289934e-06,0.002880496296397527,0.04596866281338226,0.023272531844315075,4.85014590063886e-05,1.2600234931265476e-10,0.002050719273543681,5.557465768179574e-11,0.0005086278553713453,2.8638119989798502e-09,7.968695457651737e-06,2.1527756863134923e-09,1.281607988634894e-10,1.4513521196380964e-05,1.6899366318327274e-05,0.006163640767973643,2.219676061619384e-05,0.0005014205950578624,1.2898688357749118e-08,4.953822686301253e-09,3.7761181491502135e-08,1.2949276943692952e-07,1.1128410541545524e-08,6.27832515408092e-05,0.0012297115787889463,3.663439445677128e-07,0.0009213523143768509,6.363383601762876e-09,2.6743557264997925e-05,7.219565089908085e-08,6.869521796809332e-06,1.2002271976089433e-10,1.1942886853880024e-10,1.9223719170442012e-06,1.339755030921251e-07,4.774931868566181e-12,8.842066319141731e-11,3.177342389247904e-11
2.7975036811581944e-06,0.16628943999999996,0.8585084662769803,0.0,0.0,0.4433993559229094,0.08566964394554386,0.009704055995971768,9.110088127258672e-06,0.00288040141925211,0.04600056787556931,0.023284371428230213,4.848505937263825e-05,1.2623889313881804e-10,0.002050379555200874,5.5562076175612663e-11,0.0005086967561783007,2.8636635842845857e-09,7.960461922485425e-06,2.1541625598910195e-09,1.2821529211521248e-10,1.4504514143571744e-05,1.6911278771246377e-05,0.0061625088340519895,2.2105310450396448e-05,0.0005015777182542507,1.2849934873607555e-08,4.950034931011163e-09,3.777001101948693e-08,1.294872924150578e-07,1.1174602604265032e-08,6.302390851924642e-05,0.0012340270753628325,3.6652270553397406e-07,0.0009219837333011071,6.362270297286084e-09,2.676240928015818e-05,7.223170793656076e-08,6.866292147006232e-06,1.201200309601486e-10,1.1946983194961473e-10,1.9237246862149184e-06,1.339289520196598e-07,4.77825331417336e-12,8.832848245237706e-11,3.1759473412040585e-11
2.7994538270925696e-06,0.16628943999999996,0.8585084662769803,0.0,0.0,0.443395228147442,0.08565469888811368,0.00969824283484358,9.110350448146103e-06,0.0028803061897670545,0.046032467454454336,0.023296203613685305,4.846866959534644e-05,1.264756572862779e-10,0.002050039963778857,5.554950799062625e-11,0.0005087656250491846,2.8635155568484048e-09,7.952242095835823e-06,2.1555489097505488e-09,1.2826972271050006e-10,1.4495520894251726e-05,1.6923188942922272e-05,0.0061613770414949,2.201443894141014e-05,0.0005017347527397567,1.2801479973921618e-08,4.946250287362045e-09,3.77788850568638e-08,1.2948179823905051e-07,1.1220880878842934e-08,6.326490716093933e-05,0.0012383466743213262,3.66701346156995e-07,0.000922615020063286,6.361157335324864e-09,2.6781257685168183e-05,7.226774053430561e-08,6.863063525684895e-06,1.202173213059963e-10,1.1951074467494076e-10,1.9250771381857965e-06,1.3388242754464803e-07,4.781573999325001e-12,8.823645453571645e-11,3.174560598323962e-11
2.8012089584335073e-06,0.16628943999999996,0.8585084662769803,0.0,0.0,0.44339150893271395,0.08564125061547728,0.009693014042844927,9.11058560860875e-06,0.002880220183498423,0.04606117238705638,0.02330684626119342,4.8453927205744073e-05,1.2668893333933847e-10,0.0020497344397451623,5.5538207986539157e-11,0.0005088275797479038,2.8633826625547684e-09,7.944855952154909e-06,2.1567961771136134e-09,1.2831865675465443e-10,1.448743869414883e-05,1.693390615173399e-05,0.006160358549192197,2.193314511582857e-05,0.0005018760080028058,1.275812370255255e-08,4.94284676578305e-09,3.77869097683695e-08,1.2947683888504052e-07,1.1262605036771596e-08,6.348209787280857e-05,0.0012422378155176868,3.668620199156979e-07,0.0009231830651520747,6.360155961727029e-09,2.679821817054184e-05,7.230014899687129e-08,6.860158646119029e-06,1.2030486477862762e-10,1.1954752283295598e-10,1.9262940743144364e-06,1.3384057821363507e-07,4.784561967144206e-12,8.81537598475599e-11,3.173319570477327e-11
2.802964089774445e-06,0.16628943999999996,0.8585084662769803,0.0,0.0,0.44338778573183174,0.0856278045014628,0.009687788141581414,9.110819894488146e-06,0.002880133894650704,0.046089872877870905,0.02331748292761375,4.843919276767032e-05,1.2690238775134486e-10,0.002049429018013756,5.552691872198529e-11,0.0005088895086161819,2.8632500806261484e-09,7.93748087419783e-06,2.1580430207626133e-09,1.283675401948668e-10,1.447936753098179e-05,1.694462152161463e-05,0.006159340171639486,2.1852312187784033e-05,0.0005020171915476397,1.2715005299841425e-08,4.939445759522547e-09,3.7794970574108e-08,1.294718657682062e-07,1.1304399025792595e-08,6.369956498328062e-05,0.0012461322696098696,3.6702259636629083e-07,0.0009237510031922222,6.359154864297126e-09,2.681517574574062e-05,7.233253770144337e-08,6.8572546001304685e-06,1.2039239134321714e-10,1.1958426001251224e-10,1.927510754555051e-06,1.337987503440887e-07,4.787549321549242e-12,8.807118852365137e-11,3.172085158366694e-11
2.8047192211153826e-06,0.16628943999999996,0.8585084662769803,0.0,0.0,0.4433840585531351,0.08561436054561043,0.009682565129514127,9.111053310464998e-06,0.002880047324541941,0.046118568926758155,0.02332811361842586,4.842446626591875e-05,1.271160204741981e-10,0.0020491236983480607,5.551564017305735e-11,0.0005089514116719708,2.8631178104436557e-09,7.930116843821406e-06,2.1592894409300636e-09,1.2841637310036855e-10,1.4471307337710626e-05,1.6955335056769492e-05,0.006158321908951184,2.1771936514790914e-05,0.0005021583034390976,1.2672122908211371e-08,4.9360472661681505e-09,3.780306749385757e-08,1.294668789503464e-07,1.1346262845874923e-08,6.39173083288832e-05,0.001250030031884863,3.671830755886871e-07,0.0009243188341850175,6.358154042438235e-09,2.6832130417419743e-05,7.236490666595842e-08,6.8543513879617575e-06,1.2047990099172982e-10,1.1962095624977919e-10,1.928727179401759e-06,1.3375694389703913e-07,4.790536063749811e-12,8.798874036345315e-11,3.170857310041525e-11
2.8064743524563202e-06,0.16628943999999996,0.8585084662769803,0.0,0.0,0.4433803274049011,0.08560091874746227,0.009677345005104697,9.111285861183867e-06,0.0028799604744801782,0.046147260533583805,0.023338738339080487,4.8409747685314016e-05,1.2732983145972734e-10,0.0020488184805127303,5.550437231589903e-11,0.0005090132889332597,2.8629858513909077e-09,7.922763842845394e-06,2.160535437846508e-09,1.2846515553990973e-10,1.4463258047998641e-05,1.6966046761404526e-05,0.006157303761240777,2.1692014491493585e-05,0.0005022993437418455,1.2629474688905203e-08,4.932651283312876e-09,3.7811200547429146e-08,1.2946187849279406e-07,1.1388196497105165e-08,6.413532774713317e-05,0.0012539310976552845,3.673434576624245e-07,0.0009248865581317748,6.357153495556289e-09,2.6849082192235426e-05,7.23972559082565e-08,6.851449009856906e-06,1.2056739371606336e-10,1.196576115808009e-10,1.9299433493484752e-06,1.3371515883357983e-07,4.7935221949553215e-12,8.790641516599828e-11,3.169635974078771e-11
2.808229483797258e-06,0.16628943999999996,0.8585084662769803,0.0,0.0,0.4433765922953443,0.0855874791065624,0.009672127766815279,9.111517551253522e-06,0.0028798733457635686,0.046175947698218714,0.023349357094999895,4.839503701071224e-05,1.2754382065968953e-10,0.0020485133642736556,5.5493115126705874e-11,0.0005090751404180722,2.8628542028540564e-09,7.915421853053579e-06,2.1617810117405507e-09,1.2851388758176427e-10,1.4455219596204127e-05,1.6976756639726336e-05,0.006156285728620828,2.161254254919522e-05,0.0005024403125206611,1.2587058821883124e-08,4.92925780855511e-09,3.78193697546579e-08,1.2945686445642064e-07,1.1430199979633407e-08,6.435362307625502e-05,0.0012578354622593015,3.6750374266672647e-07,0.0009254541750338327,6.356153223060105e-09,2.6866031076844948e-05,7.242958544608238e-08,6.848547466061383e-06,1.2065486950803583e-10,1.1969422604149626e-10,1.9311592648889156e-06,1.336733951148689e-07,4.796507716374927e-12,8.78242127299022e-11,3.1684210995771345e-11
2.8099846151381955e-06,0.16628943999999996,0.8585084662769803,0.0,0.0,0.44337285323261877,0.0855740416224567,0.009666913413108588,9.111748385247314e-06,0.0028797859396804664,0.046204630420539024,0.023359969891578267,4.8380334227001504e-05,1.277579880257694e-10,0.0020482083493979526,5.5481868581726e-11,0.0005091369661444665,2.862722864221806e-09,7.908090856194887e-06,2.1630261628388797e-09,1.2856256929373532e-10,1.4447191917372222e-05,1.6987464695942183e-05,0.0061552678112029875,2.1533517155415702e-05,0.0005025812098399306,1.2544873505375417e-08,4.925866839498565e-09,3.78275751354269e-08,1.2945183690164092e-07,1.1472273293778521e-08,6.457219415567382e-05,0.0012617431210598096,3.676639306804608e-07,0.0009260216848925539,6.355153224361399e-09,2.6882977077906706e-05,7.246189529708584e-08,6.845646756822078e-06,1.207423283594397e-10,1.1973079966766008e-10,1.9323749265166056e-06,1.3363165270213073e-07,4.799492629217536e-12,8.774213285337516e-11,3.167212636149732e-11
2.811739746479133e-06,0.16628943999999996,0.8585084662769803,0.0,0.0,0.4433691102248183,0.08556060629469286,0.009661701942447877,9.111978367703508e-06,0.0028796982575095323,0.046233308700425996,0.023370576734182028,4.8365639319102326e-05,1.279723335095793e-10,0.002047903435653966,5.5470632657260854e-11,0.0005091987661305354,2.862591834885394e-09,7.900770833984435e-06,2.1642708913662952e-09,1.2861120074316055e-10,1.4439174947226777e-05,1.699817093426011e-05,0.006154250009098006,2.1454934813422226e-05,0.0005027220357637374,1.2502916955662263e-08,4.922478373752315e-09,3.783581670965116e-08,1.294467958884182e-07,1.1514416439992876e-08,6.479104082588768e-05,0.0012656540694441951,3.678240217820953e-07,0.0009265890877093256,6.354153498874723e-09,2.6899920202080124e-05,7.249418547882384e-08,6.84274688238729e-06,1.2082977026200671e-10,1.1976733249496847e-10,1.9335903347248864e-06,1.3358993155665733e-07,4.802476934691777e-12,8.76601753342358e-11,3.1660105339171865e-11
2.813494877820071e-06,0.16628943999999996,0.8585084662769803,0.0,0.0,0.44336536327997667,0.0855471731228205,0.009656493353296944,9.11220750312566e-06,0.002879610300519825,0.04626198253776605,0.0233811776281502,4.835095227196801e-05,1.281868570626594e-10,0.0020475986228112616,5.54594073296659e-11,0.0005092605403944031,2.8624611142386027e-09,7.893461768104611e-06,2.1655151975457372e-09,1.286597819969173e-10,1.4431168622162407e-05,1.7008875358888867e-05,0.00615323232241575,2.1376792061820323e-05,0.0005028627903565074,1.2461187407171232e-08,4.919092408930779e-09,3.7844094497254994e-08,1.2944174147626822e-07,1.1556629418734936e-08,6.501016292782961e-05,0.0012695683028246768,3.679840160498043e-07,0.0009271563834855599,6.353154046017507e-09,2.6916860456025893e-05,7.252645600876246e-08,6.839847843006712e-06,1.2091719520736006e-10,1.1980382455897909e-10,1.9348054900069176e-06,1.335482316398101e-07,4.805460634006071e-12,8.757833996992189e-11,3.1648147435036196e-11
2.8152500091610085e-06,0.16628943999999996,0.8585084662769803,0.0,0.0,0.44336161240606886,0.08553374210639086,0.009651287644120132,9.112435795982953e-06,0.0028795220699709017,0.04629065193245055,0.023391772578794753,4.833627307058514e-05,1.2840155863647717e-10,0.00204729391064062,5.544819257535142e-11,0.0005093222889542263,2.8623307016778046e-09,7.886163640206117e-06,2.166759081598315e-09,1.2870831312142783e-10,1.4423172879236555e-05,1.701957797403789e-05,0.006152214751265203,2.1299085474091577e-05,0.0005030034736822657,1.2419683111946188e-08,4.915708942653598e-09,3.785240851822049e-08,1.294366737242631e-07,1.1598912230640267e-08,6.522956030361498e-05,0.0012734858166372001,3.6814391356148704e-07,0.0009277235722226929,6.352154865210111e-09,2.693379784640596e-05,7.255870690427562e-08,6.836949638931392e-06,1.2100460318713382e-10,1.1984027589512841e-10,1.93602039285569e-06,1.3350655291302112e-07,4.80844372836867e-12,8.749662655750122e-11,3.163625216028938e-11
2.8168296273678523e-06,0.16628943999999996,0.8585084662769803,0.0,0.0,0.44335823326674517,0.0855216560341384,0.009646604966970106,9.112640542827906e-06,0.0028794424296171794,0.04631645058911041,0.023401302957201966,4.8323068485076515e-05,1.285949422204735e-10,0.0020470197555731893,5.543810831717093e-11,0.0005093778406961399,2.862213593289777e-09,7.879604661881082e-06,2.1678782165084513e-09,1.2875194832751708e-10,1.441598570683766e-05,1.702920878404674e-05,0.0061512990360987055,2.1229519661005514e-05,0.0005031300277945756,1.2382520406984142e-08,4.9126659572964734e-09,3.785992213315687e-08,1.2943210139035284e-07,1.1637026469382415e-08,6.542725317154194e-05,0.0012770143800844259,3.6828773865958315e-07,0.0009282339505688877,6.351255834609246e-09,2.6949039054906335e-05,7.258771593709061e-08,6.834341969658186e-06,1.2108325585640657e-10,1.1987304730453952e-10,1.93711358999647e-06,1.3346906014459225e-07,4.8111279970596936e-12,8.742318858718129e-11,3.162559956108329e-11
2.818409245574696e-06,0.16628943999999996,0.8585084662769803,0.0,0.0,0.4433548509570235,0.08550957170710803,0.009641924620236973,9.112844613998104e-06,0.0028793625695981363,0.04634224564706321,0.02341082852963309,4.8309870231595865e-05,1.2878846992641503e-10,0.0020467456817000545,5.542803258716653e-11,0.000509433371645789,2.8620967335281007e-09,7.87305451501397e-06,2.1689970098321125e-09,1.2879554303014557e-10,1.440880701055075e-05,1.7038838134857353e-05,0.006150383414678711,2.116030194343307e-05,0.0005032565242786346,1.2345537505560412e-08,4.909624992108704e-09,3.786746512791396e-08,1.2942751834110378e-07,1.1675197274198637e-08,6.562516877040962e-05,0.0012805455937097878,3.684314855042458e-07,0.0009287442422156749,6.350357023482923e-09,2.6964277954173866e-05,7.261670909256236e-08,6.831734977371578e-06,1.2116189477050268e-10,1.1990578577867215e-10,1.9382065834246542e-06,1.3343158448091492e-07,4.813811777598789e-12,8.734984908480015e-11,3.1614996950234336e-11
2.81998886378154e-06,0.16628943999999996,0.8585084662769803,0.0,0.0,0.4433514654825979,0.08549748912497629,0.009637246602802378,9.113048012681517e-06,0.0028792824908126175,0.04636803710624004,0.023420349299905645,4.829667829926908e-05,1.2898214171877075e-10,0.0020464716888566326,5.541796536825783e-11,0.0005094888818164727,2.8619801219580864e-09,7.866513186166368e-06,2.170115461726784e-09,1.288390972768097e-10,1.4401636745836997e-05,1.7048466029539988e-05,0.006149467887082891,2.1091429894241904e-05,0.0005033829631810994,1.2308733169513118e-08,4.9065860453659275e-09,3.787503751712114e-08,1.294229246186762e-07,1.1713424645718339e-08,6.582330698667542e-05,0.0012840794542350422,3.685751541517054e-07,0.0009292544471641522,6.349458431414615e-09,2.6979514549067973e-05,7.264568638317296e-08,6.829128662257348e-06,1.2124051992321673e-10,1.199384913431209e-10,1.9392993734993005e-06,1.3339412589402555e-07,4.816495070866449e-12,8.727660790169916e-11,3.160444398148437e-11
2.821568481988384e-06,0.16628943999999996,0.8585084662769803,0.0,0.0,0.44334807684912675,0.0854854082874209,0.009632570913548341,9.11325074204439e-06,0.002879202194153468,0.046393824966575146,0.023429865271820245,4.8283492677244906e-05,1.291759575619621e-10,0.002046197776879127,5.540790664340207e-11,0.0005095443712215075,2.861863758146744e-09,7.85998066188158e-06,2.1712335723488035e-09,1.2888261111471996e-10,1.4394474868573305e-05,1.7058092471165746e-05,0.006148552453388371,2.1022901108136764e-05,0.000503509344547841,1.2272106171368685e-08,4.903549115347224e-09,3.788263931543743e-08,1.2941832026495185e-07,1.1751708584760917e-08,6.602166770803976e-05,0.0012876159583962601,3.687187446577425e-07,0.0009297645654154332,6.348560057989579e-09,2.699474884444871e-05,7.267464782134629e-08,6.826523024502108e-06,1.2131913130833868e-10,1.1997116402341198e-10,1.940391960579364e-06,1.333566843560102e-07,4.819177877742925e-12,8.720346488900832e-11,3.159394031164929e-11
2.8231481001952277e-06,0.16628943999999996,0.8585084662769803,0.0,0.0,0.44334468506223157,0.08547332919412066,0.009627897551357244,9.113452805231479e-06,0.0028791216805075827,0.046419609228005934,0.023439376449160748,4.827031335469513e-05,1.2936991742036263e-10,0.0020459239456045285,5.5397856395594547e-11,0.0005095998398742302,2.8617476416627536e-09,7.853456928685234e-06,2.1723513418533792e-09,1.289260845908036e-10,1.438732133504789e-05,1.7067717462806543e-05,0.006147637113671733,2.0954713201419536e-05,0.0005036356684250094,1.223565529466072e-08,4.900514200335255e-09,3.789027053747875e-08,1.294137053215382e-07,1.179004909208586e-08,6.622025082235388e-05,0.0012911551029447367,3.6886225707770883e-07,0.000930274596970648,6.347661902794779e-09,2.7009980845176853e-05,7.270359341945279e-08,6.823918064293306e-06,1.213977289194437e-10,1.2000380384501016e-10,1.9414843450237095e-06,1.333192598390053e-07,4.821860199108251e-12,8.713041989765443e-11,3.1583485600629353e-11
2.8245697565813873e-06,0.16628943999999996,0.8585084662769803,0.0,0.0,0.44334162976246505,0.08546245950122397,0.00962369351410065,9.113634095101488e-06,0.0028790490334308946,0.04644281198618119,0.02344793241252036,4.825845734152017e-05,1.295446043964432e-10,0.00204567756632428,5.5388818406420555e-11,0.0005096497439294899,2.8616433479369676e-09,7.847593074038757e-06,2.1733570428794737e-09,1.289651762484766e-10,1.4380890252971468e-05,1.7076378718084996e-05,0.006146813388340711,2.0893633584346417e-05,0.000503749310799173,1.2202999093128976e-08,4.897784498238402e-09,3.789716380675826e-08,1.2940954285244424e-07,1.182460391525792e-08,6.639916567874705e-05,0.0012943425878964437,3.689913515381837e-07,0.0009307335512461514,6.346853749366751e-09,2.7023687687922953e-05,7.27296309246695e-08,6.821574179563172e-06,1.2146845498749953e-10,1.2003315161123998e-10,1.942467318066609e-06,1.3328559230367708e-07,4.8242738739525715e-12,8.70647630903022e-11,3.157411794186993e-11
2.825991412967547e-06,0.16628943999999996,0.8585084662769803,0.0,0.0,0.44333857191699666,0.08545159122068206,0.009619491360045827,9.113814850161656e-06,0.002878976211946835,0.04646601182915444,0.02345648449806168,4.8246606414306586e-05,1.2971940796990814e-10,0.0020454312521642534,5.537978725757078e-11,0.00050969963119594,2.861539253886401e-09,7.84173631939921e-06,2.174362467836862e-09,1.290042352846712e-10,1.4374465862950792e-05,1.708503880360365e-05,0.006145989739248448,2.0832826458328565e-05,0.000503862906677721,1.2170483702317298e-08,4.895056425661139e-09,3.790408093192993e-08,1.294053718691189e-07,1.1859204560158984e-08,6.657826050197408e-05,0.0012975322065945597,3.6912038283462055e-07,0.0009311924352996151,6.346045772074317e-09,2.7037392679484346e-05,7.275565561834325e-08,6.819230843935943e-06,1.2153916988907107e-10,1.200624728009313e-10,1.9434501275266683e-06,1.3325193851259996e-07,4.826687156887565e-12,8.69991854503566e-11,3.156478942306232e-11
2.8274130693537067e-06,0.16628943999999996,0.8585084662769803,0.0,0.0,0.4433355115298508,0.08544072435226298,0.009615291088378795,9.113995072660542e-06,0.0028789032166898014,0.04648920875688643,0.023465032708509102,4.8234760565209377e-05,1.298943281146865e-10,0.002045185003007239,5.5370762936729284e-11,0.0005097495016833394,2.861435359200166e-09,7.83588665490927e-06,2.1753676168364157e-09,1.2904326173302033e-10,1.4368048133957319e-05,1.7093697721603848e-05,0.006145166166449667,2.0772290129598515e-05,0.0005039764560938333,1.213810825732738e-08,4.892329981358778e-09,3.7911021923623074e-08,1.2940119240133315e-07,1.1893851027461453e-08,6.675753521168369e-05,0.0013007239567006303,3.692493510063856e-07,0.000931651249131896,6.345237970619962e-09,2.7051095823405955e-05,7.278166750937897e-08,6.816888057549943e-06,1.2160987361922167e-10,1.2009176743251986e-10,1.944432773665316e-06,1.3321829844556929e-07,4.829100048554285e-12,8.693368686874577e-11,3.155549980251144e-11
2.8288347257398663e-06,0.16628943999999996,0.8585084662769803,0.0,0.0,0.443332448605028,0.08542985889573557,0.009611092698285808,9.11417476483305e-06,0.002878830048290417,0.04651240276933989,0.023473577046576474,4.822291978639916e-05,1.300693648046757e-10,0.00204493881873654,5.5361745431605966e-11,0.0005097993554014569,2.8613316635685155e-09,7.830044070701388e-06,2.1763724899882997e-09,1.2908225562697858e-10,1.4361637035221622e-05,1.7102355474326186e-05,0.006144342669998755,2.071202291798677e-05,0.0005040899590815002,1.2105871901043346e-08,4.889605164088544e-09,3.791798679256518e-08,1.2939700447867348e-07,1.19285433178088e-08,6.693698972699476e-05,0.0013039178358863902,3.6937825609375386e-07,0.0009321099927438616,6.3444303447079436e-09,2.706479712323455e-05,7.280766660664625e-08,6.814545820544014e-06,1.2168056617319706e-10,1.201210355243693e-10,1.9454152567439303e-06,1.3318467208241582e-07,4.831512549594323e-12,8.686826723626653e-11,3.154624884052974e-11
2.8299691001877514e-06,0.16628943999999996,0.8585084662769803,0.0,0.0,0.4433300028046756,0.08542119009447087,0.009607744049125415,9.114317766699587e-06,0.0028787715416564025,0.04653090774874961,0.023480392007312514,4.821347537070681e-05,1.302091144472531e-10,0.002044742428743187,5.535455502415947e-11,0.0005098391228819641,2.8612490648606313e-09,7.825387201779939e-06,2.177174105092863e-09,1.2911334648082932e-10,1.43565261980172e-05,1.7109262872898303e-05,0.00614368563681336,2.0664126157182317e-05,0.0005041804926138384,1.2080248922573307e-08,4.887432131902307e-09,3.792356136660088e-08,1.293936567875815e-07,1.195625801562909e-08,6.708030980180688e-05,0.0013064678359540108,3.694810673964051e-07,0.0009324759851380776,6.343786045933833e-09,2.7075728405520465e-05,7.282840275197745e-08,6.812677286439666e-06,1.217369654738271e-10,1.2014437022683284e-10,1.946199087265273e-06,1.3315785060009748e-07,4.833437263489305e-12,8.68161238667309e-11,3.153889484213042e-11
2.8311034746356364e-06,0.16628943999999996,0.8585084662769803,0.0,0.0,0.44332755539317087,0.08541252219187075,0.00960439659700104,9.11446043345301e-06,0.002878712925501481,0.04654941087201002,0.023487204505658207,4.8204034174245134e-05,1.3034893826231315e-10,0.002044546079929096,5.534736894214096e-11,0.0005098788796969457,2.8611665925347716e-09,7.820734829446213e-06,2.1779755446947793e-09,1.291444166458528e-10,1.4351419547371576e-05,1.711616953212318e-05,0.006143028652299116,2.0616398836746043e-05,0.0005042709966238639,1.2054713528676682e-08,4.885260134201411e-09,3.792915115520932e-08,1.2939030374700525e-07,1.1984001889196625e-08,6.72237442647543e-05,0.0013090191889199615,3.6958383857981476e-07,0.0009328419328251875,6.3431418585879395e-09,2.708665851776351e-05,7.284913076182202e-08,6.810809102276271e-06,1.2179335765345484e-10,1.2016768805283794e-10,1.9469828142681036e-06,1.331310378197796e-07,4.835361729412903e-12,8.676403063761818e-11,3.153156518555684e-11
2.8322378490835214e-06,0.16628943999999996,0.8585084662769803,0.0,0.0,0.4433251063725159,0.08540385518781858,0.00960105034149961,9.11460276621028e-06,0.002878654200140931,0.04656791213910484,0.023494014542978076,4.8194596193058375e-05,1.3048883623655195e-10,0.0020443497722356773,5.53401871793427e-11,0.0005099186258513785,2.8610842464351236e-09,7.81608694867406e-06,2.178776808849074e-09,1.2917546613880398e-10,1.4346317068001977e-05,1.712307545313977e-05,0.006142371716483187,2.0568840121398298e-05,0.0005043614711284857,1.2029265293084954e-08,4.883089170357479e-09,3.793475616387513e-08,1.2938694537173802e-07,1.2011774938955899e-08,6.736729307549015e-05,0.0013115718936136615,3.6968656966425723e-07,0.0009332078358056459,6.342497782521727e-09,2.7097587461766446e-05,7.286985064063719e-08,6.808941268125052e-06,1.2184974270974094e-10,1.2019098901165239e-10,1.94776643788514e-06,1.331042337312645e-07,4.837285947691018e-12,8.671198749329498e-11,3.1524259751619506e-11
2.8333722235314064e-06,0.16628943999999996,0.8585084662769803,0.0,0.0,0.4433226557447035,0.08539518908219816,0.009597705282208152,9.114744766082982e-06,0.0028785953658885433,0.0465864115500186,0.02350082212063254,4.818516142319724e-05,1.3062880835665306e-10,0.0020441535056045447,5.5333009729567726e-11,0.000509958361350244,2.8610020264063503e-09,7.811443554433653e-06,2.1795778976104975e-09,1.2920649497636767e-10,1.4341218744727119e-05,1.7129980637087295e-05,0.006141714829392613,2.0521449181180555e-05,0.000504451916144565,1.200390379215297e-08,4.880919239743044e-09,3.794037639807371e-08,1.2938358167650465e-07,1.2039577165353742e-08,6.751095619382483e-05,0.001314125948868145,3.697892606698262e-07,0.000933573694079912,6.3418538175870885e-09,2.710851523933227e-05,7.289056239286661e-08,6.807073784057423e-06,1.2190612064027787e-10,1.2021427311253053e-10,1.9485499582490834e-06,1.3307743832436944e-07,4.839209918649445e-12,8.66599943780858e-11,3.1516978421872496e-11
2.8345065979792915e-06,0.16628943999999996,0.8585084662769803,0.0,0.0,0.4433202035117178,0.0853865238748935,0.009594361418713789,9.114886434177355e-06,0.002878536423056634,0.046604909104736525,0.023507627239977926,4.817572986071904e-05,1.3076885460928726e-10,0.0020439572799775146,5.532583658662993e-11,0.0005099980861985274,2.860919932293574e-09,7.806804641691578e-06,2.180378811033531e-09,1.2923750317515927e-10,1.4336124562466427e-05,1.71368850851052e-05,0.006141057991054298,2.0474225191414284e-05,0.00050454233168894,1.1978628604914242e-08,4.878750341731543e-09,3.7946011863281046e-08,1.2938021267596155e-07,1.206740856885282e-08,6.765473357970653e-05,0.0013166813535200527,3.698919116165611e-07,0.0009339395076484492,6.341209963636402e-09,2.7119441852264194e-05,7.291126602294041e-08,6.805206650144999e-06,1.21962491442647e-10,1.2023754036470974e-10,1.9493333754926138e-06,1.3305065158892655e-07,4.841133642613983e-12,8.660805123627326e-11,3.150972107862911e-11
2.8356409724271765e-06,0.16628943999999996,0.8585084662769803,0.0,0.0,0.44331774967553433,0.08537785956578889,0.009591018750603753,9.115027771594328e-06,0.0028784773719560492,0.04662340480324468,0.023514429902366494,4.816630150168764e-05,1.309089749811124e-10,0.0020437610952966107,5.531866774435412e-11,0.0005100378004012174,2.86083796394237e-09,7.802170205410959e-06,2.1811795491723818e-09,1.292684907517251e-10,1.433103450623926e-05,1.714378879833312e-05,0.0061404012014950144,2.042716733265773e-05,0.0005046327177784272,1.195343931306183e-08,4.876582475697302e-09,3.795166256497927e-08,1.293768383846967e-07,1.2095269149929642e-08,6.779862519321235e-05,0.001319238106409605,3.6999452252445213e-07,0.0009343052765117249,6.340566220522552e-09,2.7130367302365778e-05,7.293196153527498e-08,6.803339866459591e-06,1.2201885511442713e-10,1.2026079077741072e-10,1.950116689748397e-06,1.3302387351478285e-07,4.843057119910413e-12,8.65561580120988e-11,3.1502487604945896e-11
2.837909721322947e-06,0.16628943999999996,0.8585084662769803,0.0,0.0,0.4433128372014315,0.08536053364171826,0.009584336998886034,9.11530945877344e-06,0.002878358946184965,0.04666039063157959,0.0235280278616622,4.814745437825397e-05,1.3118943802890354e-10,0.002043368848542278,5.530434293714247e-11,0.0005101171968897924,2.860674403909303e-09,7.792914742069691e-06,2.1827804998130542e-09,1.293304041040221e-10,1.4320866712458083e-05,1.7157594024978514e-05,0.006139087768819982,2.0333546756346415e-05,0.0005048134016598779,1.1903316755454712e-08,4.872249837062243e-09,3.7963009699794256e-08,1.2937007398801475e-07,1.2151077846793595e-08,6.808675094405593e-05,0.0013243556522802436,3.701996243034099e-07,0.0009350366801243842,6.33927906621935e-09,2.7152214721293744e-05,7.297332822432525e-08,6.799607350057993e-06,1.221315610564856e-10,1.2030724112117638e-10,1.9516830098272937e-06,1.329703433098575e-07,4.846903335802059e-12,8.645252109343062e-11,3.148809180217492e-11
2.8401784702187174e-06,0.16628943999999996,0.8585084662769803,0.0,0.0,0.44330791833802435,0.08534321130906589,0.009577660023754774,9.115589836322813e-06,0.0028782400910330676,0.046697369034926675,0.023541616009257922,4.8128620021540326e-05,1.3147019739303457e-10,0.0020429767648817744,5.529003525875156e-11,0.0005101965508559554,2.8605113450810142e-09,7.783677124048888e-06,2.1843807499609245e-09,1.293922351642673e-10,1.4310715245508469e-05,1.717139632614452e-05,0.006137774531579112,2.024058099990365e-05,0.0005049939679229558,1.1853532825258066e-08,4.867921318850003e-09,3.7974417846451205e-08,1.2936328860181268e-07,1.2207003260038427e-08,6.837533312955535e-05,0.0013294785772722923,3.704045661656125e-07,0.0009357679049217162,6.337992353510439e-09,2.7174057510550922e-05,7.30146624950818e-08,6.7958762354308584e-06,1.222442384469158e-10,1.2035362421726015e-10,1.953248919546769e-06,1.3291684762867577e-07,4.850748568930532e-12,8.634908317523304e-11,3.1473790092688256e-11
2.842447219114488e-06,0.16628943999999996,0.8585084662769803,0.0,0.0,0.4433029931008059,0.08532589256691535,0.00957098782191133,9.115868912862096e-06,0.0028781208089352405,0.0467343400132012,0.023555194355829034,4.810979840029845e-05,1.3175125296630904e-10,0.0020425848438585534,5.5275744660178476e-11,0.0005102758623397496,2.8603487862387917e-09,7.774457310938065e-06,2.1859803000402544e-09,1.2945398406239646e-10,1.4300579989066086e-05,1.718519571095549e-05,0.00613646148998196,2.0148263692215423e-05,0.0005051744167013325,1.1804084269637892e-08,4.863596916086695e-09,3.798588704894493e-08,1.2935648234037843e-07,1.2263045393975225e-08,6.866437143493365e-05,0.0013346068722334132,3.7060934826918207e-07,0.0009364989509076145,6.336706081236674e-09,2.7195895684577298e-05,7.305596438239856e-08,6.792146523159361e-06,1.2235688726606947e-10,1.2039994013883473e-10,1.9548144199675808e-06,1.3286338639056789e-07,4.854592821901929e-12,8.624584381007013e-11,3.1459581567172734e-11
2.8447159680102584e-06,0.16628943999999996,0.8585084662769803,0.0,0.0,0.44329806150513507,0.08530857741435452,0.009564320390058664,9.116146696929126e-06,0.002878001102303755,0.04677130356633011,0.023568762911989005,4.8090989483388734e-05,1.3203260464132576e-10,0.0020421930850192797,5.526147109260048e-11,0.0005103551313812722,2.8601867261713283e-09,7.765255262280286e-06,2.1875791504712375e-09,1.2951565092728872e-10,1.429046082833383e-05,1.719899218853918e-05,0.006135148644236085,2.0056588542155114e-05,0.0005053547481283147,1.1754967876372338e-08,4.859276623812379e-09,3.799741735133106e-08,1.2934965531694773e-07,1.231920425312708e-08,6.895386554739777e-05,0.0013397405280658173,3.708139707714637e-07,0.0009372298180860397,6.335420248246804e-09,2.7217729257818226e-05,7.309723392092242e-08,6.788418213827534e-06,1.2246950749419117e-10,1.2044618895881783e-10,1.9563795121502728e-06,1.3280995951511614e-07,4.858436097322334e-12,8.614280254995307e-11,3.144546532769343e-11
2.849253465801799e-06,0.16628943999999996,0.8585084662769803,0.0,0.0,0.4432881792992121,0.08527395787437282,0.009550999823145482,9.11669842139468e-06,0.0028777604249775055,0.046845208396916575,0.023595870695225403,4.805340963855642e-05,1.3259619586595754e-10,0.0020414100520952036,5.5232974856050286e-11,0.0005105135422981467,2.8598640975526523e-09,7.746904296281213e-06,2.190774754049014e-09,1.2963873906768628e-10,1.4270270342309564e-05,1.7226576458553236e-05,0.006132523541118548,1.9875139943015985e-05,0.0005057150594594654,1.1657718927366674e-08,4.850648350960169e-09,3.8020661432292206e-08,1.2933593943185507e-07,1.2431872166190543e-08,6.953421995209495e-05,0.0013500238862208457,3.712227375977165e-07,0.0009386910160366514,6.3328498955531495e-09,2.726138265975299e-05,7.317967608916216e-08,6.780965806332924e-06,1.2269466209778346e-10,1.2053848558443583e-10,1.9595084760425e-06,1.327032085317894e-07,4.866119725934714e-12,8.593731255033341e-11,3.1417506170964236e-11
2.8530919215225427e-06,0.16628943999999996,0.8585084662769803,0.0,0.0,0.44327979981380705,0.08524468298631929,0.009539746275989384,9.117161187030904e-06,0.002877555521699585,0.04690770433808439,0.023618771800643694,4.8021658701874505e-05,1.330738846116965e-10,0.0020407481548635445,5.5208921470633334e-11,0.0005106474164097535,2.8595927196610398e-09,7.731435574122758e-06,2.193475864995542e-09,1.2974260932858414e-10,1.425323963820001e-05,1.7249902128399815e-05,0.006130303472096228,1.9723595150392013e-05,0.0005060194963088398,1.1576461085212491e-08,4.843362133522384e-09,3.804051577658254e-08,1.293242727651066e-07,1.2527547171564203e-08,7.002658631861659e-05,0.0013587396624480756,3.7156803319937996e-07,0.0009399265449900931,6.330676890314809e-09,2.7298296627171737e-05,7.324931658571348e-08,6.774665895665629e-06,1.2288504014951513e-10,1.2061635417967283e-10,1.9621541297129404e-06,1.3261301008666694e-07,4.8726165934958715e-12,8.576409476296186e-11,3.1394134669364584e-11
2.8569303772432866e-06,0.16628943999999996,0.8585084662769803,0.0,0.0,0.44327140232881773,0.08521541836124137,0.009528506338547217,9.11762036460056e-06,0.002877349434756553,0.04697017902448935,0.023641645021581875,4.798994371697152e-05,1.3355241948799665e-10,0.002040086715912124,5.518491618725912e-11,0.0005107811695722351,2.8593227535146462e-09,7.71601715719863e-06,2.196174978715301e-09,1.2984624646356852e-10,1.4236253522780704e-05,1.727321959913836e-05,0.006128083966404081,1.9573807006388568e-05,0.0005063235990201684,1.1496112421630285e-08,4.836087616134763e-09,3.8060545611031353e-08,1.2931254814910735e-07,1.2623556367212485e-08,7.0520253289468e-05,0.0013674706638299326,3.7191287403196437e-07,0.0009411615621691752,6.328505127353282e-09,2.7335197619230125e-05,7.331886494256143e-08,6.76837000881237e-06,1.2307533609111534e-10,1.206940316688227e-10,1.964798629052821e-06,1.325229089334496e-07,4.879110697855476e-12,8.559143800922986e-11,3.1371015698727045e-11
2.860384987391956e-06,0.16628943999999996,0.8585084662769803,0.0,0.0,0.44326382926111063,0.08518908896995642,0.009518402017996213,9.118030588911146e-06,0.0028771629536103955,0.04702638806940666,0.023662207120270735,4.7961430847375616e-05,1.339838238834822e-10,0.0020394918109466003,5.516335236851422e-11,0.0005109014441685601,2.859080986355717e-09,7.702183430132683e-06,2.1986024750244136e-09,1.2993932105418559e-10,1.422100371746802e-05,1.7294198349191107e-05,0.006126086893713684,1.9440476248462027e-05,0.0005065970062972651,1.1424564038045596e-08,4.829550534504014e-09,3.8078722683749047e-08,1.2930194687718009e-07,1.2710250398672916e-08,7.09656643723458e-05,0.0013753415474025165,3.722228425657474e-07,0.0009422726400807405,6.3265515984143555e-09,2.736839747611223e-05,7.338137981825384e-08,6.762707153405667e-06,1.2324653215293918e-10,1.2076377829950786e-10,1.9671776957475973e-06,1.3244190076457344e-07,4.884953039676602e-12,8.543652481094484e-11,3.135042120373245e-11
2.8638395975406255e-06,0.16628943999999996,0.8585084662769803,0.0,0.0,0.44325624172183153,0.08516276788507594,0.009508308696821077,9.118437966582886e-06,0.002876975530586223,0.04708257989798184,0.02368274670868927,4.793294687231147e-05,1.3441591283386044e-10,0.0020388972739684213,5.514182715798289e-11,0.0005110216210972126,2.8588403540598965e-09,7.688390146989537e-06,2.2010283565199295e-09,1.300322077229705e-10,1.420578924609355e-05,1.7315170526189634e-05,0.006124090278772346,1.930852529370798e-05,0.0005068701438979493,1.1353730081008828e-08,4.823022893636366e-09,3.809704223452786e-08,1.2929129945968443e-07,1.279721516751456e-08,7.141212670623327e-05,0.001383224698131815,3.7253244387210934e-07,0.0009433833034879958,6.324599067534418e-09,2.740158693092111e-05,7.344382030917039e-08,6.7570475617714555e-06,1.234176615533781e-10,1.208333706657996e-10,1.9695558353321633e-06,1.3236097081616625e-07,4.890793162736622e-12,8.52820626894128e-11,3.1330025108022904e-11
2.867294207689295e-06,0.16628943999999996,0.8585084662769803,0.0,0.0,0.4432486397611902,0.08513645510350085,0.00949822636343384,9.118842525271351e-06,0.002876787173513334,0.04713875451030993,0.023703263822454097,4.790449168550885e-05,1.3484868595331202e-10,0.002038303103478373,5.512034038939956e-11,0.000511141700501122,2.8586008525927136e-09,7.67463716389499e-06,2.203452624565056e-09,1.3012490689319256e-10,1.4190609749121599e-05,1.733613616248576e-05,0.0061220941222528405,1.917793432726808e-05,0.0005071430122813484,1.128360042661105e-08,4.816504676459976e-09,3.811550442055298e-08,1.2928060626442723e-07,1.2884450695618103e-08,7.18596392449605e-05,0.0013911200855268354,3.7284167848314986e-07,0.0009444935524070963,6.322647530901157e-09,2.743476603485576e-05,7.350618653143658e-08,6.75139123605231e-06,1.2358872421964194e-10,1.2090280901765374e-10,1.9719330515469942e-06,1.3228011881300114e-07,4.896631076243202e-12,8.512805005035951e-11,3.130982458239555e-11
2.8707488178379645e-06,0.16628943999999996,0.8585084662769803,0.0,0.0,0.4432410234287824,0.08511015062215067,0.009488155006255345,9.119244292245228e-06,0.002876597890114158,0.04719491190654035,0.023723758496897993,4.787606518132949e-05,1.3528214285491384e-10,0.0020377092979935946,5.509889189755398e-11,0.0005112616825233826,2.8583624779601523e-09,7.660924336876711e-06,2.205875280504847e-09,1.3021741898325405e-10,1.4175464874017411e-05,1.7357095290454848e-05,0.006120098424818759,1.9048683901048434e-05,0.0005074156119047517,1.1214165137245779e-08,4.8099958659740695e-09,3.813410939923044e-08,1.2926986765424344e-07,1.2971957005693548e-08,7.230820095104262e-05,0.0013990276793451155,3.731505469273052e-07,0.0009456033868545565,6.320696984743606e-09,2.7467934839152896e-05,7.356847860022952e-08,6.745738178402134e-06,1.237597200784922e-10,1.2097209360390596e-10,1.9743093481324687e-06,1.321993444813764e-07,4.902466789406271e-12,8.497448529825517e-11,3.128981684984289e-11
2.874203427986634e-06,0.16628943999999996,0.8585084662769803,0.0,0.0,0.4432333927736047,0.0850838544379629,0.009478094613715246,9.119643294393498e-06,0.0028764076880062415,0.04725105208687576,0.02374423076707629,4.784766725477287e-05,1.3571628315063895e-10,0.002037115856047443,5.507748151830176e-11,0.000511381567307237,2.8581252262086404e-09,7.647251521884334e-06,2.2082963256666964e-09,1.3030974440680072e-10,1.4160354275084485e-05,1.737804794249677e-05,0.006118103187124719,1.8920754925448768e-05,0.0005076879432236331,1.1145414457455682e-08,4.8034964452482894e-09,3.815285732817523e-08,1.29259083987091e-07,1.3059734121241122e-08,7.275781079542613e-05,0.0014069474495869503,3.734590497295081e-07,0.0009467128068472476,6.31874742533184e-09,2.7501093395088057e-05,7.363069662980036e-08,6.740088390985589e-06,1.239306490562879e-10,1.2104122467230344e-10,1.9766847288290214e-06,1.321186475491362e-07,4.9083003114384225e-12,8.482136683654324e-11,3.126999918439485e-11
2.8776580381353034e-06,0.16628943999999996,0.8585084662769803,0.0,0.0,0.4432257478440678,0.08505756654789276,0.009468045174252074,9.120039558232248e-06,0.0028762165747041393,0.04730717505157092,0.023764680667773076,4.7819297801481104e-05,1.3615110645135658e-10,0.00203652277618936,5.5056109088573903e-11,0.0005115013549960586,2.857889093425035e-09,7.633618574808371e-06,2.2107157613608392e-09,1.3040188357282737e-10,1.4145277613309554e-05,1.7398994151037048e-05,0.0061161084098165595,1.879412866132464e-05,0.0005079600066916874,1.1077338809888457e-08,4.797006397421955e-09,3.817174836520238e-08,1.2924825561614491e-07,1.31477820665139e-08,7.320846775724184e-05,0.0014148793664897493,3.737671874113457e-07,0.0009478218124023978,6.316798848976526e-09,2.75342417539765e-05,7.369284073349864e-08,6.734441875977523e-06,1.2410151107904002e-10,1.2111020246953696e-10,1.9790591973772942e-06,1.320380277456895e-07,4.914131651555388e-12,8.466869306786115e-11,3.125036890998508e-11
2.881112648283973e-06,0.16628943999999996,0.8585084662769803,0.0,0.0,0.4432180886880102,0.08503128694891263,0.009458006676313238,9.120433109911507e-06,0.002876024557621307,0.047363280800931586,0.02378510823350722,4.779095671774401e-05,1.365866123668325e-10,0.002035930056984728,5.5034774446386227e-11,0.0005116210457333377,2.857654075736766e-09,7.620025351499195e-06,2.213133588880771e-09,1.3049383688578336e-10,1.4130234556207624e-05,1.7419933948527087e-05,0.006114114093531549,1.8668786712129816e-05,0.0005082318027608405,1.100992879123658e-08,4.790525705703771e-09,3.8190782668307775e-08,1.2923738288987745e-07,1.3236100866478292e-08,7.366017082356261e-05,0.0014228234005225692,3.7407496049091066e-07,0.0009489304035375903,6.314851252029065e-09,2.7567379967174958e-05,7.375491102378865e-08,6.728798635562406e-06,1.242723060723582e-10,1.2117902724126974e-10,1.9814327575182727e-06,1.319574848020282e-07,4.919960818976124e-12,8.451646239424867e-11,3.1230923399301157e-11
2.8845672584326423e-06,0.16628943999999996,0.8585084662769803,0.0,0.0,0.4432104153527111,0.08500501563801177,0.009447979108355068,9.120823975221769e-06,0.0028758316440719114,0.04741936933531356,0.0238055134985383,4.776264390050331e-05,1.3702280050572876e-10,0.002035337697014737,5.501347743084785e-11,0.0005117406396626654,2.8574201693118085e-09,7.60647170778487e-06,2.2155498095036826e-09,1.3058560474567427e-10,1.4115224777674216e-05,1.7440867367444672e-05,0.0061121202388985645,1.8544711016257217e-05,0.0005085033318812553,1.0943175168371216e-08,4.7840543533714144e-09,3.820996039565107e-08,1.2922646615213846e-07,1.332469054677569e-08,7.411291898916492e-05,0.0014307795223807564,3.7438236948287057e-07,0.0009500385802707623,6.312904630881552e-09,2.7600508086083226e-05,7.381690761226621e-08,6.723158671933781e-06,1.2444303396145537e-10,1.212476992321648e-10,1.983805412993431e-06,1.3187701845074426e-07,4.925787822923022e-12,8.436467321734293e-11,3.1211660072708656e-11
2.8880218685813118e-06,0.16628943999999996,0.8585084662769803,0.0,0.0,0.4432027278849028,0.08497875261219588,0.009437962458842843,9.12121217960055e-06,0.0028756378412726465,0.047475440655121555,0.023825896496872317,4.773435924735707e-05,1.374596704756046e-10,0.002034745694876248,5.499221788216965e-11,0.0005118601369277189,2.8571873703584825e-09,7.592957499489081e-06,2.2179644244909446e-09,1.3067718754816248e-10,1.4100247957837457e-05,1.7461794440295966e-05,0.006110126846538278,1.842188383958423e-05,0.0005087745945013667,1.0877068874722256e-08,4.7775923237703325e-09,3.822928170555847e-08,1.2921550574225983e-07,1.3413551133691481e-08,7.456671125630533e-05,0.0014387477029807758,3.74689414898981e-07,0.0009511463426202045,6.310958981965659e-09,2.7633626162144126e-05,7.387883060968815e-08,6.717521987293698e-06,1.2461369467132275e-10,1.213162186859167e-10,1.9861771675448777e-06,1.317966284260458e-07,4.931612672622772e-12,8.421332393860007e-11,3.1192576397251536e-11
2.8914764787299812e-06,0.16628943999999996,0.8585084662769803,0.0,0.0,0.44319502633078345,0.08495249786848666,0.009427956716250815,9.121597748138616e-06,0.002875443156344461,0.04753149476080831,0.023846257262267242,4.770610265656327e-05,1.3789722188291664e-10,0.0020341540491816516,5.497099564167164e-11,0.000511979537672247,2.8569556751256143e-09,7.5794825824479565e-06,2.220377435088526e-09,1.3076858568466433e-10,1.4085303782917319e-05,1.7482715199616117e-05,0.006108133917063346,1.830028776822802e-05,0.0005090455910679148,1.0811601006471732e-08,4.771139600313316e-09,3.8248746756508206e-08,1.2920450199513143e-07,1.3502682654120222e-08,7.502154663450018e-05,0.0014467279134551647,3.749960972478325e-07,0.0009522536906045625,6.309014301752675e-09,2.766673424684494e-05,7.39406801259912e-08,6.711888583852193e-06,1.2478428812666482e-10,1.213845858452787e-10,1.9885480249154904e-06,1.3171631446377157e-07,4.937435377306529e-12,8.406241295948756e-11,3.117366988555615e-11
2.8949310888786507e-06,0.16628943999999996,0.8585084662769803,0.0,0.0,0.44318731073602885,0.08492625140392145,0.009417961869062236,9.121980705586253e-06,0.0028752475963142944,0.04758753165287346,0.02386659582823841,4.767787402704351e-05,1.3833545433301943e-10,0.0020335627585587315,5.494981055179039e-11,0.0005120988420400564,2.8567250799027702e-09,7.566046812526979e-06,2.22278884252732e-09,1.3085979954244677e-10,1.4070391945084658e-05,1.750362967796759e-05,0.006106141451078574,1.8179905701487827e-05,0.0005093163220259339,1.0746762818766997e-08,4.7646961664811575e-09,3.8268355707090035e-08,1.2919345524124657e-07,1.3592085135523974e-08,7.547742414030539e-05,0.001454720125147673,3.7530241703425217e-07,0.0009533606242428319,6.307070586754798e-09,2.7699832391721092e-05,7.400245627028931e-08,6.706258463826732e-06,1.2495481425165633e-10,1.214528009520817e-10,1.990917988849056e-06,1.3163607630140591e-07,4.943255946209228e-12,8.391193868163765e-11,3.1154938094763935e-11
2.89838569902732e-06,0.16628943999999996,0.8585084662769803,0.0,0.0,0.44317958114580375,0.08490001321555295,0.009407977905769374,9.12236107635922e-06,0.0028750511681167297,0.047643551331862766,0.02388691222806385,4.764967325838614e-05,1.3877436743016612e-10,0.0020329718216505277,5.4928662456085516e-11,0.0005122180501749983,2.8564955810197304e-09,7.552650045636808e-06,2.225198648023588e-09,1.3095082950471982e-10,1.4055512142327267e-05,1.7524537907943153e-05,0.006104149449181089,1.8060720844965204e-05,0.0005095867878187652,1.0682545722669566e-08,4.758262005820921e-09,3.828810871601867e-08,1.291823658068147e-07,1.3681758605905274e-08,7.593434279710602e-05,0.0014627243096084876,3.7560837476049735e-07,0.0009544671435543584,6.3051278335232035e-09,2.7732920648355144e-05,7.406415915090718e-08,6.7006316294416905e-06,1.251252729703162e-10,1.2152086424726392e-10,1.9932870630904057e-06,1.315559136780909e-07,4.949074388570909e-12,8.376189950705162e-11,3.113637862573394e-11
2.9018403091759896e-06,0.16628943999999996,0.8585084662769803,0.0,0.0,0.44317183760477397,0.08487378330044872,0.009398004814873552,9.122738884544749e-06,0.0028748538785956543,0.04769955379836706,0.023907206494789304,4.762150025084925e-05,1.3921396077750923e-10,0.0020323812371151944,5.4907551199246157e-11,0.0005123371622209551,2.856267174846326e-09,7.539292137749239e-06,2.227606852779439e-09,1.3104167595072917e-10,1.4040664078315508e-05,1.7545439922169892e-05,0.006102157911960509,1.7942716703855106e-05,0.000509856988888115,1.0618941281871356e-08,4.751837101943811e-09,3.830800594216101e-08,1.2917123401388588e-07,1.3771703093788041e-08,7.639230163492745e-05,0.0014707404385896135,3.7591397092683995e-07,0.0009555732485588386,6.303186038645898e-09,2.7765999068374785e-05,7.412578887542825e-08,6.695008082927828e-06,1.2529566420680637e-10,1.2158877597090719e-10,1.9956552513855484e-06,1.3147582633463914e-07,4.95489071363829e-12,8.361229383833918e-11,3.1117989122084867e-11
2.905294919324659e-06,0.16628943999999996,0.8585084662769803,0.0,0.0,0.4431640801571165,0.08484756165569099,0.009388042584885164,9.123114153907251e-06,0.00287465573450584,0.04775553905302138,0.02392747866123334,4.759335490536326e-05,1.396542339771013e-10,0.002031791003625867,5.488647662709646e-11,0.0005124561783218267,2.856039857793365e-09,7.525972944912094e-06,2.2300134579830842e-09,1.3113233925584454e-10,1.4025847462274766e-05,1.756633575330324e-05,0.00610016683999911,1.782587707641474e-05,0.00051012692567406,1.055594120842869e-08,4.745421438528103e-09,3.832804754444712e-08,1.29160060180319e-07,1.3861918628167117e-08,7.685129969023061e-05,0.0014787684840403604,3.7621920602897366e-07,0.000956678939276319,6.301245198752204e-09,2.7799067703460754e-05,7.418734555065823e-08,6.689387826521777e-06,1.2546598788451415e-10,1.2165653636224324e-10,1.998022557481809e-06,1.3139581401354475e-07,4.960704930662121e-12,8.346312007879618e-11,3.109976726891924e-11
2.9087495294733286e-06,0.16628943999999996,0.8585084662769803,0.0,0.0,0.44315630884653157,0.08482134827837619,0.009378091204323702,9.123486907894059e-06,0.0028744567425145365,0.0478115070965041,0.02394772875999211,4.756523712353337e-05,1.4009518662989577e-10,0.002031201119870517,5.486543858660117e-11,0.0005125750986215199,2.8558136263121858e-09,7.512692323264262e-06,2.2324184648091394e-09,1.312228197916481e-10,1.4011062008857359e-05,1.758722543402611e-05,0.006098176233871961,1.7710186047599237e-05,0.0005103965986150215,1.049353735999951e-08,4.73901499931925e-09,3.834823368183893e-08,1.2914884461983876e-07,1.3952405238467536e-08,7.731133600570082e-05,0.001486808418103019,3.7652408055893805e-07,0.0009577842157271926,6.299305310512847e-09,2.783212660534976e-05,7.424882928261874e-08,6.683770862465526e-06,1.256362439261411e-10,1.2172414565966493e-10,2.000388985127956e-06,1.3131587645899403e-07,4.966517048897062e-12,8.331437663252256e-11,3.108171079218906e-11
2.912204139621998e-06,0.16628943999999996,0.8585084662769803,0.0,0.0,0.44314852371625135,0.08479514316561468,0.009368150661717776,9.12385716964087e-06,0.0028742569092029806,0.047867457929536145,0.0239679568234441,4.753714680764149e-05,1.4053681833574834e-10,0.002030611584551821,5.4844436925870307e-11,0.0005126939232639355,2.855588476893055e-09,7.499450129049721e-06,2.234821874419172e-09,1.3131311792601918e-10,1.3996307438021092e-05,1.760810899706428e-05,0.0060961860941471,1.7595627982862075e-05,0.0005106660081478102,1.0431721738299365e-08,4.732617768121881e-09,3.8368564513488457e-08,1.2913758764233165e-07,1.404316295456134e-08,7.777240963008479e-05,0.0014948602131085644,3.768285950098994e-07,0.0009588890779321995,6.297366370629898e-09,2.7865175825821013e-05,7.431024017668667e-08,6.678157193005927e-06,1.2580643225560342e-10,1.2179160410079268e-10,2.0027545380743294e-06,1.3123601341687438e-07,4.972327077608203e-12,8.316606190480348e-11,3.106381745829096e-11
2.9156587497706675e-06,0.16628943999999996,0.8585084662769803,0.0,0.0,0.4431407248090518,0.08476894631453043,0.00935822094560514,9.124224961977275e-06,0.002874056241067926,0.047923391552879946,0.023988162883754726,4.75090838606484e-05,1.4097912869341747e-10,0.002030022396387017,5.482347149416389e-11,0.0005128126523929558,2.8553644060668645e-09,7.486246218631711e-06,2.237223687962042e-09,1.314032340232185e-10,1.3981583474907201e-05,1.7628986475179966e-05,0.00609419642138567,1.7482187522112126e-05,0.0005109351547076808,1.0370486483952308e-08,4.7262297288033116e-09,3.8389040198645134e-08,1.291262895537893e-07,1.4134191806729613e-08,7.823451961803711e-05,0.0015029238415725208,3.7713274987104724e-07,0.0009599935259124268,6.295428375842817e-09,2.789821541670463e-05,7.437157833756706e-08,6.672546820394201e-06,1.2597655279657008e-10,1.2185891192248589e-10,2.0051192200729773e-06,1.3115622463478383e-07,4.978135026067704e-12,8.301817430221492e-11,3.1046085072324156e-11
2.919113359919337e-06,0.16628943999999996,0.8585084662769803,0.0,0.0,0.44313291216726164,0.0847427577222607,0.009348302044532701,9.12459030743195e-06,0.0028738547445230785,0.047979307967338854,0.02400834697288086,4.748104818619494e-05,1.414221173005658e-10,0.0020294335541077703,5.480254214189566e-11,0.000512931286152434,2.8551414104066796e-09,7.473080448505898e-06,2.23962390657396e-09,1.3149316844396918e-10,1.3966889849724737e-05,1.764985790114851e-05,0.006092207216142068,1.7369849573824945e-05,0.0005112040387283086,1.0309823871794919e-08,4.719850865305036e-09,3.84096608963701e-08,1.2911495065601445e-07,1.4225491825550686e-08,7.86976650298801e-05,0.001510999276190981,3.7743654562186325e-07,0.0009610975596893055,6.29349132294333e-09,2.7931245429906918e-05,7.443284386909113e-08,6.666939746885444e-06,1.2614660546958567e-10,1.219260693607836e-10,2.0074830348777768e-06,1.3107650986203853e-07,4.983940903545246e-12,8.287071223236657e-11,3.102851147699277e-11
2.9225679700680064e-06,0.16628943999999996,0.8585084662769803,0.0,0.0,0.4431250858327722,0.08471657738595574,0.009338393947056566,9.124953228237957e-06,0.0028736524259005717,0.048035207173756214,0.024028509122575068,4.745303968860377e-05,1.4186578375376125e-10,0.002028845056460035,5.4781648720637125e-11,0.0005130498246861845,2.8549194865233685e-09,7.459952675313733e-06,2.242022531378963e-09,1.3158292154553737e-10,1.3952226297634279e-05,1.7670723307790715e-05,0.006090218478964083,1.7258599309292747e-05,0.0005114726606417737,1.0249726313411243e-08,4.7134811616253974e-09,3.84304267658898e-08,1.2910357124720857e-07,1.431706304195299e-08,7.916184493142524e-05,0.0015190864898367274,3.777399827467584e-07,0.0009622011792846103,6.291555208751477e-09,2.7964265917379986e-05,7.449403687447334e-08,6.661335974738164e-06,1.2631659019719807e-10,1.219930766510002e-10,2.0098459862445604e-06,1.3099686884968002e-07,4.9897447193227396e-12,8.272367410445734e-11,3.1011094553708475e-11
2.926022580216676e-06,0.16628943999999996,0.8585084662769803,0.0,0.0,0.44311724584704737,0.08469040530277845,0.009328496641742031,9.125313746337709e-06,0.002873449291452338,0.04809108917301465,0.02404864936438996,4.7425058272880154e-05,1.4231012764847835e-10,0.002028256902203914,5.4760791083120605e-11,0.0005131682681379696,2.8546986310653912e-09,7.4468627558548124e-06,2.244419563489545e-09,1.3167249368180924e-10,1.3937592558637873e-05,1.7691582727999156e-05,0.006088230210393037,1.7148422157028765e-05,0.0005117410208786046,1.0190186353810051e-08,4.707120601806983e-09,3.845133796686642e-08,1.2909215162238914e-07,1.4408905487300208e-08,7.96270583939333e-05,0.0015271854555552792,3.78043061736239e-07,0.00096330438472046,6.289620030101945e-09,2.7997276931097384e-05,7.455515745658759e-08,6.655735506213792e-06,1.2648650690643375e-10,1.2205993402785326e-10,2.0122080779312453e-06,1.309173013504815e-07,4.995546482703927e-12,8.257705832994143e-11,3.099383222083764e-11
2.9294771903653453e-06,0.16628943999999996,0.8585084662769803,0.0,0.0,0.4431093922511318,0.0846642414699042,0.009318610117163631,9.125671883388073e-06,0.0028732453473515225,0.04814695396603518,0.024068767729682288,4.739710384471304e-05,1.4275514857909973e-10,0.002027669090113528,5.473996908324218e-11,0.0005132866166514915,2.854478840726642e-09,7.433810547099473e-06,2.2468150040066002e-09,1.3176188520336842e-10,1.3922988377468204e-05,1.7712436194657423e-05,0.006086242410963916,1.703930379731851e-05,0.0005120091198678495,1.013119665801975e-08,4.700769169978509e-09,3.847239465846288e-08,1.290806920721541e-07,1.4501019193129007e-08,8.009330449388558e-05,0.0015352961465612872,3.78345783056755e-07,0.0009644071760193149,6.2876857839010376e-09,2.8030278523136826e-05,7.461620571730535e-08,6.65013834357624e-06,1.2665635551636587e-10,1.221266417252498e-10,2.0145693136979557e-06,1.3083780711895417e-07,5.0013462029790414e-12,8.243086332147945e-11,3.097672242992264e-11
2.932586339499148e-06,0.16628943999999996,0.8585084662769803,0.0,0.0,0.4431023124116879,0.08464070107200161,0.009309721453136754,9.125992188609257e-06,0.0028730611104474924,0.04819721756921199,0.024086855579780297,4.737196785632684e-05,1.4315624594623504e-10,0.002027140350781877,5.4721259633717074e-11,0.0005133930492601586,2.854281937397795e-09,7.422095683804093e-06,2.248969540560023e-09,1.3184218343434704e-10,1.3909869679107421e-05,1.7731199251545747e-05,0.006084453793031211,1.694199090463178e-05,0.0005122501859449097,1.0078570448194874e-08,4.695060672708233e-09,3.8491470206662183e-08,1.290703445776413e-07,1.4584153482230749e-08,8.05138081294686e-05,0.0015426057715829846,3.786179268240735e-07,0.0009653993341199911,6.285945757048746e-09,2.805997194355509e-05,7.467108740054292e-08,6.6451037256084144e-06,1.2680916097104085e-10,1.221865508696172e-10,2.016693697186026e-06,1.307663247529457e-07,5.006564212046515e-12,8.229964625783277e-11,3.0961452378572875e-11
2.93538457371957e-06,0.16628943999999996,0.8585084662769803,0.0,0.0,0.4430959311828561,0.08461952042400069,0.00930172910693165,9.126278841844699e-06,0.0028728947443615255,0.04824244289715319,0.02410311953454038,4.734936403613356e-05,1.4351770193056027e-10,0.0020266647207881753,5.47044456229267e-11,0.0005134887730444328,2.85410545783625e-09,7.411578238494919e-06,2.2509075226049693e-09,1.3191432720562532e-10,1.3898082998737847e-05,1.7748081922298816e-05,0.006082844362477483,1.6855124474502866e-05,0.0005124669650400478,1.0031578684470741e-08,4.6899293262953586e-09,3.850873916607171e-08,1.2906100455253463e-07,1.4659162245211755e-08,8.089297536762537e-05,0.0015491925200648736,3.7886260913378126e-07,0.0009662919896297386,6.284380374682517e-09,2.808668956447428e-05,7.472043096020844e-08,6.640574861864683e-06,1.269466386197742e-10,1.2224036574075258e-10,2.018605054431877e-06,1.3070204105035205e-07,5.011259017315549e-12,8.218184025019085e-11,3.0947812390512734e-11
2.938182807939992e-06,0.16628943999999996,0.8585084662769803,0.0,0.0,0.4430895410960293,0.08459834518404048,0.009293743813683022,9.126563970468144e-06,0.0028727278577869073,0.048287656937841913,0.024119369191245268,4.732677775703285e-05,1.4387960139336729e-10,0.002026189313155019,5.468765473804195e-11,0.0005135844347949687,2.853929671345502e-09,7.40108528148642e-06,2.2528444623264544e-09,1.319863530884831e-10,1.3886315272364497e-05,1.776496074555176e-05,0.006081235240658864,1.6768928056023316e-05,0.0005126835734884913,9.984935321801381e-09,4.684803940718593e-09,3.8526103865278236e-08,1.2905163883794219e-07,1.4734349039132125e-08,8.1272818493334e-05,0.0015557869144192538,3.7910705761919403e-07,0.0009671843734652548,6.2828155986875025e-09,2.8113401096592117e-05,7.476972724908271e-08,6.636048171144375e-06,1.2708407145079608e-10,1.2229408282094058e-10,2.020515856802098e-06,1.3063780498791198e-07,5.0159524986629664e-12,8.206430749166815e-11,3.093426896007393e-11
2.940701218738372e-06,0.16628943999999996,0.8585084662769803,0.0,0.0,0.44308378246169844,0.08457929209072901,0.009286563075033198,9.126819291764724e-06,0.002872577217443762,0.04832833992432367,0.024133981670920415,4.7306465063132695e-05,1.442056899041146e-10,0.0020257616358866286,5.4672562651966416e-11,0.0005136704773945918,2.853772054689472e-09,7.391662495163175e-06,2.2545868173555558e-09,1.3205107573749258e-10,1.3875740419267603e-05,1.7780148411359668e-05,0.006079787295216065,1.669191822835146e-05,0.0005128783753753103,9.943251151315459e-09,4.680196183343283e-09,3.854181402190603e-08,1.2904318785226067e-07,1.4802169384269209e-08,8.161525479225775e-05,0.0015617283950485432,3.7932686154098554e-07,0.0009679872866461532,6.2814078174414575e-09,2.8137436292555423e-05,7.481405353617265e-08,6.631976008427798e-06,1.2720772264318885e-10,1.2234234468348597e-10,2.0222351061721315e-06,1.3058003315897904e-07,5.020175504012932e-12,8.19587609427787e-11,3.092216158496753e-11
2.9429677884569138e-06,0.16628943999999996,0.8585084662769803,0.0,0.0,0.4430785935833637,0.08456214805017509,0.009280105286935009,9.127048039221272e-06,0.00287244128471347,0.04836494679590448,0.024147123021584296,4.728819572366152e-05,1.4449947641267767e-10,0.002025376879534409,5.4658995692972694e-11,0.0005137478728714589,2.8536306775157065e-09,7.383198848947056e-06,2.2561542157487674e-09,1.3210924471076094e-10,1.3866236014567186e-05,1.7793814668742867e-05,0.006078484358483845,1.6623064195080614e-05,0.0005130535791832892,9.905971969474273e-09,4.676053319119751e-09,3.855601957709322e-08,1.2903556436447984e-07,1.486333101253091e-08,8.192391492466231e-05,0.001567081004765874,3.7952452345858173e-07,0.0009687097203773557,6.2801412322245365e-09,2.8159063788127764e-05,7.485391452560534e-08,6.628312568472087e-06,1.273189776237103e-10,1.223857127938458e-10,2.0237820489207834e-06,1.3052807134193149e-07,5.023975298366034e-12,8.186395720069014e-11,3.0911330502910935e-11
2.9452343581754558e-06,0.16628943999999996,0.8585084662769803,0.0,0.0,0.4430733989304763,0.08454500755521499,0.0092736521155231,9.127275805735354e-06,0.002872305016017885,0.048401546262937835,0.02416025502017059,4.72699378065665e-05,1.4479355349977674e-10,0.0020249922679700326,5.4645443773580006e-11,0.0005138252277834237,2.853489752099703e-09,7.37475113517153e-06,2.25772093127007e-09,1.321673366560814e-10,1.385674382247052e-05,1.7807478433021344e-05,0.006077181624793878,1.6554637191914905e-05,0.0005132286714293042,9.868914938931466e-09,4.671914351041893e-09,3.857028809769409e-08,1.2902792428244014e-07,1.492460947759633e-08,8.223301765363995e-05,0.0015724386062793178,3.7972203240593337e-07,0.0009694319758856955,6.278875042060229e-09,2.8180687338286416e-05,7.489374459448297e-08,6.624650556381428e-06,1.274302031251607e-10,1.2242901696193897e-10,2.0253286311788155e-06,1.304761405567257e-07,5.027774232912306e-12,8.176933124616628e-11,3.0900560976341644e-11
2.9475009278939978e-06,0.16628943999999996,0.8585084662769803,0.0,0.0,0.443068198513997,0.08452787060506958,0.009267203557585611,9.127502596986625e-06,0.0028721684129799654,0.04843813832574236,0.024173377675239197,4.725169128632012e-05,1.4508792104909322e-10,0.0020246078008692298,5.4631906854419416e-11,0.0005139025421709219,2.8533492775714883e-09,7.366319313778586e-06,2.2592869642133074e-09,1.322253516675111e-10,1.3847263777987095e-05,1.7821139713540058e-05,0.00607587909428768,1.6486633554399902e-05,0.0005134036522321715,9.832078182601684e-09,4.667779274726507e-09,3.858461962860375e-08,1.2902026768256042e-07,1.4986004788676603e-08,8.254256272592246e-05,0.001577801192279066,3.799193885131592e-07,0.0009701540531780646,6.277609246134701e-09,2.8202306957846516e-05,7.493354377052374e-08,6.6209899727968075e-06,1.275413991242054e-10,1.2247225725275504e-10,2.026874854012422e-06,1.3042424073686318e-07,5.031572310287702e-12,8.167488263433527e-11,3.088985248158048e-11
2.9497674976125398e-06,0.16628943999999996,0.8585084662769803,0.0,0.0,0.4430629923448191,0.08451073719896166,0.009260759609912425,9.127728418607407e-06,0.0028720314772096166,0.04847472298464293,0.024186490995318274,4.723345613752164e-05,1.4538257894410802e-10,0.0020242234779101606,5.46183848963396e-11,0.0005139798160743659,2.8532092530671746e-09,7.357903344755108e-06,2.2608523148704645e-09,1.3228328983858023e-10,1.3837795816882087e-05,1.7834798519671293e-05,0.006074576767105731,1.6419049658689344e-05,0.0005135785217103563,9.795459844402655e-09,4.6636480857916244e-09,3.8599014214911805e-08,1.2901259464093639e-07,1.5047516955082182e-08,8.285254988908587e-05,0.0015831687554825286,3.8011659191237605e-07,0.0009708759522614167,6.276343843629362e-09,2.822392266161583e-05,7.497331208153184e-08,6.61733081835914e-06,1.2765256560004968e-10,1.2251543373125098e-10,2.028420718488349e-06,1.3037237181617145e-07,5.035369533137321e-12,8.15806109211821e-11,3.0879204500475096e-11
2.9520340673310818e-06,0.16628943999999996,0.8585084662769803,0.0,0.0,0.4430577804337699,0.08449360733611595,0.009254320269295152,9.127953276183208e-06,0.0028718942103038315,0.048511300239970676,0.024199594988904668,4.721523233489706e-05,1.4567752706810184e-10,0.0020238392987734035,5.4604877860406896e-11,0.0005140570495341451,2.853069677730298e-09,7.349503188134059e-06,2.2624169835317993e-09,1.3234115126229965e-10,1.3828339875665212e-05,1.7848454860789204e-05,0.006073274643387505,1.6351881920992293e-05,0.0005137532799820699,9.75905808800534e-09,4.659520779869351e-09,3.861347190162847e-08,1.2900490523295792e-07,1.510914598612354e-08,8.316297889146513e-05,0.001588541288634035,3.8031364273330805e-07,0.0009715976731427672,6.275078833736533e-09,2.8245534464420476e-05,7.501304955515101e-08,6.613673093709223e-06,1.2776370253077816e-10,1.2255854646225374e-10,2.0299662256739115e-06,1.3032053372880382e-07,5.039165904105404e-12,8.148651566308193e-11,3.086861652034054e-11
2.9543006370496238e-06,0.16628943999999996,0.8585084662769803,0.0,0.0,0.44305256279161065,0.08447648101575925,0.009247885532527133,9.128177175253233e-06,0.002871756613846833,0.0485478700920628,0.024212689664464285,4.7197019853299007e-05,1.4597276530415542e-10,0.002023455263141933,5.459138570790522e-11,0.0005141342425906242,2.8529305507126704e-09,7.341118803995646e-06,2.263980970485875e-09,1.3239893603116877e-10,1.3818895891579827e-05,1.786210874625731e-05,0.0060719727232714715,1.628512679703184e-05,0.0005139279271653396,9.722871097443392e-09,4.655397352611035e-09,3.862799273357799e-08,1.2899719953317522e-07,1.5170891891061706e-08,8.347384948209117e-05,0.0015939187845045236,3.8051054110430736e-07,0.000972319215829194,6.273814215664544e-09,2.8267142381117563e-05,7.505275621874039e-08,6.610016799487685e-06,1.2787480989235885e-10,1.2260159551040967e-10,2.0315113766370032e-06,1.3026872640923955e-07,5.0429614258313534e-12,8.139259641655583e-11,3.085808803469573e-11
2.9565672067681657e-06,0.16628943999999996,0.8585084662769803,0.0,0.0,0.4430473394290377,0.08445935823712006,0.009241455396403454,9.128400121310875e-06,0.0028716186894102106,0.048584432541262663,0.024225775030432526,4.717881866770663e-05,1.4626829353514948e-10,0.0020230713707011156,5.457790840033622e-11,0.0005142113952841432,2.852791871172241e-09,7.332750152468441e-06,2.2655442760195048e-09,1.3245664423718313e-10,1.3809463802592258e-05,1.7875760185471992e-05,0.006070671006895112,1.6218780781512685e-05,0.0005141024633778509,9.686897077167059e-09,4.651277799666299e-09,3.864257675583616e-08,1.289894776159237e-07,1.523275467927275e-08,8.378516141080967e-05,0.00159930123589105,3.8070728715677905e-07,0.0009730405803278359,6.272549988613348e-09,2.828874642655205e-05,7.509243209980319e-08,6.606361936334942e-06,1.2798588766418697e-10,1.2264458094036051e-10,2.0330561724461152e-06,1.3021694979228427e-07,5.046756100965913e-12,8.129885273912631e-11,3.084761854238238e-11
2.9588337764867077e-06,0.16628943999999996,0.8585084662769803,0.0,0.0,0.44304211035668384,0.08444223899942888,0.009235029857720931,9.128622119804233e-06,0.002871480438553063,0.04862098758791952,0.02423885109521465,4.716062875322548e-05,1.4656411164376537e-10,0.002022687621138677,5.456444589941913e-11,0.0005142885076550144,2.8526536382738334e-09,7.324397193730489e-06,2.2671069004178146e-09,1.3251427597184156e-10,1.3800043547381247e-05,1.788940918783617e-05,0.006069369494394935,1.6152840407596484e-05,0.0005142768887370175,9.651134250348973e-09,4.6471621166968265e-09,3.865722401343066e-08,1.289817395548991e-07,1.5294734360139388e-08,8.409691442818999e-05,0.0016046886356165184,3.809038810195667e-07,0.0009737617666458941,6.271286151791886e-09,2.8310346615583202e-05,7.513207722572752e-08,6.602708504891141e-06,1.2809693582488529e-10,1.2268750281663937e-10,2.034600614170345e-06,1.301652038130694e-07,5.050549932160522e-12,8.120528418882762e-11,3.0837207547263013e-11
2.9611003462052497e-06,0.16628943999999996,0.8585084662769803,0.0,0.0,0.4430368755851189,0.08442512330191795,0.009228608913278128,9.128843176136574e-06,0.0028713418628221283,0.04865753523238864,0.024251917867186182,4.714245008508738e-05,1.4686021951248515e-10,0.0020223040141446992,5.4550998167090784e-11,0.0005143655797435244,2.8525158511907678e-09,7.316059888010397e-06,2.2686688439643197e-09,1.3257183132615397e-10,1.3790635065327567e-05,1.7903055762732557e-05,0.006068068185906483,1.608730224638229e-05,0.0005144512033600887,9.615580859609332e-09,4.643050299388204e-09,3.8671934551102164e-08,1.289739854228324e-07,1.5356830942949795e-08,8.440910828542586e-05,0.0016100809765294182,3.8110032281904057e-07,0.0009744827747906308,6.270022704430701e-09,2.8331942963111603e-05,7.517169162352256e-08,6.599056505796125e-06,1.2820795434959208e-10,1.2273036120356296e-10,2.036144702879412e-06,1.3011348840705266e-07,5.0543429220581565e-12,8.111189032368375e-11,3.082685455932545e-11
2.9633669159237917e-06,0.16628943999999996,0.8585084662769803,0.0,0.0,0.4430316351248502,0.08440801114382145,0.009222192559875346,9.129063295666848e-06,0.0028712029637519222,0.04869407547503105,0.02426497535469329,4.7124282638650295e-05,1.4715661702359157e-10,0.0020219205494115995,5.453756516550557e-11,0.0005144426115899311,2.852378509102746e-09,7.307738195588387e-06,2.2702301069409142e-09,1.326293103906482e-10,1.3781238296503804e-05,1.7916699919581436e-05,0.006066767081564353,1.6022162906396282e-05,0.0005146254073639739,9.5802351675313e-09,4.638942343421473e-09,3.868670841389715e-08,1.2896621529234683e-07,1.5419044437122306e-08,8.47217427344956e-05,0.0016154782515033143,3.8129661268588313e-07,0.00097520360476937,6.268759645748367e-09,2.835353548402158e-05,7.521127532039505e-08,6.5954059396893764e-06,1.2831894321782831e-10,1.2277315616547016e-10,2.0376884396436723e-06,1.3006180351001745e-07,5.058135073315184e-12,8.101867070285366e-11,3.081655909375464e-11
2.9656334856423337e-06,0.16628943999999996,0.8585084662769803,0.0,0.0,0.4430263889863242,0.08439090252437523,0.00921578079431464,9.129282483710152e-06,0.0028710637428648656,0.04873060831621362,0.024278023566053124,4.7106126389398194e-05,1.474533040591686e-10,0.0020215372266341146,5.452414685703531e-11,0.0005145196032344632,2.852241611195784e-09,7.299432076797353e-06,2.2717906896278742e-09,1.3268671325537725e-10,1.3771853181664265e-05,1.7930341667817434e-05,0.006065466181502197,1.59574190330931e-05,0.0005147995008653033,9.545095454440652e-09,4.634838244486283e-09,3.8701545646871957e-08,1.2895842923553348e-07,1.5481374852099344e-08,8.503481752807363e-05,0.0016208804534365879,3.814927507483264e-07,0.0009759242565894968,6.2674969749688525e-09,2.8375124193204696e-05,7.525082834351096e-08,6.5917568072099725e-06,1.2842990240909634e-10,1.2281588776662384e-10,2.0392318255341305e-06,1.3001014905807308e-07,5.061926388591308e-12,8.092562488618488e-11,3.080632067026538e-11
2.9679000553608757e-06,0.16628943999999996,0.8585084662769803,0.0,0.0,0.44302113717992636,0.08437379744281692,0.009209373613399793,9.129500745538184e-06,0.002870924201671424,0.04876713375630889,0.024291062509554266,4.7087981312940864e-05,1.4775028050110169e-10,0.0020211540455092867,5.451074320426918e-11,0.0005145965547173201,2.852105156664424e-09,7.291141492023861e-06,2.273350592303923e-09,1.327440400099264e-10,1.3762479662235125e-05,1.7943981016842394e-05,0.006064165485852746,1.5893067308362624e-05,0.0005149734839805691,9.510160019143343e-09,4.6307379983024875e-09,3.871644629466418e-08,1.2895062732333987e-07,1.5543822197171426e-08,8.534833241938467e-05,0.0016262875752522483,3.816887371305194e-07,0.0009766447302584575,6.266234691345357e-09,2.8396709105607058e-05,7.529035071953053e-08,6.588109108996552e-06,1.2854083189746328e-10,1.2285855607102056e-10,2.0407748616224525e-06,1.299585249876545e-07,5.06571687053297e-12,8.083275243329153e-11,3.0796138814642726e-11
2.9701666250794177e-06,0.16628943999999996,0.8585084662769803,0.0,0.0,0.4430158797159828,0.08435669589838596,0.009202971013936351,9.129718086379745e-06,0.0028707843416702203,0.04880365179569506,0.02430409219345699,4.7069847385013734e-05,1.4804754623107778e-10,0.0020207710057364428,5.449735417001352e-11,0.0005146734660786702,2.8519691447099957e-09,7.28286640170915e-06,2.2749098152462617e-09,1.3280129074342005e-10,1.3753117680304663e-05,1.7957617976099222e-05,0.006062864994747812,1.5829104450043125e-05,0.0005151473568259156,9.475427180117615e-09,4.626641600582914e-09,3.873141040226647e-08,1.2894280962670826e-07,1.5606386481772794e-08,8.566228716240797e-05,0.0016316996098973892,3.8188457196242434e-07,0.0009773650257837586,6.2649727941157024e-09,2.8418290236155738e-05,7.532984247535587e-08,6.584462845687255e-06,1.286517316623796e-10,1.2290116114270243e-10,2.0423175489809815e-06,1.2990693123552216e-07,5.069506521801729e-12,8.074005290503705e-11,3.0786013057838456e-11
2.9724331947979597e-06,0.16628943999999996,0.8585084662769803,0.0,0.0,0.44301061660476054,0.08433959789032344,0.009196572992731609,9.129934511421165e-06,0.00287064416434818,0.048840162434755884,0.024317112625993686,4.705172458147765e-05,1.483451011305858e-10,0.002020388107017188,5.4483979717291825e-11,0.0005147503373586507,2.851833574539644e-09,7.274606766350103e-06,2.276468358730567e-09,1.3285846554452845e-10,1.3743767178613687e-05,1.7971252555057808e-05,0.006061564708318305,1.5765527211445472e-05,0.0005153211195171955,9.440895272648781e-09,4.62254904704319e-09,3.8746438014781786e-08,1.2893497621622501e-07,1.5669067715396762e-08,8.597668151180004e-05,0.0016371165503429414,3.820802553720976e-07,0.0009780851431729688,6.263711282516789e-09,2.843986759977304e-05,7.536930363797164e-08,6.580818017919686e-06,1.2876260168473812e-10,1.229437030456884e-10,2.043859888682749e-06,1.2985536773876144e-07,5.0732953450669064e-12,8.06475258632442e-11,3.077594293475854e-11
2.9746997645165017e-06,0.16628943999999996,0.8585084662769803,0.0,0.0,0.44300534785646867,0.08432250341787216,0.009190179546594604,9.130150025806772e-06,0.0028705036711806414,0.048876665673880666,0.024330123815369187,4.703361287831877e-05,1.486429450809168e-10,0.0020200053490553797,5.447061980934442e-11,0.000514827168597366,2.8516984453688423e-09,7.266362546500203e-06,2.2780262230310213e-09,1.329155645014744e-10,1.3734428100546106e-05,1.79848847631397e-05,0.006060264626694244,1.5702332380882376e-05,0.0005154947721701619,9.40656264940513e-09,4.618460333437245e-09,3.8761529176729406e-08,1.2892712716109252e-07,1.573186590731392e-08,8.629151522269325e-05,0.001642538389583552,3.8227578748118557e-07,0.0009788050824337162,6.262450155824717e-09,2.8461441211452072e-05,7.540873423369411e-08,6.577174626330878e-06,1.2887344193730054e-10,1.2298618184366476e-10,2.0454018818014866e-06,1.2980383443478285e-07,5.077083342978482e-12,8.055517086920731e-11,3.076592798632011e-11
2.9769663342350437e-06,0.16628943999999996,0.8585084662769803,0.0,0.0,0.44300007348125864,0.08430541248027654,0.00918379067233613,9.130364634639335e-06,0.0028703628636314892,0.0489131615134641,0.024343125769761123,4.701551225164826e-05,1.4894107796316422e-10,0.0020196227315571196,5.445727440962836e-11,0.0005149039598348884,2.8515637564203492e-09,7.258133702770451e-06,2.2795834084203594e-09,1.3297258770204e-10,1.3725100390119642e-05,1.7998514609808064e-05,0.006058964750004764,1.5639516781203355e-05,0.0005156683149002106,9.372427682614983e-09,4.614375455510592e-09,3.877668393301629e-08,1.2891926253058574e-07,1.579478106694597e-08,8.660678805094341e-05,0.0016479651206370179,3.8247116841881063e-07,0.0009795248435736912,6.261189413297802e-09,2.8483011086166993e-05,7.5448134289102e-08,6.573532671557232e-06,1.2898425239907393e-10,1.2302859760037813e-10,2.0469435294116407e-06,1.2975233126132133e-07,5.080870518202391e-12,8.04629874855347e-11,3.075596775871044e-11
2.9792329039535857e-06,0.16628943999999996,0.8585084662769803,0.0,0.0,0.4429947934892256,0.08428832507678267,0.009177406366768736,9.1305783429805e-06,0.0028702217431532716,0.048949649953906306,0.02435611849732025,4.699742267770212e-05,1.4923949965822413e-10,0.002019240254230732,5.444394348181722e-11,0.0005149807111112556,2.8514295069224084e-09,7.249920195830294e-06,2.2811399151698867e-09,1.330295352335729e-10,1.3715783991976702e-05,1.801214210457215e-05,0.006057665078378131,1.55770772693421e-05,0.000515841747822422,9.338488760468803e-09,4.6102944090024795e-09,3.8791902328815705e-08,1.2891138239389723e-07,1.5857813203832012e-08,8.69224997530719e-05,0.0016533967365440346,3.8266639831344294e-07,0.0009802444266006432,6.259929054183273e-09,2.8504577238868785e-05,7.548750383104571e-08,6.569892154234494e-06,1.290950330530479e-10,1.2307095037963202e-10,2.048484832588391e-06,1.2970085815643623e-07,5.084656873419149e-12,8.037097527619436e-11,3.074606180139493e-11
2.9814994736721277e-06,0.16628943999999996,0.8585084662769803,0.0,0.0,0.4429895078904084,0.08427124120663827,0.009171026626706725,9.130791155851236e-06,0.00287008031118732,0.04898613099561268,0.024369102006170776,4.6979344132840915e-05,1.495382100467956e-10,0.0020188579167867544,5.44306269898009e-11,0.0005150574224664711,2.8512956961111664e-09,7.241721986408498e-06,2.282695743549482e-09,1.3308640718299278e-10,1.3706478851375373e-05,1.8025767256874595e-05,0.006056365611941754,1.551501073586807e-05,0.0005160150710518223,9.304744287244019e-09,4.606217189700427e-09,3.880718440851814e-08,1.2890348681852734e-07,1.5920962327203102e-08,8.723865008600241e-05,0.0016588332303681527,3.8286147728391643e-07,0.0009809638315223825,6.258669077780087e-09,2.852613968459818e-05,7.552684288550882e-08,6.5662530749977014e-06,1.2920578387047604e-10,1.231132402448139e-10,2.0500257924076497e-06,1.296494150585104e-07,5.088442411282597e-12,8.027913380425697e-11,3.073620966975996e-11
2.9837660433906697e-06,0.16628943999999996,0.8585084662769803,0.0,0.0,0.4429842166947912,0.08425416086909261,0.009164651448966155,9.131003078232259e-06,0.0028699385691638712,0.04902260463899389,0.0243820763044107,4.696127659354959e-05,1.498372090093808e-10,0.0020184757189379197,5.441732489768526e-11,0.0005151340939405034,2.8511623232305323e-09,7.233539035294031e-06,2.2842508938276384e-09,1.3314320363679774e-10,1.3697184914180603e-05,1.803939007619502e-05,0.0060550663508221894,1.5453314104541215e-05,0.0005161882847030763,9.271192686859759e-09,4.602143793384299e-09,3.8822530216902234e-08,1.2889557587207186e-07,1.598422844643589e-08,8.755523880735006e-05,0.0016642745951951895,3.8305640545822103e-07,0.00098168305834678,6.257409483369204e-09,2.8547698438382233e-05,7.55661514787118e-08,6.562615434481144e-06,1.2931650482926076e-10,1.2315546725936875e-10,2.051566409946087e-06,1.2959800190625053e-07,5.09222713446168e-12,8.018746263407939e-11,3.072641092475185e-11
2.9858059561373573e-06,0.16628943999999996,0.8585084662769803,0.0,0.0,0.44297944984167986,0.08423879158505429,0.00915891768715437,9.131193051090926e-06,0.0028698107374168468,0.04905542459281259,0.024393745304426694,4.694502519861442e-05,1.5010655470756603e-10,0.0020181318599921433,5.4405365297203715e-11,0.0005152030642017252,2.851042661447953e-09,7.226187392785037e-06,2.2856499495220714e-09,1.331942559676273e-10,1.3688829905357411e-05,1.8051648626780715e-05,0.006053897191464378,1.539810088657584e-05,0.0005163440833943814,9.241159862172932e-09,4.598481001847983e-09,3.883639596988898e-08,1.2888844293413345e-07,1.6041267993129478e-08,8.784054327885994e-05,0.0016691759825501781,3.8323171199098285e-07,0.000982330210222064,6.256276174386456e-09,2.8567098172551464e-05,7.560150319035522e-08,6.559342788645653e-06,1.294161281514237e-10,1.2319341788776908e-10,2.0529526739710642e-06,1.2955175562236223e-07,5.095632690994161e-12,8.010510383047362e-11,3.071763733872802e-11
2.987845868884045e-06,0.16628943999999996,0.8585084662769803,0.0,0.0,0.4429746784704056,0.08422342516126911,0.009153187615926773,9.131382310230143e-06,0.002869682656700097,0.049088238554631416,0.02440540685625368,4.69287826822763e-05,1.5037613396635942e-10,0.0020177881136811517,5.439341730587936e-11,0.0005152720022206196,2.85092335323876e-09,7.218848049295176e-06,2.287048456364556e-09,1.3324524727921128e-10,1.368048388930125e-05,1.806390530229656e-05,0.006052728198606104,1.5343182627424456e-05,0.0005164997935033118,9.211280872287071e-09,4.594821300444758e-09,3.8850313412115004e-08,1.2888129764877567e-07,1.6098402320952075e-08,8.812620247320112e-05,0.0016740813048254492,3.8340689656916795e-07,0.0009829772178507475,6.255143173714099e-09,2.8586494939367635e-05,7.563683026885482e-08,6.556071309147961e-06,1.2951572725583621e-10,1.23231317704731e-10,2.0543386624072795e-06,1.2950553350084886e-07,5.09903759175464e-12,8.00228823029568e-11,3.0708906327837886e-11
2.9898857816307324e-06,0.16628943999999996,0.8585084662769803,0.0,0.0,0.442969902588135,0.084208061597193,0.009147461232965932,9.131570859198889e-06,0.0028695543280336734,0.04912104652476041,0.02441706096574191,4.6912549027650065e-05,1.5064594669823935e-10,0.0020174444798000232,5.438148089799315e-11,0.0005153409080262472,2.85080439806661e-09,7.211520976368012e-06,2.2884464145480324e-09,1.3329617763375531e-10,1.3672146827774135e-05,1.8076160109626404e-05,0.006051559372337902,1.528855715175633e-05,0.0005166554151130292,9.181554602793446e-09,4.591164686140667e-09,3.886428257578063e-08,1.2887414006357543e-07,1.615563143655159e-08,8.841221621475317e-05,0.0016789905570260169,3.835819592820811e-07,0.0009836240812386924,6.254010480865527e-09,2.8605888749861653e-05,7.567213273268539e-08,6.552800996448755e-06,1.29615302119766e-10,1.2326916675613715e-10,2.0557243760412386e-06,1.2945933549769757e-07,5.102441838676822e-12,7.994079773442046e-11,3.070021758275786e-11
2.99192569437742e-06,0.16628943999999996,0.8585084662769803,0.0,0.0,0.4429651222020003,0.08419270089228297,0.009141738535955568,9.13175870152077e-06,0.002869425752430631,0.04915384850351294,0.02442870763872522,4.689632421793141e-05,1.5091599281555577e-10,0.0020171009581452445,5.436955604796715e-11,0.0005154097816476436,2.8506857953980908e-09,7.204206145588652e-06,2.2898438242645947e-09,1.3334704709320316e-10,1.366381868291501e-05,1.8088413055793068e-05,0.006050390712749778,1.5234222304958659e-05,0.0005168109483063092,9.15197994878908e-09,4.58751115584368e-09,3.887830349423795e-08,1.2886697022768927e-07,1.621295534705313e-08,8.86985843284644e-05,0.0016839037341706664,3.83756900228056e-07,0.000984270800391801,6.252878095284201e-09,2.8625279614941333e-05,7.570741060162337e-08,6.549531851008137e-06,1.2971485273981493e-10,1.2330696508838405e-10,2.0571098156599796e-06,1.2941316156910645e-07,5.1058454337440534e-12,7.985884981091673e-11,3.0691570793683676e-11
2.9939656071241076e-06,0.16628943999999996,0.8585084662769803,0.0,0.0,0.44296033731909973,0.08417734304599687,0.009136019522580556,9.131945840694267e-06,0.0028692969308970985,0.04918664449120564,0.02444034688102122,4.688010823639685e-05,1.511862722305304e-10,0.002016757548514688,5.43576427303643e-11,0.0005154786231138205,2.850567544703844e-09,7.1969035285842145e-06,2.291240685705506e-09,1.3339785571924053e-10,1.3655499417234885e-05,1.8100664147735525e-05,0.006049222219931212,1.518017595289619e-05,0.0005169663931660174,9.12255581271284e-09,4.583860706518134e-09,3.889237619979048e-08,1.288597881883254e-07,1.6270374059157727e-08,8.898530663938132e-05,0.0016888208312922654,3.839317194888081e-07,0.0009849173753160134,6.251746016480203e-09,2.864466754561431e-05,7.574266389439403e-08,6.546263873285599e-06,1.298143790951133e-10,1.233447127473763e-10,2.0584949820510664e-06,1.293670116714842e-07,5.109248378904505e-12,7.977703821697361e-11,3.0682965654062176e-11
2.9958015285961268e-06,0.16628943999999996,0.8585084662769803,0.0,0.0,0.442956027085594,0.08416352342801567,0.009130875558138756,9.13211366762997e-06,0.0028691807820723863,0.04921615575803717,0.024450815850645263,4.686552138735608e-05,1.514297231008532e-10,0.002016448575461957,5.434693058383307e-11,0.0005155405529646232,2.8504614195847572e-09,7.19034159264181e-06,2.2924973923840485e-09,1.3344353152088627e-10,1.3648019639132223e-05,1.8111688550824616e-05,0.00604817071905601,1.513177915148272e-05,0.0005171062180828694,9.096201888551626e-09,4.5805779338633524e-09,3.8905085939373e-08,1.2885331395750218e-07,1.632213196090499e-08,8.924365941353583e-05,0.0016932495661876425,3.840889528580606e-07,0.0009854991694370407,6.25072740745668e-09,2.8662114183445584e-05,7.577437086039837e-08,6.543323692113534e-06,1.299039320503196e-10,1.2337864235263107e-10,2.0597413988447603e-06,1.293254972742439e-07,5.112310475480755e-12,7.970352408322753e-11,3.067525639064537e-11
2.9974538579209437e-06,0.16628943999999996,0.8585084662769803,0.0,0.0,0.4429521447703345,0.08415108775087235,0.009126248538246697,9.132264229391683e-06,0.0028690760791013764,0.049242711749493046,0.024460232784689093,4.6852399315668576e-05,1.5164899034052184e-10,0.0020161705770376562,5.433729760605095e-11,0.0005155962675987715,2.850366150062167e-09,7.184444272277121e-06,2.2936280489326006e-09,1.3348459769160858e-10,1.3641293940238959e-05,1.812160923846829e-05,0.006047224483879514,1.5088419100557495e-05,0.0005172319994394942,9.072586201138478e-09,4.577625568267127e-09,3.8916560612398854e-08,1.2884747875943288e-07,1.6368779736145086e-08,8.947642198374623e-05,0.0016972381359657198,3.8423037873855274e-07,0.0009860226842680093,6.249810871142289e-09,2.8677814139535786e-05,7.580289013394155e-08,6.540678338355728e-06,1.299845128863985e-10,1.2340914396307198e-10,2.060862985756226e-06,1.2928815090330892e-07,5.115065914841564e-12,7.963745537060221e-11,3.0668346508962755e-11
2.9991061872457606e-06,0.16628943999999996,0.8585084662769803,0.0,0.0,0.442948259517258,0.08413865394831153,0.009121623931075238,9.132414335956912e-06,0.002868971216541912,0.04926926381078803,0.024469644853750496,4.68392830066816e-05,1.5186841049029157e-10,0.002015892651757588,5.432767214992454e-11,0.0005156519611873775,2.8502711105452916e-09,7.178554915062349e-06,2.294758346094865e-09,1.3352562405838027e-10,1.3634574001514445e-05,1.8131528721926934e-05,0.006046278358277925,1.5045244602399762e-05,0.0005173577229871421,9.0490673556081e-09,4.574675218704452e-09,3.892806932076053e-08,1.2884163563819706e-07,1.641548972275301e-08,8.970941663291012e-05,0.001701229268853398,3.8437172494041436e-07,0.0009865461044810903,6.248894535221293e-09,2.869351218995304e-05,7.583139331642248e-08,6.538033751552631e-06,1.3006507777297683e-10,1.2343961240836676e-10,2.0619843948051326e-06,1.2925082022227482e-07,5.117820931277726e-12,7.957147554487917e-11,3.0661463420169984e-11
3.0007585165705775e-06,0.16628943999999996,0.8585084662769803,0.0,0.0,0.44294437133007336,0.08412622202004696,0.009117001735396252,9.13256398913763e-06,0.002868866194915668,0.04929581194209654,0.024479052060890776,4.682617245166195e-05,1.5208798350326782e-10,0.0020156147995169724,5.4318054202205284e-11,0.0005157076337458086,2.8501763007621574e-09,7.17267350600164e-06,2.2958882839709275e-09,1.3356661065350262e-10,1.3627859803729535e-05,1.8141447004876e-05,0.006045332342297811,1.500225456113487e-05,0.0005174833887695147,9.025644791063047e-09,4.5717268835815014e-09,3.893961208155843e-08,1.288357846181652e-07,1.646226192423784e-08,8.994264326871645e-05,0.0017052229622368117,3.8451299151212437e-07,0.000987069430079516,6.247978399445126e-09,2.8709208340590777e-05,7.58598804174982e-08,6.535389931947164e-06,1.301456266983613e-10,1.2347004771274547e-10,2.063105626411082e-06,1.2921350520837872e-07,5.1205755258216895e-12,7.950558443891402e-11,3.06546069687174e-11
3.0024108458953944e-06,0.16628943999999996,0.8585084662769803,0.0,0.0,0.44294048021247506,0.08411379196579281,0.009112381949982113,9.132713190735442e-06,0.00286876101474146,0.049322356143594294,0.02448845440916455,4.681306764191075e-05,1.5230770933250092e-10,0.0020153370202116118,5.430844374970473e-11,0.0005157632852894205,2.8500817204427203e-09,7.166800030118072e-06,2.2970178626605346e-09,1.3360755750917224e-10,1.3621151327806184e-05,1.815136409105275e-05,0.006044386435985524,1.495944788924902e-05,0.0005176089968301771,9.002317950027227e-09,4.568780561278237e-09,3.895118891238034e-08,1.288299257244259e-07,1.6509096344315717e-08,9.017610179905921e-05,0.001709219213507685,3.846541785054243e-07,0.0009875926610665347,6.247062463533979e-09,2.872490259728771e-05,7.588835144741675e-08,6.532746879781947e-06,1.3022615965983454e-10,1.2350044990067466e-10,2.0642266809939198e-06,1.2917620583894727e-07,5.12332969952774e-12,7.943978188699821e-11,3.064777699875792e-11
3.0040631752202113e-06,0.16628943999999996,0.8585084662769803,0.0,0.0,0.44293658616814435,0.08410136378526359,0.009107764573605702,9.132861942541665e-06,0.0028686556765352648,0.049348896415458345,0.02449785190161987,4.679996856876356e-05,1.5252758793098648e-10,0.002015059313737888,5.4298840779294634e-11,0.0005158189158335578,2.8499873693181956e-09,7.1609344724537895e-06,2.2981470822631e-09,1.3364846465748217e-10,1.3614448554815904e-05,1.8161279984172333e-05,0.0060434406393872035,1.4916823507513137e-05,0.0005177345472127379,8.979086276607752e-09,4.5658362501951775e-09,3.8962799830388196e-08,1.2882405898127032e-07,1.655599298652852e-08,9.040979213185957e-05,0.0017132180200634627,3.8479528596231376e-07,0.0009881157974454132,6.246146727234795e-09,2.8740594965911878e-05,7.591680641606511e-08,6.530104595299286e-06,1.3030667664673711e-10,1.2353081899643413e-10,2.0653475589737362e-06,1.2913892209139725e-07,5.1260834534384075e-12,7.937406772295222e-11,3.0640973354780424e-11
3.0057155045450282e-06,0.16628943999999996,0.8585084662769803,0.0,0.0,0.44293268920074824,0.08408893747817418,0.009103149605040392,9.133010246337392e-06,0.002868550180810247,0.049375432757867106,0.024507244541298236,4.678687522359012e-05,1.5274761925166543e-10,0.00201478167999276,5.428924527790677e-11,0.0005158745253935525,2.849893247122113e-09,7.15507681807016e-06,2.2992759428777105e-09,1.3368933213042302e-10,1.3607751465978208e-05,1.8171194687913248e-05,0.006042494952548772,1.4874380344899295e-05,0.0005178600399607065,8.955949222559991e-09,4.562893948749458e-09,3.8974444852607196e-08,1.2881818441257777e-07,1.660295185434189e-08,9.064371417519956e-05,0.0017172193793071236,3.849363139304004e-07,0.0009886388392194327,6.245231190307422e-09,2.87562854523752e-05,7.59452453329727e-08,6.527463078741165e-06,1.3038717764626768e-10,1.2356115502416154e-10,2.0664682607708712e-06,1.291016539432349e-07,5.128836788586187e-12,7.930844178013165e-11,3.063419588477099e-11
3.0072026009373634e-06,0.16628943999999996,0.8585084662769803,0.0,0.0,0.4429291794338912,0.08407775540334952,0.009098998190996707,9.133143338168483e-06,0.0028684551004010163,0.04939931210649917,0.024515693770393022,4.6775096103246257e-05,1.5294577797881343e-10,0.0020145318717203924,5.428061570191913e-11,0.0005159245560687688,2.8498087326609247e-09,7.149811674098655e-06,2.3002916105777936e-09,1.3372607895998783e-10,1.3601728930570737e-05,1.8180116907462964e-05,0.006041643928276679,1.4836335562243236e-05,0.0005179729341921417,8.93520632293011e-09,4.5602475943523e-09,3.8984954546280056e-08,1.2881289063044962e-07,1.6645268041344837e-08,9.08544420509167e-05,0.0017208227830324957,3.850631711818384e-07,0.000989109495931622,6.244407377304081e-09,2.8770405285775315e-05,7.597082664244282e-08,6.5250863706140785e-06,1.3045961487578914e-10,1.2358842919615317e-10,2.067476742099716e-06,1.2906812592884622e-07,5.131314433052296e-12,7.924945372445346e-11,3.0628118414493543e-11
3.0086896973296986e-06,0.16628943999999996,0.8585084662769803,0.0,0.0,0.44292566730496535,0.08406657484557326,0.009094848725393352,9.133276069829747e-06,0.002868359893185112,0.04942318827254988,0.02452413907340499,4.676332160935503e-05,1.5314406033839278e-10,0.0020142821222008766,5.4271992155860515e-11,0.0005159745697703997,2.8497244032259218e-09,7.144552908836936e-06,2.3013069876494098e-09,1.3376279370151302e-10,1.3595710970747725e-05,1.818903816935349e-05,0.006040792992980314,1.4798435936751098e-05,0.0005180857818063413,8.91453922769909e-09,4.557602865299975e-09,3.8995491891011765e-08,1.288075905469404e-07,1.668763463660994e-08,9.106535747102549e-05,0.001724428250450404,3.851899641197214e-07,0.0009895800760189644,6.243583725392999e-09,2.878452360366338e-05,7.599639496530628e-08,6.522710284877557e-06,1.3053203914429324e-10,1.2361567662041596e-10,2.0684850813680504e-06,1.2903461051554227e-07,5.1337917399341e-12,7.919053687334629e-11,3.062206191127807e-11
3.0101767937220337e-06,0.16628943999999996,0.8585084662769803,0.0,0.0,0.4429221528166164,0.08405539580463837,0.009090701207337158,9.133408442598672e-06,0.0028682645595308667,0.04944706125615192,0.024532580452538023,4.675155173569593e-05,1.5334246629598383e-10,0.0020140324313602806,5.426337463032863e-11,0.0005160245665095976,2.8496402586266655e-09,7.139300511435193e-06,2.3023220741641255e-09,1.3379947637811126e-10,1.358969757311967e-05,1.8197958476298267e-05,0.006039942146692719,1.4760680704387032e-05,0.0005181985828348642,8.893947545059737e-09,4.554959760431073e-09,3.9006056899410364e-08,1.288022841795789e-07,1.673005164274606e-08,9.12764603688054e-05,0.001728035779678958,3.8531669277951884e-07,0.0009900505794838872,6.242760234387683e-09,2.8798640410332547e-05,7.602195030874697e-08,6.52033482170732e-06,1.3060445044660527e-10,1.236428973146249e-10,2.0694932788828296e-06,1.2900110768711063e-07,5.1362687099949776e-12,7.913169110633959e-11,3.061602626597919e-11
3.011663890114369e-06,0.16628943999999996,0.8585084662769803,0.0,0.0,0.44291863597148123,0.08404421828033809,0.00908655563593528,9.133540457746257e-06,0.002868169099804815,0.049470931057438924,0.024541017909991844,4.6739786476070705e-05,1.535409958171313e-10,0.0020137827991250448,5.42547631159603e-11,0.0005160745462975073,2.849556298674141e-09,7.134054471056568e-06,2.3033368701933046e-09,1.3383612701283062e-10,1.3583688724390432e-05,1.820687783101385e-05,0.00603909138944681,1.4723069106310434e-05,0.0005183113373092397,8.873430885496683e-09,4.552318278586896e-09,3.9016649584039536e-08,1.2879697154573593e-07,1.6772519062335166e-08,9.148775067760268e-05,0.00173164536883981,3.854433571953977e-07,0.0009905210063288275,6.241936904104913e-09,2.881275571007768e-05,7.604749267991461e-08,6.517959981278853e-06,1.306768487765377e-10,1.236700912964222e-10,2.070501334951178e-06,1.2896761742739767e-07,5.138745343998434e-12,7.907291630305417e-11,3.0610011369981465e-11
3.013150986506704e-06,0.16628943999999996,0.8585084662769803,0.0,0.0,0.44291511677218826,0.08403304227246587,0.00908241201029522,9.133672116537014e-06,0.002868073514371711,0.049494797676545264,0.024549451447962077,4.672802582430338e-05,1.5373964886734399e-10,0.002013533225421976,5.4246157603431564e-11,0.0005161245091452647,2.8494725231804703e-09,7.128814776877209e-06,2.3043513758081052e-09,1.338727456286552e-10,1.3577684411356382e-05,1.8215796236216403e-05,0.0060382407212753635,1.468560038883218e-05,0.0005184240452609537,8.852988862117444e-09,4.5496784186112026e-09,3.9027269957449514e-08,1.2879165266269278e-07,1.6815036897954196e-08,9.169922833084528e-05,0.0017352570160581128,3.8556995740144553e-07,0.0009909913565562352,6.241113734363088e-09,2.882686950719894e-05,7.607302208593238e-08,6.515585763767415e-06,1.3074923412784598e-10,1.236972585834358e-10,2.0715092498803887e-06,1.2893413972030772e-07,5.141221642707797e-12,7.901421234323272e-11,3.060401711540392e-11
3.0146380828990393e-06,0.16628943999999996,0.8585084662769803,0.0,0.0,0.44291159522135765,0.08402186778081544,0.009078270329524784,9.133803420229046e-06,0.002867977803594538,0.0495186611136062,0.024557881068640233,4.671626977424022e-05,1.5393842541209515e-10,0.002013283710178249,5.423755808345747e-11,0.0005161744550639979,2.8493889319589657e-09,7.123581418086367e-06,2.3053655910794855e-09,1.3390933224850574e-10,1.3571684620905524e-05,1.82247136946247e-05,0.006037390142211026,1.4648273803371632e-05,0.0005185367067214514,8.832621090635583e-09,4.547040179349119e-09,3.903791803218728e-08,1.287863275476521e-07,1.6857605152173874e-08,9.191089326203713e-05,0.0017388707194624933,3.8569649343171e-07,0.0009914616301685698,6.240290724981341e-09,2.8840981805998753e-05,7.609853853391539e-08,6.513212169348029e-06,1.3082160649434857e-10,1.2372439919328083e-10,2.072517023977927e-06,1.289006745498035e-07,5.1436976068870935e-12,7.895557910677045e-11,3.059804339512e-11
3.0161251792913744e-06,0.16628943999999996,0.8585084662769803,0.0,0.0,0.44290807132160065,0.0840106948051807,0.009074130592732122,9.133934370074048e-06,0.002867881967834519,0.04954252136875778,0.024566306774213776,4.6704518319749594e-05,1.5413732541682233e-10,0.0020130342533214054,5.422896454679209e-11,0.0005162243840648272,2.849305524824226e-09,7.118354383886452e-06,2.3063795160782056e-09,1.3394588689524044e-10,1.3565689340016675e-05,1.823363020895939e-05,0.006036539652286311,1.4611088606414103e-05,0.0005186493217221345,8.812327189345399e-09,4.544403559647533e-09,3.904859382079407e-08,1.2878099621773393e-07,1.6900223827559462e-08,9.212274540476116e-05,0.0017424864771850256,3.858229653201795e-07,0.0009919318271683028,6.239467875779873e-09,2.8855092610782613e-05,7.61240420309642e-08,6.510839198195477e-06,1.308939658698276e-10,1.237515131435593e-10,2.0735246575514347e-06,1.2886722189990609e-07,5.146173237300807e-12,7.889701647370498e-11,3.0592090102714615e-11
3.0190993720760452e-06,0.16628943999999996,0.8585084662769803,0.0,0.0,0.44290101648571184,0.08398835340113533,0.009065856947514371,9.134195213198157e-06,0.002867689922802109,0.04959023233388121,0.024583146448776787,4.668102917307026e-05,1.545354956677769e-10,0.002012535514480347,5.421179538659847e-11,0.0005163241913572116,2.8491392620794824e-09,7.107919246135329e-06,2.308406495539719e-09,1.3401890036048444e-10,1.35537122552893e-05,1.825146041629984e-05,0.00603483893998516,1.4537139429027714e-05,0.0005188744124694562,8.77195948330192e-09,4.539135174321773e-09,3.9070028589749245e-08,1.2877031498134176e-07,1.6985612452058257e-08,9.254701105951318e-05,0.0017497241481299146,3.860757168074278e-07,0.0009928719913398984,6.237822657203506e-09,2.8883309755539907e-05,7.617501020059657e-08,6.5060951263887955e-06,1.3103864562292532e-10,1.2380566113576046e-10,2.0755395043577884e-06,1.2880035409830487e-07,5.151123499891822e-12,7.878010253864364e-11,3.058024437945739e-11
3.022073564860716e-06,0.16628943999999996,0.8585084662769803,0.0,0.0,0.44289395228524786,0.08396601805868607,0.009057591067513734,9.134454655796948e-06,0.0028674973821295343,0.04963793057302022,0.024599970489070776,4.665755833565423e-05,1.5493415934299637e-10,0.002012037008326368,5.4194650049661286e-11,0.000516423931111211,2.8489737334873784e-09,7.097509277509206e-06,2.3104323147548302e-09,1.340917862060199e-10,1.3541753054789292e-05,1.826928688004101e-05,0.006033138584629424,1.4463747008284752e-05,0.000519099317753298,8.731882741178759e-09,4.533873253442372e-09,3.909157436452462e-08,1.2875960908887004e-07,1.707120279184767e-08,9.297202476526111e-05,0.0017569700140172974,3.8632821213404976e-07,0.0009938118490910035,6.2361780772153134e-09,2.8911520975976177e-05,7.622592665137425e-08,6.50135354974071e-06,1.311832733375779e-10,1.2385970270059902e-10,2.077553792764093e-06,1.2873353618882964e-07,5.156072436606459e-12,7.866346958127505e-11,3.056847910854019e-11
3.0250477576453868e-06,0.16628943999999996,0.8585084662769803,0.0,0.0,0.4428868787408041,0.08394368877619286,0.00904933294560726,9.134712707658599e-06,0.0028673043486444403,0.04968561608729226,0.02461677891245246,4.663410575924212e-05,1.5533331616470153e-10,0.002011538734292773,5.417752846341144e-11,0.000516523603415484,2.8488089376084104e-09,7.087124392108653e-06,2.3124569742826917e-09,1.3416454461251343e-10,1.3529811637531895e-05,1.8287109622017392e-05,0.006031438586474583,1.4390905574198843e-05,0.0005193240378233731,8.692094000133252e-09,4.528617787844264e-09,3.9113231245232514e-08,1.287488786744035e-07,1.715699486722011e-08,9.339778599332911e-05,0.0017642240600251528,3.8658045157007033e-07,0.0009947514004417727,6.23453413441228e-09,2.8939726306645996e-05,7.627679143963708e-08,6.496614469640485e-06,1.313278489642829e-10,1.23913637978433e-10,2.079567525237857e-06,1.2866676804572988e-07,5.161020053578309e-12,7.854711664719152e-11,3.055679346406223e-11
3.0280219504300575e-06,0.16628943999999996,0.8585084662769803,0.0,0.0,0.44287979587284754,0.08392136555201934,0.009041082574677263,9.134969378473135e-06,0.002867110825147439,0.04973328887782737,0.024633571736216428,4.6610671395924706e-05,1.5573296585454637e-10,0.002011040691818547,5.416043055589822e-11,0.000516623208358552,2.848644873022527e-09,7.076764504251579e-06,2.3144804746794818e-09,1.3423717575968386e-10,1.3517887903907074e-05,1.830492866409492e-05,0.006029738945774099,1.4318609433897008e-05,0.0005195485729287318,8.652590336634018e-09,4.523368768388692e-09,3.913499933188518e-08,1.2873812387077517e-07,1.7242988698358145e-08,9.3824294216172e-05,0.001771486271384104,3.868324353846917e-07,0.0009956906454125331,6.232890827406933e-09,2.8967925782153804e-05,7.632760462152251e-08,6.491877887473203e-06,1.3147237245360218e-10,1.2396746710942178e-10,2.0815807042495016e-06,1.2860004954417475e-07,5.1659663569490114e-12,7.843104278437527e-11,3.054518663111597e-11
3.0309961432147283e-06,0.16628943999999996,0.8585084662769803,0.0,0.0,0.44287270370171866,0.0838990483845326,0.009032839947611362,9.135224677833767e-06,0.002866916814412453,0.04978094894576795,0.0246503489775962,4.6587255198141387e-05,1.5613310813361947e-10,0.0020105428803483005,5.4143356255787146e-11,0.0005167227460287983,2.848481538328944e-09,7.066429528475329e-06,2.31650281649848e-09,1.3430967982632011e-10,1.3505981755654501e-05,1.832274402817131e-05,0.006028039662779457,1.4246852970355865e-05,0.0005197729233177668,8.613368865819101e-09,4.518126185963007e-09,3.9156878724392237e-08,1.2872734480958267e-07,1.7329184305329296e-08,9.425154890734127e-05,0.0017787566333766181,3.8708416384630694e-07,0.0009966295840237818,6.231248154827198e-09,2.899611943715433e-05,7.637836625296936e-08,6.487143804619634e-06,1.3161684375616468e-10,1.240211902335295e-10,2.083593332272404e-06,1.2853338056024986e-07,5.170911352868374e-12,7.831524704322267e-11,3.053365780561546e-11
3.033970335999399e-06,0.16628943999999996,0.8585084662769803,0.0,0.0,0.44286560224763394,0.08387673727210336,0.00902460505730245,9.135478615238121e-06,0.002866722319187075,0.04982859629226869,0.024667110653764996,4.6563857118678585e-05,1.565337427224451e-10,0.0020100452993322194,5.4126305492357964e-11,0.0005168222165144652,2.848318932146032e-09,7.056119379538694e-06,2.3185240002901266e-09,1.343820569902984e-10,1.3494093095839094e-05,1.8340555736176405e-05,0.00602634073774018,1.4175630641161143e-05,0.0005199970892382169,8.574426740865834e-09,4.512890031480463e-09,3.9178869522558366e-08,1.287165416212047e-07,1.7415581708081163e-08,9.4679549541453e-05,0.0017860351313362225,3.8733563722250907e-07,0.0009975682162961879,6.229606115316255e-09,2.9024307306353137e-05,7.64290763897203e-08,6.4824122224561286e-06,1.3176126282266887e-10,1.24074807490528e-10,2.0856054117829416e-06,1.2846676097095327e-07,5.1758550474944724e-12,7.819972847656695e-11,3.052220619411798e-11
3.03694452878407e-06,0.16628943999999996,0.8585084662769803,0.0,0.0,0.44285849153068707,0.0838544322131057,0.009016377896648718,9.135731200089512e-06,0.0028665273421929114,0.04987623091849629,0.024683856781836724,4.6540477110668104e-05,1.5693486934098464e-10,0.002009547948226005,5.410927819550238e-11,0.0005169216199036545,2.84815705311126e-09,7.045833972423851e-06,2.320544026602091e-09,1.3445430742859952e-10,1.3482221828826997e-05,1.835836381007245e-05,0.006024642170903872,1.4104936977291207e-05,0.0005202210709371697,8.535761152372808e-09,4.507660295880025e-09,3.9200971826080584e-08,1.28705714434817e-07,1.750218092643646e-08,9.510829559415542e-05,0.0017933217506467378,3.8758685578010365e-07,0.00099850654225059,6.227964707532401e-09,2.905248942450705e-05,7.647973508732523e-08,6.4776831423545086e-06,1.3190562960388545e-10,1.2412831901999976e-10,2.0876169452605356e-06,1.2840019065419183e-07,5.180797446993743e-12,7.808448613970049e-11,3.051083101365015e-11
3.0399187215687406e-06,0.16628943999999996,0.8585084662769803,0.0,0.0,0.44285137157085164,0.0838321332059171,0.009008158458553652,9.135982441698174e-06,0.0028663318861259198,0.049923852825629375,0.024700587378866774,4.651711512758555e-05,1.5733648770863782e-10,0.002009050826490827,5.4092274295721914e-11,0.0005170209562843236,2.84799589988109e-09,7.035573222338252e-06,2.322562895979332e-09,1.3452643131732544e-10,1.3470367860262117e-05,1.837616827185444e-05,0.006022943962516238,1.4034766581924747e-05,0.0005204448686610679,8.497369327754223e-09,4.5024369701261884e-09,3.9223185734546114e-08,1.2869486337840822e-07,1.7588981980088337e-08,9.55377865420981e-05,0.0018006164767415272,3.8783781978511927e-07,0.000999444561907999,6.226323930148922e-09,2.9080665826424732e-05,7.65303424011441e-08,6.472956565681955e-06,1.3204994405065976e-10,1.2418172496134087e-10,2.089627935187696e-06,1.283336694887775e-07,5.185738557541101e-12,7.796951909039638e-11,3.0499531491538675e-11
3.0428929143534114e-06,0.16628943999999996,0.8585084662769803,0.0,0.0,0.44284424238798265,0.08380984024891842,0.00899994673592603,9.136232349282457e-06,0.0028661359536567414,0.049971462014858234,0.02471730246185291,4.649377112324858e-05,1.5773859754424403e-10,0.0020085539335932654,5.40752937241256e-11,0.0005171202257442864,2.8478354711308703e-09,7.025337044716425e-06,2.3245806089641605e-09,1.3459842883171581e-10,1.345853109704307e-05,1.8393969143550382e-05,0.006021246112821111,1.3965114129271612e-05,0.0005206684826557107,8.459248530645935e-09,4.497220045208773e-09,3.924551134742984e-08,1.2868398857879516e-07,1.7675984888595713e-08,9.596802186290133e-05,0.0018079192951027622,3.8808852950281865e-07,0.0010003822752895945,6.224683781853959e-09,2.9108836546967104e-05,7.658089838634974e-08,6.4682324938008995e-06,1.3219420611391458e-10,1.2423502545376395e-10,2.0916383840500642e-06,1.2826719735442312e-07,5.190678385320027e-12,7.785482638892884e-11,3.048830686524363e-11
3.045867107138082e-06,0.16628943999999996,0.8585084662769803,0.0,0.0,0.4428371040018184,0.08378755334049368,0.008991742721679937,9.136480931970035e-06,0.002865939547431035,0.050019058487384804,0.024734002047736067,4.6470445051815246e-05,1.5814119856608363e-10,0.00200805726900526,5.405833641242768e-11,0.0005172194283712089,2.847675765554746e-09,7.015125355221733e-06,2.3265971660962946e-09,1.346703001461641e-10,1.3446711447300701e-05,1.841176644722167e-05,0.006019548622060483,1.3895974363425648e-05,0.0005208919131662595,8.421396060322661e-09,4.492009512142742e-09,3.9267948764091985e-08,1.2867309016163844e-07,1.776318967137878e-08,9.639900103512653e-05,0.0018152301912607047,3.883389851977089e-07,0.0010013196824167246,6.223044261350347e-09,2.9137001621047882e-05,7.66314030979306e-08,6.463510928068923e-06,1.32338415744652e-10,1.2428822063630046e-10,2.0936482943364557e-06,1.2820077413173834e-07,5.195616936522671e-12,7.774040709809349e-11,3.0477156382195093e-11
3.048841299922753e-06,0.16628943999999996,0.8585084662769803,0.0,0.0,0.44282995643198253,0.08376527247903018,0.008983546408734767,9.136728198799068e-06,0.0028657426700697953,0.05006664224442235,0.024750686153401213,4.644713686778226e-05,1.5854429049187937e-10,0.002007560832204057,5.404140229294521e-11,0.000517318564252611,2.8475167818655647e-09,7.004938069748046e-06,2.3286125679129286e-09,1.347420454342331e-10,1.3434908820375949e-05,1.8429560204963313e-05,0.006017851490474531,1.3827342097239207e-05,0.0005211151604372402,8.383809251126078e-09,4.486805361968013e-09,3.929049808377586e-08,1.2866216825145705e-07,1.7850596347714578e-08,9.683072353824702e-05,0.0018225491507930028,3.8858918713355246e-07,0.001002256783310907,6.22140536735551e-09,2.916516108363402e-05,7.668185659069368e-08,6.458791869838655e-06,1.3248257289395645e-10,1.2434131064780376e-10,2.095657668538901e-06,1.2813439970222554e-07,5.200554217349953e-12,7.762626028322629e-11,3.046607929963284e-11
3.0518154927074237e-06,0.16628943999999996,0.8585084662769803,0.0,0.0,0.4428227996979855,0.0837429976629184,0.008975357790015218,9.136974158719354e-06,0.0028655453241696726,0.05011421328719544,0.02476735479567809,4.642384652598329e-05,1.5894787303879747e-10,0.002007064622672162,5.402449129859571e-11,0.0005174176334758629,2.8473585187947755e-09,6.994775104421381e-06,2.330626814948779e-09,1.3481366486867038e-10,1.3423123126798267e-05,1.844735043890433e-05,0.006016154718301637,1.3759212211219258e-05,0.000521338224712548,8.346485471903977e-09,4.481607585749277e-09,3.931315940560565e-08,1.2865122297164358e-07,1.7938204936732695e-08,9.726318885261982e-05,0.0018298761593239996,3.88839135573377e-07,0.0010031935779938276,6.219767098601317e-09,2.919331496974628e-05,7.673225891926715e-08,6.45407532045768e-06,1.3262667751299653e-10,1.2439429562695154e-10,2.0976665091526927e-06,1.2806807394827578e-07,5.205490234011665e-12,7.751238501222246e-11,3.0455074884449077e-11
3.0547896854920945e-06,0.16628943999999996,0.8585084662769803,0.0,0.0,0.4428156338192265,0.08372072889055183,0.008967176858451298,9.137218820593475e-06,0.002865347512303285,0.05016177161693969,0.024784007991342036,4.6400573981587096e-05,1.5935194592344934e-10,0.002006568639897279,5.4007603362894644e-11,0.0005175166361281849,2.847200975092329e-09,6.984636375601452e-06,2.3326399077361507e-09,1.3488515862142354e-10,1.3411354278264414e-05,1.8465137171207983e-05,0.006014458305778418,1.3691579652444602e-05,0.0005215611062354507,8.309422125460043e-09,4.476416174575803e-09,3.933593282858405e-08,1.286402544444784e-07,1.8026015457411053e-08,9.769639645945769e-05,0.001837211202524063,3.89088830779485e-07,0.0010041300664873415,6.218129453833939e-09,2.9221463314459596e-05,7.678261013810292e-08,6.449361281268425e-06,1.3277072955302731e-10,1.2444717571224803e-10,2.0996748186764226e-06,1.2800179675316424e-07,5.2104249927265625e-12,7.7398780355554e-11,3.044414241303426e-11
3.0577638782767653e-06,0.16628943999999996,0.8585084662769803,0.0,0.0,0.4428084588149955,0.0836984661603271,0.008959003606978336,9.137462193197901e-06,0.0028651492370195307,0.05020931723490166,0.02480064575711473,4.6377319190095856e-05,1.5975650886189245e-10,0.0020060728833722697,5.399073841995299e-11,0.0005176155722966456,2.847044149526582e-09,6.974521799883184e-06,2.3346518468049824e-09,1.349565268636547e-10,1.3399602187617693e-05,1.848292042407212e-05,0.00601276225313975,1.3624439433503571e-05,0.0005217838052485914,8.272616648014034e-09,4.471231119561272e-09,3.9358818451590226e-08,1.2862926279114426e-07,1.8114027928571834e-08,9.813034584080228e-05,0.001844554266108922,3.893382730134642e-07,0.0010050662488134696,6.2164924318137335e-09,2.9249606152903662e-05,7.683291030147934e-08,6.444649753608077e-06,1.329147289653925e-10,1.2449995104202676e-10,2.101682599612025e-06,1.279355680010461e-07,5.215358499722463e-12,7.728544538628728e-11,3.043328117112568e-11
3.060738071061436e-06,0.16628943999999996,0.8585084662769803,0.0,0.0,0.442801274704474,0.08367620947064378,0.008950838028536969,9.1377042852241e-06,0.0028649505008438805,0.050256850142338744,0.02481726810966497,4.63540821073433e-05,1.6016156156963217e-10,0.0020055773525950948,5.397389640447467e-11,0.0005177144420681613,2.8468880408842026e-09,6.964431294098163e-06,2.336662632682911e-09,1.3502776976575508e-10,1.3387866768827654e-05,1.8500700219729468e-05,0.006011066560618797,1.355778663145164e-05,0.0005220063219939941,8.23606650867209e-09,4.466052411843576e-09,3.938181637337758e-08,1.2861824813173985e-07,1.82022423688775e-08,9.85650364794976e-05,0.0018519053358390214,3.8958746253619715e-07,0.0010060021249944002,6.214856031315086e-09,2.9277743520263347e-05,7.688315946350364e-08,6.4399407388084905e-06,1.330586757015271e-10,1.2455262175445275e-10,2.1036898544648234e-06,1.278693875769518e-07,5.220290761236349e-12,7.717237918009936e-11,3.042249045365904e-11
3.063712263846107e-06,0.16628943999999996,0.8585084662769803,0.0,0.0,0.44279408150673794,0.08365395881990437,0.008942680116073168,9.137945105279605e-06,0.002864751306278689,0.05030437034051896,0.02483387506560935,4.633086268949294e-05,1.6056710376162294e-10,0.0020050820470687686,5.3957077251753996e-11,0.0005178132455294941,2.8467326479700634e-09,6.954364775316017e-06,2.3386722658953157e-09,1.3509888749735919e-10,1.3376147936970142e-05,1.8518476580447925e-05,0.006009371228447022,1.349161638678866e-05,0.0005222286567130652,8.19976920890694e-09,4.460880042584661e-09,3.940492669257165e-08,1.2860721058529437e-07,1.8290658796826838e-08,9.900046785916398e-05,0.0018592643975188893,3.8983639960786977e-07,0.0010069376950524885,6.213220251126312e-09,2.9305875451779193e-05,7.693335767811445e-08,6.435234238196097e-06,1.3320256971295862e-10,1.2460518798752452e-10,2.105696585743562e-06,1.2780325536678318e-07,5.225221783514452e-12,7.705958081529405e-11,3.04117695646227e-11
3.0666864566307776e-06,0.16628943999999996,0.8585084662769803,0.0,0.0,0.4427868792407585,0.08363171420651427,0.008934529862538218,9.138184661889107e-06,0.0028645516558034765,0.05035187783072081,0.024850466641513063,4.63076608930361e-05,1.609731351522694e-10,0.002004586966301306,5.3940280897673045e-11,0.0005179119827672515,2.8465779696071493e-09,6.94432216084577e-06,2.3406807469653742e-09,1.3516988022735862e-10,1.336444560820782e-05,1.853624952853089e-05,0.006007676256854224,1.3425923902455366e-05,0.0005224508096465981,8.163722282047858e-09,4.4557140029703255e-09,3.942814950766803e-08,1.2859615026978048e-07,1.837927723075113e-08,9.943663946417284e-05,0.0018666314369965168,3.900850844879821e-07,0.001007872959010257,6.211585090049501e-09,2.9334001982747924e-05,7.698350499908437e-08,6.430530253091809e-06,1.3334641095130973e-10,1.2465764987907662e-10,2.107702795960454e-06,1.2773717125730821e-07,5.230151572812367e-12,7.694704937281722e-11,3.040111781691482e-11
3.0696606494154484e-06,0.16628943999999996,0.8585084662769803,0.0,0.0,0.44277966792540346,0.08360947562888182,0.008926387260888733,9.138422963495469e-06,0.002864351551875228,0.05039937261423318,0.024867042853890534,4.6284476674790256e-05,1.6137965545542823e-10,0.0020040921098056766,5.3923507278699044e-11,0.0005180106538678847,2.8464240046364555e-09,6.934303368237113e-06,2.342688076414112e-09,1.3524074812391557e-10,1.3352759699771024e-05,1.8554019086317534e-05,0.0060059816460685525,1.3360704442848628e-05,0.0005226727810347759,8.127923292780206e-09,4.4505542842100715e-09,3.945148491703043e-08,1.285850673021281e-07,1.8468097688810612e-08,9.987355077962254e-05,0.0018740064401627512,3.9033351743535575e-07,0.0010088079168903935,6.209950546900395e-09,2.936212314852286e-05,7.703360148002208e-08,6.425828784810947e-06,1.3349019936830011e-10,1.2471000756678158e-10,2.109708487631222e-06,1.276711351361568e-07,5.235080135395124e-12,7.683478393627142e-11,3.039053453220285e-11
3.072634842200119e-06,0.16628943999999996,0.8585084662769803,0.0,0.0,0.44277244757943995,0.08358724308541801,0.008918252304086657,9.13866001846078e-06,0.0028641509969286683,0.05044685469235522,0.024883603719206168,4.6261309991896976e-05,1.6178666438440932e-10,0.0020035974770997505,5.3906756331881657e-11,0.0005181092589176885,2.8462707519168903e-09,6.924308315281646e-06,2.3446942547604544e-09,1.3531149135447622e-10,1.3341090129939062e-05,1.8571785276183098e-05,0.006004287396316532,1.32959533328551e-05,0.000522894571117176,8.092369836654235e-09,4.445400877536903e-09,3.9474933018888394e-08,1.2857396179823754e-07,1.8557120188990594e-08,0.00010031120129131324,0.0018813893929507015,3.905816987081444e-07,0.0010097425687157489,6.2083166205082625e-09,2.9390238984514434e-05,7.708364717437499e-08,6.421129834663149e-06,1.336339349157483e-10,1.2476226118815184e-10,2.1117136632751342e-06,1.2760514689181617e-07,5.240007477537304e-12,7.672278359193039e-11,3.038001904078612e-11
3.07560903498479e-06,0.16628943999999996,0.8585084662769803,0.0,0.0,0.4427652182215344,0.08356501657453672,0.008910124985099263,9.13889583506737e-06,0.0028639499933765483,0.05049432406639613,0.024900149253874976,4.623816080182015e-05,1.6219416165197694e-10,0.002003103067706254,5.3890027994850346e-11,0.0005182077980027997,2.8461182103251756e-09,6.914336920014053e-06,2.346699282521271e-09,1.3538211008578356e-10,1.3329436818021832e-05,1.858954812053923e-05,0.006002593507823086,1.3231665956902817e-05,0.0005231161801327716,8.057059539602997e-09,4.440253774207173e-09,3.949849391133566e-08,1.2856283387299222e-07,1.8646344749098175e-08,0.00010074959048572441,0.0018887802813351558,3.9082962856384033e-07,0.001010676914509342,6.2066833097157555e-09,2.941834952619063e-05,7.713364213543114e-08,6.41643340395229e-06,1.3377761754557358e-10,1.2481441088054183e-10,2.113718325415049e-06,1.2753920641362593e-07,5.244933605523116e-12,7.661104742875202e-11,3.036957068146043e-11
3.0785832277694607e-06,0.16628943999999996,0.8585084662769803,0.0,0.0,0.4427579798702555,0.08354279609465441,0.008902005296899159,9.139130421518796e-06,0.0028637485436099172,0.050541780737675075,0.024916679474263306,4.621502906234402e-05,1.6260214697035162e-10,0.0020026088811527206,5.3873322205811553e-11,0.0005183062712091957,2.845966378755742e-09,6.904389100713241e-06,2.348703160211427e-09,1.3545260448389043e-10,1.3317799684341891e-05,1.8607307641834225e-05,0.006000899980811558,1.3167837758030394e-05,0.0005233376083199371,8.021990057469198e-09,4.435112965500405e-09,3.952216769232791e-08,1.2855168364027193e-07,1.873577138675853e-08,0.00010118871784999073,0.0018961790913320118,3.910773072592863e-07,0.0010116109542943552,6.205050613378816e-09,2.944645480907751e-05,7.718358641632198e-08,6.411739493976399e-06,1.3392124720979791e-10,1.2486645678115005e-10,2.1157224765774526e-06,1.2747331359177336e-07,5.2498585256465074e-12,7.649957453839208e-11,3.035918880138572e-11
3.0815574205541315e-06,0.16628943999999996,0.8585084662769803,0.0,0.0,0.4427507325440747,0.0835205816441903,0.008893893232464289,9.139363785940841e-06,0.0028635466499983943,0.050589224707521065,0.024933194396689423,4.619191473157135e-05,1.6301062005121112e-10,0.002002114916971438,5.385663890354596e-11,0.0005184046786226948,2.845815256120639e-09,6.894464775903412e-06,2.3507058883438266e-09,1.3552297471417167e-10,1.3306178650216793e-05,1.862506386255336e-05,0.005999206815503732,1.3104464236973443e-05,0.0005235588559164492,7.987159075540747e-09,4.429978442719115e-09,3.954595445968106e-08,1.28540511212965e-07,1.8825400119411892e-08,0.00010162858287188091,0.0019035858089977195,3.913247350506802e-07,0.001012544688094135,6.203418530366498e-09,2.9474554868759595e-05,7.72334800700241e-08,6.407048106027595e-06,1.3406482386054763e-10,1.2491839902702038e-10,2.1177261192924987e-06,1.2740746831728907e-07,5.254782244211235e-12,7.638836401521593e-11,3.034887275595562e-11
3.0845316133388022e-06,0.16628943999999996,0.8585084662769803,0.0,0.0,0.4427434762613679,0.08349837322156613,0.008885788784777934,9.13959593638249e-06,0.0028633443148904356,0.05063665597727282,0.024949694037424218,4.6168817767921375e-05,1.6341958060569223e-10,0.0020016211746994106,5.383997802740576e-11,0.0005185030203289546,2.8456648413494276e-09,6.88456386435511e-06,2.352707467429463e-09,1.3559322094133652e-10,1.3294573637941869e-05,1.8642816805219177e-05,0.005997514012119851,1.3041540951267846e-05,0.0005237799231594926,7.952564308094942e-09,4.4248501971886655e-09,3.95698543110693e-08,1.2852931670298076e-07,1.891523096430988e-08,0.0001020691850397743,0.0019110004204287315,3.915719121935861e-07,0.0010134781159321907,6.201787059560889e-09,2.9502649740880412e-05,7.728332314936162e-08,6.402359241391997e-06,1.3420834745005522e-10,1.249702377550446e-10,2.1197292560940495e-06,1.2734167048204137e-07,5.259704767530976e-12,7.627741495631098e-11,3.0338621908669924e-11
3.087505806123473e-06,0.16628943999999996,0.8585084662769803,0.0,0.0,0.4427362110404171,0.08347617082520632,0.008877691946828721,9.139826880816846e-06,0.0028631415406135995,0.050684074548278626,0.024966178412691782,4.614573813012801e-05,1.6382902834439194e-10,0.0020011276538782993,5.382333951731168e-11,0.0005186012964134706,2.8455151333890834e-09,6.8746862850862065e-06,2.354707897977458e-09,1.3566334332944034e-10,1.3282984570773295e-05,1.8660566492391768e-05,0.005995821570878636,1.2979063514369524e-05,0.0005240008102856605,7.918203497950844e-09,4.419728220257072e-09,3.9593867344023144e-08,1.2851810022126187e-07,1.9005263938512646e-08,0.00010251052384264056,0.0019184229117609702,3.918188389429409e-07,0.0010144112378321958,6.20015619985695e-09,2.9530739461142902e-05,7.733311570700828e-08,6.39767290134966e-06,1.3435181793066134e-10,1.250219731019635e-10,2.1217318895197135e-06,1.272759199787319e-07,5.26462610192941e-12,7.616672646149785e-11,3.032843563100892e-11
3.090479998908144e-06,0.16628943999999996,0.8585084662769803,0.0,0.0,0.4427289368994115,0.08345397445353772,0.008869602711610615,9.140056627142124e-06,0.0028629383294747996,0.05073148042189622,0.02498264753867006,4.612267577723773e-05,1.6423896297736885e-10,0.0020006343540543876,5.3806723313750325e-11,0.000518699506961577,2.8453661312038973e-09,6.864831957362837e-06,2.356707180495109e-09,1.3573334204189653e-10,1.3271411372911522e-05,1.867831294666908e-05,0.005994129491997315,1.2917027594790367e-05,0.0005242215175309598,7.88407441603009e-09,4.414612503294862e-09,3.961799365592781e-08,1.2850686187779623e-07,1.9095499058885436e-08,0.0001029525987700177,0.0019258532691693007,3.9206551555306283e-07,0.001015344053817987,6.1985259501624194e-09,2.9558824065309908e-05,7.73828577954894e-08,6.3929890871744985e-06,1.3449523525481554e-10,1.250736052043689e-10,2.1237340221108834e-06,1.2721021670089062e-07,5.269546253740312e-12,7.605629763334122e-11,3.03183133023105e-11
3.0934541916928146e-06,0.16628943999999996,0.8585084662769803,0.0,0.0,0.44272165385644946,0.08343178410498975,0.008861521072122921,9.140285183182529e-06,0.002862734683760562,0.05077887359949272,0.024999101431491415,4.6099630668607744e-05,1.6464938421414494e-10,0.002000141274778525,5.379012935777118e-11,0.0005187976520584447,2.845217833775376e-09,6.855000800700315e-06,2.3587053154879327e-09,1.3580321724148786e-10,1.3259853969485044e-05,1.8696056190687193e-05,0.0059924377756916366,1.2855428915249944e-05,0.0005244420451308134,7.850174860925429e-09,4.409503037694885e-09,3.9642233344021264e-08,1.2849560178162869e-07,1.9185936342095918e-08,0.00010339540931199276,0.001933291478867018,3.9231194227765925e-07,0.0010162765639135625,6.196896309397668e-09,2.9586903589204637e-05,7.743254946718423e-08,6.388307800134221e-06,1.3463859937507932e-10,1.2512513419870502e-10,2.125735656412779e-06,1.2714456054287084e-07,5.274465229307648e-12,7.594612757716045e-11,3.0308254309649075e-11
3.0964283844774853e-06,0.16628943999999996,0.8585084662769803,0.0,0.0,0.4427143619295386,0.08340959977799425,0.008853447021370309,9.140512556689192e-06,0.002862530605737282,0.05082625408244438,0.025015540107243262,4.607660276390403e-05,1.6506029176370648e-10,0.001999648415606087,5.377355759098374e-11,0.0005188957317890813,2.8450702401021434e-09,6.845192734863975e-06,2.3607023034597047e-09,1.3587296909037795e-10,1.324831228653448e-05,1.8713796247120618e-05,0.005990746422175885,1.2794263251842691e-05,0.0005246623933200639,7.816502658477416e-09,4.404399814872186e-09,3.9666586505392466e-08,1.2848432004087302e-07,1.9276575804610792e-08,0.00010383895495918037,0.0019407375271053428,3.925581193698338e-07,0.001017208768143083,6.195267276495583e-09,2.9614978068711086e-05,7.748219077432752e-08,6.383629041490261e-06,1.3478191024412639e-10,1.2517656022127035e-10,2.1277367949744807e-06,1.2707895139984426e-07,5.2793830349856535e-12,7.583621540103909e-11,3.029825804771703e-11
3.099402577262156e-06,0.16628943999999996,0.8585084662769803,0.0,0.0,0.44270706113659825,0.08338742147098543,0.008845380552362772,9.140738755341066e-06,0.0028623260976514595,0.0508736218721366,0.025031963581968623,4.605359202309922e-05,1.65471685334506e-10,0.0019991557760969275,5.3757007955554586e-11,0.00051899374623833,2.844923349199836e-09,6.835407679869993e-06,2.362698144912503e-09,1.3594259775012152e-10,1.3236786250996982e-05,1.8731533138682575e-05,0.005989055431662905,1.273352643322022e-05,0.0005248825623329746,7.783055661358453e-09,4.399302826263804e-09,3.9691053236979677e-08,1.2847301676272275e-07,1.9367417462693218e-08,0.00010428323520270443,0.0019481914001729284,3.928040470820945e-07,0.0010181406665308705,6.1936388504014446e-09,2.964304753977454e-05,7.753178176901175e-08,6.378952812497717e-06,1.349251678147447e-10,1.2522788340821887e-10,2.1297374403489704e-06,1.270133891677957e-07,5.284299677138925e-12,7.572656021583454e-11,3.028832391870812e-11
3.102376770046827e-06,0.16628943999999996,0.8585084662769803,0.0,0.0,0.4426997514954605,0.08336524918239996,0.008837321658115679,9.140963786745807e-06,0.0028621211617299537,0.050920976969963776,0.02504837187166669,4.6030598406470804e-05,1.6588356463446352e-10,0.001998663355815332,5.374048039420453e-11,0.0005190916954908682,2.8447771601010107e-09,6.8256455559861536e-06,2.3646928403467432e-09,1.36012103381676e-10,1.3225275790690959e-05,1.8749266888125294e-05,0.005987364804364121,1.267321433978852e-05,0.0005251025524032355,7.749831748664666e-09,4.394212063328652e-09,3.9715633635568765e-08,1.2846169205346318e-07,1.945846133239984e-08,0.00010472824953417816,0.001955653084395376,3.930497256663605e-07,0.0010190722591014083,6.192011030072811e-09,2.9671112038401998e-05,7.758132250318902e-08,6.3742791144052785e-06,1.3506837203983828e-10,1.2527910389556158e-10,2.131737595093169e-06,1.2694787374351834e-07,5.289215162142526e-12,7.561716113518694e-11,3.0278451332203135e-11
3.1053509628314977e-06,0.16628943999999996,0.8585084662769803,0.0,0.0,0.4426924330238709,0.08334308291067673,0.008829270331649732,9.141187658440636e-06,0.002861915800180212,0.050968319377329145,0.025064764992293414,4.600762187459894e-05,1.662959293709679e-10,0.0019981711543299767,5.372397485020556e-11,0.000519189579631209,2.8446316718550407e-09,6.815906283732594e-06,2.366686390261224e-09,1.360814861454115e-10,1.321378083430108e-05,1.8766997518240294e-05,0.005985674540489552,1.261332290291963e-05,0.0005253223637639637,7.716828825514916e-09,4.389127517547329e-09,3.9740327797791467e-08,1.2845034601848178e-07,1.954970742957815e-08,0.00010517399744568604,0.0019631225661347605,3.932951553739697e-07,0.0010200035458793398,6.190383814479385e-09,2.9699171600662643e-05,7.763081302867282e-08,6.369607948455172e-06,1.3521152287242822e-10,1.2533022181916814e-10,2.133737261767972e-06,1.2688240502460848e-07,5.294129496382049e-12,7.550801727552766e-11,3.026863970505743e-11
3.1083251556161684e-06,0.16628943999999996,0.8585084662769803,0.0,0.0,0.44268510573949066,0.08332092265425699,0.008821226565990997,9.14141037789321e-06,0.0028617100151905155,0.051015649095644724,0.02508114295976202,4.598466238836461e-05,1.6670877925087862e-10,0.00199767917121388,5.370749126737789e-11,0.0005192873987436993,2.844486883528017e-09,6.806189783882482e-06,2.3686787951531697e-09,1.3615074620112136e-10,1.3202301311363624e-05,1.8784725051858652e-05,0.005983984640247826,1.2553848104177546e-05,0.0005255419966477086,7.684044822657204e-09,4.38404918042198e-09,3.9765135820123735e-08,1.284389787622796e-07,1.9641155769863567e-08,0.00010562047842976475,0.0019705998317891727,3.935403364556863e-07,0.0010209345268894709,6.188757202602915e-09,2.9727226262688265e-05,7.768025339714013e-08,6.364939315883103e-06,1.3535462026565433e-10,1.2538123731476789e-10,2.135736442938295e-06,1.2681698290946042e-07,5.299042686253723e-12,7.539912775608731e-11,3.025888846129076e-11
3.1112993484008392e-06,0.16628943999999996,0.8585084662769803,0.0,0.0,0.4426777696598969,0.08329876841158428,0.008813190354170898,9.141631952502456e-06,0.002861503808930204,0.051062966126331176,0.025097505789943565,4.596171990894755e-05,1.6712211398052688e-10,0.001997187406044359,5.369102959008704e-11,0.0005193851529125185,2.84434279420265e-09,6.796495977462685e-06,2.3706700555182534e-09,1.362198837080318e-10,1.3190837152252072e-05,1.8802449511851316e-05,0.005982295103846204,1.2494785974558042e-05,0.0005257614512864528,7.651477696081917e-09,4.378977043476139e-09,3.979005779888414e-08,1.28427590388482e-07,1.9732806368677122e-08,0.00010606769197938631,0.001978084867792251,3.9378526916170645e-07,0.001021865202156765,6.1871311934370505e-09,2.9755276060673736e-05,7.772964366013286e-08,6.3602732179181884e-06,1.3549766417277646e-10,1.2543215051795133e-10,2.137735141173097e-06,1.2675160729726145e-07,5.303954738164495e-12,7.529049169890338e-11,3.024919703197883e-11
3.11427354118551e-06,0.16628943999999996,0.8585084662769803,0.0,0.0,0.44267042480258434,0.08327662018110424,0.008805161689226206,9.141852389599408e-06,0.0028612971835499084,0.0511102704708177,0.025113853498667453,4.5938794397824255e-05,1.6753593326571737e-10,0.0019966958584029886,5.367458976324072e-11,0.0005194828422216797,2.8441994029781736e-09,6.78682478575437e-06,2.372660171850648e-09,1.362888988248125e-10,1.3179388288163006e-05,1.8820170921129378e-05,0.005980605931490598,1.2436132593742127e-05,0.0005259807279116159,7.619125426642267e-09,4.373911098254571e-09,3.981509383023231e-08,1.2841618099984894e-07,1.9824659241222686e-08,0.00010651563758793983,0.00198557766061275,3.9402995374166626e-07,0.0010227955717063463,6.185505785987243e-09,2.9783321030877465e-05,7.777898386905992e-08,6.355609655782912e-06,1.3564065454717577e-10,1.2548296156417144e-10,2.1397333590454294e-06,1.2668627808798645e-07,5.308865658532109e-12,7.518210822882734e-11,3.023956485514688e-11
3.1172477339701808e-06,0.16628943999999996,0.8585084662769803,0.0,0.0,0.4426630711849664,0.08325447796126483,0.008797140564199063,9.142071696448022e-06,0.002861090141181774,0.05115756213054194,0.025130186101721956,4.591588581676595e-05,1.679502368117297e-10,0.001996204527875555,5.365817173228591e-11,0.0005195804667550276,2.844056708970238e-09,6.777176130293595e-06,2.3746491446430547e-09,1.3635779170958555e-10,1.3167954651102296e-05,1.8837889302644324e-05,0.005978917123385582,1.2377884089362847e-05,0.0005261998267540571,7.586986019681223e-09,4.3688513363231284e-09,3.984024401016719e-08,1.284047506982856e-07,1.991671440248454e-08,0.00010696431474921493,0.001993078196754094,3.9427439044464797e-07,0.0010237256355634977,6.1838809792706225e-09,2.9811361209621793e-05,7.782827407519883e-08,6.350948630693057e-06,1.3578359134235626e-10,1.2553367058874476e-10,2.14173109913247e-06,1.2662099518239284e-07,5.313775453785199e-12,7.507397647353145e-11,3.0229991375665274e-11
3.1202219267548515e-06,0.16628943999999996,0.8585084662769803,0.0,0.0,0.4426557088243765,0.08323234175051614,0.00878912697213696,9.14228988024599e-06,0.0028608826839396848,0.05120484110694989,0.025146503614854723,4.589299412783654e-05,1.6836502432331973e-10,0.0019957134140520154,5.364177544320578e-11,0.0005196780265962397,2.8439147113108187e-09,6.767549932871853e-06,2.3766369743867457e-09,1.3642656251993534e-10,1.3156536173871558e-05,1.8855604679388366e-05,0.005977228679734406,1.2320036636285177e-05,0.0005264187480440789,7.555057504665301e-09,4.363797749268595e-09,3.986550843452575e-08,1.283932995848528e-07,2.0008971867225043e-08,0.00010741372295738502,0.002000586462753951,3.9451857951918646e-07,0.0010246553937536612,6.1822567723158815e-09,2.9839396633293494e-05,7.787751432969748e-08,6.346290143857667e-06,1.3592647451194579e-10,1.2558427772685286e-10,2.143728364015556e-06,1.2655575848201554e-07,5.318684130363384e-12,7.496609556351518e-11,3.022047604514681e-11
3.1231961195395223e-06,0.16628943999999996,0.8585084662769803,0.0,0.0,0.4426483377380688,0.08321021154731026,0.00878112090609276,9.142506948125522e-06,0.0028606748139194784,0.05125210740149576,0.025162806053773284,4.587011929339069e-05,1.6878029550472121e-10,0.0019952225165264514,5.362540084251662e-11,0.000519775521828824,2.843773409148118e-09,6.75794611553658e-06,2.378623661571593e-09,1.3649521141291763e-10,1.3145132790054858e-05,1.887331707439468e-05,0.005975540600739027,1.2262586455898721e-05,0.0005266374920114284,7.523337934824712e-09,4.358750328698538e-09,3.989088719898114e-08,1.2838182775977685e-07,2.0101431649982138e-08,0.00010786386170699112,0.002008102445183817,3.947625212132765e-07,0.0010255848463024365,6.180633164163159e-09,2.986742733834419e-05,7.792670468357582e-08,6.341634196478983e-06,1.360693040096978e-10,1.2563478311354311e-10,2.1457251562802233e-06,1.264905678891614e-07,5.323591694717329e-12,7.485846463211113e-11,3.0211018321845874e-11
3.126170312324193e-06,0.16628943999999996,0.8585084662769803,0.0,0.0,0.44264095794321956,0.08318808735010152,0.008773122359124681,9.142722907154146e-06,0.002860466533199164,0.05129936101564192,0.025179093434145514,4.584726127607168e-05,1.6919605005964727e-10,0.0019947318348970296,5.360904787726485e-11,0.0005198729525361203,2.84363280164646e-09,6.748364600591625e-06,2.3806092066861036e-09,1.365637385450685e-10,1.3133744434005702e-05,1.8891026510737696e-05,0.0059738528866001075,1.2205529815422944e-05,0.0005268560588853012,7.491825386799975e-09,4.353709066241152e-09,3.991638039904144e-08,1.2837033532245965e-07,2.0194093765067056e-08,0.0001083147304929255,0.0020156261306485982,3.950062157743777e-07,0.0010265139932355823,6.179010153863919e-09,2.9895453361290777e-05,7.79758451877274e-08,6.336980789752398e-06,1.362120797894917e-10,1.2568518688372984e-10,2.147721478516242e-06,1.2642542330690425e-07,5.328498153308853e-12,7.475108281549045e-11,3.020161767055946e-11
3.129144505108864e-06,0.16628943999999996,0.8585084662769803,0.0,0.0,0.4426335694569281,0.0831659691573462,0.008765131324296307,9.142937764335465e-06,0.002860257843839135,0.05134660195085874,0.02519536577160015,4.582442003880947e-05,1.696122876912919e-10,0.0019942413687659604,5.359271649502388e-11,0.0005199703188012989,2.843492887986202e-09,6.7388053105976975e-06,2.3825936102174582e-09,1.366321440724135e-10,1.3122371040834277e-05,1.8908733011533385e-05,0.005972165537517042,1.2148863027224708e-05,0.000527074448894343,7.46051796029463e-09,4.348673953545138e-09,3.994198813004815e-08,1.283588223714886e-07,2.0286958226562267e-08,0.00010876632881041705,0.002023157505786209,3.95249663449422e-07,0.0010274428345790141,6.177387740480851e-09,2.9923474738715876e-05,7.80249358929211e-08,6.332329924866415e-06,1.3635480180533493e-10,1.2573548917219592e-10,2.1497173333176535e-06,1.2636032463907946e-07,5.3334035126110004e-12,7.464394925266834e-11,3.019227356252989e-11
3.1321186978935346e-06,0.16628943999999996,0.8585084662769803,0.0,0.0,0.4426261722962183,0.08314385696750266,0.00875714779467659,9.14315152660993e-06,0.0028600487478823754,0.05139383020862454,0.02521162308172722,4.5801595544818576e-05,1.7002900810233142e-10,0.0019937511177394542,5.3576406643891086e-11,0.0005200676207073603,2.8433536673636287e-09,6.729268168372768e-06,2.3845768726515378e-09,1.3670042815047617e-10,1.311101254639494e-05,1.892643659993952e-05,0.005970478553687967,1.2092582448147822e-05,0.000527292662266654,7.42941377773427e-09,4.3436449822795315e-09,3.996771048717453e-08,1.2834728900464615e-07,2.0380025048318914e-08,0.00010921865615501508,0.0020306965572671836,3.9549286448481907e-07,0.001028371370358804,6.175765923087749e-09,2.9951491507268294e-05,7.807397684980267e-08,6.327681603002585e-06,1.364974700113636e-10,1.2578569011359296e-10,2.151712723282802e-06,1.2629527179027884e-07,5.338307779108128e-12,7.453706308550854e-11,3.018298547534919e-11
3.1350928906782054e-06,0.16628943999999996,0.8585084662769803,0.0,0.0,0.4426187664780389,0.0831217507790312,0.008749171763339851,9.143364200855569e-06,0.0028598392473546666,0.05144104579042553,0.02522786538007854,4.577878775759616e-05,1.7044621099492595e-10,0.0019932610814276837,5.3560118272484684e-11,0.0005201648583371356,2.843215138990862e-09,6.719753096992458e-06,2.38655899447296e-09,1.3676859093428632e-10,1.3099668887273956e-05,1.8944137299155962e-05,0.005968791935309778,1.2036684478854436e-05,0.0005275106992297899,7.3985109839313005e-09,4.338622144133581e-09,3.999354756542451e-08,1.283357353189194e-07,2.047329424395514e-08,0.00010967171202257561,0.0020382432717942754,3.9573581912646276e-07,0.0010292996006011819,6.174144700769402e-09,2.9979503703663427e-05,7.812296810889628e-08,6.323035825335479e-06,1.366400843618437e-10,1.25835789842443e-10,2.1537076510143777e-06,1.2623026466584523e-07,5.3432109592959906e-12,7.443042345872808e-11,3.017375289286531e-11
3.138067083462876e-06,0.16628943999999996,0.8585084662769803,0.0,0.0,0.442611352019265,0.08309965059039412,0.008741203223365777,9.143575793888752e-06,0.002859629344264791,0.0514882486977556,0.025244092682168134,4.5755996640919856e-05,1.7086389607072114e-10,0.0019927712594447373,5.3543851329940656e-11,0.0005202620317732846,2.8430773020957548e-09,6.710260019790374e-06,2.388539976165105e-09,1.3683663257838876e-10,1.308834000077746e-05,1.896183513242492e-05,0.005967105682578146,1.1981165563177911e-05,0.0005277285600107654,7.367807745755822e-09,4.3336054308165865e-09,4.001949945963096e-08,1.2832416141050934e-07,2.0566765826853634e-08,0.00011012549590924593,0.002045797636102091,3.959785276197361e-07,0.0010302275253325334,6.172524072621474e-09,3.0007511364683673e-05,7.817190972060593e-08,6.318392593032635e-06,1.3678264481117223e-10,1.258857884931389e-10,2.155702119119442e-06,1.2616530317186725e-07,5.348113059681813e-12,7.432402951990123e-11,3.016457530508975e-11
3.141041276247547e-06,0.16628943999999996,0.8585084662769803,0.0,0.0,0.4426039289366992,0.08307755640005561,0.008733242167839413,9.143786312464893e-06,0.0028594190406047324,0.05153543893211636,0.025260305003472695,4.573322215884587e-05,1.7128206303084943e-10,0.0019922816514085845,5.3527605765909634e-11,0.0005203591410982977,2.8429401559218035e-09,6.700788860358425e-06,2.3905198182101567e-09,1.3690455323685115e-10,1.3077025824919684e-05,1.8979530123031226e-05,0.0059654197956875285,1.1926022187487098e-05,0.0005279462448360567,7.337302251812017e-09,4.328594834057769e-09,4.0045566264454467e-08,1.2831256737484044e-07,2.0660439810159815e-08,0.0001105800073114511,0.002053359636956706,3.962209902095186e-07,0.0010311551445794003,6.1709040377504026e-09,3.0035514527178916e-05,7.822080173521726e-08,6.313751907254515e-06,1.3692515131387837e-10,1.2593568619994588e-10,2.1576961302094715e-06,1.2610038721517416e-07,5.353014086784392e-12,7.421788041946328e-11,3.015545220810704e-11
3.1440154690322177e-06,0.16628943999999996,0.8585084662769803,0.0,0.0,0.4425964972470722,0.08305546820648181,0.008725288589851192,9.143995763279182e-06,0.0028592083383498675,0.05158261649501695,0.02527650235943205,4.571046427570684e-05,1.7170071157593168e-10,0.0019917922569410336,5.3511381530553826e-11,0.0005204561863944937,2.8428036997280463e-09,6.691339542547116e-06,2.3924985210891245e-09,1.369723530632719e-10,1.3065726298411387e-05,1.8997222294302626e-05,0.005963734274831188,1.1871250880061636e-05,0.0005281637539316035,7.3069927121203796e-09,4.323590345606141e-09,4.0071748074382035e-08,1.2830095330656922e-07,2.075431620677978e-08,0.00011103524572587979,0.0020609292611553066,3.9646320714019055e-07,0.00103208245836848,6.169284595273295e-09,3.0063513228066924e-05,7.826964420289866e-08,6.3091137691544714e-06,1.370676038246244e-10,1.259854830970019e-10,2.1596896869003875e-06,1.2603551670333026e-07,5.357914047134158e-12,7.411197531071409e-11,3.014638310398562e-11
3.1469896618168885e-06,0.16628943999999996,0.8585084662769803,0.0,0.0,0.4425890569670439,0.0830333860081407,0.008717342482496906,9.14420415296729e-06,0.0028589972394591698,0.051629781387974014,0.025292684765449526,4.56877229561099e-05,1.7211984140607876e-10,0.0019913030756676903,5.349517857454383e-11,0.0005205531677440206,2.8426679327889674e-09,6.6819119904657944e-06,2.3944760852818742e-09,1.3704003221078826e-10,1.3054441360648532e-05,1.9014911669610028e-05,0.005962049120201199,1.1816848210478177e-05,0.0005283810875228126,7.276877357805293e-09,4.318591957230351e-09,4.0098044983725516e-08,1.28289319299594e-07,2.084839502937843e-08,0.00011149121064947114,0.0020685064955258303,3.9670517865563944e-07,0.0010330094667266247,6.1676657443178014e-09,3.0091507504333765e-05,7.831843717370295e-08,6.304478179878701e-06,1.3721000229820657e-10,1.260351793183186e-10,2.1616827918125925e-06,1.2597069154462985e-07,5.362812947273267e-12,7.400631334982109e-11,3.013736750069043e-11
3.1499638546015593e-06,0.16628943999999996,0.8585084662769803,0.0,0.0,0.4425816081132044,0.08301130980350205,0.00870940383887772,9.144411488106056e-06,0.0028587857458753905,0.0516769336125116,0.025308852236892415,4.566499816493455e-05,1.7253945222089297e-10,0.0019908141072179195,5.3478996849055586e-11,0.0005206500852288553,2.842532854394403e-09,6.672506128482886e-06,2.396452511267161e-09,1.3710759083208357e-10,1.3043170951701161e-05,1.903259827236777e-05,0.005960364331988472,1.1762810789007202e-05,0.0005285982458345599,7.2469544407881435e-09,4.313599660718554e-09,4.0124457086620527e-08,1.2827766544706273e-07,2.0942676290377562e-08,0.00011194790157940115,0.0020760913269266094,3.969469049992645e-07,0.0010339361696808415,6.166047484022014e-09,3.0119497393034272e-05,7.836718069756859e-08,6.299845140566211e-06,1.373523466895563e-10,1.260847749977821e-10,2.1636754475710083e-06,1.2590591164809192e-07,5.367710793755676e-12,7.390089369582198e-11,3.012840491199677e-11
3.15293804738623e-06,0.16628943999999996,0.8585084662769803,0.0,0.0,0.44257415070207523,0.08298923959103759,0.008701472652100178,9.144617775214183e-06,0.002858573859525253,0.05172407317016102,0.025325004789092376,4.56422898673307e-05,1.7295954371946962e-10,0.0019903253512248108,5.3462836305767234e-11,0.0005207469389308033,2.842398463849444e-09,6.6631218812260865e-06,2.3984277995226565e-09,1.3717502907939513e-10,1.3031915012302505e-05,1.9050282126033895e-05,0.005958679910382753,1.1709135266020343e-05,0.0005288152290911922,7.217222233485626e-09,4.3086134478782875e-09,4.015098447702505e-08,1.2826599184138285e-07,2.1037160001954052e-08,0.00011240531801307019,0.002083683742246035,3.9718838641398353e-07,0.001034862567258292,6.164429813534378e-09,3.0147482931292417e-05,7.84158748243213e-08,6.295214652348783e-06,1.3749463695374103e-10,1.2613427026915424e-10,2.1656676568051004e-06,1.2584117692345453e-07,5.372607593147233e-12,7.379571551062748e-11,3.0119494857405986e-11
3.155912240170901e-06,0.16628943999999996,0.8585084662769803,0.0,0.0,0.4425666847501095,0.08296717536922069,0.00869354891527618,9.144823020752906e-06,0.002858361582319634,0.051771200062460866,0.025341142437345844,4.5619598028716627e-05,1.733801156003985e-10,0.00198983680732513,5.344669689685594e-11,0.0005208437289314984,2.842264760474342e-09,6.65375917358255e-06,2.4004019505249734e-09,1.3724234710452107e-10,1.3020673483838296e-05,1.9067963254110426e-05,0.005956995855572653,1.1655818331407879e-05,0.0005290320375165309,7.187679028513313e-09,4.303633310536312e-09,4.017762724871811e-08,1.2825429857422876e-07,2.1131846176038153e-08,0.00011286345944809028,0.002091283728402212,3.9742962314223683e-07,0.001035788659486292,6.162812732013554e-09,3.017546415630177e-05,7.846451960367528e-08,6.290586716350937e-06,1.3763687304596537e-10,1.2618366526607256e-10,2.1676594221489207e-06,1.2577648728116996e-07,5.377503352025745e-12,7.369077795902321e-11,3.011063686206229e-11
3.1588864329555716e-06,0.16628943999999996,0.8585084662769803,0.0,0.0,0.4425592102736935,0.08294511713652651,0.008685632621523026,9.145027231126657e-06,0.0028581489161537544,0.05181831429095682,0.025357265196914405,4.55969226147769e-05,1.738011675617656e-10,0.0019893484751592914,5.343057857499486e-11,0.0005209404553124022,2.842131743604412e-09,6.644417930699024e-06,2.4023749647496976e-09,1.373095450588278e-10,1.3009446308336285e-05,1.9085641680143612e-05,0.005955312167745648,1.1602856714006289e-05,0.0005292486713338738,7.158323138394298e-09,4.298659240538514e-09,4.020438549529867e-08,1.2824258573655126e-07,2.1226734824311692e-08,0.00011332232538227277,0.0020988912723426288,3.9767061542599266e-07,0.0010367144463923105,6.161196238628338e-09,3.020344110532591e-05,7.851311508523447e-08,6.285961333689893e-06,1.377790549215713e-10,1.262329601220515e-10,2.169650746241141e-06,1.2571184263239902e-07,5.382398076981058e-12,7.358608020867173e-11,3.010183045667116e-11
3.1618606257402424e-06,0.16628943999999996,0.8585084662769803,0.0,0.0,0.44255172728914727,0.08292306489143203,0.008677723763963373,9.145230412683734e-06,0.0028579358629073496,0.05186541585720167,0.025373373083025216,4.5574263591460414e-05,1.7422269930115442e-10,0.0019888603543713134,5.3414481293349906e-11,0.0005210371181548057,2.841999412589942e-09,6.635098077981976e-06,2.404346842671412e-09,1.3737662309325698e-10,1.2998233428455972e-05,1.910331742772421e-05,0.005953628847088098,1.1550247181035612e-05,0.0005294651307659973,7.1291528952728196e-09,4.293691229749745e-09,4.023125931018419e-08,1.282308534185851e-07,2.1321825958206337e-08,0.00011378191531361632,0.002106506361043839,3.97911363506753e-07,0.00103763992800397,6.159580332557549e-09,3.023141381569883e-05,7.856166131849402e-08,6.281338505475545e-06,1.3792118253603992e-10,1.2628215497048347e-10,2.171641631725081e-06,1.2564724288900588e-07,5.387291774615147e-12,7.348162143011407e-11,3.009307517741922e-11
3.164834818524913e-06,0.16628943999999996,0.8585084662769803,0.0,0.0,0.4425442358127258,0.08290101863241586,0.008669822335725254,9.145432571716942e-06,0.0028577224244448526,0.051912504762755135,0.02538946611087137,4.555162092497834e-05,1.7464471051564761e-10,0.001988372444608781,5.339840500557668e-11,0.0005211337175398266,2.8418677667960962e-09,6.625799541097691e-06,2.406317584763726e-09,1.3744358135833225e-10,1.2987034787478507e-05,1.9120990520487738e-05,0.0059519458937852595,1.1497986537546484e-05,0.0005296814160351595,7.10016665063275e-09,4.2887292700537e-09,4.0258248786609635e-08,1.2821910170985788e-07,2.141711958890222e-08,0.00011424222874029555,0.0021141289815111326,3.981518676255582e-07,0.0010385651043490448,6.157965012989916e-09,3.0259382324825366e-05,7.861015835284154e-08,6.276718232810432e-06,1.380632558449919e-10,1.263312499446383e-10,2.1736320812487465e-06,1.2558268796355286e-07,5.392184451542189e-12,7.337740079677112e-11,3.008437056589533e-11
3.167809011309584e-06,0.16628943999999996,0.8585084662769803,0.0,0.0,0.4425367358606193,0.08287897835795832,0.00866192832994208,9.145633714464215e-06,0.002857508602615569,0.051959581009183874,0.025405544295612287,4.5528994581802145e-05,1.7506720090182858e-10,0.0019878847455228137,5.338234966581732e-11,0.0005212302535484112,2.8417368056028214e-09,6.616522245972341e-06,2.408287191499299e-09,1.3751042000416597e-10,1.2975850329296839e-05,1.9138660982114737e-05,0.005950263308021291,1.1446071625876527e-05,0.0005298975273631025,7.071362775020964e-09,4.2837733533528015e-09,4.02853540176261e-08,1.2820733069919757e-07,2.1512615727326005e-08,0.00011470326516064892,0.0021217591207782285,3.983921280229916e-07,0.0010394899754554634,6.1563502791239936e-09,3.0287346670181616e-05,7.865860623755832e-08,6.272100516789698e-06,1.3820527480418812e-10,1.263802451776654e-10,2.1756220974648622e-06,1.2551817776929508e-07,5.3970761143886315e-12,7.327341748494442e-11,3.007571616901308e-11
3.1707832040942547e-06,0.16628943999999996,0.8585084662769803,0.0,0.0,0.44252922744895445,0.08285694406654134,0.008654041739752639,9.145833847109272e-06,0.0028572943992538494,0.05200664459806135,0.025421607652374056,4.5506384528661504e-05,1.7549017015578294e-10,0.0019873972567680223,5.336631522869742e-11,0.0005213267262613333,2.8416065284047546e-09,6.607266118792039e-06,2.410255663349863e-09,1.375771391804658e-10,1.2964679998405975e-05,1.9156328836331047e-05,0.005948581089979276,1.1394499325116119e-05,0.0005301134649710533,7.042739657775283e-09,4.278823471568054e-09,4.031257509609971e-08,1.2819554047474078e-07,2.1608314384149587e-08,0.00011516502407316821,0.0021293967659069693,3.986321449391843e-07,0.0010404145413513057,6.154736130168038e-09,3.0315306889315335e-05,7.870700502182052e-08,6.267485358501075e-06,1.3834723936953075e-10,1.2642914080259323e-10,2.1776116830309017e-06,1.2545371222017485e-07,5.401966769793286e-12,7.316967067381717e-11,3.0067111538934586e-11
3.1737573968789255e-06,0.16628943999999996,0.8585084662769803,0.0,0.0,0.4425217105937955,0.08283491575664861,0.008646162558301099,9.146032975782217e-06,0.0028570798161792594,0.05205369553096777,0.02543765619624983,4.5483790732542356e-05,1.759136179731001e-10,0.0019869099780024753,5.3350301649322785e-11,0.0005214231357591951,2.8414769346111305e-09,6.598031086002855e-06,2.4122230007862566e-09,1.3764373903654122e-10,1.2953523739893522e-05,1.917399410690804e-05,0.005946899239841231,1.1343266550583114e-05,0.0005303292290797288,7.014295706757158e-09,4.2738796166389295e-09,4.0339912114710424e-08,1.2818373112394083e-07,2.1704215569788425e-08,0.00011562750497648693,0.002137041903987017,3.9887191861382127e-07,0.0010413388020648028,6.153122565339932e-09,3.0343263019846375e-05,7.875535475470055e-08,6.262872759024847e-06,1.3848914949706397e-10,1.2647793695233028e-10,2.179600840609124e-06,1.25389291230817e-07,5.406856424407396e-12,7.306615954545457e-11,3.005855623299578e-11
3.1767315896635962e-06,0.16628943999999996,0.8585084662769803,0.0,0.0,0.44251418531114417,0.0828128934267653,0.008638290778736997,9.146231106560164e-06,0.0028568648551967443,0.052100733809490034,0.02545368994230016,4.5461213160684894e-05,1.7633754404887486e-10,0.001986422908887664,5.3334308883276445e-11,0.0005215194821224262,2.8413480236456896e-09,6.588817074310829e-06,2.414189204278441e-09,1.377102197213094e-10,1.2942381499430302e-05,1.9191656817662897e-05,0.0059452177577881075,1.1292370253306551e-05,0.0005305448199093353,6.986029348088691e-09,4.268941780523243e-09,4.036736516595112e-08,1.2817190273357495e-07,2.1800319294400458e-08,0.00011609070736937118,0.002144694522135559,3.9911144928614366e-07,0.001042262757624337,6.151509583867061e-09,3.0371215099467054e-05,7.880365548516811e-08,6.258262719433825e-06,1.3863100514297467e-10,1.26526633759666e-10,2.181589572866605e-06,1.2532491471652311e-07,5.411745084894712e-12,7.29628832848041e-11,3.005004981363251e-11
3.179705782448267e-06,0.16628943999999996,0.8585084662769803,0.0,0.0,0.4425066516169414,0.08279087707537819,0.008630426394215258,9.146428245467825e-06,0.002856649518096801,0.05214775943522159,0.025469708905553348,4.543865178058149e-05,1.767619480777089e-10,0.0019859360490884635,5.331833688661538e-11,0.0005216157654312836,2.8412197949465805e-09,6.579624010681945e-06,2.416154274295524e-09,1.3777658138330195e-10,1.293125322326125e-05,1.920931699245887e-05,0.005943536643999818,1.1241807419519031e-05,0.0005307602376795733,6.957939025894444e-09,4.26400995519702e-09,4.0394934342125975e-08,1.2816005538975238e-07,2.1896625567883886e-08,0.00011655463075070635,0.0021523546074970206,3.9935073719495534e-07,0.0010431864080584423,6.149897184986218e-09,3.0399163165942608e-05,7.885190726209133e-08,6.253655240793327e-06,1.3877280626359303e-10,1.2657523135727038e-10,2.183577882475267e-06,1.2526058259326626e-07,5.416632757931572e-12,7.285984107969541e-11,3.00415918483084e-11
3.182679975232938e-06,0.16628943999999996,0.8585084662769803,0.0,0.0,0.44249910952706745,0.0827688667009757,0.008622569397896174,9.146624398478116e-06,0.002856433806655632,0.052194772409762454,0.02548571310100581,4.541610655997483e-05,1.7718682975371227e-10,0.001985449398273099,5.3302385615867515e-11,0.0005217119857658527,2.8410922479662785e-09,6.570451822342091e-06,2.4181182113057886e-09,1.378428241706705e-10,1.2920138858196407e-05,1.922697465520554e-05,0.005941855898655241,1.1191575070157697e-05,0.000530975482609637,6.93002320204697e-09,4.259084132654381e-09,4.0422619735349905e-08,1.2814818917792185e-07,2.1993134399876793e-08,0.00011701927461949063,0.002160022147242775,3.995897825786266e-07,0.0010441097533958029,6.148285367943518e-09,3.042710725711158e-05,7.890011013423822e-08,6.24905032416115e-06,1.3891455281539363e-10,1.2662372987769565e-10,2.185565772111918e-06,1.2519629477768598e-07,5.42151945020698e-12,7.275703212084026e-11,3.003318190944358e-11
3.1856541680176086e-06,0.16628943999999996,0.8585084662769803,0.0,0.0,0.4424915590573432,0.08274686230204775,0.008614719782945424,9.146819571512737e-06,0.002856217722635316,0.05224177273471906,0.025501702543622388,4.5393577466855764e-05,1.7761218877050524e-10,0.0019849629561131134,5.328645502802855e-11,0.0005218081432060462,2.840965382171486e-09,6.561300436776999e-06,2.4200810157767154e-09,1.3790894823119277e-10,1.2909038351602133e-05,1.9244629829859044e-05,0.005940175521932226,1.114167026037351e-05,0.0005311905549182198,6.902280355917416e-09,4.254164304907427e-09,4.0450421437547224e-08,1.281363041828788e-07,2.20898457997549e-08,0.00011748463847482133,0.0021676971285708706,3.998285856750986e-07,0.0010450327936652522,6.1466741319942955e-09,3.0455047410886204e-05,7.894826415027739e-08,6.244447970587553e-06,1.3905624475499578e-10,1.2667212945337606e-10,2.1875532444582756e-06,1.251320511870829e-07,5.4264051684226735e-12,7.265445560183183e-11,3.002481957434476e-11
3.1886283608022793e-06,0.16628943999999996,0.8585084662769803,0.0,0.0,0.44248400022353074,0.08272486387708573,0.008606877542534058,9.147013770442752e-06,0.0028560012677839577,0.0522887604117043,0.025517677248336677,4.5371064469461484e-05,1.7803802482121944e-10,0.001984476722283325,5.327054508055885e-11,0.0005219042378316047,2.840839197043046e-09,6.552169781732155e-06,2.422042688174999e-09,1.3797495371227822e-10,1.2897951651392438e-05,1.926228254042235e-05,0.005938495514007619,1.1092090079048904e-05,0.0005314054548235138,6.874708984129417e-09,4.249250463986104e-09,4.047833954045059e-08,1.2812440048877286e-07,2.2186759776631094e-08,0.00011795072181588924,0.0021753795387057548,4.0006714672188836e-07,0.0010459555288957758,6.145063476402999e-09,3.048298366525283e-05,7.899636935877948e-08,6.2398481811152195e-06,1.3919788203916434e-10,1.2672043021662835e-10,2.189540302201005e-06,1.2506785173941355e-07,5.431289919293207e-12,7.255211071914401e-11,3.0016504425136457e-11
3.19160255358695e-06,0.16628943999999996,0.8585084662769803,0.0,0.0,0.44247643304133344,0.08270287142458264,0.008599042669838512,9.147207001089156e-06,0.002855784443835852,0.05233573544233725,0.0255336372300514,4.5348567536273396e-05,1.7846433759849977e-10,0.0019839906964618003,5.325465573138032e-11,0.0005220002697220964,2.840713692075851e-09,6.5430597852127054e-06,2.424003228966576e-09,1.3804084076097376e-10,1.2886878706020559e-05,1.9279932810945538e-05,0.005936815875057257,1.1042831648323292e-05,0.0005316201825432141,6.8473076003180605e-09,4.244342601938099e-09,4.0506374135599955e-08,1.2811247817911514e-07,2.228387633935316e-08,0.00011841752414196437,0.002183069364898007,4.0030546595609133e-07,0.0010468779591165068,6.143453400443095e-09,3.051091605827234e-05,7.904442580821804e-08,6.235250956779253e-06,1.3933946462481034e-10,1.2676863229965246e-10,2.1915269480317485e-06,1.2500369635328488e-07,5.4361737095460205e-12,7.244999667213047e-11,3.000823604869321e-11
3.194576746371621e-06,0.16628943999999996,0.8585084662769803,0.0,0.0,0.4424688575263978,0.08268088494303281,0.008591215158040597,9.147399269223436e-06,0.002855567252511629,0.05238269782824332,0.025549582503638656,4.532608663601527e-05,1.7889112679450577e-10,0.0019835048783298148,5.323878693887335e-11,0.0005220962389569185,2.8405888667787537e-09,6.533970375483327e-06,2.4259626386166462e-09,1.3810660952396919e-10,1.287581946447058e-05,1.9297580665525992e-05,0.005935136605255991,1.0993892123126735e-05,0.0005318347382945176,6.820074734891672e-09,4.239440710828709e-09,4.053452531434155e-08,1.2810053733678517e-07,2.238119549650376e-08,0.00011888504495239222,0.002190766594424071,4.005435436143878e-07,0.0010478000843567269,6.141843903396981e-09,3.053884462808051e-05,7.909243354697074e-08,6.230656298607159e-06,1.3948099246899132e-10,1.2681673583453186e-10,2.1935131846471563e-06,1.2493958494794938e-07,5.441056545921512e-12,7.234811266302351e-11,3.0000014036573333e-11
3.1975509391562917e-06,0.16628943999999996,0.8585084662769803,0.0,0.0,0.44246127369431354,0.08265890443093223,0.0085833950003275,9.147590580568133e-06,0.0028553496955184125,0.05242964757105408,0.02556551308394029,4.530362173765117e-05,1.7931839210091333e-10,0.0019830192675718236,5.322293866187362e-11,0.000522192145615294,2.8404647206744763e-09,6.524901481068087e-06,2.4279209175896916e-09,1.381722601476028e-10,1.286477387624932e-05,1.9315226128308722e-05,0.005933457704777688,1.094526869072107e-05,0.0005320491222941311,6.793008934799033e-09,4.234544782740739e-09,4.0562793167826933e-08,1.2808857804403794e-07,2.247871725639785e-08,0.00011935328374657843,0.0021984712145860005,4.007813799330456e-07,0.0010487219046458683,6.140234984555897e-09,3.056676941288845e-05,7.914039262332043e-08,6.226064207618809e-06,1.3962246552891278e-10,1.268647409532339e-10,2.1954990147489186e-06,1.2487551744329952e-07,5.445938435173126e-12,7.224645789693257e-11,2.999183798495326e-11
3.2005251319409624e-06,0.16628943999999996,0.8585084662769803,0.0,0.0,0.44245368156061426,0.08263692988677808,0.008575582189891797,9.14778094079738e-06,0.0028551317745499696,0.0524765846724072,0.02558142898576818,4.528117281038358e-05,1.7974613320891603e-10,0.0019825338638754238,5.3207110859669115e-11,0.0005222879897762759,2.840341253299523e-09,6.515853030750286e-06,2.4298780663494962e-09,1.3823779277786638e-10,1.2853741891378313e-05,1.9332869223486544e-05,0.005931779173795247,1.0896958570249032e-05,0.0005322633347582658,6.7661087632986745e-09,4.229654809774382e-09,4.059117778701205e-08,1.2807660038251105e-07,2.257644162708329e-08,0.000119822240023988,0.0022061832127112037,4.010189751479243e-07,0.0010496434200135101,6.138626643219812e-09,3.0594690450982946e-05,7.918830308545594e-08,6.22147468482644e-06,1.3976388376192763e-10,1.269126477876103e-10,2.1974844410437975e-06,1.248114937598631e-07,5.450819384067407e-12,7.21450315818427e-11,2.9983707494563356e-11
3.2034993247256332e-06,0.16628943999999996,0.8585084662769803,0.0,0.0,0.44244608114077816,0.08261496130906917,0.008567776719931428,9.147970355537428e-06,0.002854913491286853,0.052523509133946364,0.02559733022390454,4.525873982365138e-05,1.8017434980922705e-10,0.0019820486669313237,5.319130349199693e-11,0.0005223837715187444,2.8402184642040947e-09,6.506824953572276e-06,2.4318340853591715e-09,1.383032075604105e-10,1.284272346038594e-05,1.9350509975300385e-05,0.005930101012480603,1.0848959012290318e-05,0.0005324773759026482,6.739372799734158e-09,4.224770784047094e-09,4.0619679262655754e-08,1.2806460443323112e-07,2.2674368616337135e-08,0.00012029191328412574,0.0022139025761521982,4.012563294944797e-07,0.0010505646304893802,6.137018878697342e-09,3.0622607780726916e-05,7.923616498147343e-08,6.21688773123463e-06,1.399052471255376e-10,1.269604564693976e-10,2.1994694662436607e-06,1.247475138187974e-07,5.455699399384083e-12,7.204383292861266e-11,2.997562217062453e-11
3.206473517510304e-06,0.16628943999999996,0.8585084662769803,0.0,0.0,0.4424384724502291,0.08259299869630558,0.008559978583649727,9.148158830367217e-06,0.002854694847396554,0.052570420957321305,0.025613216813102215,4.523632274712793e-05,1.806030415920803e-10,0.0019815636764333074,5.317551651904027e-11,0.000522479490921408,2.8400963529519928e-09,6.4978171788352585e-06,2.4337889750811743e-09,1.3836850464054974e-10,1.2831718534299735e-05,1.936814840803949e-05,0.0059284232210047435,1.0801267298425656e-05,0.0005326912459425107,6.712799639310184e-09,4.2198926976934975e-09,4.064829768531981e-08,1.280525902766211e-07,2.2772498231668203e-08,0.00012076230302654265,0.002221629292286354,4.014934432077672e-07,0.0010514855361033533,6.135411690305662e-09,3.065052144055976e-05,7.92839783593772e-08,6.212303347840285e-06,1.4004655557739353e-10,1.2700816713021714e-10,2.201454093065503e-06,1.2468357754188433e-07,5.460578487916137e-12,7.194286115097294e-11,2.996758162278622e-11
3.2094477102949748e-06,0.16628943999999996,0.8585084662769803,0.0,0.0,0.44243085550433675,0.08257104204698887,0.008552187774255399,9.148346370818845e-06,0.0028544758445336396,0.05261732014418762,0.025629088768084986,4.5213921550719154e-05,1.8103220824723242e-10,0.0019810788920782054,5.3159749901425344e-11,0.0005225751480628034,2.839974919120543e-09,6.48882963609909e-06,2.4357427359773197e-09,1.3843368416326735e-10,1.2820727064638812e-05,1.938578454604172e-05,0.005926745799537717,1.0753880740807158e-05,0.0005329049450926106,6.686387892876233e-09,4.215020542865261e-09,4.0677033145366783e-08,1.2804055799250626e-07,2.2870830480311216e-08,0.00012123340875080857,0.002229363348515675,4.0173031652244634e-07,0.0010524061368854518,6.133805077370405e-09,3.067843146899778e-05,7.933174326708062e-08,6.207721535632621e-06,1.4018780907529577e-10,1.2705577990157581e-10,2.2034383242314882e-06,1.2461968485152543e-07,5.4654566564698845e-12,7.184211546552365e-11,2.995958546506497e-11
3.2124219030796455e-06,0.16628943999999996,0.8585084662769803,0.0,0.0,0.44242323031841774,0.0825490913596218,0.00854440428496253,9.148532982378141e-06,0.0028542564843398953,0.052664206696206764,0.025644946103547853,4.519153620456156e-05,1.8146184946396412e-10,0.0019805943135658612,5.31440036002183e-11,0.0005226707430212963,2.839854162300501e-09,6.479862255182025e-06,2.4376953685088115e-09,1.384987462732201e-10,1.280974900340644e-05,1.9403418413693745e-05,0.005925068748248637,1.0706796681736902e-05,0.0005331184735672087,6.660136186708678e-09,4.210154311730993e-09,4.0705885732960374e-08,1.2802850766012112e-07,2.296936536923186e-08,0.00012170522995652881,0.0022371047322665358,4.019669496727834e-07,0.0010533264328658448,6.132199039225589e-09,3.0706337904634544e-05,7.937945975240727e-08,6.203142295593155e-06,1.4032900757719505e-10,1.2710329491486642e-10,2.2054221624689744e-06,1.2455583567073673e-07,5.470333911865036e-12,7.174159509173183e-11,2.99516333157844e-11
3.2153960958643163e-06,0.16628943999999996,0.8585084662769803,0.0,0.0,0.44241559690773546,0.08252714663270869,0.008536628108990585,9.148718670485127e-06,0.0028540367684444703,0.05271108061504597,0.0256607888341573,4.516916667902033e-05,1.8189196493108176e-10,0.001980109940599097,5.312827757692217e-11,0.0005227662758750802,2.8397340820959657e-09,6.470914966160493e-06,2.4396468731362543e-09,1.3856369111474358e-10,1.2798784303082762e-05,1.9421050035431306e-05,0.0059233920673056936,1.0660012493250855e-05,0.0005333318315801015,6.634043162303038e-09,4.2052939964761276e-09,4.073485553806289e-08,1.280164393581158e-07,2.3068102905117862e-08,0.00012217776614330416,0.002244853430989483,4.0220334289265646e-07,0.001054246424074848,6.130593575213497e-09,3.0734240786141284e-05,7.942712786309156e-08,6.19856562869569e-06,1.4047015104119212e-10,1.2715071230136738e-10,2.207405610510542e-06,1.2449202992314304e-07,5.475210260934769e-12,7.164129925192914e-11,2.994372479751591e-11
3.218370288648987e-06,0.16628943999999996,0.8585084662769803,0.0,0.0,0.44240795528750204,0.08250520786475497,0.008528859239564403,9.148903440534548e-06,0.0028538166984640083,0.05275794190237826,0.0256766169745516,4.514681294468746e-05,1.82322554336919e-10,0.0019796257728836855,5.3112571793473774e-11,0.0005228617467021783,2.8396146781243035e-09,6.461987699368816e-06,2.4415972503196737e-09,1.3862851883185594e-10,1.2787832916617643e-05,1.9438679435739488e-05,0.005921715756876166,1.0613525576711673e-05,0.0005335450193445844,6.608107476161005e-09,4.200439589302816e-09,4.076394265043659e-08,1.2800435316456256e-07,2.316704309438859e-08,0.00012265101681076596,0.0022526094321589684,4.024394964155579e-07,0.0010551661105429224,6.128988684684623e-09,3.07621401522673e-05,7.94747476467802e-08,6.1939915359063005e-06,1.4061123942553965e-10,1.2719803219224374e-10,2.2093886710940288e-06,1.2442826753297354e-07,5.48008571052581e-12,7.154122717130899e-11,2.993585953702043e-11
3.221344481433658e-06,0.16628943999999996,0.8585084662769803,0.0,0.0,0.4424003054728775,0.08248327505426754,0.008521097669914211,9.14908729787636e-06,0.0028535962760027874,0.05280479055988225,0.025692430539341057,4.512447497237975e-05,1.8275361736933832e-10,0.001979141810128316,5.309688621224079e-11,0.0005229571555804419,2.8394959500160493e-09,6.453080385398951e-06,2.4435465005185314e-09,1.3869322956826322e-10,1.2776894797423632e-05,1.945630663915294e-05,0.005920039817126433,1.056733336240529e-05,0.0005337580370735051,6.582327799592304e-09,4.195591082429827e-09,4.0793147159639734e-08,1.2799224915696167e-07,2.3266185943179866e-08,0.00012312498145851164,0.0022603727232731797,4.0267541047459937e-07,0.0010560854923006764,6.127384366997557e-09,3.079003604184034e-05,7.952231915103244e-08,6.189420018183328e-06,1.4075227268864102e-10,1.2724525471854692e-10,2.2113713469625587e-06,1.243645484250567e-07,5.484960267498491e-12,7.144137807792354e-11,2.9928037165191256e-11
3.2243186742183286e-06,0.16628943999999996,0.8585084662769803,0.0,0.0,0.4423926474789715,0.08246134819975447,0.00851334339327561,9.149270247816221e-06,0.0028533755026528516,0.05285162658924225,0.025708229543108318,4.510215273313696e-05,1.8318515371573253e-10,0.001978658052044563,5.308122079601864e-11,0.000523052502587552,2.8393778974148314e-09,6.444192955100169e-06,2.445494624191751e-09,1.3875782346736318e-10,1.2765969899369097e-05,1.94739316702561e-05,0.00591836424822197,1.0521433309147994e-05,0.0005339708849791974,6.556702818504599e-09,4.190748468092432e-09,4.082246915503002e-08,1.2798012741224802e-07,2.336553145736256e-08,0.00012359965958617459,0.0022681432918537445,4.029110853025127e-07,0.0010570045693788614,6.1257806215189085e-09,3.081792849376694e-05,7.956984242332152e-08,6.184851076477366e-06,1.4089325078905262e-10,1.2729238001121526e-10,2.213353640864568e-06,1.243008725248146e-07,5.4898339387268325e-12,7.134175120268057e-11,2.9920257316997465e-11
3.2272928670029994e-06,0.16628943999999996,0.8585084662769803,0.0,0.0,0.4423849813208434,0.08243942729972518,0.008505596402889571,9.149452295615969e-06,0.0028531543799941456,0.05289844999214804,0.0257240140004086,4.5079846198219954e-05,1.836171630630266e-10,0.00197817449834686,5.306557550802744e-11,0.000523147787801018,2.8392605199772838e-09,6.435325339578777e-06,2.4474416217977254e-09,1.388223006722502e-10,1.2755058176771454e-05,1.949155455368347e-05,0.005916689050327374,1.0475822903894443e-05,0.0005341835632735747,6.531231233217321e-09,4.185911738542306e-09,4.085190872575737e-08,1.27967988006797e-07,2.3465079642514517e-08,0.00012407505069331117,0.002275921125445624,4.031465211316588e-07,0.0010579233418083764,6.124177447623232e-09,3.084581754703287e-05,7.96173175110354e-08,6.180284711731247e-06,1.410341736854821e-10,1.273394082010744e-10,2.215335555553841e-06,1.242372397582585e-07,5.4947067310986046e-12,7.124234577934033e-11,2.9912519631428776e-11
3.23026705978767e-06,0.16628943999999996,0.8585084662769803,0.0,0.0,0.44237730701350286,0.08241751235269029,0.008497856692002457,9.149633446494097e-06,0.0028529329095946434,0.052945260770294975,0.025739783925769946,4.505755533910873e-05,1.8404964509767894e-10,0.001977691148752462,5.304995031190908e-11,0.0005232430112981799,2.839143817372966e-09,6.4264774701977695e-06,2.449387493794342e-09,1.3888666132571904e-10,1.2744159584390524e-05,1.9509175314119842e-05,0.00591501422360636,1.0430499661359524e-05,0.0005343960721680063,6.505911758250317e-09,4.1810808860474215e-09,4.088146596077236e-08,1.2795583101643051e-07,2.3564830503957758e-08,0.00012455115427954057,0.0022837062116167566,4.0338171819402157e-07,0.001058841809620263,6.122574844692912e-09,3.0873703240703484e-05,7.966474446147732e-08,6.175720924880046e-06,1.4117504133679155e-10,1.273863394188369e-10,2.217317093789535e-06,1.2417365005198354e-07,5.499578651515399e-12,7.114316104451193e-11,2.990482375144051e-11
3.233241252572341e-06,0.16628943999999996,0.8585084662769803,0.0,0.0,0.4423696245719106,0.0823956033571617,0.008490124253865998,9.149813705626237e-06,0.0028527110930104773,0.05299205892538378,0.025755539333693508,4.503528012750064e-05,1.8448259950568306e-10,0.0019772080029814205,5.3034345171724186e-11,0.0005233381731562067,2.8390277892842743e-09,6.417649278576507e-06,2.451332240638994e-09,1.3895090557026945e-10,1.2733274077422004e-05,1.9526793976300534e-05,0.005913339768221775,1.0385461123635794e-05,0.0005346084118734947,6.4807431221548054e-09,4.176255902891942e-09,4.091114094881245e-08,1.279436565164231e-07,2.3664784046704796e-08,0.00012502796984433437,0.0022914985379580434,4.036166767212251e-07,0.001059759972845709,6.1209728121181044e-09,3.09015856139241e-05,7.971212332186708e-08,6.171159716851061e-06,1.413158537019939e-10,1.2743317379510307e-10,2.219298258336212e-06,1.2411010333316378e-07,5.504449706892705e-12,7.104419623764979e-11,2.98971693239007e-11
3.2362154453570117e-06,0.16628943999999996,0.8585084662769803,0.0,0.0,0.44236193401097873,0.0823737003116525,0.008482399081737304,9.149993078145603e-06,0.0028524889317860644,0.05303884445912063,0.02577128023865376,4.501302053530846e-05,1.8491602597256936e-10,0.0019767250607565542,5.30187600519491e-11,0.0005234332734520969,2.838912435406364e-09,6.408840696590356e-06,2.4532758627885977e-09,1.3901503354810978e-10,1.2722401611491092e-05,1.9544410565011633e-05,0.005911665684335606,1.034070485983196e-05,0.0005348205826004319,6.4557240672932635e-09,4.17143678137613e-09,4.0940933778418895e-08,1.279314645815074e-07,2.376494027553102e-08,0.00012550549688729318,0.002299298092082881,4.0385139694451785e-07,0.0010606778315160432,6.119371349296644e-09,3.0929464705920366e-05,7.975945413934155e-08,6.166601088563811e-06,1.4145661074025933e-10,1.2747991146036095e-10,2.2212790519638648e-06,1.2404659952954737e-07,5.509319904159961e-12,7.094545060104981e-11,2.9889555999536063e-11
3.2391896381416825e-06,0.16628943999999996,0.8585084662769803,0.0,0.0,0.4423542353455716,0.08235180321467701,0.008474681168878865,9.150171569143457e-06,0.002852266427454234,0.053085617373216994,0.02578700665509881,4.4990776534658496e-05,1.8534992418340636e-10,0.001976242321803414,5.3003194917472934e-11,0.0005235283122626805,2.8387977554470686e-09,6.400051656370334e-06,2.4552183606996147e-09,1.390790454011613e-10,1.2711542142646198e-05,1.9562025105090234e-05,0.005909991972108986,1.0296228465695953e-05,0.0005350325845589449,6.430853349697401e-09,4.16662351381624e-09,4.097084453791148e-08,1.2791925528588063e-07,2.3865299194871965e-08,0.00012598373490774463,0.002307104861627333,4.040858790948029e-07,0.0010615953856627405,6.117770455633956e-09,3.095734055599867e-05,7.980673696095578e-08,6.16204504093003e-06,1.4159731241090673e-10,1.2752655254498645e-10,2.2232594774479515e-06,1.2398313856945125e-07,5.514189250260648e-12,7.084692337984554e-11,2.9881983432881734e-11
3.2421638309263533e-06,0.16628943999999996,0.8585084662769803,0.0,0.0,0.4423465285905064,0.08232991206475068,0.008466970508558543,9.150349183669567e-06,0.0028520435815363463,0.053132377669389615,0.025802718597450546,4.4968548097888893e-05,1.8578429382280255e-10,0.001975759785850257,5.298764973359461e-11,0.0005236232896646164,2.8386837491268115e-09,6.391282090302725e-06,2.457159734828061e-09,1.391429412710621e-10,1.2700695627352757e-05,1.9579637621424677e-05,0.005908318631702204,1.0252029563274388e-05,0.0005352444179584159,6.406129738824397e-09,4.161816092544405e-09,4.1000873315422047e-08,1.2790702870320938e-07,2.396586080896595e-08,0.0001264626834052931,0.0023149188342494065,4.0432012340260263e-07,0.0010625126353174185,6.116170130542978e-09,3.098521320354648e-05,7.985397183368354e-08,6.157491574853661e-06,1.41737958673417e-10,1.275730971792434e-10,2.2252395375694205e-06,1.2391972038175664e-07,5.519057752152333e-12,7.07486138220042e-11,2.987445128222787e-11
3.245138023711024e-06,0.16628943999999996,0.8585084662769803,0.0,0.0,0.442338813760553,0.08230802686039022,0.008459267094049578,9.150525926732637e-06,0.002851820395542421,0.053179125349360507,0.02581841608010496,4.4946335197547615e-05,1.862191345749078e-10,0.0019752774526280207,5.297212446601986e-11,0.000523718205734395,2.8385704161785338e-09,6.382531931028689e-06,2.4590999856295227e-09,1.3920672129917062e-10,1.26898620224872e-05,1.9597248138954776e-05,0.005906645663274705,1.0208105800533752e-05,0.0005354560830081642,6.381552017462989e-09,4.157014509908569e-09,4.103102019884505e-08,1.2789478490663604e-07,2.4066625121650385e-08,0.00012694234187902805,0.0023227399976296103,4.045541300981164e-07,0.0010634295805118377,6.114570373444077e-09,3.101308268803274e-05,7.990115880441826e-08,6.152940691230849e-06,1.4187854948741492e-10,1.276195454932842e-10,2.22721923511474e-06,1.2385634489590386e-07,5.523925416806756e-12,7.065052117832205e-11,2.98669592095724e-11
3.248112216495695e-06,0.16628943999999996,0.8585084662769803,0.0,0.0,0.44233109087043565,0.08228614760011346,0.008451570918630587,9.150701803300763e-06,0.00285159687097125,0.05322586041485678,0.02583409911743233,4.4924137806390714e-05,1.866544461234153e-10,0.001974795321870288,5.295661908085835e-11,0.0005238130605483365,2.8384577563476073e-09,6.3738011114438675e-06,2.461039113559175e-09,1.3927038562656955e-10,1.2679041285330986e-05,1.961485668267206e-05,0.00590497306698512,1.0164454851050973e-05,0.0005356675799164824,6.3571189814351746e-09,4.152218758272362e-09,4.1061285275906114e-08,1.2788252396878387e-07,2.4167592136649454e-08,0.00012742270982863313,0.0023305683394696927,4.047878994111468e-07,0.0010643462212779,6.112971183764976e-09,3.1040949049008225e-05,7.99482979199737e-08,6.1483923909499475e-06,1.4201908481269552e-10,1.2766589761714946e-10,2.2291985728759266e-06,1.237930120418875e-07,5.528792251209884e-12,7.055264470242068e-11,2.985950688056717e-11
3.2510864092803656e-06,0.16628943999999996,0.8585084662769803,0.0,0.0,0.4423233599348321,0.08226427428243936,0.00844388197558555,9.150876818301847e-06,0.002851373009310523,0.053272582867610725,0.025849767723777478,4.490195589738052e-05,1.8709022815156242e-10,0.001974313393313264,5.294113354462071e-11,0.0005239078541825939,2.8383457693917602e-09,6.365089564697961e-06,2.4629771190717947e-09,1.393339343940697e-10,1.266823337356478e-05,1.963246327762e-05,0.005903300842991246,1.0121074413616489e-05,0.0005358789088920152,6.332829439594193e-09,4.1474288300150145e-09,4.1091668634062595e-08,1.2787024596176264e-07,2.426876185716235e-08,0.00012790378675279072,0.0023384038474939905,4.050214315712115e-07,0.00106526255764765,6.111372560940652e-09,3.1068812326105905e-05,7.999538922708488e-08,6.143846674891499e-06,1.4215956460918777e-10,1.2771215368076842e-10,2.2311775536505744e-06,1.2372972175025144e-07,5.533658262361987e-12,7.045498365074168e-11,2.985209396447539e-11
3.2537631827865693e-06,0.16628943999999996,0.8585084662769803,0.0,0.0,0.4423163952259937,0.0822445933762348,0.008436968104978307,9.151033599203875e-06,0.002851171246825017,0.05331462229263041,0.025863857142833957,4.488200539432492e-05,1.8748283397481695e-10,0.0019738798302776084,5.2927213505478575e-11,0.0005239931162075993,2.838245556249345e-09,6.357265595856545e-06,2.464720364742157e-09,1.393910295972699e-10,1.265851718402387e-05,1.964830756761585e-05,0.005901796159839357,1.0082261425877824e-05,0.0005360689615586408,6.311090565150304e-09,4.1431228672862514e-09,4.111911485891541e-08,1.2785918122049324e-07,2.4359987921515135e-08,0.000128337361744391,0.002345461921673865,4.0523140793882893e-07,0.0010660870001481784,6.109934284598412e-09,3.1093886671601527e-05,8.003773056582861e-08,6.139757740670572e-06,1.4228594891594045e-10,1.2775370211381145e-10,2.232958333440995e-06,1.2367279682164782e-07,5.538036974316551e-12,7.036727227965945e-11,2.984545576754267e-11
3.256439956292773e-06,0.16628943999999996,0.8585084662769803,0.0,0.0,0.44230942402280127,0.08222491728126158,0.008430060082269953,9.151189689732706e-06,0.0028509692135622183,0.05335665150400598,0.025877934894815633,4.486206739064957e-05,1.878758203980764e-10,0.0019734464306242782,5.2913309493305927e-11,0.0005240783287938853,2.838145887790072e-09,6.349457135694511e-06,2.4664627019537892e-09,1.3944803141306619e-10,1.2648811318788758e-05,1.9664150317766362e-05,0.00590029177848805,1.0043664066435257e-05,0.0005362588785189226,6.2894661159140374e-09,4.138821609800336e-09,4.1146657025646375e-08,1.2784810276304994e-07,2.4451378181892397e-08,0.0001287715102347163,0.002352525781617312,4.0544119256493073e-07,0.0010669111961373247,6.10849646655489e-09,3.111895858033474e-05,8.008003325148481e-08,6.135670901007674e-06,1.424122881830742e-10,1.2779517293776897e-10,2.2347388283902706e-06,1.2361590626288476e-07,5.542415030243119e-12,7.027973426410607e-11,2.983884899392998e-11
3.2588490524483562e-06,0.16628943999999996,0.8585084662769803,0.0,0.0,0.442303144396023,0.08220721290849807,0.008423847857748619,9.151329583841651e-06,0.00285078715298893,0.05339446906263056,0.025890594904850534,4.484413385836673e-05,1.8822983340038825e-10,0.001973056510473599,5.290080956590515e-11,0.0005241549778970317,2.838056651755624e-09,6.342442741622434e-06,2.468030028985416e-09,1.3949925328544143e-10,1.2640084842522106e-05,1.9678407491512474e-05,0.005898938093405074,1.0009109460558612e-05,0.0005364296878789209,6.270101248917097e-09,4.134954496480256e-09,4.1171527058369316e-08,1.2783812046661242e-07,2.453376980536728e-08,0.00012916273391557655,0.00235888819503399,4.056298349271264e-07,0.0010676527617798745,6.107202821832816e-09,3.114152123878366e-05,8.011807264821229e-08,6.131994536675423e-06,1.4252595499076217e-10,1.2783243040165782e-10,2.236341032000636e-06,1.235647341052836e-07,5.54635472391546e-12,7.020109782586755e-11,2.9832929571336705e-11
3.2612581486039394e-06,0.16628943999999996,0.8585084662769803,0.0,0.0,0.44229685952512315,0.0821895124311744,0.008417640362510073,9.15146892413397e-06,0.002850604874715561,0.053432278350165174,0.02590324548055769,4.482621042098491e-05,1.885841543316717e-10,0.00197266672237597,5.288832258421512e-11,0.0005242315870396376,2.837967856687099e-09,6.335440835501517e-06,2.469596620674351e-09,1.3955039967103533e-10,1.2631366682874114e-05,1.9692663446272004e-05,0.0058975846529546756,9.974727021216014e-06,0.000536600387548507,6.25082777565504e-09,4.131091185912998e-09,4.119647490141226e-08,1.2782812713914698e-07,2.4616294430379053e-08,0.00012955442156846456,0.002365255281223547,4.0581832223490015e-07,0.001068394127784672,6.1059095477246564e-09,3.1164081968222894e-05,8.015608078809082e-08,6.128319869894644e-06,1.426395852719857e-10,1.278696251475537e-10,2.2379430080489216e-06,1.2351358971129268e-07,5.55029389411156e-12,7.01226009816261e-11,2.982703524334019e-11
3.2636672447595225e-06,0.16628943999999996,0.8585084662769803,0.0,0.0,0.44229056941779593,0.08217181584850615,0.00841143759299803,9.151607713134917e-06,0.002850422379506842,0.05347007936754239,0.025915886629500874,4.480829706461819e-05,1.8893878302250404e-10,0.0019722770661973017,5.2875848531381184e-11,0.0005243081562617693,2.8378795024848662e-09,6.328451382411483e-06,2.471162477261422e-09,1.396014706440507e-10,1.2622656818275372e-05,1.970691819548024e-05,0.005896231457218793,9.94051558385923e-06,0.00053677097763741,6.231645093007581e-09,4.127231674085377e-09,4.1221500600742484e-08,1.2781812281777858e-07,2.469895205795876e-08,0.00012994657292684172,0.002371627033712975,4.0600665460937933e-07,0.0010691352941690857,6.104616643947069e-09,3.118664078991474e-05,8.019405769577289e-08,6.124646901114555e-06,1.427531790058151e-10,1.2790675724423982e-10,2.2395447580354524e-06,1.2346247304528672e-07,5.5542325445864e-12,7.004424334296052e-11,2.982116584251726e-11
3.2660763409151057e-06,0.16628943999999996,0.8585084662769803,0.0,0.0,0.4422842740817169,0.08215412315970932,0.00840523954565854,9.151745953353403e-06,0.002850239668122991,0.05350787211569683,0.02592851835923342,4.479039377546535e-05,1.8929371930327004e-10,0.001971887541804569,5.2863387390714564e-11,0.0005243846856034216,2.8377915890544356e-09,6.3214743475403864e-06,2.4727275989873196e-09,1.3965246627858103e-10,1.2613955227315449e-05,1.972117175259541e-05,0.005894878506279033,9.90647399404331e-06,0.0005369414582549782,6.2125526030171334e-09,4.123375956990693e-09,4.12466042022721e-08,1.2780810753942377e-07,2.4781742689100296e-08,0.00013033918772440057,0.0023780034460379124,4.0619483217160265e-07,0.0010698762609505459,6.103324110219651e-09,3.12091977251577e-05,8.023200339587898e-08,6.1209756307810205e-06,1.42866736171432e-10,1.2794382676045143e-10,2.2411462834630186e-06,1.2341138407186618e-07,5.558170679101267e-12,6.996602452265265e-11,2.98153212028942e-11
3.268485437070689e-06,0.16628943999999996,0.8585084662769803,0.0,0.0,0.44227797352454357,0.08213643436400049,0.008399046216939958,9.151883647282166e-06,0.0028500567413197457,0.05354565659556521,0.025941140677298236,4.477250053980905e-05,1.8964896300416285e-10,0.0019714981490658017,5.285093914569135e-11,0.0005244611751045184,2.8377041163064255e-09,6.314509696184414e-06,2.474291986092598e-09,1.397033866486116e-10,1.2605261888741078e-05,1.973542413109869e-05,0.00589352580021666,9.872601107343508e-06,0.0005371118295100778,6.193549712815207e-09,4.119524030628734e-09,4.1271785751820655e-08,1.277980813407916e-07,2.486466632471943e-08,0.00013073226569500245,0.0023843845117426676,4.063828550423936e-07,0.0010706170281465416,6.102031946264904e-09,3.1231752795286624e-05,8.026991791299729e-08,6.117306059336543e-06,1.4298025674805603e-10,1.2798083376487573e-10,2.242747585836884e-06,1.2336032275585474e-07,5.562108301423785e-12,6.988794413468502e-11,2.980950115992056e-11
3.270894533226272e-06,0.16628943999999996,0.8585084662769803,0.0,0.0,0.44227166775391474,0.08211874946059654,0.008392857603292943,9.152020797397871e-06,0.002849873599848408,0.05358343280808635,0.025953753591227972,4.475461734401544e-05,1.900045139551843e-10,0.001971108887850072,5.28385037799515e-11,0.000524537624804911,2.837617084156534e-09,6.307557393747737e-06,2.4758556388176824e-09,1.3975423182802095e-10,1.2596576781454366e-05,1.9749675344494297e-05,0.005892173339112614,9.838895789213702e-06,0.0005372820915119782,6.1746358346575165e-09,4.115675891005711e-09,4.12970452950464e-08,1.277880442583854e-07,2.4947722965421634e-08,0.00013112580657183878,0.0023907702243809712,4.0657072334241036e-07,0.0010713575957746208,6.10074015180825e-09,3.125430602167293e-05,8.030780127168435e-08,6.113638187220262e-06,1.4309374071492805e-10,1.2801777832615293e-10,2.244348666664801e-06,1.2330928906229848e-07,5.566045415327931e-12,6.981000179423875e-11,2.980370555045832e-11
3.273303629381855e-06,0.16628943999999996,0.8585084662769803,0.0,0.0,0.44226535677745127,0.08210106844871484,0.00838667370117048,9.15215740616128e-06,0.0028496902444558746,0.05362120075420102,0.025966357108544988,4.473674417453342e-05,1.903603719861456e-10,0.001970719758027493,5.28260812772979e-11,0.0005246140347443768,2.837530492525519e-09,6.300617405742323e-06,2.4774185574028718e-09,1.398050018905816e-10,1.2587899884511039e-05,1.9763925406309634e-05,0.005890821123047501,9.805356914925998e-06,0.0005374522443695461,6.155810385832594e-09,4.111831534134213e-09,4.132238287759662e-08,1.2777799632850593e-07,2.5030912611828547e-08,0.00013151981008842004,0.0023971605775149666,4.067584371923084e-07,0.0010720979638523937,6.099448726577989e-09,3.1276857425724554e-05,8.034565349646506e-08,6.109972014867961e-06,1.432071880514475e-10,1.2805466051287557e-10,2.2459495274570168e-06,1.2325828295646372e-07,5.569982024594046e-12,6.973219711769275e-11,2.979793421278646e-11
3.2757127255374383e-06,0.16628943999999996,0.8585084662769803,0.0,0.0,0.4422590406027567,0.08208339132757324,0.008380494507027852,9.15229347601737e-06,0.002849506675884678,0.05365896043485206,0.02597895123676151,4.4718881017894057e-05,1.907165369266677e-10,0.001970330759469198,5.2813671621695373e-11,0.0005246904049626244,2.8374443413391727e-09,6.2936896977877734e-06,2.4789807420883436e-09,1.3985569690996133e-10,1.2579231177118672e-05,1.9778174330095325e-05,0.005889469152101604,9.771983369389744e-06,0.0005376222881908659,6.137072788494847e-09,4.107990956033241e-09,4.134779854505462e-08,1.2776793758725217e-07,2.511423526456262e-08,0.0001319142759786748,0.00240355556471498,4.069459967125501e-07,0.0010728381323975291,6.098157670305208e-09,3.129940702888623e-05,8.038347461183328e-08,6.106307542712058e-06,1.4332059873709242e-10,1.2809148039358758e-10,2.2475501697262798e-06,1.232073044038359e-07,5.5739181330088975e-12,6.965452972262114e-11,2.979218698654899e-11
3.2781218216930215e-06,0.16628943999999996,0.8585084662769803,0.0,0.0,0.4422527192374161,0.08206571809639003,0.00837432001732266,9.152429009395467e-06,0.0028493228948730212,0.0536967118509844,0.02599153598337961,4.470102786071004e-05,1.9107300860618217e-10,0.0019699418920473416,5.2801274797269645e-11,0.0005247667354992906,2.837358630528283e-09,6.286774235611129e-06,2.480542193114159e-09,1.399063169597239e-10,1.2570570638635011e-05,1.97924221294252e-05,0.005888117426354877,9.738774047162733e-06,0.0005377922230847451,6.118422469795319e-09,4.104154152728129e-09,4.137329234273101e-08,1.277578680705205e-07,2.5197690923767775e-08,0.00013230920397548133,0.002409955179561046,4.0713340202323197e-07,0.0010735781014277568,6.096866982723826e-09,3.132195485263957e-05,8.042126464225145e-08,6.102644771181622e-06,1.434339727512297e-10,1.2812823803678542e-10,2.249150594987854e-06,1.2315635337011727e-07,5.577853744365666e-12,6.957699922778994e-11,2.978646371275644e-11
3.2802900082330466e-06,0.16628943999999996,0.8585084662769803,0.0,0.0,0.4422470255768624,0.08204981551359379,0.008368766995956064,9.152550532742405e-06,0.0028491573109326014,0.05373068106012246,0.026002854240261664,4.46849685577794e-05,1.9139409523845626e-10,0.0019695920233844767,5.279012861295151e-11,0.0005248353990872386,2.8372818672663126e-09,6.280560761552098e-06,2.481946871956712e-09,1.399518109662051e-10,1.2562783121475497e-05,1.9805244198650045e-05,0.005886901082893935,9.709025162047352e-06,0.0005379450714457862,6.101711336678302e-09,4.10070425392397e-09,4.139630359950227e-08,1.2774879632193919e-07,2.527291473782101e-08,0.00013266503405337293,0.002415718784260183,4.0730193505314336e-07,0.0010742439029844157,6.095705678914158e-09,3.134224639040779e-05,8.045524911218883e-08,6.099349731190916e-06,1.4353597799295839e-10,1.2816126675916488e-10,2.250590793436097e-06,1.231105209402648e-07,5.5813953727423254e-12,6.950733851801886e-11,2.978133311539924e-11
3.282458194773072e-06,0.16628943999999996,0.8585084662769803,0.0,0.0,0.4422413277235206,0.0820339160804617,0.008363217779737161,9.152671625246554e-06,0.0028489915560420014,0.05376464357645883,0.026014164909572535,4.466891733398379e-05,1.917154300663901e-10,0.0019692422607476058,5.277899279781043e-11,0.0005249040305939459,2.8372054606129934e-09,6.274357154064961e-06,2.483350956904155e-09,1.3999724436028386e-10,1.2555002189691915e-05,1.9818065378007874e-05,0.005885684938166657,9.679407617432739e-06,0.000538097831741687,6.0850700283658235e-09,4.097257406601378e-09,4.1419378211602214e-08,1.2773971590003053e-07,2.5348246287586594e-08,0.00013302123802763535,0.0024214861274899587,4.074703433583938e-07,0.0010749095429614163,6.094544673341281e-09,3.1362536519997526e-05,8.048920844089632e-08,6.096056069359718e-06,1.4363795349950988e-10,1.2819424517447003e-10,2.2520308184457074e-06,1.2306471074842251e-07,5.5849366043539305e-12,6.943778811336779e-11,2.977622167786846e-11
3.284626381313097e-06,0.16628943999999996,0.8585084662769803,0.0,0.0,0.44223562568288405,0.08201801979642481,0.008357672366088344,9.15279228864691e-06,0.002848825630730521,0.05379859940068648,0.02602546799676054,4.465287417973098e-05,1.9203701296524745e-10,0.001968892604045608,5.2767867340604586e-11,0.0005249726300481595,2.837129410528157e-09,6.268163388387241e-06,2.4847544481312653e-09,1.4004261719537638e-10,1.2547227828541345e-05,1.9830885677442693e-05,0.005884468992230666,9.649920626927726e-06,0.0005382505040514388,6.068498137169164e-09,4.093813607875942e-09,4.144251621176292e-08,1.2773062683055192e-07,2.5423685572802274e-08,0.00013337781570328417,0.0024272572045880673,4.076386270259633e-07,0.0010755750213718052,6.093383965816846e-09,3.138282525714601e-05,8.052314264614365e-08,6.092763785993843e-06,1.437398992559135e-10,1.2822717333253376e-10,2.253470671126572e-06,1.2301892277003226e-07,5.58847744197918e-12,6.936834773838704e-11,2.9771129287013064e-11
3.286794567853122e-06,0.16628943999999996,0.8585084662769803,0.0,0.0,0.44222991946043483,0.08200212666091436,0.008352130752433512,9.152912524672512e-06,0.002848659535524705,0.05383254853349958,0.026036763507267507,4.463683908548077e-05,1.923588438101691e-10,0.0019685430531880097,5.2756752230195375e-11,0.0005250411974785789,2.837053716974871e-09,6.261979439826491e-06,2.4861573458127584e-09,1.400879295248334e-10,1.2539460023375246e-05,1.984370510691405e-05,0.005883253245143375,9.62056341021375e-06,0.0005384030884535869,6.051995258650745e-09,4.090372854867169e-09,4.14657176329172e-08,1.2772152913913786e-07,2.5499232593434466e-08,0.00013373476688586237,0.0024330320108972123,4.078067861434615e-07,0.0010762403382286706,6.092223556154641e-09,3.140311261761489e-05,8.055705174567999e-08,6.089472881396907e-06,1.4384181524735183e-10,1.2826005128316413e-10,2.2549103525902524e-06,1.2297315698067459e-07,5.592017888400937e-12,6.929901711840782e-11,2.9766055830638934e-11
3.2889627543931473e-06,0.16628943999999996,0.8585084662769803,0.0,0.0,0.4422242090616447,0.08198623667336193,0.008346592936198095,9.15303233504253e-06,0.0028484932709483706,0.05386649097559353,0.026048051446528827,4.462081204174469e-05,1.9268092247617322e-10,0.0019681936080849765,5.2745647455546807e-11,0.0005251097329138569,2.836978379919419e-09,6.2558052837601825e-06,2.4875596501232916e-09,1.401331814019405e-10,1.2531698759638538e-05,1.9856523676397135e-05,0.005882037696961995,9.59133519294452e-06,0.0005385555850260051,6.035560991407369e-09,4.086935144698674e-09,4.148898250808712e-08,1.2771242285129841e-07,2.5574887349620442e-08,0.00013409209138144857,0.0024388105417650183,4.079748207985541e-07,0.001076905493545138,6.091063444170096e-09,3.142339861719031e-05,8.059093575723521e-08,6.086183355870324e-06,1.4394370145937657e-10,1.2829287907613532e-10,2.2563498639499865e-06,1.2292741335606786e-07,5.59555794640638e-12,6.922979597953866e-11,2.976100119738719e-11
3.2911309409331725e-06,0.16628943999999996,0.8585084662769803,0.0,0.0,0.44221849449197304,0.08197034983319935,0.008341058914809024,9.153151721466356e-06,0.0028483268375226216,0.05390042672766513,0.02605933181997351,4.460479303908563e-05,1.9300324883815556e-10,0.00196784426864731,5.273455300572495e-11,0.0005251782363826015,2.8369033993312553e-09,6.249640895635608e-06,2.4889613612374385e-09,1.401783728799188e-10,1.2523944022868632e-05,1.98693413958825e-05,0.005880822347743522,9.562235206709946e-06,0.0005387079938474448,6.01919493682972e-09,4.0835004744984154e-09,4.151231086967537e-08,1.277033079924086e-07,2.5650649840731174e-08,0.0001344497889948429,0.002444592792545842,4.081427310773991e-07,0.001077570487334372,6.08990362967978e-09,3.144368327168322e-05,8.06247946985206e-08,6.082895209713315e-06,1.4404555787723667e-10,1.2832565676117895e-10,2.257789206320696e-06,1.2288169187206684e-07,5.599097618787168e-12,6.91606840486571e-11,2.9755965276602476e-11
3.2932991274731977e-06,0.16628943999999996,0.8585084662769803,0.0,0.0,0.4422127757568687,0.08195446613985871,0.008335528685694746,9.153270685643637e-06,0.0028481602357658723,0.053934355790412336,0.02607060463302425,4.458878206811744e-05,1.9332582277088978e-10,0.0019674950347864407,5.2723468869897394e-11,0.000525246707913372,2.8368287751830026e-09,6.243486250969739e-06,2.4903624793297347e-09,1.4022350401192532e-10,1.2516195798694525e-05,1.988215827537634e-05,0.005879607197544759,9.53326268893698e-06,0.0005388603149961742,6.00289669961731e-09,4.08006884139795e-09,4.1535702750375635e-08,1.2769418458772676e-07,2.5726520066398286e-08,0.000134807859531347,0.0024503787585989116,4.08310517067437e-07,0.0010782353196095748,6.0887441125030305e-09,3.1463966596929254e-05,8.065862858722584e-08,6.079608443222898e-06,1.4414738448585837e-10,1.2835838438801497e-10,2.2592283808189914e-06,1.2283599250466228e-07,5.6026369083389676e-12,6.909168105342105e-11,2.9750947958678385e-11
3.29525049535922e-06,0.16628943999999996,0.8585084662769803,0.0,0.0,0.4422076253383254,0.08194017350591577,0.008330554719762686,9.153377393779396e-06,0.002848010150688109,0.0539648862280903,0.026080743705109852,4.457437905362501e-05,1.9361635087974585e-10,0.0019671808145071256,5.271350195724607e-11,0.0005253083050076648,2.8367619181856483e-09,6.237955381248502e-06,2.4916229787233284e-09,1.4026407047880853e-10,1.250922795340268e-05,1.989369275701097e-05,0.005878513732574506,9.507295782889545e-06,0.0005389973291338251,5.988285945661278e-09,4.076982965960418e-09,4.155680977910531e-08,1.2768596623764084e-07,2.5794895382575967e-08,0.00013513044170316866,0.0024555893007725477,4.084614182640446e-07,0.001078833530573705,6.087700801098833e-09,3.148222046625253e-05,8.068905768171063e-08,6.076651533240179e-06,1.4423900293515282e-10,1.283877964934625e-10,2.2605234952607866e-06,1.2279488196395325e-07,5.60582194393098e-12,6.902967127321851e-11,2.9746448188014675e-11
3.2972018632452423e-06,0.16628943999999996,0.8585084662769803,0.0,0.0,0.44220247155414366,0.08192588342002523,0.008325583821618953,9.153483762489867e-06,0.0028478599300541616,0.05399541124849244,0.026090876661607875,4.4559982530469194e-05,1.939070793279179e-10,0.001966866679610094,5.270354338248263e-11,0.0005253698762760496,2.836695349869532e-09,6.2324323662037425e-06,2.492882998037701e-09,1.4030458814712295e-10,1.250226536139704e-05,1.9905226573686953e-05,0.005877420428897183,9.481430965580181e-06,0.0005391342723764018,5.973729521742675e-09,4.073899546168533e-09,4.157796830850909e-08,1.276777410040597e-07,2.5863357963145513e-08,0.000135453325643299,0.0024608028451862576,4.0861221892027435e-07,0.001079431610731875,6.086657730243249e-09,3.150047328331174e-05,8.07194665107899e-08,6.073695741239649e-06,1.4433059721700045e-10,1.2841716812818934e-10,2.2618184754481536e-06,1.2275378930103558e-07,5.6090066737439705e-12,6.896774931346404e-11,2.974196331860194e-11
3.2991532311312647e-06,0.16628943999999996,0.8585084662769803,0.0,0.0,0.4421973144082733,0.08191159588177359,0.008320615989392046,9.153589792994202e-06,0.0028477095742364413,0.05402593085213015,0.026101003506458362,4.454559249191214e-05,1.941980080238637e-10,0.001966552630032072,5.269359313791891e-11,0.0005254314217392521,2.836629070221234e-09,6.226917188131666e-06,2.4941425373999703e-09,1.4034505705548918e-10,1.249530801238783e-05,1.991675973273141e-05,0.005876327286553777,9.455667693103838e-06,0.0005392711447806624,5.959227145827768e-09,4.0708185799395125e-09,4.1599178362243875e-08,1.2766950890514086e-07,2.5931907807630232e-08,0.0001357765112097327,0.002466019388468142,4.0876291909962623e-07,0.0010800295600937914,6.085614899808175e-09,3.151872505970271e-05,8.074985508731927e-08,6.070741067433275e-06,1.4442216732034463e-10,1.2844649932837717e-10,2.2631133221986307e-06,1.2271271449868497e-07,5.6121910998249644e-12,6.890591497722315e-11,2.973749327225764e-11
3.301104599017287e-06,0.16628943999999996,0.8585084662769803,0.0,0.0,0.44219215390465755,0.08189731089074766,0.008315651221211433,9.153695486505337e-06,0.0028475590836056445,0.054056445039515635,0.026111124243597305,4.453120893124866e-05,1.944891368759617e-10,0.001966238665710185,5.268365121593198e-11,0.000525492941417966,2.8365630792294098e-09,6.221409829373913e-06,2.4954015969372277e-09,1.4038547724248723e-10,1.2488355896143117e-05,1.9928292241481977e-05,0.005875234305585143,9.430005425247246e-06,0.0005394079464027776,5.9447785379565036e-09,4.067740065193072e-09,4.1620439964317294e-08,1.2766126995896906e-07,2.6000544915941433e-08,0.00013609999826096585,0.0024712389272492506,4.0891351886644147e-07,0.0010806273786691846,6.084572309666799e-09,3.153697580703749e-05,8.078022342414202e-08,6.0677875120315894e-06,1.4451371323490574e-10,1.2847579013019057e-10,2.2644080363308797e-06,1.22671657539764e-07,5.615375224223789e-12,6.884416806806946e-11,2.9733037971350476e-11
3.3030559669033093e-06,0.16628943999999996,0.8585084662769803,0.0,0.0,0.44218699004723167,0.08188302844653428,0.008310689515207593,9.153800844230058e-06,0.002847408458530761,0.05408695381116187,0.026121238876956675,4.451683184180595e-05,1.947804657925114e-10,0.001965924786581955,5.2673717608963734e-11,0.0005255544353328545,2.8364973768847416e-09,6.215910272317485e-06,2.496660176776525e-09,1.4042584874665676e-10,1.248140900248832e-05,1.9939824107286586e-05,0.005874141486032013,9.404443625482776e-06,0.0005395446773000082,5.930383419291246e-09,4.064663999852451e-09,4.164175313786093e-08,1.276530241835321e-07,2.606926928708975e-08,0.0001364237866542879,0.0024764614581652983,4.0906401828171294e-07,0.0010812250664678092,6.083529959691103e-09,3.1555225536944676e-05,8.081057153409325e-08,6.064835075243682e-06,1.4460523495085012e-10,1.2850504056972945e-10,2.265702618664686e-06,1.2263061840722125e-07,5.618559048993826e-12,6.878250839006612e-11,2.9728597338375763e-11
3.3050073347893316e-06,0.16628943999999996,0.8585084662769803,0.0,0.0,0.4421818228399247,0.08186874854872056,0.008305730869511996,9.15390586736904e-06,0.002847257699379088,0.05411745716758262,0.02613134741046434,4.4502461216943464e-05,1.9507199468173342e-10,0.001965610992585302,5.266379230952073e-11,0.000525615903504551,2.8364319631799275e-09,6.21041849939467e-06,2.497918277044879e-09,1.4046617160649725e-10,1.2474467321305688e-05,1.995135533750345e-05,0.0058730488279349815,9.37898176095115e-06,0.0005396813375285165,5.916041513616648e-09,4.06159038184239e-09,4.1663117906541004e-08,1.276447715967539e-07,2.6138080920589075e-08,0.00013674787624799685,0.0024816869778544475,4.092144174094891e-07,0.001081822623499446,6.082487849756969e-09,3.157347426106939e-05,8.084089942999001e-08,6.061883757277217e-06,1.4469673245663268e-10,1.2853425068312758e-10,2.2669970700209647e-06,1.2258959708409132e-07,5.6217425761904875e-12,6.872093574779368e-11,2.972417129685587e-11
3.3067635658867517e-06,0.16628943999999996,0.8585084662769803,0.0,0.0,0.4421771694924422,0.08185589881751874,0.008301270703405958,9.154000103110765e-06,0.0028471219018091406,0.05414490555876882,0.026140439878491205,4.4489533176320694e-05,1.9533454158274886e-10,0.001965328650724821,5.2654866636814486e-11,0.0005256712028656782,2.836373337628281e-09,6.205482544715105e-06,2.499050157358204e-09,1.4050242062124015e-10,1.2468224256588104e-05,1.9961732907361287e-05,0.005872065573726067,9.356151090009861e-06,0.0005398042713587423,5.903179068962118e-09,4.05882621638787e-09,4.168239033200424e-08,1.2763733845971332e-07,2.6200085999873885e-08,0.00013703981429150937,0.0024863924981999262,4.093496909320933e-07,0.0010823603130302483,6.0815501559498944e-09,3.158989726247552e-05,8.086817726386466e-08,6.059228527870203e-06,1.4477905950390467e-10,1.2856050533617966e-10,2.2681619649352246e-06,1.2255269310636902e-07,5.624607497943427e-12,6.866559462419049e-11,2.972020027232763e-11
3.308519796984172e-06,0.16628943999999996,0.8585084662769803,0.0,0.0,0.44217251343758723,0.08184305114826547,0.00829681301327613,9.154094069672417e-06,0.002846985996198536,0.05417234956441487,0.026149527411674322,4.447661036185906e-05,1.9559725032020583e-10,0.0019650463777262425,5.264594768181354e-11,0.0005257264814065082,2.8363149458681894e-09,6.200552868247341e-06,2.5001816494144927e-09,1.4053863029323913e-10,1.2461985398526433e-05,1.9972109973740748e-05,0.005871082450358787,9.333400554551701e-06,0.0005399271480340914,5.8903593054339534e-09,4.0560640300837364e-09,4.1701704585698464e-08,1.2762989983289286e-07,2.6262161760650577e-08,0.0001373319960886015,0.0024911004342859887,4.0948488331856604e-07,0.0010828978966548994,6.080612656385843e-09,3.16063194671562e-05,8.089543874405773e-08,6.056574205024956e-06,1.4486136692526255e-10,1.2858672738058246e-10,2.2693267550235833e-06,1.225158035283499e-07,5.6274721818322135e-12,6.861032369988422e-11,2.9716240949955453e-11
3.310276028081592e-06,0.16628943999999996,0.8585084662769803,0.0,0.0,0.4421678546782103,0.0818302055406601,0.008292357797762408,9.154187767916732e-06,0.0028468499828115603,0.054199789184896915,0.026158610012868833,4.4463692768783756e-05,1.9586012082703402e-10,0.001964764173545125,5.263703543918797e-11,0.0005257817391420207,2.836256787898525e-09,6.195629457278322e-06,2.5013127533062847e-09,1.405748006504782e-10,1.2455750739860943e-05,1.9982486542027817e-05,0.005870099457862474,9.310729773587388e-06,0.0005400499675954864,5.8775820254564806e-09,4.053303821422623e-09,4.172106068482333e-08,1.276224557291985e-07,2.6324308202490254e-08,0.00013762442153577719,0.002495810783669131,4.096199946152776e-07,0.0010834353743805808,6.079675350976126e-09,3.162274088363511e-05,8.092268387988868e-08,6.05392078888988e-06,1.4494365471309526e-10,1.2861291684262652e-10,2.2704914408868435e-06,1.2247892833784213e-07,5.630336629361383e-12,6.855512283345476e-11,2.971229327495401e-11
3.312032259179012e-06,0.16628943999999996,0.8585084662769803,0.0,0.0,0.4421631932171565,0.08181736199440207,0.008287905055505347,9.154281198702533e-06,0.002846713861911411,0.05422722442059165,0.026167687684927252,4.4450780392340664e-05,1.9612315303611175e-10,0.001964482038137271,5.2628129903649495e-11,0.000525836976087175,2.8361988637194715e-09,6.19071229912453e-06,2.5024434691261034e-09,1.4061093172091574e-10,1.2449520273367964e-05,1.9992862617615336e-05,0.005869116596266371,9.288138368455714e-06,0.0005401727300838887,5.86484703252998e-09,4.050545588898952e-09,4.174045864645362e-08,1.2761500616148333e-07,2.6386525324824652e-08,0.0001379170905294113,0.002500523543908201,4.097550248680927e-07,0.0010839727462144907,6.0787382396324055e-09,3.163916152044678e-05,8.094991268066933e-08,6.0512682796124385e-06,1.450259228598487e-10,1.2863907374858169e-10,2.2716560231265544e-06,1.2244206752270894e-07,5.633200842037462e-12,6.849999188380818e-11,2.9708357192838194e-11
3.313788490276432e-06,0.16628943999999996,0.8585084662769803,0.0,0.0,0.4421585290572673,0.08180452050919085,0.008283454785146156,9.154374362884775e-06,0.002846577633760212,0.05425465527187627,0.026176760430699525,4.4437873227796226e-05,1.9638634688026638e-10,0.0019641999714587383,5.2619231069951165e-11,0.0005258921922569112,2.8361411733325226e-09,6.185801381131934e-06,2.5035737969664556e-09,1.4064702353248474e-10,1.2443293991859593e-05,2.0003238205903063e-05,0.0058681338655996425,9.26562596280249e-06,0.0005402954355401836,5.852154131335831e-09,4.047789331008832e-09,4.175989848762674e-08,1.2760755114255064e-07,2.644881312705238e-08,0.00013821000296586935,0.002505238712564268,4.098899741228345e-07,0.001084510012163844,6.077801322267027e-09,3.165558138613666e-05,8.097712515570381e-08,6.048616677339152e-06,1.4510817135796695e-10,1.2866519812470457e-10,2.2728205023450153e-06,1.224052210708681e-07,5.636064821368887e-12,6.844493071017797e-11,2.9704432649431e-11
3.315544721373852e-06,0.16628943999999996,0.8585084662769803,0.0,0.0,0.4421538622013794,0.08179168108472616,0.008279006985326685,9.154467261314516e-06,0.0028464412986190153,0.05428208173912845,0.026185828253033023,4.4424971270437294e-05,1.9664970229227391e-10,0.001963917973465835,5.261033893288722e-11,0.0005259473876661495,2.8360837167404733e-09,6.180896690675941e-06,2.504703736919832e-09,1.4068307611309293e-10,1.2437071888183436e-05,2.0013613312297703e-05,0.0058671512658913716,9.243192182559012e-06,0.0005404180840052302,5.839503127729735e-09,4.0450350462500276e-09,4.177938022535733e-08,1.2760009068515424e-07,2.6511171608532497e-08,0.00013850315874148176,0.0025099562872006316,4.1002484242529366e-07,0.001085047172235872,6.076864598793043e-09,3.167200048926125e-05,8.100432131428841e-08,6.045965982215608e-06,1.4519040019993564e-10,1.2869128999723867e-10,2.273984879145275e-06,1.223683889702917e-07,5.638928568866021e-12,6.838993917212481e-11,2.970051959089384e-11
3.3173009524712722e-06,0.16628943999999996,0.8585084662769803,0.0,0.0,0.4421491926523253,0.08177884372070768,0.008274561654689443,9.154559894838995e-06,0.002846304856747808,0.054309503822726396,0.026194891154772533,4.4412074515571056e-05,1.9691321920485976e-10,0.001963636044115114,5.260145348729295e-11,0.0005260025623297906,2.8360264939474135e-09,6.175998215161372e-06,2.5058332890787096e-09,1.4071908949062278e-10,1.2430853955222312e-05,2.002398794221288e-05,0.005866168797170558,9.220836655926016e-06,0.0005405406755198312,5.826893828729885e-09,4.042282733121953e-09,4.1798903876632846e-08,1.275926248019986e-07,2.6573600768592934e-08,0.0001387965577525743,0.002514676265382786,4.101596298212232e-07,0.0010855842264378226,6.075928069124166e-09,3.168841883838794e-05,8.103150116571148e-08,6.043316194386452e-06,1.452726093782471e-10,1.287173493924135e-10,2.2751491541311404e-06,1.2233157120900603e-07,5.641792086041127e-12,6.8335017129536e-11,2.969661796371089e-11
3.3190571835686923e-06,0.16628943999999996,0.8585084662769803,0.0,0.0,0.442144520412933,0.08176600841683529,0.008270118791877593,9.154652264301621e-06,0.0028461683084055178,0.05433692152304879,0.026203949138760303,4.439918295852492e-05,1.9717689755069826e-10,0.0019633541833633745,5.2592574728044434e-11,0.0005260577162627155,2.8359695049587306e-09,6.171105942022393e-06,2.5069624535355488e-09,1.40755063692932e-10,1.2424640185893978e-05,2.0034362101069186e-05,0.005865186459466115,9.198559013359547e-06,0.0005406632101247409,5.814326042512214e-09,4.039532390125679e-09,4.181846945841263e-08,1.2758515350573909e-07,2.6636100606523368e-08,0.00013909019989544376,0.0025193986446784378,4.102943363563417e-07,0.0010861211747769592,6.074991733174795e-09,3.17048364420952e-05,8.10586647192536e-08,6.040667313995396e-06,1.4535479888541843e-10,1.2874337633644542e-10,2.2763133279071667e-06,1.222947677750909e-07,5.644655374408393e-12,6.82801644426249e-11,2.969272771468727e-11
3.3208134146661124e-06,0.16628943999999996,0.8585084662769803,0.0,0.0,0.4421398454860263,0.08175317517280895,0.008265678395534938,9.154744370542007e-06,0.002846031653850021,0.05436433484047481,0.026213002207836036,4.438629659464634e-05,1.974407372624132e-10,0.0019630723911676627,5.258370265005837e-11,0.000526112849479786,2.8359127497810974e-09,6.166219858722486e-06,2.5080912303827994e-09,1.407909987478533e-10,1.2418430573150866e-05,2.0044735794294173e-05,0.005864204252806888,9.176358887554405e-06,0.0005407856878606548,5.8017995784009e-09,4.03678401576392e-09,4.183807698762878e-08,1.2757767680898255e-07,2.6698671121578428e-08,0.00013938408506636895,0.002524123422657483,4.104289620763329e-07,0.0010866580172605618,6.074055590860007e-09,3.1721253308972475e-05,8.108581198418769e-08,6.038019341185209e-06,1.4543696871398317e-10,1.2876937085553737e-10,2.2774774010786714e-06,1.222579786566797e-07,5.6475184354839295e-12,6.822538097193057e-11,2.968884879094936e-11
3.3225696457635325e-06,0.16628943999999996,0.8585084662769803,0.0,0.0,0.4421351678744251,0.0817403439883287,0.00826124046430594,9.154836214395986e-06,0.0028458948933381477,0.05439174377538413,0.0262220503648369,4.437341541930284e-05,1.9770473827257766e-10,0.001962790667485266,5.2574837248291974e-11,0.0005261679619958441,2.835856228422471e-09,6.161339952754402e-06,2.5092196197128965e-09,1.4082689468319483e-10,1.2412225109979815e-05,2.00551090273224e-05,0.005863222177221623,9.154235913425921e-06,0.0005409081087682235,5.789314246859448e-09,4.0340376085410306e-09,4.1857726481186065e-08,1.275701947242874e-07,2.6761312312976842e-08,0.00013967821316160673,0.0025288505968920046,4.1056350702684613e-07,0.0010871947538959273,6.073119642095542e-09,3.173766944762032e-05,8.111294296977884e-08,6.035372276097732e-06,1.4551911885649556e-10,1.287953329758787e-10,2.278641374251728e-06,1.2222120384195886e-07,5.650381270785785e-12,6.817066657831722e-11,2.968498113994092e-11
3.326082107958373e-06,0.16628943999999996,0.8585084662769803,0.0,0.0,0.4421258046083952,0.08171468779680723,0.008252371991770011,9.155019118269349e-06,0.0028456210554673963,0.05444654849917379,0.026240131953950082,4.43476686157901e-05,1.9823322391829523e-10,0.001962227425490769,5.255712645344803e-11,0.000526278124984193,2.8357438872004483e-09,6.151598622930744e-06,2.511475236191302e-09,1.4089856930624886e-10,1.2399826604471609e-05,2.0075854134561744e-05,0.005861258419387618,9.110219970863779e-06,0.0005411527802606724,5.764466228984991e-09,4.02855068953743e-09,4.1897151428806624e-08,1.2755521444107408e-07,2.688680672150164e-08,0.0001402671977099482,0.002538312124426672,4.1083235480185803e-07,0.0010882679096512109,6.071248324883845e-09,3.1770499574685184e-05,8.116715613995448e-08,6.030080869653577e-06,1.4568336005367708e-10,1.2884716012499939e-10,2.2809690230305968e-06,1.221476970765981e-07,5.656106270150267e-12,6.806144446741275e-11,2.967727944746036e-11
3.3295945701532137e-06,0.16628943999999996,0.8585084662769803,0.0,0.0,0.4421164306373152,0.08168903983987341,0.00824351336343849,9.155200982533757e-06,0.002845346796827207,0.05450133569746489,0.026258193928746957,4.432194251132202e-05,1.9876235394742814e-10,0.001961664457042983,5.2539442303972216e-11,0.0005263882053461086,2.8356324813818072e-09,6.141881853077011e-06,2.5137293037100067e-09,1.4097008778407161e-10,1.2387444613941963e-05,2.009659746640391e-05,0.00585929518619254,9.066508308780778e-06,0.0005413972249262929,5.7397804950599615e-09,4.023071621182301e-09,4.1936744435965156e-08,1.2754021275560836e-07,2.701258382513641e-08,0.0001408571527101103,0.002547783207902449,4.1110088004587195e-07,0.0010893406421015025,6.069377780878839e-09,3.180332689231609e-05,8.122130430374862e-08,6.024793095778942e-06,1.4584752241778685e-10,1.2889885799305325e-10,2.2832962791076058e-06,1.22074247385552e-07,5.66183038468491e-12,6.79524970033087e-11,2.966962222305591e-11
3.3331070323480543e-06,0.16628943999999996,0.8585084662769803,0.0,0.0,0.44210704598359046,0.08166340011513139,0.008234664568490481,9.155381813742267e-06,0.0028450721194351724,0.054556105373312236,0.026276236311834796,4.429623706954656e-05,1.9929212781875137e-10,0.0019611017618087903,5.2521784760959834e-11,0.0005264982031996266,2.8355220110759264e-09,6.132189544184133e-06,2.515981823008082e-09,1.4104145033825562e-10,1.2375079083497052e-05,2.0117339066578316e-05,0.0058573324778635645,9.023098084780508e-06,0.000541641443088465,5.715255568955444e-09,4.017600391568951e-09,4.1976505636911393e-08,1.2752518976664256e-07,2.7138643616346298e-08,0.0001414480773313863,0.0025572638279737587,4.113690831228327e-07,0.0010904129513057553,6.067508009430052e-09,3.183615146971774e-05,8.127538753500804e-08,6.01950895557491e-06,1.4601160588995345e-10,1.2895042678907e-10,2.2856231473588413e-06,1.220008546761946e-07,5.667553626603903e-12,6.784382308457237e-11,2.9662009057471456e-11
3.336619494542895e-06,0.16628943999999996,0.8585084662769803,0.0,0.0,0.4420976506695602,0.08163776862018683,0.008225825596115486,9.155561618389652e-06,0.0028447970252927206,0.05461085752977825,0.026294259125781354,4.427055225442094e-05,1.998225449902408e-10,0.001960539339458812,5.250415378613607e-11,0.0005266081186624731,2.8354124764122783e-09,6.1225215977069105e-06,2.5182327948244516e-09,1.411126571900126e-10,1.2362729958768459e-05,2.0138078978927642e-05,0.005855370294626601,8.97998649045565e-06,0.0005418854350697776,5.690889991984382e-09,4.012136988816424e-09,4.201643516545409e-08,1.275101455721808e-07,2.726498608702439e-08,0.0001420399707427186,0.0025667539653291787,4.116369643961414e-07,0.001091484837323179,6.065639009897284e-09,3.186897337627405e-05,8.132940590745939e-08,6.014228450127671e-06,1.4617561041161802e-10,1.290018667218638e-10,2.287949632672695e-06,1.2192751885672176e-07,5.6732760081527074e-12,6.773542161492477e-11,2.965443954631199e-11
3.3401319567377355e-06,0.16628943999999996,0.8585084662769803,0.0,0.0,0.4420882447174982,0.08161214535264714,0.008216996435513404,9.155740402913053e-06,0.002844521516385302,0.05466559216993291,0.026312262393115224,4.42448880302081e-05,2.0035360491907746e-10,0.0019599771896673564,5.248654934185038e-11,0.0005267179518520643,2.8353038775402794e-09,6.112877915562513e-06,2.520482219897902e-09,1.411837085601784e-10,1.2350397185905193e-05,2.015881724740826e-05,0.005853408636706315,8.937170750884314e-06,0.0005421292011920321,5.666682322643603e-09,4.00668140106932e-09,4.205653315496124e-08,1.2749508026948765e-07,2.7391611228493288e-08,0.00014263283211269799,0.0025762536006911658,4.119045242286555e-07,0.001092556300213239,6.0637707816504625e-09,3.190179268154888e-05,8.138335949471016e-08,6.008951580508538e-06,1.4633953592453411e-10,1.2905317800003264e-10,2.2902757399499276e-06,1.2185423983614184e-07,5.6789975416081765e-12,6.762729150322411e-11,2.9646913289971386e-11
3.343644418932576e-06,0.16628943999999996,0.8585084662769803,0.0,0.0,0.4420788281496139,0.08158653031012109,0.008208177075894543,9.155918173692679e-06,0.0028442455946825736,0.05472030929685361,0.026330246136326122,4.421924436147338e-05,2.0088530706165052e-10,0.001959415312112374,5.2468971391070755e-11,0.0005268277028855091,2.8351962146291514e-09,6.10325840012897e-06,2.5227300989671116e-09,1.412546046692165e-10,1.2338080711565811e-05,2.017955391609075e-05,0.005851447504326134,8.894648124139869e-06,0.0005423727417762357,5.642631136363913e-09,4.001233616497652e-09,4.2096799738356954e-08,1.2747999395509654e-07,2.7518519031501422e-08,0.00014322666060954917,0.0025857627148158156,4.1217176298269565e-07,0.0010936273400356563,6.061903324069511e-09,3.193460945528682e-05,8.143724837024986e-08,6.0036783477739765e-06,1.4650338237076452e-10,1.291043608319583e-10,2.2926014741037166e-06,1.217810175242665e-07,5.6847182392786954e-12,6.751943166344931e-11,2.963942989356256e-11
3.3471568811274167e-06,0.16628943999999996,0.8585084662769803,0.0,0.0,0.4420694009880528,0.08156092349021915,0.008199367506479599,9.15609493705246e-06,0.0028439692621385795,0.054775008913625196,0.026348210377865243,4.419362121308101e-05,2.0141765087356126e-10,0.0019588537064754094,5.245141989737817e-11,0.0005269373718796091,2.835089487867778e-09,6.093662954243663e-06,2.5249764327706676e-09,1.4132534573722295e-10,1.2325780482910734e-05,2.020028902916035e-05,0.005849486897708255,8.85241590081327e-06,0.000542616057142602,5.61873502526638e-09,3.995793623296667e-09,4.2137235048121584e-08,1.2746488672481808e-07,2.764570948622436e-08,0.00014382145540112933,0.0025952812884926096,4.124386810200489e-07,0.0010946979568504072,6.060036636544214e-09,3.196742376741391e-05,8.149107260745102e-08,5.998408752965642e-06,1.4666714969268138e-10,1.291554154258066e-10,2.294926840059719e-06,1.2170785183170108e-07,5.6904381135043086e-12,6.741184101468314e-11,2.9631988966849473e-11
3.3506693433222573e-06,0.16628943999999996,0.8585084662769803,0.0,0.0,0.4420599632548977,0.08153532489055318,0.008190567716499668,9.156270699260682e-06,0.0028436925206919276,0.054829691023339754,0.02636615514014553,4.416801855019085e-05,2.0195063580962652e-10,0.001958292372441551,5.2433894824961e-11,0.0005270469589508599,2.834983697464566e-09,6.084091481201781e-06,2.5272212220470755e-09,1.4139593198392995e-10,1.2313496447594675e-05,2.022102263091742e-05,0.005847526817073668,8.810471403541086e-06,0.0005428591476105629,5.594992597921697e-09,3.990361409686699e-09,4.2177839216290936e-08,1.274497586737484e-07,2.777318258226492e-08,0.0001444172156549234,0.002604809302544178,4.127052787019742e-07,0.0010957681507177232,6.058170718474066e-09,3.2000235688038386e-05,8.154483227957007e-08,5.993142797110396e-06,1.468308378329682e-10,1.292063419895263e-10,2.2972518427561243e-06,1.2163474266983604e-07,5.6961571766568535e-12,6.73045184810953e-11,2.9624590124179814e-11
3.354181805517098e-06,0.16628943999999996,0.8585084662769803,0.0,0.0,0.44205051497216835,0.08150973450873666,0.00818177769519622,9.156445466530662e-06,0.0028434153722659704,0.05488435562909662,0.026384080445541996,4.414243633825497e-05,2.0248426132388232e-10,0.0019577313096993914,5.2416396138609504e-11,0.0005271564642154516,2.834878843647306e-09,6.0745438847547855e-06,2.529464467534786e-09,1.4146636362871018e-10,1.2301228553759243e-05,2.0241754765777924e-05,0.0058455672626421505,8.76881198653912e-06,0.000543102013498771,5.571402479111921e-09,3.984936963913004e-09,4.2218612374455086e-08,1.2743460989627702e-07,2.7900938308652536e-08,0.00014501394053803866,0.0026143467378260503,4.129715563892048e-07,0.001096837921698089,6.056305569268163e-09,3.203304528745144e-05,8.159852745974849e-08,5.987880481220347e-06,1.4699444673461938e-10,1.2925714073084993e-10,2.2995764871437084e-06,1.2156168995083792e-07,5.701875441140084e-12,6.719746299192541e-11,2.961723298441838e-11
3.3576942677119385e-06,0.16628943999999996,0.8585084662769803,0.0,0.0,0.4420410561618234,0.08148415234238446,0.008172997431821129,9.15661924502135e-06,0.0028431378187689705,0.054939002734002325,0.026401986316392016,4.411687454301441e-05,2.0301852686958732e-10,0.001957170517940975,5.2398923803710397e-11,0.0005272658877892702,2.834774926663033e-09,6.065020069108861e-06,2.531706169972205e-09,1.4153664089058027e-10,1.2288976750025686e-05,2.0262485478273918e-05,0.005843608234632284,8.727435035144992e-06,0.000543344655125098,5.547963309596915e-09,3.979520274245614e-09,4.225955465375737e-08,1.2741944048609497e-07,2.802897665384277e-08,0.0001456116292171982,0.002623893575226434,4.132375144419533e-07,0.0010979072698522412,6.054441188345053e-09,3.206585263612793e-05,8.16521582210137e-08,5.982621806292872e-06,1.471579763409389e-10,1.293078118572928e-10,2.3019007781858877e-06,1.2148869358764002e-07,5.707592919389818e-12,6.709067348146599e-11,2.9609917170881755e-11
3.361206729906779e-06,0.16628943999999996,0.8585084662769803,0.0,0.0,0.44203158684575977,0.08145857838911298,0.00816422691563664,9.156792040837982e-06,0.002842859862094282,0.0549936323411704,0.026419872774995634,4.409133313049589e-05,2.035534318992266e-10,0.001956609996861759,5.238147778624133e-11,0.0005273752297878979,2.8346719467778944e-09,6.055519938923337e-06,2.5339463300977135e-09,1.4160676398820493e-10,1.2276740985487764e-05,2.028321481305396e-05,0.005841649733261469,8.686337965370282e-06,0.0005435870728066404,5.524673745885778e-09,3.974111328979181e-09,4.2300666184893815e-08,1.2740425053620277e-07,2.81572976057177e-08,0.00014621028085873793,0.0026334497956659723,4.1350315321991426e-07,0.0010989761952411683,6.0525775751326155e-09,3.2098657804727176e-05,8.170572463628005e-08,5.977366773310655e-06,1.4732142659554096e-10,1.2935835557615331e-10,2.304224720858779e-06,1.2141575349393404e-07,5.713309623874038e-12,6.698414888904484e-11,2.960264231127449e-11
3.3647191921016197e-06,0.16628943999999996,0.8585084662769803,0.0,0.0,0.4420221070458149,0.08143301264654006,0.008155466135915381,9.156963860032668e-06,0.002842581504120506,0.05504824445372147,0.026437739843615832,4.406581206700852e-05,2.0408897586451507e-10,0.001956049746160565,5.236405805276561e-11,0.0005274844903266148,2.8345699042770156e-09,6.046043399309124e-06,2.5361849486496836e-09,1.4167673313990035e-10,1.2264521209704756e-05,2.030394281488364e-05,0.005839691758745931,8.645518223459985e-06,0.0005438292668597247,5.5015324600120776e-09,3.968710116432825e-09,4.2341947098112285e-08,1.2738904013891784e-07,2.828590115158572e-08,0.00014680989462860167,0.002643015380097526,4.1376847308226987e-07,0.0011000446979261113,6.050714729067935e-09,3.213146086409363e-05,8.17592267783497e-08,5.972115383241717e-06,1.4748479744235046e-10,1.2940877209451245e-10,2.306548320151244e-06,1.2134286958416096e-07,5.719025567093053e-12,6.687788815900801e-11,2.959540803762623e-11
3.3682316542964603e-06,0.16628943999999996,0.8585084662769803,0.0,0.0,0.44201261678376574,0.0814074551122849,0.008146715081940358,9.15713470860502e-06,0.00284230274671167,0.055102839074783055,0.026455587544478795,4.4040311319140645e-05,2.0462515821640108e-10,0.0019554897655395345,5.234666457042684e-11,0.0005275936695203995,2.834468799464362e-09,6.036590355827129e-06,2.5384220263664943e-09,1.4174654856363797e-10,1.2252317372694628e-05,2.0324669528645975e-05,0.005837734311300727,8.604973285458602e-06,0.0005440712375999084,5.478538139312246e-09,3.963316624949978e-09,4.238339752321145e-08,1.273738093858826e-07,2.8414787278181275e-08,0.00014741046969233654,0.0026525903095059506,4.1403347438769197e-07,0.0011011127779685611,6.0488526495971724e-09,3.2164261885257606e-05,8.181266471991373e-08,5.96686763703945e-06,1.4764808882560213e-10,1.294590616192337e-10,2.308871581064955e-06,1.2127004177350272e-07,5.724740761579596e-12,6.677189024070207e-11,2.958821398622986e-11
3.371744116491301e-06,0.16628943999999996,0.8585084662769803,0.0,0.0,0.44200311608133047,0.0813819057839682,0.008137973743004949,9.157304592502735e-06,0.0028420235917173808,0.055157416207489554,0.026473415899774255,4.401483085375669e-05,2.051619784050699e-10,0.001954930054704091,5.232929730694363e-11,0.0005277027674839299,2.834368632662619e-09,6.02716071448666e-06,2.5406575639865445e-09,1.4181621047704788e-10,1.224012942492729e-05,2.0345394999341923e-05,0.005835777391139761,8.564700656783495e-06,0.0005443129853419833,5.455689486207749e-09,3.957930842898258e-09,4.2425017589540146e-08,1.2735855836807148e-07,2.8543955971664845e-08,0.00014801200521508855,0.0026621745649078763,4.1429815749434625e-07,0.0011021804354302573,6.046991336175431e-09,3.219706093943608e-05,8.186603853355266e-08,5.9616235356426474e-06,1.4781130068984049e-10,1.295092243569628e-10,2.3111945086144377e-06,1.211972699778733e-07,5.7304552198989665e-12,6.666615408845653e-11,2.9581059797580504e-11
3.3752565786861415e-06,0.16628943999999996,0.8585084662769803,0.0,0.0,0.44199360496016865,0.08135636465921209,0.008129242108412897,9.15747351762221e-06,0.0028417440409729913,0.05521197585498215,0.026491224931655687,4.3989370637993877e-05,2.0569943587994756e-10,0.0019543706133628904,5.231195623060436e-11,0.0005278117843315847,2.83426940421305e-09,6.017754381743824e-06,2.5428915622482715e-09,1.418857190974223e-10,1.2227957317318013e-05,2.036611927209081e-05,0.005833820998475787,8.524697871806033e-06,0.000544554510399979,5.432985217991207e-09,3.952552758669296e-09,4.246680742599662e-08,1.273432871757988e-07,2.8673407217623108e-08,0.00014861450036159922,0.002671768127351499,4.145625227598963e-07,0.00110324767037319,6.045130788266652e-09,3.22298580980333e-05,8.19193482917378e-08,5.956383079975538e-06,1.4797443297992e-10,1.2955926051412737e-10,2.3135171078271313e-06,1.211245541139103e-07,5.736168954649154e-12,6.656067866156624e-11,2.9573945116315867e-11
3.378769040880982e-06,0.16628943999999996,0.8585084662769803,0.0,0.0,0.44198408344188206,0.08133083173563993,0.008120520167478317,9.157641489809086e-06,0.0028414640962997574,0.055266518020408766,0.026509014662240607,4.396393063925927e-05,2.0623753008970405e-10,0.0019538114412277832,5.2294641310262e-11,0.0005279207201774439,2.8341711144753765e-09,6.008371264499914e-06,2.5451240218901624e-09,1.4195507464171876e-10,1.2215801001220956e-05,2.0386842392130783e-05,0.005831865133520427,8.484962493439952e-06,0.000544795813087167,5.410424066616287e-09,3.947182360678614e-09,4.2508767161027775e-08,1.273279958987257e-07,2.8803141001068878e-08,0.00014921795429620173,0.002681370977916368,4.148265705415065e-07,0.001104314482859596,6.043271005343476e-09,3.2262653432641624e-05,8.19725940668317e-08,5.95114627094783e-06,1.481374856410048e-10,1.2960917029693698e-10,2.3158393837434376e-06,1.2105189409896672e-07,5.741881978460962e-12,6.645546292427338e-11,2.956686959115745e-11
3.3822815030758227e-06,0.16628943999999996,0.8585084662769803,0.0,0.0,0.44197455154801524,0.08130530701087664,0.00811180790952568,9.157808514858854e-06,0.002841183759504998,0.055321042706923985,0.026526785113610844,4.39385108252265e-05,2.06776260482257e-10,0.0019532525380137698,5.227735251532894e-11,0.0005280295751352895,2.8340737638276456e-09,5.999011270099797e-06,2.5473549436507724e-09,1.4202427732656328e-10,1.2203660428422817e-05,2.0407564404819277e-05,0.005829909796484171,8.44549211273645e-06,0.0005450368937160624,5.3880047784909175e-09,3.941819637365468e-09,4.255089692262828e-08,1.2731268462586787e-07,2.8933157306440892e-08,0.00014982236618281622,0.002690983097713179,4.150903011958458e-07,0.00110538087295196,6.041411986887128e-09,3.229544701504214e-05,8.202577593108933e-08,5.945913109454737e-06,1.4830045861856834e-10,1.2965895391138256e-10,2.3181613414167757e-06,1.2097928985110218e-07,5.7475943039981325e-12,6.635050584574972e-11,2.9559832874852814e-11
3.3857939652706633e-06,0.16628943999999996,0.8585084662769803,0.0,0.0,0.44196500930005594,0.08127979048254835,0.008103105323889827,9.157974598517402e-06,0.0028409030323822445,0.055375549917689004,0.026544536307812776,4.391311116383286e-05,2.0731562650477535e-10,0.0019526939034389624,5.2260089815771926e-11,0.0005281383493186072,2.8339773526661116e-09,5.98967430633028e-06,2.5495843282687303e-09,1.4209332736825382e-10,1.219153555113661e-05,2.042828535563346e-05,0.005827954987576389,8.406284348485921e-06,0.0005452777525984276,5.365726114273894e-09,3.936464577192723e-09,4.259319683834006e-08,1.2729735344560203e-07,2.9063456117604294e-08,0.00015042773518494768,0.002700604467883578,4.1535371507909144e-07,0.0011064468407130143,6.039553732387306e-09,3.232823891720542e-05,8.20788939566587e-08,5.9406835963770134e-06,1.4846335185839357e-10,1.2970861156323642e-10,2.3204829859136352e-06,1.209067412890749e-07,5.753305943957472e-12,6.624580640007858e-11,2.9552834624118686e-11
3.389306427465504e-06,0.16628943999999996,0.8585084662769803,0.0,0.0,0.4419554567194359,0.08125428214828258,0.00809441239991594,9.158139746481586e-06,0.002840621916711398,0.05543003965587152,0.026562268266857602,4.38877316232762e-05,2.0785562760368278e-10,0.0019521355372245403,5.2242853182106944e-11,0.0005282470428405871,2.8338818814051047e-09,5.980360281418487e-06,2.551812176482764e-09,1.4216222498276302e-10,1.2179426321995543e-05,2.044900529017069e-05,0.005826000707005345,8.36733684682647e-06,0.0005455183900452763,5.343586848674983e-09,3.931117168646694e-09,4.263566703525158e-08,1.2728200244567347e-07,2.9194037417850487e-08,0.00015103406046568173,0.0027102350695999556,4.156168125469312e-07,0.0011075123862057353,6.0376962413420486e-09,3.2361029211292264e-05,8.213194821558182e-08,5.935457732581003e-06,1.4862616530657235e-10,1.2975814345805183e-10,2.322804322313627e-06,1.208342483323336e-07,5.759016911068982e-12,6.614136356623673e-11,2.9545874499585224e-11
3.3928188896603445e-06,0.16628943999999996,0.8585084662769803,0.0,0.0,0.4419458938275314,0.08122878200570818,0.008085729126959557,9.15830396439976e-06,0.002840340414258876,0.05548451192464575,0.02657998101272159,4.386237217201187e-05,2.0839626322466116e-10,0.0019515774390947138,5.222564258539434e-11,0.0005283556558141242,2.8337873504769114e-09,5.971069104030214e-06,2.5540384890317045e-09,1.4223097038574127e-10,1.2167332694047037e-05,2.046972425414891e-05,0.0058240469549782,8.328647280859072e-06,0.0005457588063668746,5.321585770258373e-09,3.925777400237028e-09,4.2678307639996954e-08,1.2726663171320257e-07,2.9324901189897085e-08,0.0001516413411876813,0.002719874884065258,4.1587959395456806e-07,0.001108577509493346,6.035839513257635e-09,3.239381796965431e-05,8.21849387797954e-08,5.930235518918662e-06,1.4878889890950564e-10,1.2980754980116285e-10,2.3251253557095313e-06,1.2076181090100925e-07,5.764727218095949e-12,6.603717632807633e-11,2.9538952165740904e-11
3.396331351855185e-06,0.16628943999999996,0.8585084662769803,0.0,0.0,0.4419363206456637,0.08120329005245534,0.00807705549438657,9.158467257872344e-06,0.002840058526777765,0.05553896672719222,0.026597674567346307,4.3837032778749855e-05,2.0893753281265434e-10,0.0019510196087766803,5.2208457997233735e-11,0.0005284641883518199,2.833693760331654e-09,5.961800683268272e-06,2.556263266654502e-09,1.4229956379251989e-10,1.2155254620746821e-05,2.0490442293407203e-05,0.005822093731701019,8.290213350269184e-06,0.0005459990018727455,5.29972168124941e-09,3.920445260496558e-09,4.272111877875555e-08,1.2725124133469197e-07,2.945604741588844e-08,0.00015224957651318414,0.0027295238925127956,4.161420596567229e-07,0.0011096422106393134,6.033983547648454e-09,3.242660526483486e-05,8.223786572113174e-08,5.925016956227606e-06,1.4895155261390287e-10,1.2985683079768412e-10,2.3274460912073574e-06,1.2068942891590678e-07,5.7704368778351236e-12,6.593324367430656e-11,2.953206729087876e-11
3.3998438140500257e-06,0.16628943999999996,0.8585084662769803,0.0,0.0,0.4419267371950996,0.08117780628615548,0.008068391491573207,9.158629632452332e-06,0.00283977625600796,0.05559340406669788,0.026615348952638854,4.381171341245175e-05,2.0947943581187133e-10,0.0019504620460005888,5.219129938975917e-11,0.0005285726405659831,2.8336011114371738e-09,5.952554928670851e-06,2.558486510090239e-09,1.4236800541811333e-10,1.2143192055953157e-05,2.05111594539061e-05,0.005820141037378785,8.252032780954556e-06,0.0005462389768716723,5.277993397344526e-09,3.915120737981173e-09,4.276410057725128e-08,1.2723583139603304e-07,2.9587476077395556e-08,0.00015285876560399968,0.0027391820762060516,4.164042100076369e-07,0.0011107064897073482,6.0321283440369114e-09,3.245939116956947e-05,8.229072911131939e-08,5.919802045331148e-06,1.4911412636678184e-10,1.2990598665251038e-10,2.3297665339263874e-06,1.2061710229849753e-07,5.776145903116786e-12,6.582956459847544e-11,2.952521954704307e-11
3.4033562762448663e-06,0.16628943999999996,0.8585084662769803,0.0,0.0,0.4419171434970521,0.08115233070444133,0.008059737107906044,9.158791093645838e-06,0.0028394936036763158,0.0556478239463559,0.02663300419047214,4.378641404232785e-05,2.100219716657902e-10,0.0019499047504994975,5.21741667356342e-11,0.0005286810125686307,2.833509404278905e-09,5.943331750209859e-06,2.5607082200781424e-09,1.4243629547722274e-10,1.213114495392118e-05,2.053187578172814e-05,0.005818188872215407,8.214103324659217e-06,0.0005464787316716993,5.256399747524266e-09,3.909803821269686e-09,4.280725316075182e-08,1.2722040198251255e-07,2.9719187155416235e-08,0.0001534689076215059,0.0027488494164385016,4.1666604536107584e-07,0.001111770346761403,6.030273901953283e-09,3.249217575678673e-05,8.234352902198406e-08,5.914590787038328e-06,1.4927662011546871e-10,1.2995501757031647e-10,2.332086688999232e-06,1.2054483097091122e-07,5.7818543068048975e-12,6.572613809895135e-11,2.951840860997725e-11
3.406868738439707e-06,0.16628943999999996,0.8585084662769803,0.0,0.0,0.4419075395726809,0.08112686330494692,0.008051092332781985,9.158951646912609e-06,0.002839210571496785,0.05570222636936575,0.02665064030268507,4.376113463783428e-05,2.1056513981716128e-10,0.0019493477220093383,5.215706000804714e-11,0.0005287893044714888,2.833418639359765e-09,5.934131058289248e-06,2.5629283973575925e-09,1.4250443418423803e-10,1.2119113269297327e-05,2.0552591323078223e-05,0.005816237236413719,8.176422758613552e-06,0.0005467182665801381,5.234939573869433e-09,3.904494498963696e-09,4.2850576654068216e-08,1.2720495317881945e-07,2.9851180630375384e-08,0.00015408000172664703,0.0027585258945334295,4.169275660703327e-07,0.001112833781865674,6.028420220935655e-09,3.2524959099608905e-05,8.239626552464928e-08,5.909383182143968e-06,1.4943903380759735e-10,1.3000392375555692e-10,2.334406561571878e-06,1.204726148559278e-07,5.787562101797218e-12,6.562296317890482e-11,2.9511634159072496e-11
3.4103812006345475e-06,0.16628943999999996,0.8585084662769803,0.0,0.0,0.4418979254430928,0.0811014040853075,0.00804245715560827,9.159111297666541e-06,0.0028389271611705593,0.05575661133893291,0.026668257311082792,4.373587516867012e-05,2.1110893970801084e-10,0.0019487909602688787,5.2139979180706214e-11,0.0005288975163859934,2.8333288172000324e-09,5.924952763743352e-06,2.565147042668138e-09,1.4257242175324067e-10,1.2107096957113861e-05,2.0573306124284085e-05,0.0058142861301755016,8.138988885180355e-06,0.0005469575819035678,5.2136117313802925e-09,3.899192759687472e-09,4.289407118155426e-08,1.2718948506905084e-07,2.9983456482125414e-08,0.00015469204707993126,0.0027682114918437537,4.1718877248822993e-07,0.0011138967950845983,6.026567300529765e-09,3.255774127135265e-05,8.244893869073708e-08,5.9041792314287e-06,1.4960136739110937e-10,1.300527054124656e-10,2.3367261568037403e-06,1.2040045387697034e-07,5.793269301025409e-12,6.552003884628982e-11,2.9504895877317164e-11
3.413893662829388e-06,0.16628943999999996,0.8585084662769803,0.0,0.0,0.4418883011293426,0.08107595304315958,0.008033831565802474,9.159270051276175e-06,0.002838643374386207,0.05581097885826908,0.026685855237436926,4.371063560477456e-05,2.1165337077964454e-10,0.0019482344650196813,5.2122924227834884e-11,0.0005290056484232925,2.8332399383372422e-09,5.9157967778352175e-06,2.567364156749508e-09,1.4264025839800634e-10,1.2095095972783515e-05,2.0594020231796744e-05,0.005812335553701477,8.10179953150668e-06,0.000547196677947839,5.192415087798721e-09,3.893898592087818e-09,4.293773686710567e-08,1.2717399773671886e-07,3.01160146899459e-08,0.00015530504284142738,0.0027779061897518498,4.17449664967124e-07,0.001114959386482853,6.024715140288926e-09,3.2590522345529695e-05,8.250154859156889e-08,5.898978935659011e-06,1.4976362081425352e-10,1.3010136274505568e-10,2.3390454798677123e-06,1.203283479580967e-07,5.79897591745518e-12,6.541736411382536e-11,2.949819345124723e-11
3.4174061250242287e-06,0.16628943999999996,0.8585084662769803,0.0,0.0,0.4418786666524328,0.08105051017614086,0.00802521555279248,9.15942791306521e-06,0.002838359212819811,0.055865328930591936,0.02670343410348577,4.3685415916324154e-05,2.1219843247265098e-10,0.001947678236006071,5.210589512416712e-11,0.0005291137006942454,2.833152003326062e-09,5.906663012254918e-06,2.569579740341621e-09,1.4270794433200754e-10,1.2083110272094223e-05,2.0614733692190898e-05,0.00581038550719133,8.064852549181423e-06,0.0005474355550180767,5.171348523433208e-09,3.88861198483394e-09,4.2981573834160045e-08,1.2715849126475655e-07,3.024885523254476e-08,0.0001559189881707642,0.0027876099696693764,4.177102438589068e-07,0.0011160215561253559,6.022863739773905e-09,3.262330239584753e-05,8.255409529836607e-08,5.893782295587282e-06,1.4992579402558594e-10,1.3014989595711917e-10,2.341364535950215e-06,1.2025629702399256e-07,5.804681964086377e-12,6.531493799897679e-11,2.949152657089733e-11
3.4209185872190693e-06,0.16628943999999996,0.8585084662769803,0.0,0.0,0.4418690220333152,0.08102507548189036,0.00801660910601651,9.159584888312978e-06,0.0028380746781351014,0.05591966155912514,0.02672099393093453,4.366021607372994e-05,2.127441242269052e-10,0.001947122272975096,5.2088891844942776e-11,0.0005292216733094247,2.833065012738187e-09,5.897551379117875e-06,2.571793794184595e-09,1.427754797684155e-10,1.2071139811203949e-05,2.0635446552165384e-05,0.005808435990843704,8.028145813898506e-06,0.000547674213418684,5.150410930986897e-09,3.883332926617336e-09,4.302558220569574e-08,1.2714296573552423e-07,3.038197808805757e-08,0.00015653388222712617,0.002797322813037113,4.1797050951500934e-07,0.001117083304077264,6.021013098552822e-09,3.26560814962101e-05,8.260657888225072e-08,5.8885893119518276e-06,1.5008788697396914e-10,1.301983052522266e-10,2.3436833302512465e-06,1.2018430099996344e-07,5.810387453953124e-12,6.52127595239373e-11,2.948489492975274e-11
3.42443104941391e-06,0.16628943999999996,0.8585084662769803,0.0,0.0,0.4418593672928902,0.0809996489580482,0.008008012214923088,9.159740982254951e-06,0.0028377897719835906,0.0559739767470983,0.02673853474145552,4.3635036047634805e-05,2.1329044548157205e-10,0.0019465665756764924,5.2071914365903015e-11,0.0005293295663791173,2.8329789671622283e-09,5.888461790963172e-06,2.5740063190187566e-09,1.4284286492010305e-10,1.20591845466356e-05,2.065615885854359e-05,0.00580648700485621,7.99167722512557e-06,0.0005479126534533427,5.129601215388139e-09,3.878061406151663e-09,4.306976210423183e-08,1.271274212308156e-07,3.051538323404878e-08,0.00015714972416925387,0.002807044701324787,4.1823046228640385e-07,0.001118144630403972,6.019163216201042e-09,3.268885972071841e-05,8.265899941424626e-08,5.883399985476944e-06,1.5024989960857213e-10,1.3024659083372692e-10,2.34600186798443e-06,1.2011235981192734e-07,5.8160924001239215e-12,6.511082771560902e-11,2.9478298224702034e-11
3.4279435116087505e-06,0.16628943999999996,0.8585084662769803,0.0,0.0,0.4418497024520086,0.08097423060225575,0.007999424868971058,9.159896200083203e-06,0.0028375044960047007,0.05602827449774683,0.026756056556688394,4.3609875808910666e-05,2.1383739567510998e-10,0.0019460111438626489,5.2054962663285727e-11,0.0005294373800133254,2.8328938672036053e-09,5.879394160751872e-06,2.57621731558466e-09,1.429100999996468e-10,1.2047244435272047e-05,2.06768706582739e-05,0.005804538549425446,7.95544470577806e-06,0.0005481508754250188,5.10891829362414e-09,3.872797412172618e-09,4.311411365182722e-08,1.2711185783186372e-07,3.064907064751108e-08,0.0001577665131554394,0.0028167756160309204,4.184901025236078e-07,0.0011192055351711126,6.017314092301092e-09,3.272163714367136e-05,8.271135696527832e-08,5.8782143168729426e-06,1.5041183187886987e-10,1.3029475290474715e-10,2.3483201543770674e-06,1.2004047338640754e-07,5.8217968157017805e-12,6.500914160558466e-11,2.947173615599072e-11
3.431455973803591e-06,0.16628943999999996,0.8585084662769803,0.0,0.0,0.4418400275314708,0.08094882041215552,0.00799084705762957,9.160050546946881e-06,0.0028372188518258974,0.05608255481431199,0.026773559398240318,4.358473532865588e-05,2.1438497424527402e-10,0.0019454559772885717,5.203803671382104e-11,0.0005295451143217668,2.832809713484437e-09,5.870348401865303e-06,2.578426784623088e-09,1.4297718521932927e-10,1.2035319434351214e-05,2.0697581998430103e-05,0.0058025906247469875,7.91944620189865e-06,0.0005483888796359637,5.088361094576927e-09,3.867540933437819e-09,4.3158636970080675e-08,1.2709627561934698e-07,3.0783040304867114e-08,0.00015838424834352816,0.0028265155386826583,4.1874943057668513e-07,0.0011202660184445566,6.015465726442525e-09,3.275441383956623e-05,8.276365160617514e-08,5.8730323068362e-06,1.5057368373464352e-10,1.303427916681921e-10,2.3506381946701837e-06,1.1996864165052546e-07,5.8275007138243206e-12,6.490770023012823e-11,2.946520842717529e-11
3.4349684359984317e-06,0.16628943999999996,0.8585084662769803,0.0,0.0,0.44183034255202774,0.08092341838539126,0.00798227877037808,9.160204027952677e-06,0.0028369328410628118,0.05613681770004077,0.026791043287686188,4.355961457819244e-05,2.1493318062911984e-10,0.0019449010757118486,5.2021136494726864e-11,0.0005296527694138765,2.8327265066434313e-09,5.861324428103392e-06,2.5806347268750616e-09,1.4304412079114106e-10,1.2023409501461288e-05,2.0718292926211835e-05,0.005800643231015403,7.883679682341803e-06,0.0005486266663877173,5.067928558862451e-09,3.862291958726684e-09,4.320333218012956e-08,1.2708067467339467e-07,3.091729218196793e-08,0.00015900292889091215,0.0028362644508356212,4.190084467952494e-07,0.001121326080290409,6.013618118221837e-09,3.278718988309949e-05,8.281588340766819e-08,5.867853956049197e-06,1.5073545512597866e-10,1.3039070732674384e-10,2.3529559941185757e-06,1.1989686453199295e-07,5.833204107663898e-12,6.480650263015672e-11,2.945871474507833e-11
3.4384808981932723e-06,0.16628943999999996,0.8585084662769803,0.0,0.0,0.44182064753438205,0.0808980245196078,0.007973719996706345,9.160356648165296e-06,0.0028366464653193724,0.05619106315818587,0.026808508246568847,4.353451352906351e-05,2.1548201426300673e-10,0.0019443464388926167,5.200426198370447e-11,0.0005297603453988079,2.832644247335791e-09,5.852322153682942e-06,2.582841143081854e-09,1.431109069267833e-10,1.2011514594535965e-05,2.073900348894497e-05,0.005798696368424265,7.84814313846351e-06,0.0005488642359811109,5.0476196386716435e-09,3.8570504768403166e-09,4.324819940265026e-08,1.2706505507359347e-07,3.1051826254095594e-08,0.0001596225539545345,0.0028460223340737445,4.1926715152846725e-07,0.0011223857207750111,6.011771267242387e-09,3.281996534916741e-05,8.286805244039328e-08,5.862679265180561e-06,1.5089714600326673e-10,1.3043850008286192e-10,2.355273557990864e-06,1.1982514195910542e-07,5.838907010427719e-12,6.470554785122101e-11,2.945225481974427e-11
3.441993360388113e-06,0.16628943999999996,0.8585084662769803,0.0,0.0,0.4418109424991874,0.08087263881245121,0.007965170726114407,9.160508412607892e-06,0.002836359726187923,0.05624529119200559,0.02682595429639924,4.350943215303067e-05,2.160314745826014e-10,0.0019437920665935267,5.1987413158934075e-11,0.0005298678423854327,2.8325629362330987e-09,5.843341493235944e-06,2.5850460339850007e-09,1.431775438376691e-10,1.1999634671849828e-05,2.0759713734082062e-05,0.005796750037166151,7.812834583815928e-06,0.0005491015887162711,5.027433297614778e-09,3.851816476601383e-09,4.3293238757857046e-08,1.2704941689899232e-07,3.118664249596145e-08,0.00016024312269088172,0.002855789170009132,4.195255451250599e-07,0.0011234449399649396,6.009925173114265e-09,3.285274031286672e-05,8.29201587748906e-08,5.857508234885109e-06,1.5105875631720334e-10,1.3048617013878253e-10,2.357590891569538e-06,1.1975347386073502e-07,5.844609435357946e-12,6.460483494348708e-11,2.9445828364395705e-11
3.4455058225829535e-06,0.16628943999999996,0.8585084662769803,0.0,0.0,0.4418012274670496,0.08084726126156862,0.00795663094811261,9.16065932626253e-06,0.0028360726252493486,0.056299501804763875,0.026843381458656657,4.348437042207141e-05,2.165815610228813e-10,0.0019432379585797106,5.197058999907063e-11,0.0005299752604823439,2.832482574023224e-09,5.8343823618078715e-06,2.5872494003263037e-09,1.432440317349264e-10,1.1987769692013784e-05,2.0780423709202785e-05,0.005794804237432647,7.777752053847078e-06,0.0005493387248926197,5.007368510567533e-09,3.846589946854008e-09,4.3338450365502147e-08,1.2703376022810857e-07,3.132174088170857e-08,0.00016086463425598889,0.0028655649402818993,4.197836279333061e-07,0.0011245037379270044,6.008079835454217e-09,3.288551484949529e-05,8.29722024816057e-08,5.852340865803893e-06,1.5122028601878855e-10,1.3053371769651878e-10,2.359908000151e-06,1.1968186016632338e-07,5.850311395731816e-12,6.450436296171711e-11,2.9439435095390605e-11
3.449018284777794e-06,0.16628943999999996,0.8585084662769803,0.0,0.0,0.44179150245852694,0.08082189186460834,0.007948100652221585,9.160809394070613e-06,0.0028357851640731947,0.05635369499973014,0.026860789754788863,4.345932830837652e-05,2.1713227301813815e-10,0.0019426841146187492,5.195379248323939e-11,0.0005300825997978539,2.8324031614102105e-09,5.82544467485597e-06,2.5894512428478403e-09,1.4331037082939912e-10,1.197591961397058e-05,2.0801133462014287e-05,0.005792858969414366,7.742893605605197e-06,0.0005495756448088808,4.987424263520373e-09,3.841370876463657e-09,4.338383434487482e-08,1.2701808513893328e-07,3.1457121384909947e-08,0.00016148708780543077,0.002875349626560037,4.200414003010447e-07,0.00112556211472825,6.00623525388555e-09,3.291828903455279e-05,8.302418363088996e-08,5.847177158564243e-06,1.5138173505932599e-10,1.305811429578599e-10,2.3622248890456246e-06,1.1961030080587445e-07,5.856012904861755e-12,6.440413096525055e-11,2.943307473218007e-11
3.4525307469726347e-06,0.16628943999999996,0.8585084662769803,0.0,0.0,0.4417817674941303,0.08079653061921974,0.007939579827972238,9.160958620933332e-06,0.002835497344217788,0.05640787078017935,0.026878179206212344,4.3434305784347636e-05,2.1768361000198122e-10,0.0019421305344806382,5.193702059103181e-11,0.0005301898604399984,2.8323246991141887e-09,5.816528348247557e-06,2.5916515622919758e-09,1.433765613316496e-10,1.1964084396990393e-05,2.0821843040351676e-05,0.005790914233300944,7.708257317448e-06,0.0005498123487630773,4.9675995534293386e-09,3.8361592543170174e-09,4.342939081480167e-08,1.270023917089369e-07,3.1592783978571735e-08,0.00016211048249433,0.0028851432105392546,4.202988625756768e-07,0.0011266200704359512,6.004391428038018e-09,3.295106294374133e-05,8.307610229300119e-08,5.842017113779815e-06,1.5154310339042283e-10,1.3062844612437132e-10,2.364541563577792e-06,1.1953879570994815e-07,5.86171397609549e-12,6.430413801798519e-11,2.942674699726687e-11
3.4560432091674753e-06,0.16628943999999996,0.8585084662769803,0.0,0.0,0.44177202259432397,0.08077117752305339,0.007931068464905761,9.161107011712082e-06,0.002835209167230354,0.05646202914939185,0.02689554983431244,4.340930282259469e-05,2.1823557140734093e-10,0.0019415772179377556,5.192027430250121e-11,0.0005302970425165351,2.8322471878712727e-09,5.80763329825831e-06,2.5938503594013715e-09,1.434426034519604e-10,1.1952264000666526e-05,2.0842552492178382e-05,0.005788970029281053,7.67384128875639e-06,0.0005500488370525424,4.947893388070412e-09,3.830955069321897e-09,4.347511989364538e-08,1.269866800150745e-07,3.1728728635130455e-08,0.00016273481747734508,0.0028949456739428493,4.205560151041685e-07,0.0011276776051176167,6.002548357547754e-09,3.298383665296613e-05,8.31279585381042e-08,5.836860732050628e-06,1.517043909639896e-10,1.3067562739739408e-10,2.3668580290859453e-06,1.1946734480965335e-07,5.867414622816158e-12,6.420438318835825e-11,2.942045161616462e-11
3.459555671362316e-06,0.16628943999999996,0.8585084662769803,0.0,0.0,0.44176226777952604,0.08074583257376083,0.007922566552573614,9.161254571228905e-06,0.0028349206346471286,0.05651617011065334,0.026912901660443557,4.3384319395933384e-05,2.1878815666647234e-10,0.0019410241647648328,5.1903553598158734e-11,0.0005304041461349464,2.8321706284334575e-09,5.798759441570556e-06,2.596047634918987e-09,1.4350849740033593e-10,1.194045838491113e-05,2.086326186558658e-05,0.005787026357542402,7.639643639652949e-06,0.0005502851099739109,4.9283047858947705e-09,3.825758310407116e-09,4.3521021699305246e-08,1.2697095013379111e-07,3.186495532645702e-08,0.0001633600919086818,0.0029047569985215594,4.208128582330531e-07,0.0011287347188409856,6.000706042057164e-09,3.301661023833616e-05,8.317975243627155e-08,5.8317080139631135e-06,1.5186559773223866e-10,1.3072268697804486e-10,2.3691742909226288e-06,1.1939594803664118e-07,5.873114858442414e-12,6.410486554932739e-11,2.941418831735753e-11
3.4630681335571565e-06,0.16628943999999996,0.8585084662769803,0.0,0.0,0.4417525030701085,0.08072049576899482,0.007914074080537528,9.161401304266882e-06,0.0028346317479934773,0.05657029366725492,0.026930234705929316,4.335935547738286e-05,2.1934136521095843e-10,0.0019404713747389188,5.188685845896921e-11,0.0005305111714024393,2.83209502156853e-09,5.789906695271558e-06,2.5982433895880917e-09,1.4357424338650438e-10,1.1928667509951063e-05,2.0883971208797615e-05,0.005785083218271744,7.605662510724645e-06,0.0005505211678231352,4.908832775887979e-09,3.820568966522385e-09,4.3567096349215915e-08,1.2695520214102702e-07,3.2001464023853386e-08,0.00016398630494207818,0.0029145771660534325,4.21069392308433e-07,0.0011297914116740267,5.998864481214829e-09,3.304938377616478e-05,8.323148405748377e-08,5.82655896009016e-06,1.5202672364768526e-10,1.3076962506721542e-10,2.371490354454544e-06,1.1932460532309835e-07,5.878814696428547e-12,6.40055841783516e-11,2.9407956832260853e-11
3.466580595751997e-06,0.16628943999999996,0.8585084662769803,0.0,0.0,0.44174272848639784,0.08069516710640913,0.007905591038369507,9.161547215570568e-06,0.0028343425087840085,0.056624399822492885,0.026947548992062774,4.333441104016318e-05,2.198951964717136e-10,0.0019399188476393544,5.187018886634705e-11,0.0005306181184259466,2.8320203680599716e-09,5.781074976851819e-06,2.600437624152278e-09,1.436398416199194e-10,1.1916891336323752e-05,2.09046805701624e-05,0.005783140611654892,7.571896062750253e-06,0.0005507570108954728,4.889476397429499e-09,3.815387026638218e-09,4.3613343960348117e-08,1.26939436112223e-07,3.21382546980576e-08,0.00016461345573082065,0.002924406158343681,4.2132561767598307e-07,0.0011308476836849389,5.99702367467544e-09,3.308215734297041e-05,8.328315347163028e-08,5.821413570991159e-06,1.5218776866314586e-10,1.308164418655726e-10,2.3738062250625907e-06,1.1925331660174057e-07,5.884514150264596e-12,6.390653815737246e-11,2.9401756895181996e-11
3.4700930579468377e-06,0.16628943999999996,0.8585084662769803,0.0,0.0,0.4417329440486754,0.08066984658365862,0.007897117415651798,9.16169230984639e-06,0.0028340529185226786,0.05667848857966881,0.02696484454010653,4.330948605769294e-05,2.2044964987898716e-10,0.0019393665832477375,5.185354480215224e-11,0.0005307249873121283,2.8319466687068638e-09,5.772264204203345e-06,2.6026303393554567e-09,1.437052923097619e-10,1.1905129824873174e-05,2.09253899981618e-05,0.00578119853787671,7.538342476431657e-06,0.000550992639485507,4.8702347001566625e-09,3.810212479745808e-09,4.365976464920694e-08,1.269236521223253e-07,3.2275327319238775e-08,0.0001652415434277229,0.002934243957224568,4.215815346809518e-07,0.0011319035349421501,5.995183622099685e-09,3.311493101547716e-05,8.33347607485097e-08,5.816271847212046e-06,1.5234873273173861e-10,1.3086313757355773e-10,2.3761219081419084e-06,1.1918208180580616e-07,5.89021323347644e-12,6.380772657279494e-11,2.939558824328215e-11
3.4736055201416783e-06,0.16628943999999996,0.8585084662769803,0.0,0.0,0.4417231497771781,0.08064453419839918,0.007888653201976922,9.161836591763054e-06,0.002833762978702911,0.056732559942089436,0.026982121371292953,4.3284580503586994e-05,2.2100472486236655e-10,0.0019388145813478944,5.1836926248686347e-11,0.0005308317781673717,2.8318739243237956e-09,5.763474295617951e-06,2.604821535941873e-09,1.4377059566494141e-10,1.1893382936745906e-05,2.0946099541407088e-05,0.005779256997121134,7.504999952129985e-06,0.0005512280538871279,4.851106743828099e-09,3.805045314856938e-09,4.370635853183331e-08,1.2690785024579101e-07,3.2412681857004465e-08,0.0001658705671851497,0.002944090544555247,4.21837143668164e-07,0.0011329589655143168,5.993344323154174e-09,3.314770487061545e-05,8.33863059578305e-08,5.811133789285355e-06,1.5250961580688216e-10,1.3090971239138653e-10,2.3784374091019324e-06,1.1911090086904987e-07,5.8959119596259315e-12,6.370914851546847e-11,2.9389450616538695e-11
3.477117982336519e-06,0.16628943999999996,0.8585084662769803,0.0,0.0,0.4417133456920979,0.0806192299482878,0.007880198386947632,9.161980065951932e-06,0.002833472690807698,0.05678661391306664,0.026999379506824298,4.325969435165393e-05,2.215604208507811e-10,0.0019382628417258492,5.182033318868863e-11,0.0005309384910977934,2.8318021357407714e-09,5.754705169785542e-06,2.6070112146561094e-09,1.4383575189409805e-10,1.1881650633387196e-05,2.0966809248640286e-05,0.005777315989571162,7.471866709605084e-06,0.0005514632543935604,4.832091598192507e-09,3.799885521003864e-09,4.375312572380146e-08,1.2689203055659257e-07,3.255031828039291e-08,0.00016650052615498718,0.0029539459022216727,4.220924449820229e-07,0.0011340139754703233,5.991505777511347e-09,3.318047898552266e-05,8.343778916921137e-08,5.805999397730251e-06,1.526704178422958e-10,1.3095616651904875e-10,2.3807527333664304e-06,1.1903977372573584e-07,5.901610342310976e-12,6.36108030806679e-11,2.9383343757707894e-11
3.4806304445313595e-06,0.16628943999999996,0.8585084662769803,0.0,0.0,0.44170353181358346,0.08059393383098244,0.007871752960176948,9.162122737007462e-06,0.002833182056309709,0.05684065049591734,0.027016618967872923,4.323482757589392e-05,2.22116737272505e-10,0.0019377113641697967,5.180376560533208e-11,0.0005310451262092397,2.831731303803126e-09,5.745956745792399e-06,2.6091993762430993e-09,1.4390076120560384e-10,1.1869932876537148e-05,2.0987519168734605e-05,0.0057753755154088746,7.438940987760134e-06,0.0005516982412973366,4.813188342855635e-09,3.7947330872392265e-09,4.380006634022136e-08,1.2687619312822302e-07,3.26882365578837e-08,0.00016713141948867768,0.00296381001213643,4.223474389665124e-07,0.001135068564879279,5.9896679848493965e-09,3.321325343754381e-05,8.348921045218201e-08,5.8008686730525906e-06,1.528311387919983e-10,1.3100250015630817e-10,2.3830678863735533e-06,1.189687003106318e-07,5.907308395165675e-12,6.351268936807449e-11,2.9377267412288517e-11
3.4841429067262e-06,0.16628943999999996,0.8585084662769803,0.0,0.0,0.44169370816173914,0.08056864584414221,0.00786331691128812,9.162264609487538e-06,0.0028328910766714,0.05689466969396355,0.027033839775581384,4.32099801504963e-05,2.226736735551611e-10,0.0019371601484700696,5.178722348221956e-11,0.000531151683607288,2.831661429371429e-09,5.737228943119466e-06,2.6113860214481232e-09,1.439656238075641e-10,1.1858229628226977e-05,2.1008229350694848e-05,0.005773435574815435,7.406221044388918e-06,0.0005519330148903347,4.794396067153976e-09,3.789588002635942e-09,4.3847180495735125e-08,1.2686033803370087e-07,3.2826436657386174e-08,0.00016776324633717662,0.0029736828562386586,4.226021259651989e-07,0.0011361227338105202,5.987830944852163e-09,3.3246028304232086e-05,8.35405698761833e-08,5.795741615744957e-06,1.5299177861030837e-10,1.3104871350270167e-10,2.3853828735758787e-06,1.1889768055900291e-07,5.9130061318603975e-12,6.341480648175685e-11,2.937122132848578e-11
3.4876553689210407e-06,0.16628943999999996,0.8585084662769803,0.0,0.0,0.4416838747566266,0.08054336598542712,0.007854890229914634,9.162405687913875e-06,0.0028325997533451123,0.05694867151053222,0.027051041951062657,4.31851520498374e-05,2.2323122912572398e-10,0.0019366091944191138,5.177070680338003e-11,0.0005312581633972464,2.8315925133214e-09,5.728521681640642e-06,2.613571151016821e-09,1.440303399078195e-10,1.1846540850775271e-05,2.1028939843657773e-05,0.005771496167971092,7.373705155928748e-06,0.0005521675754637378,4.775713870024794e-09,3.784450256287103e-09,4.389446830452082e-08,1.2684446534557466e-07,3.296491854625488e-08,0.0001683960058510044,0.0029835644164938743,4.228565063212335e-07,0.0011371764823336088,5.985994657209088e-09,3.3278803663349576e-05,8.359186751056815e-08,5.790618226286716e-06,1.5315233725184324e-10,1.310948067575398e-10,2.387697700440455e-06,1.1882671440660537e-07,5.918703566101913e-12,6.331715353015213e-11,2.936520525717601e-11
3.4911678311158813e-06,0.16628943999999996,0.8585084662769803,0.0,0.0,0.44167403161826424,0.08051809425249827,0.007846472905700211,9.162545976772405e-06,0.0028323080877731815,0.05700265594895527,0.02706822551540025,4.316034324847824e-05,2.2378940341052352e-10,0.001936058501811456,5.1754215553264734e-11,0.0005313645656841568,2.8315245565438237e-09,5.719834881621061e-06,2.6157547656951984e-09,1.4409490971394682e-10,1.1834866506784372e-05,2.1049650696892514e-05,0.005769557295055193,7.341391617215042e-06,0.0005524019233080898,4.757140859885057e-09,3.77931983730588e-09,4.394192988028715e-08,1.2682857513592795e-07,3.31036821912717e-08,0.0001690296971801815,0.002993454674893915,4.231105803773543e-07,0.0011382298105183316,5.98415912161509e-09,3.331157959286784e-05,8.364310342460164e-08,5.785498505144046e-06,1.5331281467151884e-10,1.311407801199058e-10,2.390012372448847e-06,1.1875580178968031e-07,5.92440071163348e-12,6.321972962604659e-11,2.935921895187171e-11
3.494680293310722e-06,0.16628943999999996,0.8585084662769803,0.0,0.0,0.4416641787666284,0.08049283064301774,0.00783806492829881,9.162685480513634e-06,0.002832016081388033,0.057056623012569495,0.027085390489648378,4.31355537211623e-05,2.2434819583524834e-10,0.0019355080704436792,5.1737749716743516e-11,0.0005314708905727944,2.8314575599444593e-09,5.711168463715389e-06,2.6179368662296323e-09,1.4415933343326076e-10,1.1823206559136791e-05,2.107036195980098e-05,0.005767618956246173,7.309278741242586e-06,0.0005526360587132316,4.738676154503736e-09,3.774196734825435e-09,4.398956533627963e-08,1.2681266747638392e-07,3.324272755866989e-08,0.00016966431947430978,0.003003353613456743,4.233643484758875e-07,0.0011392827184346992,5.9823243377705195e-09,3.334435617096854e-05,8.369427768746182e-08,5.780382452770009e-06,1.5347321082454862e-10,1.3118663378865569e-10,2.392326895097179e-06,1.1868494264494811e-07,5.930097582234969e-12,6.312253388655718e-11,2.9353262168687346e-11
3.4981927555055625e-06,0.16628943999999996,0.8585084662769803,0.0,0.0,0.4416543162216524,0.0804675751546487,0.007829666287374592,9.162824203553024e-06,0.0028317237356122863,0.05711057270471656,0.027102536894832097,4.3110783442813315e-05,2.2490760582494907e-10,0.0019349579001143925,5.172130927910102e-11,0.0005315771381676685,2.8313915244439594e-09,5.7025223489661065e-06,2.6201174533668735e-09,1.442236112728152e-10,1.1811560970991684e-05,2.1091073681918218e-05,0.005765681151721586,7.277364858926679e-06,0.000552869981968387,4.720318880886691e-09,3.769080937998803e-09,4.4037374785272194e-08,1.2679674243810954e-07,3.338205461410492e-08,0.00017029987188246922,0.003013261214226427,4.236178109587513e-07,0.0011403352061529438,5.980490305381048e-09,3.337713347604405e-05,8.374539036823994e-08,5.775270069604575e-06,1.536335256664443e-10,1.3123236796241784e-10,2.3946412738961808e-06,1.1861413690960202e-07,5.935794191722946e-12,6.302556543311196e-11,2.9347334666305473e-11
3.501705217700403e-06,0.16628943999999996,0.8585084662769803,0.0,0.0,0.44164444400322866,0.08044232778505514,0.00782127697260195,9.162962150271339e-06,0.0028314310518588563,0.05716450502874293,0.027119664751947464,4.308603238853319e-05,2.2546763280404163e-10,0.0019344079906242052,5.170489422603317e-11,0.0005316833085730247,2.8313264509777888e-09,5.693896458801804e-06,2.622296527854058e-09,1.4428774343940457e-10,1.1799929705781402e-05,2.111178591291284e-05,0.005763743881658089,7.245648318873038e-06,0.0005531036933620594,4.702068175149961e-09,3.763972435998817e-09,4.408535833957722e-08,1.2678080009182114e-07,3.3521663322693046e-08,0.00017093635355334936,0.003023177459272902,4.238709681674544e-07,0.0011413872737435211,5.9786570241576146e-09,3.340991158669813e-05,8.379644153594112e-08,5.770161356074681e-06,1.5379375915301337e-10,1.3127798283959287e-10,2.3969555143712307e-06,1.185433845213025e-07,5.941490553950801e-12,6.292882339143158e-11,2.9341436205943526e-11
3.5052176798952437e-06,0.16628943999999996,0.8585084662769803,0.0,0.0,0.4416345621312075,0.0804170885319022,0.00781289697366549,9.163099325015013e-06,0.0028311380315310442,0.05721841998799981,0.027136774081961686,4.306130053359976e-05,2.2602827619631072e-10,0.0019338583417757003,5.168850454364345e-11,0.0005317894018928452,2.8312623404961397e-09,5.685290715035475e-06,2.6244740904387093e-09,1.4435173013956512e-10,1.1788312727208082e-05,2.1132498702587395e-05,0.0057618071462314565,7.2141274871445195e-06,0.0005533371931821706,4.683923182411947e-09,3.758871218018007e-09,4.413351611103261e-08,1.267648405077878e-07,3.366155364896366e-08,0.00017157376363508117,0.003033102330692015,4.241238204431036e-07,0.0011424389212771105,5.9768244938163326e-09,3.344269058174646e-05,8.384743125948466e-08,5.765056312594273e-06,1.539539112403612e-10,1.3132347861835328e-10,2.3992696220624007e-06,1.184726854181715e-07,5.9471866828088305e-12,6.283230689151e-11,2.9335566551321066e-11
3.5087301420900843e-06,0.16628943999999996,0.8585084662769803,0.0,0.0,0.4416246706253981,0.08039185739285588,0.007804526280260026,9.16323573209649e-06,0.0028308446760226405,0.05727231758584317,0.027153864905813247,4.303658785346467e-05,2.2658953542491328e-10,0.0019333089533734053,5.167214021843934e-11,0.0005318954182308489,2.831199193963846e-09,5.6767050398628e-06,2.6266501418687425e-09,1.4441557157957613e-10,1.1776709999240292e-05,2.1153212100878726e-05,0.0057598709456165844,7.182800747040463e-06,0.0005535704817158857,4.665883056665676e-09,3.753777273268509e-09,4.418184821101758e-08,1.267488637558364e-07,3.380172555692191e-08,0.0001722121012754535,0.0030430358106052105,4.2437636812639664e-07,0.0011434901488246096,5.974992714078417e-09,3.3475470540217305e-05,8.389835960770452e-08,5.759954939564359e-06,1.5411398188488718e-10,1.313688554966431e-10,2.4015836025244955e-06,1.1840203953878645e-07,5.952882592224351e-12,6.273601506759575e-11,2.932972546862748e-11
3.512242604284925e-06,0.16628943999999996,0.8585084662769803,0.0,0.0,0.44161476950556894,0.08036663436558329,0.0077961648820905685,9.1633713757946e-06,0.002830550986718017,0.05732619782563358,0.02717093724441206,4.3011894323751304e-05,2.2715140991238163e-10,0.0019327598252237685,5.165580123732884e-11,0.0005320013576904942,2.8311370123603143e-09,5.6681393558604505e-06,2.628824682892471e-09,1.4447926796546138e-10,1.1765121486109755e-05,2.117392615785842e-05,0.005757935279987491,7.151666498867155e-06,0.0005538035592498467,4.647946960680607e-09,3.748690590981966e-09,4.423035475043193e-08,1.2673286990535588e-07,3.394217900996918e-08,0.00017285136562163354,0.003052977881159688,4.2462861155763715e-07,0.0011445409564571371,5.973161684670106e-09,3.350825154135212e-05,8.394922664934978e-08,5.754857237373046e-06,1.542739710432883e-10,1.3141411367217772e-10,2.403897461327103e-06,1.1833144682217459e-07,5.958578296161807e-12,6.263994705817275e-11,2.932391272649036e-11
3.5157550664797655e-06,0.16628943999999996,0.8585084662769803,0.0,0.0,0.44160485879144773,0.08034141944775236,0.0077878127688723355,9.16350626035487e-06,0.002830256964992222,0.057380060710736314,0.027187991118639607,4.2987219920252745e-05,2.277138990806269e-10,0.0019322109571351328,5.1639487587616935e-11,0.0005321072203749775,2.8310757966794356e-09,5.659593585984381e-06,2.6309977142586112e-09,1.4454281950299005e-10,1.1753547152308083e-05,2.119464092373314e-05,0.005756000149517332,7.12072315972857e-06,0.0005540364260698741,4.630114065870397e-09,3.743611160409446e-09,4.427903583972275e-08,1.2671685902530154e-07,3.4082913971008677e-08,0.000173491555820532,0.0030629285245279405,4.2488055107671844e-07,0.0011455913442460321,5.971331405322591e-09,3.354103366460616e-05,8.40000324530851e-08,5.749763206395599e-06,1.5443387867255389e-10,1.3145925334244373e-10,2.406211204054629e-06,1.1826090720780766e-07,5.964273808622865e-12,6.254410200594165e-11,2.931812809594405e-11
3.519267528674606e-06,0.16628943999999996,0.8585084662769803,0.0,0.0,0.441594938502722,0.08031621263703204,0.007779469930330734,9.163640389989882e-06,0.0028299626122110736,0.057433906244521195,0.027205026549349066,4.2962564618929606e-05,2.2827700235094236e-10,0.0019316623489177085,5.162319925700212e-11,0.0005322130063872373,2.8310155479295126e-09,5.651067653568124e-06,2.6331692367162876e-09,1.4460622639767805e-10,1.1741986962583626e-05,2.1215356448845025e-05,0.005754065554378397,7.08996916329724e-06,0.0005542690824613637,4.61238355220882e-09,3.73853897082135e-09,4.432789158884882e-08,1.267008311841993e-07,3.422393040230787e-08,0.00017413267101832323,0.0030728877229081143,4.2513218702314956e-07,0.0011466413122628526,5.969501875771933e-09,3.357381698964905e-05,8.405077708749112e-08,5.744672846994482e-06,1.5459370472997045e-10,1.315042747046985e-10,2.4085248363063487e-06,1.1819042063559595e-07,5.9699691436465095e-12,6.244847905780065e-11,2.931237135039909e-11
3.5227799908694467e-06,0.16628943999999996,0.8585084662769803,0.0,0.0,0.4415850086590399,0.08029101393109227,0.00777113635620136,9.163773768879614e-06,0.00282966792973125,0.05748773443036259,0.027222043557365475,4.29379283959081e-05,2.288407191440069e-10,0.0019311140003835496,5.160693623357299e-11,0.0005323187158299517,2.830956267133176e-09,5.642561482321102e-06,2.6353392510150378e-09,1.4466948885478926e-10,1.1730440881938306e-05,2.1236072783672076e-05,0.005752131494742112,7.059402959620622e-06,0.0005545015287087672,4.594754608086638e-09,3.733474011507318e-09,4.437692210732732e-08,1.266847864501499e-07,3.436522826568252e-08,0.00017477471036108204,0.003082855458523289,4.253835197360245e-07,0.0011476908605793732,5.967673095759004e-09,3.3606601596365426e-05,8.410146062106495e-08,5.7395861595194e-06,1.5475344917311458e-10,1.3154917795596977e-10,2.4108383636964434e-06,1.1811998704588299e-07,5.9756643153091725e-12,6.235307736482698e-11,2.9306642265611605e-11
3.5262924530642873e-06,0.16628943999999996,0.8585084662769803,0.0,0.0,0.441575069280009,0.08026582332760383,0.007762812036229995,9.16390640117175e-06,0.0028293729189003834,0.0575415452716394,0.027239042163485824,4.2913311227477994e-05,2.294050488798881e-10,0.0019305659113465262,5.159069850580487e-11,0.0005324243488055424,2.8308979553273194e-09,5.63407499632691e-06,2.6375077579048155e-09,1.4473260707933643e-10,1.1718908875624559e-05,2.1256789978828512e-05,0.005750197970779058,7.029023014885634e-06,0.0005547337650962896,4.5772264302499665e-09,3.728416271776147e-09,4.442612750417152e-08,1.2666872489083303e-07,3.450680752225305e-08,0.0001754176729939356,0.0030928317136221964,4.256345495540689e-07,0.0011487399892675888,5.965845065029388e-09,3.363938756485553e-05,8.41520831222204e-08,5.734503144307361e-06,1.549131119598611e-10,1.3159396329305598e-10,2.4131517918540436e-06,1.1804960637944002e-07,5.981359337724794e-12,6.22578960822575e-11,2.9300940619653855e-11
3.529804915259128e-06,0.16628943999999996,0.8585084662769803,0.0,0.0,0.4415651203851985,0.08024064082423857,0.0077544969601725956,9.164038290982026e-06,0.002829077581057143,0.05759533877173494,0.0272560223884792,4.288871309009062e-05,2.2996999097804573e-10,0.0019300180816223056,5.1574486062556465e-11,0.0005325299054161727,2.8308406135630145e-09,5.625608120041641e-06,2.639674758135995e-09,1.4479558127608237e-10,1.1707390909142273e-05,2.127750808506519e-05,0.005748264982658962,6.998827811249846e-06,0.0005549657919069606,4.55979822363465e-09,3.7233657409557065e-09,4.447550788797375e-08,1.2665264657351166e-07,3.464866813277323e-08,0.0001760615580622031,0.0031028164704780146,4.258852768155776e-07,0.0011497886983997086,5.964017783333354e-09,3.36721749754358e-05,8.420264465928863e-08,5.729423801682711e-06,1.550726930483704e-10,1.3163863091252533e-10,2.415465126423275e-06,1.1797927857746073e-07,5.987054225044957e-12,6.216293436947053e-11,2.9295266192884204e-11
3.5333173774539685e-06,0.16628943999999996,0.8585084662769803,0.0,0.0,0.4415551619941377,0.08021546641866913,0.0077461911177952964,9.164169442394542e-06,0.0028287819175313324,0.057649114934037037,0.027272984253086954,4.286413396035691e-05,2.3053554485733504e-10,0.0019294705110283195,5.1558298893066525e-11,0.0005326353857637528,2.8307842429054453e-09,5.61716077829217e-06,2.6418402524593793e-09,1.4485841164954112e-10,1.1695886948235838e-05,2.1298227153269954e-05,0.005746332530550706,6.968815846585663e-06,0.0005551976094238925,4.54246920134274e-09,3.7183224083928425e-09,4.4525063366793225e-08,1.2663655156503568e-07,3.479081005718757e-08,0.00017670636470985644,0.0031128097113897564,4.261357018585079e-07,0.0011508369880481595,5.962191250425726e-09,3.370496390863946e-05,8.425314530051835e-08,5.724348131957186e-06,1.5523219239710492e-10,1.3168318101071597e-10,2.4177783730632964e-06,1.1790900358155575e-07,5.9927489914589705e-12,6.20681913899662e-11,2.928961876791907e-11
3.536829839648809e-06,0.16628943999999996,0.8585084662769803,0.0,0.0,0.4415451941263181,0.0801903001085692,0.007737894498874398,9.16429985946209e-06,0.0028284859296439707,0.05770287376193775,0.027289927778022735,4.2839573815045455e-05,2.3110170993600993e-10,0.0019289231993837484,5.1542136986950634e-11,0.0005327407899499338,2.8307288444338275e-09,5.608732896274484e-06,2.6440042416261976e-09,1.449210984039788e-10,1.1684396958891171e-05,2.1318947234467985e-05,0.005744400614622337,6.938985634356484e-06,0.0005554292179285772,4.525238584432452e-09,3.713286263453303e-09,4.457479404830811e-08,1.2662043993184647e-07,3.49332332552353e-08,0.00017735209208161537,0.003122811418680154,4.2638582502035107e-07,0.0011518848582855819,5.9603654660658765e-09,3.3737754445217114e-05,8.430358511407633e-08,5.719276135429961e-06,1.5539160996480437e-10,1.317276137837356e-10,2.4200915374483418e-06,1.1783878133374762e-07,5.998443651193966e-12,6.19736663113487e-11,2.9283998129603093e-11
3.5399910556241657e-06,0.16628943999999996,0.8585084662769803,0.0,0.0,0.4415362149587294,0.08016765734918366,0.007730435419459115,9.164416610282582e-06,0.0028282192643010293,0.05775124188894238,0.027305161287143102,4.281748589687097e-05,2.3161178060099713e-10,0.0019284308401573223,5.15276128633495e-11,0.0005328355886833124,2.830679817931585e-09,5.601164378999823e-06,2.6459505455887034e-09,1.4497739385733676e-10,1.1674067886246014e-05,2.133759621593877e-05,0.005742662348858822,6.912292625397305e-06,0.0005556374871105217,4.509814528474103e-09,3.7087598696516134e-09,4.4619701548504343e-08,1.2660592530243344e-07,3.506165458835205e-08,0.0001779340332267906,0.003131820179406198,4.2661067803639177e-07,0.0011528275829630443,5.958722899955044e-09,3.376726736593779e-05,8.434892899489324e-08,5.714714479377184e-06,1.5553501581910662e-10,1.3176750312832918e-10,2.422173319768817e-06,1.1777562636275225e-07,6.003568765534192e-12,6.188877936116744e-11,2.927896228165559e-11
3.5431522715995223e-06,0.16628943999999996,0.8585084662769803,0.0,0.0,0.4415272281448779,0.08014502114355015,0.007722983795331791,9.164532772452312e-06,0.0028279523382390365,0.05779959598031208,0.02732037997294659,4.2795413320669695e-05,2.3212234544085498e-10,0.001927938690405441,5.151310918792647e-11,0.0005329303258818415,2.8306315805918186e-09,5.59361150979863e-06,2.6478956315315023e-09,1.4503357329310623e-10,1.1663750078745905e-05,2.1356246096767724e-05,0.005740924517657789,6.885744581989812e-06,0.0005558455874253287,4.494468999635013e-09,3.7042392815003908e-09,4.46647511274653e-08,1.265913973083599e-07,3.519030368955531e-08,0.00017851671883991488,0.003140835770749774,4.26835287047367e-07,0.001153769968029847,5.957080939807386e-09,3.3796781710150596e-05,8.439422371002408e-08,5.710155799047721e-06,1.556783553679142e-10,1.3180729774083207e-10,2.424255044228979e-06,1.1771251402938662e-07,6.0086938154442004e-12,6.180406763869769e-11,2.9273947804631524e-11
3.545997365977343e-06,0.16628943999999996,0.8585084662769803,0.0,0.0,0.4415191334865349,0.08012465416053784,0.007716283701745741,9.164636817498222e-06,0.002827711882649707,0.057843102664128065,0.02733406412866747,4.2775561105740724e-05,2.3258227596471522e-10,0.0019274959346234338,5.1500073357612707e-11,0.0005330155368090377,2.830588842393878e-09,5.586827262172906e-06,2.6496451679265507e-09,1.450840357129158e-10,1.1654473663602926e-05,2.1373031789443863e-05,0.0057393608412276125,6.861974418654131e-06,0.0005560327334962706,4.480724708412792e-09,3.7001757096200355e-09,4.470541728991648e-08,1.2657831072625714e-07,3.530628259700646e-08,0.00017904177189520762,0.0031489556325286876,4.270372267356319e-07,0.0011546178242669873,5.955603693635488e-09,3.382334588605387e-05,8.443494695791343e-08,5.70605553115365e-06,1.5580730424630006e-10,1.3184303201391243e-10,2.426128550217208e-06,1.1765574935028327e-07,6.013306313912242e-12,6.172797641356402e-11,2.9269452921524245e-11
3.548842460355164e-06,0.16628943999999996,0.8585084662769803,0.0,0.0,0.4415110326564472,0.08010429248345796,0.0077095896355096625,9.164740390172308e-06,0.0028274712173287026,0.05788659798290113,0.027347736300641235,4.27557212923056e-05,2.3304260611537714e-10,0.0019270533483191127,5.148705408002045e-11,0.0005331006980061303,2.830546744678932e-09,5.580055606893397e-06,2.651393718570055e-09,1.451344043867559e-10,1.1645206335923771e-05,2.138981826835025e-05,0.005737797516978556,6.838320064739743e-06,0.0005562197430992679,4.46704317874746e-09,3.6961168284538667e-09,4.474619865520483e-08,1.2656521339186254e-07,3.54224459491526e-08,0.0001795674270073264,0.0031570810073660006,4.272389691571128e-07,0.0011554654055017696,5.9541269380396945e-09,3.3849911306379026e-05,8.447563045777965e-08,5.70195767388572e-06,1.559361993720502e-10,1.318786897731772e-10,2.428002015759939e-06,1.1759901914407327e-07,6.0179187762922625e-12,6.165202620379016e-11,2.9264975115387534e-11
3.551687554732985e-06,0.16628943999999996,0.8585084662769803,0.0,0.0,0.4415029256648824,0.0800839361110764,0.007702901591214626,9.164843492555305e-06,0.002827230342957553,0.05793008193844431,0.027361396499810463,4.2735893868384045e-05,2.335033355822559e-10,0.0019266109314004165,5.147405135051405e-11,0.000533185809526538,2.83050528805374e-09,5.573296505080714e-06,2.6531412838623016e-09,1.4518467942259373e-10,1.1635948078192833e-05,2.140660556093582e-05,0.005736234544997944,6.814780766256653e-06,0.0005564066163823298,4.453424015257041e-09,3.692062632395203e-09,4.478709527940971e-08,1.2655210533953082e-07,3.5538793723238945e-08,0.00018009368372054065,0.003165211885926452,4.274405144902275e-07,0.001156312711773312,5.952650672902525e-09,3.3876478014565694e-05,8.451627424565539e-08,5.697862227373094e-06,1.560650407238935e-10,1.3191427112229134e-10,2.429875443909142e-06,1.1754232338089914e-07,6.022531210236575e-12,6.157621657672958e-11,2.926051427704262e-11
3.5545326491108056e-06,0.16628943999999996,0.8585084662769803,0.0,0.0,0.44149481252209166,0.08006358504215935,0.007696219563456069,9.164946126715177e-06,0.0028269892602141994,0.05797355453257237,0.02737504473710613,4.2716078822059254e-05,2.339644640545159e-10,0.0019261686837759775,5.146106516461271e-11,0.0005332708714235704,2.8304644731309403e-09,5.566549918010429e-06,2.6548878642037853e-09,1.4523486092829208e-10,1.162669887299197e-05,2.1423393694709467e-05,0.0057346719253727465,6.791355775444481e-06,0.0005565933534937442,4.439866825810717e-09,3.688013115845322e-09,4.482810721837145e-08,1.2653898660344914e-07,3.5655325896132296e-08,0.00018062054157844324,0.0031733482588857313,4.2764186291325913e-07,0.0011571597431208234,5.951174898108258e-09,3.39030460541485e-05,8.45568783575385e-08,5.693769191739639e-06,1.5619382828071826e-10,1.3194977616482056e-10,2.4317488377233695e-06,1.174856620310689e-07,6.027143623413975e-12,6.150054710145805e-11,2.9256070298206143e-11
3.5573777434886265e-06,0.16628943999999996,0.8585084662769803,0.0,0.0,0.4414866932383097,0.08004323927547347,0.00768954354683379,9.165048294707222e-06,0.002826747969773032,0.0580170157671018,0.027388681023447613,4.2696276141477264e-05,2.344259912210713e-10,0.0019257266053551208,5.144809551798942e-11,0.0005333558837504284,2.8304243005290113e-09,5.559815807112488e-06,2.6566334599951836e-09,1.4528494901160942e-10,1.1617458702999574e-05,2.1440182697240245e-05,0.005733109658189584,6.7680443507460475e-06,0.0005567799545817325,4.4263712215002285e-09,3.6839682732134015e-09,4.486923452779262e-08,1.2652585721763833e-07,3.577204244451628e-08,0.00018114800012447252,0.003181490116929968,4.2784301460440954e-07,0.0011580064995836022,5.949699613542939e-09,3.392961546875718e-05,8.45974428293925e-08,5.689678567103946e-06,1.5632256202162346e-10,1.3198520500423081e-10,2.433622200267778e-06,1.1742903506505439e-07,6.031756023509822e-12,6.142501734876768e-11,2.925164307149267e-11
3.5602228378664473e-06,0.16628943999999996,0.8585084662769803,0.0,0.0,0.44147856782375683,0.08002289880978568,0.0076828735359519545,9.16514999857419e-06,0.002826506472304906,0.05806046564385094,0.027402305369742783,4.2676485814846376e-05,2.3488791677058767e-10,0.0019252846960478513,5.1435142406469864e-11,0.0005334408465602074,2.8303847708722788e-09,5.553094133970635e-06,2.6583780716373564e-09,1.4533494378020055e-10,1.1608227550989647e-05,2.1456972596157484e-05,0.005731547743534735,6.744845756712939e-06,0.0005569664197933448,4.4129368164994905e-09,3.679928098916499e-09,4.4910477263169067e-08,1.2651271721595652e-07,3.5888943344992486e-08,0.0001816760589025062,0.0031896374507550712,4.280439697416028e-07,0.0011588529812010377,5.9482248190944076e-09,3.395618630211681e-05,8.463796769714756e-08,5.68559035357934e-06,1.5645124192572013e-10,1.3202055774388715e-10,2.435495534614137e-06,1.173724424534892e-07,6.0363684182260854e-12,6.134962689116116e-11,2.9247232490382446e-11
3.563067932244268e-06,0.16628943999999996,0.8585084662769803,0.0,0.0,0.44147043628863636,0.08000256364386345,0.007676209525419082,9.165251240346354e-06,0.002826264768477178,0.058103904164639994,0.027415917786887973,4.265670783043654e-05,2.353502403914827e-10,0.0019248429557648479,5.142220582603146e-11,0.000533525759905899,2.8303458847908933e-09,5.546384860321831e-06,2.660121699531382e-09,1.453848453416166e-10,1.1599005399830941e-05,2.1473763419150777e-05,0.005729986181494124,6.721759263984661e-06,0.0005571527492759348,4.399563228157196e-09,3.6758925873795683e-09,4.495183547964287e-08,1.2649956663209795e-07,3.600602857363036e-08,0.0001822047174554403,0.003197790251068166,4.2824472850254086e-07,0.00115969918801261,5.946750514652167e-09,3.398275859804806e-05,8.467845299669906e-08,5.681504551273904e-06,1.5657986797217348e-10,1.3205583448705534e-10,2.4373688438408436e-06,1.1731588416716725e-07,6.040980815281289e-12,6.127437530284377e-11,2.924283844922484e-11
3.565913026622089e-06,0.16628943999999996,0.8585084662769803,0.0,0.0,0.441462298643136,0.07998223377647443,0.007669551509848055,9.165352022041648e-06,0.002826022858953729,0.05814733133129068,0.02742951828576808,4.2636942176578695e-05,2.3581296177192746e-10,0.0019244013844174584,5.1409285772802283e-11,0.0005336106238403825,2.830307642920766e-09,5.539687948055661e-06,2.6618643440785398e-09,1.4543465380330536e-10,1.1589792232486e-05,2.1490555193970264e-05,0.005728424972153337,6.6987841491649945e-06,0.0005573389431771447,4.386250076967687e-09,3.671861733035391e-09,4.4993309232350614e-08,1.264864054995928e-07,3.6123298106398774e-08,0.0001827339753259948,0.003205948508586689,4.2844529106502684e-07,0.0011605451200578892,5.945276700107398e-09,3.400933240046732e-05,8.471889876390772e-08,5.677421160290483e-06,1.5670844014049833e-10,1.3209103533690215e-10,2.4392421310329376e-06,1.1725936017704157e-07,6.0455932224106065e-12,6.119926215971729e-11,2.9238460843245943e-11
3.56875812099991e-06,0.16628943999999996,0.8585084662769803,0.0,0.0,0.4414541548974287,0.0799619092063868,0.007662899483856105,9.165452345665727e-06,0.002825780744394993,0.05819074714562645,0.02744310687725657,4.261718884166421e-05,2.3627608059984734e-10,0.0019239599819176874,5.139638224306003e-11,0.0005336954384164325,2.830270045903572e-09,5.533003359213769e-06,2.663606005680276e-09,1.4548436927261183e-10,1.1580588032010352e-05,2.1507347948426855e-05,0.005726864115597616,6.675919694833445e-06,0.0005575250016430767,4.372996986408685e-09,3.6678355303245015e-09,4.503489857633246e-08,1.264732338518133e-07,3.6240751919397947e-08,0.00018326383205785645,0.003214112214037294,4.286456576065748e-07,0.0011613907773765366,5.943803375353064e-09,3.403590775338679e-05,8.475930503460232e-08,5.673340180726716e-06,1.5683695841028323e-10,1.3212616039649217e-10,2.4411153992821156e-06,1.1720287045422197e-07,6.050205647365979e-12,6.11242870393755e-11,2.923409956851756e-11
3.5716032153777307e-06,0.16628943999999996,0.8585084662769803,0.0,0.0,0.44144600506167175,0.07994158993236906,0.007656253442064825,9.165552213212092e-06,0.002825538425457985,0.05823415160947283,0.027456683572215562,4.259744781414424e-05,2.3673959656292386e-10,0.0019235187481781936,5.1383495233231e-11,0.0005337802036867256,2.830233094386776e-09,5.526331055989275e-06,2.665346684738257e-09,1.4553399185677814e-10,1.1571392781551573e-05,2.1524141710392013e-05,0.0057253036119118556,6.653165189389129e-06,0.0005577109248202646,4.359803582959071e-09,3.6638139736952798e-09,4.507660356591422e-08,1.2646005172197394e-07,3.635838998779155e-08,0.0001837942871930991,0.003222281358158302,4.288458283041995e-07,0.0011622361600083012,5.9423305402837395e-09,3.406248470091502e-05,8.479967184457788e-08,5.6692616126750465e-06,1.5696542276092177e-10,1.3216120976878976e-10,2.442988651686742e-06,1.171464149699734e-07,6.054818097915986e-12,6.104944952109549e-11,2.922975452192157e-11
3.5741638003177695e-06,0.16628943999999996,0.8585084662769803,0.0,0.0,0.4414386650108795,0.07992330711287528,0.007650277116502495,9.165641705695271e-06,0.0028253201642115407,0.05827320592377602,0.02746889243511429,4.25796914027012e-05,2.371571002219242e-10,0.001923121782031017,5.137191104607605e-11,0.0005338564503170128,2.830200390464215e-09,5.520336456164325e-06,2.666912456147692e-09,1.4557857285428609e-10,1.1563124694548096e-05,2.1539256980665244e-05,0.0057238994603683825,6.632779557388345e-06,0.0005578781401293649,4.3479802461857385e-09,3.660198540546674e-09,4.5114236978626105e-08,1.264481788702755e-07,3.64644217672339e-08,0.00018427220807111256,0.0032296382302839234,4.2902581463216656e-07,0.0011629967695525295,5.9410054073161e-09,3.4086405353614266e-05,8.483596826419554e-08,5.665592963343611e-06,1.5708099455898783e-10,1.3219268957624501e-10,2.444674567869998e-06,1.1709563428450282e-07,6.05896933172856e-12,6.09822130580294e-11,2.922585777052919e-11
3.5767243852578083e-06,0.16628943999999996,0.8585084662769803,0.0,0.0,0.4414313200427444,0.07990502858130363,0.007644305629874989,9.165730831796781e-06,0.0028251017384223246,0.058312251046995445,0.027481091678515684,4.256194494260506e-05,2.3757492507920395e-10,0.0019227249524466708,5.136034023487785e-11,0.0005339326570904586,2.830168210406039e-09,5.5143517498391e-06,2.6684774323153007e-09,1.4562307877964915e-10,1.1554863831324266e-05,2.15543731100499e-05,0.005722495594779485,6.61248190181208e-06,0.0005580452460795301,4.3362046879310716e-09,3.656586862197428e-09,4.515196414820768e-08,1.2643629757886944e-07,3.657060275564343e-08,0.00018475061295195614,0.0032369994935004726,4.2920564259933143e-07,0.0011637571566617561,5.939680670834644e-09,3.411032736604332e-05,8.487223277564272e-08,5.6619262674677575e-06,1.5719652265169048e-10,1.3222410823523507e-10,2.4463604760023918e-06,1.1704488128839248e-07,6.063120598265828e-12,6.091508740885842e-11,2.922197400714115e-11
3.579284970197847e-06,0.16628943999999996,0.8585084662769803,0.0,0.0,0.4414239701646387,0.07988675433675711,0.007638338978270482,9.165819592945001e-06,0.0028248831485622994,0.0583512869804654,0.02749328131031472,4.254420842555865e-05,2.3799307090657966e-10,0.001922328259362808,5.1348782797335985e-11,0.0005340088240452425,2.830136554696086e-09,5.508376909764798e-06,2.670041613534295e-09,1.4566750971083448e-10,1.1546610179782604e-05,2.1569490118990992e-05,0.005721092015206346,6.592271715893774e-06,0.0005582122427771847,4.32447664210246e-09,3.652978934616473e-09,4.5189785113874544e-08,1.2642440787164202e-07,3.667693293444539e-08,0.00018522950150140935,0.0032443651410774903,4.2938531233445154e-07,0.0011645173213651427,5.938356330765867e-09,3.413425077055782e-05,8.490846540494434e-08,5.658261525104144e-06,1.573120070242959e-10,1.3225546582061275e-10,2.448046378356541e-06,1.1699415596101107e-07,6.067271903225931e-12,6.08480722703488e-11,2.921810315831011e-11
3.581845555137886e-06,0.16628943999999996,0.8585084662769803,0.0,0.0,0.4414166153839253,0.07986848437833895,0.007632377157780006,9.16590799056055e-06,0.002824664395101248,0.058390313725521115,0.027505461338399016,4.252648184330255e-05,2.384115374757106e-10,0.0019219317027174933,5.1337238731245164e-11,0.0005340849512194762,2.8301054238219112e-09,5.502411908790562e-06,2.671605000098059e-09,1.457118657257425e-10,1.1538363727883914e-05,2.1584608027973675e-05,0.005719688721709936,6.572148496571965e-06,0.0005583791303284677,4.312795844577575e-09,3.649374753777808e-09,4.5227699914984504e-08,1.2641250977237427e-07,3.6783412285165624e-08,0.00018570887338539518,0.003251735166290931,4.2956482396649256e-07,0.0011652772636919118,5.937032387037242e-09,3.4158175599577e-05,8.49446661781015e-08,5.654598736306063e-06,1.574274476623026e-10,1.322867624071672e-10,2.449732277209479e-06,1.1694345828182551e-07,6.071423252318028e-12,6.078116734035481e-11,2.921424515113986e-11
3.584150081583921e-06,0.16628943999999996,0.8585084662769803,0.0,0.0,0.44140999189563085,0.07985204507966141,0.007627015646712609,9.165987238762067e-06,0.002824467377493953,0.05842542994108151,0.02751641515901192,4.251053640672151e-05,2.3878843143327864e-10,0.0019215749183408041,5.1326860502607486e-11,0.0005341534316953586,2.830077855175679e-09,5.497051797982783e-06,2.6730113688178127e-09,1.4575172215007381e-10,1.1530948066966045e-05,2.159821493255721e-05,0.0057184260022089765,6.554111542839306e-06,0.0005585292358918591,4.3023233073103666e-09,3.646134191164169e-09,4.5261903497745105e-08,1.264017943274152e-07,3.6879371227548875e-08,0.00018614072105618487,0.003258371926309764,4.297262493635955e-07,0.0011659610216781943,5.93584117649327e-09,3.4179709190491434e-05,8.497721965841383e-08,5.651303896727662e-06,1.5753130683157787e-10,1.3231487724282985e-10,2.451249585069113e-06,1.1689785399287373e-07,6.0751595089613854e-12,6.072104688279348e-11,2.921078386448073e-11
3.5864546080299557e-06,0.16628943999999996,0.8585084662769803,0.0,0.0,0.4414033644475334,0.07983560925136822,0.0076216580428379935,9.166066194671445e-06,0.002824270228088029,0.05846053871608365,0.02752736121273855,4.249459900469222e-05,2.3916558483990394e-10,0.0019212182443849146,5.1316493101660376e-11,0.0005342218800074948,2.830050712404958e-09,5.491699615277235e-06,2.6744170943186153e-09,1.4579151801196176e-10,1.1523538219358655e-05,2.1611822597790655e-05,0.005717163514523506,6.536144266039494e-06,0.000558679253209537,4.291888638814942e-09,3.6428966572268066e-09,4.5296183147343776e-08,1.2639107212128567e-07,3.697545097042847e-08,0.00018657295971391544,0.0032650122218802597,4.298875468950689e-07,0.001166644599584517,5.9346502868756266e-09,3.420124398528898e-05,8.500974737522089e-08,5.648010639611911e-06,1.576351305536887e-10,1.3234294278439455e-10,2.4527668936069255e-06,1.16852272067575e-07,6.078895810162747e-12,6.066101523153523e-11,2.9207332868533865e-11
3.5887591344759906e-06,0.16628943999999996,0.8585084662769803,0.0,0.0,0.4413967330449792,0.07981917689280622,0.007616304343312444,9.16614485930846e-06,0.0028240729472214787,0.05849564005150325,0.027538299505313682,4.2478669631270724e-05,2.3954299752880134e-10,0.0019208616808055092,5.130613652699138e-11,0.0005342902961835253,2.8300239958728648e-09,5.486355341083092e-06,2.6758221768145946e-09,1.458312533680577e-10,1.151613417640441e-05,2.162543103869124e-05,0.00571590125869751,6.5182463070531505e-06,0.0005588291823588748,4.281491650515763e-09,3.639662149041247e-09,4.5330538892077507e-08,1.2638034317111137e-07,3.7071651499812775e-08,0.00018700558911437966,0.0032716560481148636,4.3004871665475754e-07,0.0011673279974323014,5.933459718133458e-09,3.422278000773599e-05,8.504224934743034e-08,5.644718964990704e-06,1.5773891881812665e-10,1.3237095908624727e-10,2.4542842044920662e-06,1.1680671249116065e-07,6.082632160107019e-12,6.0601072168562e-11,2.92038921112568e-11
3.5910636609220256e-06,0.16628943999999996,0.8585084662769803,0.0,0.0,0.44139009769330945,0.07980274800332224,0.007610954545294111,9.166223233687928e-06,0.002823875535230914,0.0585307339483166,0.02754923004246738,4.246274828053696e-05,2.3992066933308405e-10,0.00192050522755853,5.129579077724895e-11,0.0005343586802510447,2.8299977059448946e-09,5.481018955872946e-06,2.6772266165200054e-09,1.458709282749697e-10,1.1508735929483044e-05,2.1639040270302965e-05,0.005714639234774835,6.500417309088848e-06,0.0005589790234162888,4.271132155028697e-09,3.6364306636862134e-09,4.536497076058968e-08,1.263696074939529e-07,3.716797280219933e-08,0.00018743860901427527,0.0032783034001293548,4.302097587366646e-07,0.0011680112152430084,5.932269470216631e-09,3.424431728164053e-05,8.507472559393704e-08,5.641428872893747e-06,1.5784267161475134e-10,1.323989262027297e-10,2.4558015193965986e-06,1.1676117524892412e-07,6.0863685629865216e-12,6.054121747656225e-11,2.920046154094537e-11
3.5933681873680605e-06,0.16628943999999996,0.8585084662769803,0.0,0.0,0.44138345839785836,0.07978632258226338,0.007605608645943012,9.16630131881977e-06,0.0028236779924515625,0.05856582040750072,0.02756015282992486,4.244683494659469e-05,2.4029860008576375e-10,0.001920148884600175,5.128545585114223e-11,0.0005344270322376052,2.8299718429889053e-09,5.4756904401826194e-06,2.6786304136491613e-09,1.459105427892623e-10,1.1501343470011082e-05,2.1652650307697017e-05,0.005713377442799185,6.482656917699323e-06,0.0005591287764581317,4.260809965918685e-09,3.6332021982434477e-09,4.5399478780844696e-08,1.263588651068244e-07,3.7264414863608973e-08,0.0001878720191702087,0.0032849542730438736,4.303706732335967e-07,0.0011686942530381365,5.931079543076064e-09,3.4265855830852175e-05,8.510717613363289e-08,5.638140363348567e-06,1.579463889332243e-10,1.3242684418812764e-10,2.457318839995507e-06,1.1671566032622024e-07,6.090105023001214e-12,6.048145093893243e-11,2.919704110616833e-11
3.5956727138140954e-06,0.16628943999999996,0.8585084662769803,0.0,0.0,0.4413768151639533,0.07976990062897689,0.007600266642421032,9.16637911570901e-06,0.002823480319217274,0.05860089943003334,0.027571067873406616,4.2430929623571215e-05,2.406767896197516e-10,0.0019197926518868978,5.12751317474406e-11,0.0005344953521707143,2.829946407375215e-09,5.470369774610947e-06,2.6800335684164503e-09,1.459500969674569e-10,1.1493956789441564e-05,2.166626116597041e-05,0.00571211588281412,6.464964780766553e-06,0.0005592784415619352,4.2505248981395685e-09,3.6299767497982226e-09,4.543406298046553e-08,1.263481160266635e-07,3.736097766933683e-08,0.00018830581933732495,0.003291608661984285,4.30531460238696e-07,0.0011693771108392235,5.929889936662927e-09,3.428739567926335e-05,8.51396009853861e-08,5.634853436380515e-06,1.5805007076290916e-10,1.3245471309669374e-10,2.4588361679666946e-06,1.1667016770846504e-07,6.0938415443579516e-12,6.042177233976429e-11,2.919363075586759e-11
3.5979772402601303e-06,0.16628943999999996,0.8585084662769803,0.0,0.0,0.44137016799691536,0.0797534821428101,0.007594928531891921,9.16645662535583e-06,0.002823282515860533,0.058635971016892885,0.027581975178628343,4.2415032305617165e-05,2.410552377678579e-10,0.0019194365293754023,5.1264818464973475e-11,0.0005345636400778352,2.8299213994765743e-09,5.465056939819597e-06,2.6814360810363896e-09,1.4598959086603165e-10,1.1486575879263794e-05,2.16798728602458e-05,0.005710854554863059,6.447340548474662e-06,0.0005594280188040608,4.240276768380118e-09,3.6267543154395017e-09,4.54687233886454e-08,1.2633736027030638e-07,3.745766120600002e-08,0.00018874000927174788,0.0032982665620797146,4.306921198476627e-07,0.0011700597886678407,5.928700650928229e-09,3.430893685080974e-05,8.517200016802863e-08,5.631568092012778e-06,1.581537170942133e-10,1.3248253298266209e-10,2.460353504990996e-06,1.1662469738113477e-07,6.097578131270349e-12,6.03621814638381e-11,2.9190230439438694e-11
3.6000513140615618e-06,0.16628943999999996,0.8585084662769803,0.0,0.0,0.44136418218814627,0.07973870846910808,0.007590127558581969,9.166526139268463e-06,0.0028231043818584757,0.05866752908837521,0.027591785141835815,4.240073155897712e-05,2.413960620779619e-10,0.0019191161133019967,5.125554576198914e-11,0.0005346250718346866,2.8298992583740445e-09,5.46028206789189e-06,2.6826977935357096e-09,1.4602508388231845e-10,1.1479937986783652e-05,2.1692124112398054e-05,0.005709719558131953,6.431536510582636e-06,0.000559562563262991,4.231084882124309e-09,3.62385669915633e-09,4.5499982936647125e-08,1.263276743953645e-07,3.754477960179288e-08,0.00018913111326241577,0.0033042616701805644,4.308366046472716e-07,0.0011706740448549958,5.927630567908571e-09,3.432832505629669e-05,8.520113750091087e-08,5.628612635222504e-06,1.582469684325973e-10,1.3250752901045712e-10,2.4617191174448493e-06,1.165837931328954e-07,6.1009411190313296e-12,6.030862450157793e-11,2.918717869185457e-11
3.6021253878629932e-06,0.16628943999999996,0.8585084662769803,0.0,0.0,0.4413581932017156,0.07972393760276894,0.0075853297342353965,9.166595422043339e-06,0.0028229261429659177,0.05869908113846964,0.027601588845838673,4.238643728749254e-05,2.417370956079752e-10,0.0019187957864259548,5.124628182253537e-11,0.0005346864776926548,2.8298774642994876e-09,5.45551350927337e-06,2.6839589862259737e-09,1.4606052815893754e-10,1.1473304755302533e-05,2.1704376065047596e-05,0.005708584749414901,6.415786942102602e-06,0.0005596970366714729,4.221922635032658e-09,3.6209615198092625e-09,4.5531304255888114e-08,1.2631798313855024e-07,3.7631995767198025e-08,0.0001895225325888891,0.003310259614830454,4.3098098639836615e-07,0.0011712881552977353,5.92656074456618e-09,3.434771437045135e-05,8.523025407081263e-08,5.625658460369374e-06,1.5834019100138073e-10,1.3253248541326503e-10,2.4630847398250342e-06,1.1654290691768115e-07,6.104304166394874e-12,6.025513826548669e-11,2.918413499429747e-11
3.6041994616644247e-06,0.16628943999999996,0.8585084662769803,0.0,0.0,0.44135220104148953,0.07970916954331728,0.007580535056788449,9.166664474399623e-06,0.002822747799422434,0.058730627167890855,0.02761138629479384,4.237214948694703e-05,2.420783382358093e-10,0.0019184755487162283,5.123702664588214e-11,0.0005347478576716691,2.8298560175295445e-09,5.450751249996131e-06,2.6852196592637357e-09,1.4609592373697214e-10,1.1466676178690403e-05,2.1716628729275264e-05,0.005707450128743266,6.400091592714409e-06,0.0005598314390849917,4.212789895517767e-09,3.618068775282502e-09,4.5562687366695424e-08,1.2630828651203232e-07,3.771930969174867e-08,0.0001899142670732017,0.0033162603924874676,4.3112526516895427e-07,0.0011719021200118655,5.9254911808672235e-09,3.4367104810809884e-05,8.525934989144944e-08,5.62270556746581e-06,1.5843338479331434e-10,1.325574022305138e-10,2.4644503733629788e-06,1.1650203872502786e-07,6.1076672764484656e-12,6.020172260011937e-11,2.918109931047774e-11
3.606273535465856e-06,0.16628943999999996,0.8585084662769803,0.0,0.0,0.44134620571133015,0.07969440429027771,0.007575743524178603,9.166733297053389e-06,0.002822569351466724,0.05876216717735395,0.027621177492855177,4.235786815313917e-05,2.424197898393108e-10,0.001918155400141928,5.122778023133802e-11,0.0005348092117916297,2.829834918342379e-09,5.445995276132996e-06,2.686479812805619e-09,1.4613127065747726e-10,1.1460052250840362e-05,2.172888211617956e-05,0.0057063156961483135,6.38445021356439e-06,0.0005599657705590487,4.203686532749313e-09,3.615178463462357e-09,4.5594132289251845e-08,1.2629858452793844e-07,3.780672136482445e-08,0.00019030631653721672,0.003322263999612624,4.312694410269608e-07,0.0011725159390132158,5.924421876778266e-09,3.438649639493626e-05,8.528842497652824e-08,5.619753956522822e-06,1.5852654980109148e-10,1.3258227950160305e-10,2.465816019292043e-06,1.1646118854450986e-07,6.1110304522844256e-12,6.01483773504838e-11,2.917807160429951e-11
3.6083476092672876e-06,0.16628943999999996,0.8585084662769803,0.0,0.0,0.441340207215096,0.07967964184317504,0.007570955134344552,9.166801890717612e-06,0.002822390799336615,0.0587937011675745,0.02763096244417344,4.234359328188218e-05,2.4276145029626114e-10,0.0019178353406723234,5.121854257824997e-11,0.0005348705400724085,2.8298141670177036e-09,5.441245573797403e-06,2.687739447008296e-09,1.4616656896147985e-10,1.1453432965668487e-05,2.1741136236876527e-05,0.005705181451661224,6.368862557246579e-06,0.000560100031149054,4.194612416644518e-09,3.6122905822372475e-09,4.562563904369177e-08,1.2628887719835606e-07,3.7894230775747186e-08,0.00019069868080276485,0.003328270432669727,4.314135140402696e-07,0.0011731296123176386,5.923352832266264e-09,3.440588914042237e-05,8.531747933974649e-08,5.616803627550021e-06,1.5861968601745496e-10,1.3260711726590386e-10,2.4671816788475218e-06,1.1642035636573951e-07,6.114393696999915e-12,6.009510236203931e-11,2.917505183988178e-11
3.610421683068719e-06,0.16628943999999996,0.8585084662769803,0.0,0.0,0.44133420555664066,0.07966488220153405,0.007566169885226211,9.166870256102202e-06,0.0028222121432690656,0.058825229139268506,0.02764074115289632,4.232932486900399e-05,2.431033194843776e-10,0.0019175153702768403,5.120931368600313e-11,0.0005349318425338479,2.8297937638367795e-09,5.436502129143277e-06,2.6889985620284904e-09,1.4620181868997883e-10,1.1446818317113683e-05,2.1753391102499904e-05,0.005704047395313086,6.353328377793596e-06,0.0005602342209103808,4.185567417864539e-09,3.6094051294976936e-09,4.5657207650091606e-08,1.2627916453533155e-07,3.798183791376693e-08,0.0001910913596916029,0.0033342796881253955,4.315574842767178e-07,0.0011737431399410129,5.9222840472985534e-09,3.442528306488801e-05,8.534651299479262e-08,5.6138545805556135e-06,1.5871279343517315e-10,1.3263191556275877e-10,2.468547353266647e-06,1.1637954217836712e-07,6.117757013696929e-12,6.004189748069525e-11,2.917203998154912e-11
3.6124957568701506e-06,0.16628943999999996,0.8585084662769803,0.0,0.0,0.4413282007398144,0.07965012536487974,0.007561387774764725,9.166938393914005e-06,0.002822033383500179,0.058856751093152394,0.027650513623168435,4.231506291034708e-05,2.4344539728131334e-10,0.001917195488925061,5.120009355402065e-11,0.0005349931191957627,2.8297737090824053e-09,5.431764928364935e-06,2.6902571580229936e-09,1.4623701988394508e-10,1.1440208299137547e-05,2.1765646724201084e-05,0.0057029135271348935,6.337847430671653e-06,0.0005603683398983114,4.176551407811127e-09,3.6065221031363094e-09,4.568883812847131e-08,1.2626944655087146e-07,3.806954276807446e-08,0.00019148435302545274,0.0033402917624490366,4.317013518040999e-07,0.001174356521899242,5.921215521842865e-09,3.4444678185980983e-05,8.537552595534594e-08,5.610906815546407e-06,1.5880587204705235e-10,1.3265667443148183e-10,2.4699130437885926e-06,1.1633874597208046e-07,6.121120405482329e-12,5.998876255281008e-11,2.916903599383106e-11
3.614569830671582e-06,0.16628943999999996,0.8585084662769803,0.0,0.0,0.44132219276846313,0.07963537133273708,0.007556608800902448,9.167006304856834e-06,0.002821854520265195,0.058888267029943014,0.02766027985913134,4.2300807401768366e-05,2.4378768356465694e-10,0.0019168756965867216,5.119088218176359e-11,0.0005350543700779393,2.829754003038912e-09,5.427033957696952e-06,2.691515235148661e-09,1.462721725843215e-10,1.1433602905724193e-05,2.1777903113149153e-05,0.005701779847157546,6.322419472770588e-06,0.0005605023881680614,4.16756425862259e-09,3.6036415010477978e-09,4.5720530498792654e-08,1.2625972325694215e-07,3.815734532779185e-08,0.000191877660625972,0.0033463066521128605,4.318451166901685e-07,0.0011749697582082521,5.920147255867312e-09,3.446407452137705e-05,8.540451823507686e-08,5.607960332527819e-06,1.5889892184593097e-10,1.326813939113583e-10,2.471278751654473e-06,1.1629796773660453e-07,6.124483875467838e-12,5.993569742518988e-11,2.9166039841462295e-11
3.6166439044730135e-06,0.16628943999999996,0.8585084662769803,0.0,0.0,0.4413161816464289,0.07962062010463128,0.007551832961582965,9.167073989631488e-06,0.0028216755537985045,0.05891977695035767,0.027670039864923543,4.2286558339139064e-05,2.4413017821193344e-10,0.0019165559932317114,5.118167956873061e-11,0.0005351155952001346,2.8297346459921624e-09,5.422309203414052e-06,2.6927727935624008e-09,1.4630727683202312e-10,1.142700213088013e-05,2.179016028053091e-05,0.005700646355411867,6.307044262390681e-06,0.0005606363657747717,4.15860584316604e-09,3.6007633211289487e-09,4.575228478096122e-08,1.2624999466547013e-07,3.824524558197822e-08,0.00019227128231477154,0.0033523243535918596,4.319887790026316e-07,0.0011755828488839949,5.919079249340375e-09,3.448347208878004e-05,8.54334898476466e-08,5.605015131503873e-06,1.5899194282468104e-10,1.3270607404164495e-10,2.472644478107353e-06,1.162572074617014e-07,6.127847426770034e-12,5.9882701945087e-11,2.9163051489379834e-11
3.618717978274445e-06,0.16628943999999996,0.8585084662769803,0.0,0.0,0.4413101673775497,0.07960587168008755,0.0075470602547510765,9.167141448935754e-06,0.002821496484333649,0.05895128085511407,0.02767979364468047,4.227231571834466e-05,2.444728811006042e-10,0.0019162363788300715,5.11724857144579e-11,0.0005351767945820779,2.8297156382295486e-09,5.417590651830996e-06,2.694029833421178e-09,1.4634233266793698e-10,1.142040596863411e-05,2.180241823755093e-05,0.005699513051928575,6.291721559231922e-06,0.0005607702727735175,4.149676035032208e-09,3.597887561278633e-09,4.578410099482537e-08,1.262402607883424e-07,3.8333243519627063e-08,0.00019266521791340665,0.003358344863363807,4.3213233880915327e-07,0.0011761957939424444,5.9180115022309185e-09,3.450287090592187e-05,8.54624408067074e-08,5.602071212477204e-06,1.590849349762088e-10,1.3273071486156987e-10,2.4740102243922383e-06,1.1621646513716971e-07,6.13121106251039e-12,5.982977596019895e-11,2.91600709027215e-11
3.6207920520758765e-06,0.16628943999999996,0.8585084662769803,0.0,0.0,0.4413041499656595,0.07959112605863124,0.007542290678352803,9.167208683464435e-06,0.002821317312103329,0.05898277874493035,0.027689541202534546,4.225807953528475e-05,2.448157921080671e-10,0.0019159168533519934,5.116330061851896e-11,0.0005352379682434698,2.829696980039983e-09,5.412878289302467e-06,2.6952863548820222e-09,1.4637734013292232e-10,1.1413814413036983e-05,2.1814676995431514e-05,0.005698379936738306,6.276451124385793e-06,0.0005609041092193008,4.1407747085311874e-09,3.595014219397794e-09,4.581597916017671e-08,1.2623052163740656e-07,3.842133912966788e-08,0.0001930594672433828,0.0033643681779092567,4.3227579617735483e-07,0.0011768085933996013,5.916944014508175e-09,3.452227099056255e-05,8.549137112590254e-08,5.599128575449066e-06,1.5917789829345414e-10,1.3275531641033253e-10,2.475375991756092e-06,1.1617574075284463e-07,6.134574785815238e-12,5.977691931866709e-11,2.9157098046824986e-11
3.622866125877308e-06,0.16628943999999996,0.8585084662769803,0.0,0.0,0.44129812941458824,0.07957638323978777,0.007537524230335388,9.167275693909368e-06,0.0028211380373394045,0.0590142706205251,0.027699282542615142,4.22438497858729e-05,2.45158911111657e-10,0.001915597416767818,5.115412428052442e-11,0.0005352991162039835,2.8296786717139006e-09,5.40817210222295e-06,2.6965423581020254e-09,1.4641229926781056e-10,1.1407227458161546e-05,2.182693656541277e-05,0.0056972470098716034,6.2612327203261665e-06,0.0005610378751670521,4.131901738688002e-09,3.5921432933894515e-09,4.5847919296749535e-08,1.262207772244709e-07,3.8509532400964706e-08,0.0001934540301261507,0.0033703942937115343,4.324191511748144e-07,0.001177421247271489,5.915876786141738e-09,3.454167236049025e-05,8.552028081886632e-08,5.5961872204193284e-06,1.5927083276938992e-10,1.3277987872710386e-10,2.476741781447828e-06,1.1613503429859721e-07,6.137938599815804e-12,5.972413186907519e-11,2.915413288722653e-11
3.6270142734801704e-06,0.16628943999999996,0.8585084662769803,0.0,0.0,0.4412860789102034,0.07954690600804155,0.007528000711238188,9.167409045300566e-06,0.0028207791811340217,0.05907723633192634,0.0277187465859582,4.221540957171739e-05,2.4584577261624185e-10,0.001914958810163278,5.113579787699578e-11,0.0005354213351009241,2.8296431058215056e-09,5.39877820018724e-06,2.699052810448156e-09,1.4648207271048277e-10,1.1394067326975896e-05,2.1851458186726886e-05,0.005694981721230636,6.2309510613095545e-06,0.0005613051957878307,4.114240372615735e-09,3.5864086806126486e-09,4.591198556221309e-08,1.2620127265963902e-07,3.8686211882461865e-08,0.00019424409583561044,0.0033824549150337085,4.32705554327605e-07,0.0011786461183236707,5.913743107358005e-09,3.458047902750048e-05,8.557803838059229e-08,5.590308356347659e-06,1.5945661516939349e-10,1.3282888582121242e-10,2.47947343282039e-06,1.1605367513999931e-07,6.1446665124534714e-12,5.96187639422518e-11,2.914822552005197e-11
3.631162421083033e-06,0.16628943999999996,0.8585084662769803,0.0,0.0,0.44127401589495646,0.07951743998105433,0.007518489681061788,9.167541508585272e-06,0.002820419917555793,0.05914017799507468,0.02773818580768407,4.218699504346355e-05,2.4653346463178205e-10,0.0019143205587821182,5.111750650149345e-11,0.0005355434514297178,2.829608942906117e-09,5.389408837671523e-06,2.7015611917174743e-09,1.4655165332205033e-10,1.1380925528093353e-05,2.187598319177094e-05,0.005692717186248243,6.200874709232481e-06,0.000561572235073893,4.0966909511114745e-09,3.5806837062136236e-09,4.5976299947952906e-08,1.2618174718753828e-07,3.886328187374351e-08,0.0001950354136123598,0.0033945266992522027,4.3299154880728864e-07,0.0011798704072276565,5.911610465643704e-09,3.4619291049822604e-05,8.563571360078071e-08,5.584434620233675e-06,1.5964228212067435e-10,1.3287773645668874e-10,2.482205188540412e-06,1.1597238758105735e-07,6.151394825571173e-12,5.951367097720199e-11,2.914234852940218e-11
3.6353105686858955e-06,0.16628943999999996,0.8585084662769803,0.0,0.0,0.44126194039934646,0.07948798515503301,0.007508991123427982,9.167673089192935e-06,0.002820060248429885,0.05920309561573364,0.027757600240718976,4.2158606168914554e-05,2.47221986174704e-10,0.001913682662392315,5.1099250152222193e-11,0.0005356654653467339,2.8295761853455765e-09,5.380063907253037e-06,2.704067503168843e-09,1.466210414281672e-10,1.1367802014872472e-05,2.190051167110882e-05,0.005690453405165578,6.171001812627565e-06,0.0005618389934621592,4.079252499580836e-09,3.5749683534906207e-09,4.604086260979531e-08,1.2616220090124623e-07,3.904074228340493e-08,0.0001958279820261454,0.0034066096183329336,4.332771351529417e-07,0.001181094114112497,5.909478860768469e-09,3.4658108570779624e-05,8.569330658818477e-08,5.578566012026979e-06,1.5982783356822178e-10,1.3292643094586707e-10,2.4849370586698096e-06,1.1589117154201333e-07,6.1581235643952696e-12,5.940885177839813e-11,2.9136501646566384e-11
3.639458716288758e-06,0.16628943999999996,0.8585084662769803,0.0,0.0,0.44124985245380977,0.07945854152618599,0.007499505021978041,9.167803792507055e-06,0.0028197001755684782,0.05926598919967331,0.027776989917941156,4.213024291608826e-05,2.479113362604452e-10,0.0019130451207641185,5.108102882796487e-11,0.0005357873770078961,2.8295448355417233e-09,5.370743302134969e-06,2.706571746062098e-09,1.4669023735404616e-10,1.1354696741009812e-05,2.192504371559138e-05,0.005688190378222382,6.1413305412143736e-06,0.000562105471388428,4.061924054388228e-09,3.5692626057746063e-09,4.610567370265592e-08,1.2614263389323318e-07,3.921859301901317e-08,0.00019662179964588812,0.003418703644285722,4.335623139029558e-07,0.0011823172391076254,5.907348292507461e-09,3.469693173414867e-05,8.575081745141567e-08,5.5727025316554e-06,1.6001326945755624e-10,1.3297496960062236e-10,2.487669053302005e-06,1.1581002694366056e-07,6.164852754230888e-12,5.930430515727154e-11,2.9130684605876674e-11
3.6436068638916205e-06,0.16628943999999996,0.8585084662769803,0.0,0.0,0.4412377520887217,0.07942910909072333,0.007490031360372699,9.167933623865706e-06,0.002819339700770909,0.059328858752670216,0.027796354872181,4.210190525321399e-05,2.4860151390346066e-10,0.0019124079336700118,5.106284252807704e-11,0.0005359091865686835,2.829514895920277e-09,5.361446916142842e-06,2.7090739216580353e-09,1.467592414244596e-10,1.134160966053567e-05,2.1949579416357236e-05,0.005685928105656995,6.111859085604094e-06,0.0005623716692873857,4.044704662705771e-09,3.5635664464291097e-09,4.6170733380539836e-08,1.2612304625536895e-07,3.939683398710919e-08,0.00019741686503968803,0.0034308087491641353,4.3384708559504366e-07,0.0011835397823428513,5.90521876064127e-09,3.473576068416229e-05,8.580824629894346e-08,5.566844179025105e-06,1.6019858973472995e-10,1.3302335273236955e-10,2.4904011825620192e-06,1.1572895370733561e-07,6.171582420462151e-12,5.92000299321723e-11,2.9124897144666246e-11
3.647755011494483e-06,0.16628943999999996,0.8585084662769803,0.0,0.0,0.44122563933439596,0.07939968784485639,0.007480570122292138,9.168062588562028e-06,0.002818978825823809,0.059391704280507336,0.027815695136221265,4.2073593148729543e-05,2.4929251811723067e-10,0.001911771100884678,5.104469125248185e-11,0.0005360308941841327,2.829486368930736e-09,5.352174643720897e-06,2.7115740312184126e-09,1.4682805396374064e-10,1.1328540727809875e-05,2.197411886483349e-05,0.005683666587706351,6.082585657005813e-06,0.0005626375875926114,4.027593382361984e-09,3.5578798588500998e-09,4.623604179654281e-08,1.261034380789288e-07,3.957546509321108e-08,0.00019821317677483024,0.0034429249050653425,4.3413145076623654e-07,0.0011847617439483633,5.903090264955804e-09,3.4774595565509564e-05,8.586559323909734e-08,5.5609909540207004e-06,1.603837943463245e-10,1.3307158065206358e-10,2.4931334566065426e-06,1.1564795175491009e-07,6.178312588552352e-12,5.909602492832892e-11,2.911913900322691e-11
3.653841099799869e-06,0.16628943999999996,0.8585084662769803,0.0,0.0,0.4412078453568656,0.07935654176092469,0.007466711213518958,9.168250245661842e-06,0.002818448636002834,0.059483866648894004,0.027844026208867827,4.203210032578772e-05,2.5030784114336733e-10,0.0019108373919590107,5.1018123415831705e-11,0.0005362092772426306,2.82944707654521e-09,5.33861395457568e-06,2.71523841076891e-09,1.4692866852082182e-10,1.1309398973359699e-05,2.2010129681625187e-05,0.005680349895107155,6.0399909191168266e-06,0.0005630272330622342,4.002681741260573e-09,3.54955388811527e-09,4.6332311651644745e-08,1.2607463232830244e-07,3.98382553834537e-08,0.00019938376393236162,0.00346072145628987,4.3454793164071816e-07,0.0011865535318389129,5.8999692489346385e-09,3.4831584450831e-05,8.594958363050981e-08,5.5524124867240685e-06,1.6065531380092582e-10,1.3314205952776483e-10,2.4971424838020943e-06,1.1552923598728545e-07,6.188187933108365e-12,5.89439172713596e-11,2.9110743290130904e-11
3.659927188105255e-06,0.16628943999999996,0.8585084662769803,0.0,0.0,0.44119002487039194,0.07931341974387435,0.0074528789614280696,9.168436064859373e-06,0.002817917594181496,0.05957597733092705,0.02787230430646893,4.199066235473278e-05,2.513249382168133e-10,0.0019099044445502846,5.099163097816153e-11,0.0005363874416704379,2.829410838255885e-09,5.3251046180457284e-06,2.7188983496327546e-09,1.470288725018552e-10,1.12902960448326e-05,2.204614905411496e-05,0.00567703482815479,5.997813148529552e-06,0.0005634162789641159,3.977997917599663e-09,3.5412484339115475e-09,4.6429117750806146e-08,1.2604578284509967e-07,4.0101884982579984e-08,0.00020055702637701323,0.0034785416484255866,4.349635402744995e-07,0.0011883440683945756,5.896850462332018e-09,3.488858687682775e-05,8.603339828018742e-08,5.543845056461678e-06,1.6092658399233198e-10,1.3321220593745772e-10,2.5011518769048864e-06,1.1541067325704758e-07,6.1980644939592374e-12,5.879238512410753e-11,2.910240933944482e-11
3.666013276410641e-06,0.16628943999999996,0.8585084662769803,0.0,0.0,0.44117217797001,0.07927032178175754,0.007439073314703687,9.168620062360343e-06,0.002817385705857712,0.059668036344943776,0.02790052953201036,4.194927913823393e-05,2.52343806210654e-10,0.001908972257971561,5.096521394572135e-11,0.0005365653879520877,2.829377662074063e-09,5.311646307887005e-06,2.7225538518062802e-09,1.47128666926075e-10,1.1271231801821493e-05,2.2082177274449243e-05,0.005673721387581448,5.95604692860717e-06,0.0005638047266547908,3.953539056248942e-09,3.532963444173883e-09,4.652646056692412e-08,1.2601688991081895e-07,4.0366353580287266e-08,0.00020173295957443108,0.0034963853938528144,4.353782783558044e-07,0.0011901333540308976,5.893733904531008e-09,3.4945603305839577e-05,8.611703752863527e-08,5.535288662620102e-06,1.6119760475797523e-10,1.3328202085784234e-10,2.50516166836521e-06,1.1529226332346862e-07,6.207942352456287e-12,5.864142485558696e-11,2.9094136364393215e-11
3.6720993647160272e-06,0.16628943999999996,0.8585084662769803,0.0,0.0,0.44115430475047934,0.07922724786263316,0.007425294222119842,9.168802254173276e-06,0.0028168529764735356,0.0597600437093096,0.027928701988261254,4.190795057985848e-05,2.533644419936183e-10,0.0019080408315452746,5.093887232727734e-11,0.0005367431165701055,2.829347556118957e-09,5.29823870064098e-06,2.7262049212903326e-09,1.4722805281070326e-10,1.1252206105354695e-05,2.2118214636128363e-05,0.005670409574113019,5.914686931832953e-06,0.0005641925774857566,3.929302348214177e-09,3.5246988669844624e-09,4.662434056868782e-08,1.25987953804341e-07,4.063166086157978e-08,0.00020291155898657421,0.0035142526051506863,4.3579214756975874e-07,0.0011919213891651446,5.890619574936953e-09,3.500263420234891e-05,8.62005017157185e-08,5.526743304488443e-06,1.6146837593770532e-10,1.3335150526347943e-10,2.5091718907819896e-06,1.1517400594811581e-07,6.21782159032208e-12,5.849103286577926e-11,2.9085923591007518e-11
3.6781854530214133e-06,0.16628943999999996,0.8585084662769803,0.0,0.0,0.44113640530628756,0.07918419797456694,0.0074115416325402856,9.168982656112623e-06,0.0028163194114160274,0.05985199944241769,0.027956821777775268,4.1866676584052505e-05,2.543868424301268e-10,0.001907110164603002,5.091260613407976e-11,0.0005369206280050233,2.8293205286170533e-09,5.284881475610693e-06,2.7298515620902907e-09,1.4732703117095608e-10,1.1233218817870232e-05,2.2154261434011373e-05,0.005667099388469123,5.873727918010338e-06,0.0005645798328035017,3.905285029716668e-09,3.5164546505717642e-09,4.672275822057631e-08,1.2595897480196617e-07,4.089780650677753e-08,0.00020409282007173522,0.0035321431950962132,4.362051495984202e-07,0.001193708174216288,5.887507472976765e-09,3.505968003298887e-05,8.628379118066717e-08,5.518208981259054e-06,1.6173889737378436e-10,1.3342066012678816e-10,2.5131825769033194e-06,1.1505590089479874e-07,6.227702289651732e-12,5.834120558536772e-11,2.907777025786969e-11
3.6842715413267993e-06,0.16628943999999996,0.8585084662769803,0.0,0.0,0.44111847973165286,0.07914117210563125,0.007397815494918402,9.169161283801848e-06,0.002815785016018085,0.05994390356268845,0.02798488900289166,4.182545705612203e-05,2.5541100438033846e-10,0.0019061802564852416,5.0886415379831324e-11,0.0005370979227353901,2.829296587901458e-09,5.271574314836958e-06,2.733493778216017e-09,1.474256030200499e-10,1.1214269803190599e-05,2.2190317964321454e-05,0.005663790831363163,5.833164732523704e-06,0.0005649664939495393,3.881484381295165e-09,3.5082307433098205e-09,4.6821713982872354e-08,1.2592995317746235e-07,4.1164790191544885e-08,0.00020527673828459424,0.0035500570766633637,4.3661728612077345e-07,0.0011954937096049943,5.8843975980983764e-09,3.5116741266550766e-05,8.636690626207668e-08,5.509685692028257e-06,1.6200916891086935e-10,1.3348948641804643e-10,2.5171937596270044e-06,1.149379479295199e-07,6.2375845329143405e-12,5.819193947546886e-11,2.9069675615861362e-11
3.6903576296321854e-06,0.16628943999999996,0.8585084662769803,0.0,0.0,0.44110052812052597,0.07909817024390528,0.007384115758297114,9.16933815267644e-06,0.0028152497955592787,0.06003575608856911,0.028012903765736438,4.1784291902214644e-05,2.564369247001988e-10,0.001905251106541191,5.086030008065636e-11,0.0005372750012377855,2.82927574241134e-09,5.25831690307471e-06,2.7371315736818403e-09,1.4752376936920687e-10,1.1195358926498248e-05,2.222638452465076e-05,0.005660483903502366,5.792992304647207e-06,0.0005653525622604384,3.857897726934133e-09,3.5000270937174353e-09,4.69212083116695e-08,1.259008892021018e-07,4.1432611586910555e-08,0.0002064633090762548,0.0035679941630221883,4.370285588127187e-07,0.0011972779957536166,5.881289949770164e-09,3.5173818373991915e-05,8.644984729790988e-08,5.501173435797038e-06,1.6227919039599216e-10,1.3355798510538888e-10,2.52120547200109e-06,1.148201468204255e-07,6.2474684029541e-12,5.804323102736971e-11,2.906163892792121e-11
3.6964437179375714e-06,0.16628943999999996,0.8585084662769803,0.0,0.0,0.44108255056659296,0.07905519237747467,0.007370442371808788,9.169513277986847e-06,0.0028147137552666625,0.060127557038533314,0.02804086616822341,4.174318102930142e-05,2.5746460024148657e-10,0.0019043227141285345,5.0834260255070574e-11,0.0005374518639868316,2.8292580006913695e-09,5.2451089277694895e-06,2.7407649525066657e-09,1.476215312276607e-10,1.1176486054311472e-05,2.2262461413964553e-05,0.00565717860558783,5.753205645869116e-06,0.0005657380390678507,3.834522433219799e-09,3.491843650457072e-09,4.7021241658850776e-08,1.258717831446785e-07,4.1701270359252406e-08,0.00020765252789422615,0.0035859543675379885,4.374389693471467e-07,0.0011990610330861857,5.8781845274800565e-09,3.523091182844413e-05,8.65326146255072e-08,5.492672211471767e-06,1.625489616785749e-10,1.3362615715480102e-10,2.5252177472243893e-06,1.147024973377541e-07,6.257353982991344e-12,5.78950767622741e-11,2.905365946881169e-11
3.7025298062429575e-06,0.16628943999999996,0.8585084662769803,0.0,0.0,0.44106454716327803,0.07901223849443183,0.007356795284675145,9.169686674801403e-06,0.002814176900315566,0.06021930643108069,0.028068776312055264,4.170212434515928e-05,2.584940278518608e-10,0.0019033950786132314,5.080829592395152e-11,0.0005376285114552052,2.8292433713910576e-09,5.231950079034076e-06,2.7443939187139326e-09,1.4771888960266188e-10,1.1157651054461021e-05,2.2298548932606583e-05,0.005653874938314564,5.71379984825885e-06,0.0005661229256985344,3.811355908501042e-09,3.483680362334075e-09,4.712181447209936e-08,1.2584263527156006e-07,4.197076617032265e-08,0.00020884439018247598,0.0036039376037704392,4.3784851939396894e-07,0.001200842822028397,5.8750813307349776e-09,3.528802210522096e-05,8.66152085815874e-08,5.484182017864894e-06,1.6281848261042385e-10,1.3369400353012103e-10,2.529230618647012e-06,1.1458499925378939e-07,6.2672413566242395e-12,5.774747323103683e-11,2.904573652488432e-11
3.7086158945483435e-06,0.16628943999999996,0.8585084662769803,0.0,0.0,0.4410465180037449,0.07896930858287557,0.00734317444620716,9.16985835800915e-06,0.0028136392358303775,0.06031100428473639,0.028096634298724603,4.166112175835364e-05,2.5952520437490724e-10,0.0019024681993693125,5.078240711050955e-11,0.0005378049441136508,2.829231863264212e-09,5.218840049625248e-06,2.7480184763314424e-09,1.4781584549948312e-10,1.113885379606711e-05,2.2334647382305322e-05,0.005650572902371532,5.674770082897995e-06,0.0005665072234743729,3.788395602048062e-09,3.47553717829646e-09,4.722292719494988e-08,1.2581344584675598e-07,4.224109867732092e-08,0.00021003889138155148,0.0036219437854726803,4.382572106199817e-07,0.0012026233630076028,5.871980359060812e-09,3.5345149681823855e-05,8.669762950223748e-08,5.475702853695649e-06,1.6308775304565315e-10,1.3376152519304563e-10,2.5332441197708773e-06,1.1446765234281666e-07,6.277130607830218e-12,5.760041701389144e-11,2.903786939384216e-11
3.7147019828537296e-06,0.16628943999999996,0.8585084662769803,0.0,0.0,0.4410284631809,0.07892640263091125,0.007329579805804975,9.170028342322628e-06,0.0028131007668853107,0.06040265061805069,0.028124440229514918,4.162017317822159e-05,2.6055812665018526e-10,0.001901542075778679,5.0756593840259694e-11,0.0005379811624309901,2.829223485168584e-09,5.2057785349207465e-06,2.751638629391507e-09,1.4791239992142376e-10,1.1120094149517123e-05,2.237075706617666e-05,0.005647272498441693,5.636111598331944e-06,0.0005668909337124343,3.765639003282488e-09,3.467414047433681e-09,4.732458026674761e-08,1.2578421513189843e-07,4.251226753285399e-08,0.0002112360269285122,0.003639972826590599,4.386650446889378e-07,0.0012044026564528008,5.868881612001354e-09,3.5402295037951824e-05,8.677987772292899e-08,5.4672347175907474e-06,1.633567728407089e-10,1.3382872310311735e-10,2.5372582842502327e-06,1.1435045638107545e-07,6.2870218209660985e-12,5.745390472021542e-11,2.9030057384529796e-11
3.7207880711591156e-06,0.16628943999999996,0.8585084662769803,0.0,0.0,0.44101038278739374,0.0788835206266508,0.0073160113129577976,9.170196642280615e-06,0.002812561498505149,0.060494245449598714,0.028152194205501618,4.157927851485522e-05,2.6159279151327424e-10,0.0019006167072309053,5.073085614099385e-11,0.0005381571668741371,2.8292182460652244e-09,5.192765232896304e-06,2.7552543819311446e-09,1.4800855386981492e-10,1.1101371986443663e-05,2.240687828872701e-05,0.005643973727202043,5.5978197190372365e-06,0.0005672740577250178,3.74308364105388e-09,3.4593109189748487e-09,4.742677412258e-08,1.257549433862422e-07,4.278427238486673e-08,0.00021243579225685048,0.00365802464126212,4.390720232618469e-07,0.001206180702794627,5.865785089116844e-09,3.545945865551067e-05,8.686195357853993e-08,5.458777608085072e-06,1.6362554185448803e-10,1.338955982177141e-10,2.5412731458921637e-06,1.1423341114671023e-07,6.2969150807696096e-12,5.730793298828999e-11,2.9022299816736458e-11
3.7268741594645017e-06,0.16628943999999996,0.8585084662769803,0.0,0.0,0.440992276915624,0.07884066255821241,0.0073024689172438055,9.170363272250794e-06,0.002812021435665991,0.060585788797979837,0.02817989632755303,4.153843767908554e-05,2.626291957958196e-10,0.0018996920931230504,5.070519404275382e-11,0.0005383329579081076,2.8292161550176783e-09,5.179799844102913e-06,2.7588657379916965e-09,1.4810430834402428e-10,1.108268717970328e-05,2.244301135586357e-05,0.005640676589323661,5.5598898439504205e-06,0.0005676565968195711,3.720727082788395e-09,3.451227742289617e-09,4.752950919342095e-08,1.2572563086683693e-07,4.305711287682879e-08,0.00021363818279680026,0.0036760991438161503,4.394781479966704e-07,0.0012079575024653436,5.862690789985025e-09,3.551664101861491e-05,8.694385740331703e-08,5.450331523622365e-06,1.6389405994816192e-10,1.339621514920799e-10,2.5452887386571e-06,1.1411651641973195e-07,6.306810472362772e-12,5.716249848499038e-11,2.9014596020946904e-11
3.7329602477698877e-06,0.16628943999999996,0.8585084662769803,0.0,0.0,0.4409741456577369,0.07879782841372082,0.007288952568330059,9.170528246432396e-06,0.0028114805832959652,0.060677280681817325,0.028207546696331274,4.1497650582466466e-05,2.6366733632557875e-10,0.0018987682328594651,5.0679607577804785e-11,0.0005385085359960313,2.8292172211919452e-09,5.166882071644171e-06,2.7624727016186563e-09,1.4819966434146003e-10,1.1064039603355473e-05,2.2479156574899004e-05,0.005637381085471733,5.52231744503858e-06,0.0005680385522987364,3.6985669336781886e-09,3.4431644668885037e-09,4.763278590619911e-08,1.256962778285455e-07,4.33307886478183e-08,0.00021484319397541975,0.0036941962487717643,4.398834205479144e-07,0.001209733055898829,5.859598714201468e-09,3.557384261359513e-05,8.702558953086335e-08,5.441896462555925e-06,1.6416232698497743e-10,1.3402838387932208e-10,2.5493050966593175e-06,1.1399977198197899e-07,6.316708081251003e-12,5.701759790553795e-11,2.9006945338114256e-11
3.7390463360752738e-06,0.16628943999999996,0.8585084662769803,0.0,0.0,0.4409559891056295,0.07875501818130709,0.007275462215972394,9.170691578858752e-06,0.002810938946275943,0.060768721119758055,0.02823514541229324,4.145691713725947e-05,2.647072099264669e-10,0.0018978451258516156,5.065409678060942e-11,0.0005386839015991642,2.829221453856336e-09,5.154011621153832e-06,2.766075276862402e-09,1.4829462285757547e-10,1.1045429132642382e-05,2.2515314254544188e-05,0.005634087216305607,5.4850980658739045e-06,0.0005684199254606609,3.6766008362070894e-09,3.4351210424179438e-09,4.7736604683465464e-08,1.2566688452378684e-07,4.360529933213692e-08,0.00021605082121603535,0.0037123158708380227,4.4028784256759957e-07,0.001211507363530567,5.856508861375037e-09,3.5631063929017406e-05,8.71071502942382e-08,5.43347242314927e-06,1.644303428307476e-10,1.3409429633034367e-10,2.55332225416744e-06,1.1388317761706626e-07,6.326607993320992e-12,5.687322797336923e-11,2.8999347119554467e-11
3.74513242438066e-06,0.16628943999999996,0.8585084662769803,0.0,0.0,0.440937807350952,0.07871223184910855,0.00726199781001534,9.170853283399867e-06,0.0028103965294402327,0.060860110130472184,0.028262692575691528,4.141623725641827e-05,2.6574881341860307e-10,0.0018969227715178974,5.0628661687802566e-11,0.0005388590551769004,2.829228862379883e-09,5.1411882007734524e-06,2.769673467778056e-09,1.4838918488587302e-10,1.1026855643968732e-05,2.2551484704920614e-05,0.00563079498247882,5.448227320247268e-06,0.0005688007175987838,3.654826469436714e-09,3.4270974186599893e-09,4.7840965943477307e-08,1.256374512027886e-07,4.388064455944335e-08,0.00021726105993857432,0.003730457924912923,4.406914157055552e-07,0.001213280425797642,5.85342123112809e-09,3.5688305455682694e-05,8.718854002592883e-08,5.425059403576841e-06,1.646981073539416e-10,1.3415988979388896e-10,2.5573402456049245e-06,1.1376673311034245e-07,6.336510294848555e-12,5.672938543980102e-11,2.8991800726733027e-11
3.751218512686046e-06,0.16628943999999996,0.8585084662769803,0.0,0.0,0.4409196004851099,0.07866946940526891,0.007248559300392,9.171013373764851e-06,0.002809853337577261,0.0609514477326524,0.02829018828657527,4.137561085357401e-05,2.667921436183548e-10,0.001896001169283466,5.060330233816659e-11,0.0005390339971867815,2.8292394562319364e-09,5.128411521130263e-06,2.773267278424251e-09,1.4848335141790839e-10,1.1008319014882433e-05,2.2587668237585382e-05,0.0056275043846391445,5.411700890835662e-06,0.0005691809300013325,3.633241547766097e-09,3.419093545540383e-09,4.794587010086343e-08,1.256079781140974e-07,4.4156823955528295e-08,0.0002184739055605886,0.003748622326081678,4.410941416071767e-07,0.0012150522431387258,5.85033582310415e-09,3.574556768661375e-05,8.726975905766424e-08,5.416657401924656e-06,1.6496562042448007e-10,1.3422516521665678e-10,2.5613591055505608e-06,1.1365043824886441e-07,6.346415072502504e-12,5.6586067083584416e-11,2.8984305530874507e-11
3.757304600991432e-06,0.16628943999999996,0.8585084662769803,0.0,0.0,0.44090136859926526,0.0786267308379381,0.007235146637123981,9.171171863504403e-06,0.0028093093754302453,0.06104273394501385,0.028317632644791098,4.1335037843020706e-05,2.6783719733838427e-10,0.0018950803185800611,5.0578018772606946e-11,0.0005392087280845087,2.8292532449840166e-09,5.115681295315103e-06,2.7768567128639804e-09,1.4857712344329433e-10,1.0989819124055358e-05,2.262386516550597e-05,0.005624215423428615,5.375514527884043e-06,0.0005695605639522901,3.611843820618975e-09,3.4111093731212384e-09,4.805131756603561e-08,1.2557846550382426e-07,4.443383714159098e-08,0.00021968935349601064,0.0037668089896172817,4.414960219142914e-07,0.0012168228159940679,5.847252636960546e-09,3.580285111709221e-05,8.735080772060648e-08,5.4082664161909954e-06,1.6523288191425785e-10,1.342901235431251e-10,2.56537886873895e-06,1.1353429282135369e-07,6.356322413329727e-12,5.644326971097411e-11,2.897686091293773e-11
3.763390689296818e-06,0.16628943999999996,0.8585084662769803,0.0,0.0,0.44088311178433787,0.07858401613527227,0.007221759770321273,9.171328766013158e-06,0.0028087646476978494,0.0611339687862939,0.028345025749983915,4.129451813970107e-05,2.6888397138769263e-10,0.0018941602188458416,5.055281103412875e-11,0.0005393832483239574,2.829270238307853e-09,5.1029972388606105e-06,2.7804417751662514e-09,1.4867050194970394e-10,1.097135585126484e-05,2.2660075803040233e-05,0.005620928099483575,5.339664047907404e-06,0.0005699396207319884,3.590631072736395e-09,3.4031448515857857e-09,4.8157308744184167e-08,1.2554891361515266e-07,4.471168373316236e-08,0.00022090739915409414,0.0037850178309808812,4.418970582694699e-07,0.0012185921448054815,5.8441716723548e-09,3.5860156244690104e-05,8.743168634563599e-08,5.39988644428707e-06,1.6549989169947547e-10,1.3435476571541976e-10,2.569399570060989e-06,1.1341829661813916e-07,6.366232404761023e-12,5.6300990155710487e-11,2.8969466263747424e-11
3.769476777602204e-06,0.16628943999999996,0.8585084662769803,0.0,0.0,0.4408648301310102,0.07854132528543385,0.007208398650182171,9.171484094532058e-06,0.0028082191590348277,0.061225152275251535,0.028372367701597817,4.12540516591925e-05,2.6993246257166515e-10,0.001893240869525221,5.052767916781347e-11,0.0005395575583571822,2.8292904459712756e-09,5.090359069719461e-06,2.784022469403662e-09,1.48763487922875e-10,1.0952929077375275e-05,2.2696300466020653e-05,0.0056176424134347,5.304145332436935e-06,0.0005703181016146179,3.5696011221251906e-09,3.395199931261349e-09,4.826384403718549e-08,1.2551932269039835e-07,4.499036334237265e-08,0.00022212803794277618,0.003803248765817752,4.422972523113998e-07,0.001220360230016344,5.8410929289674596e-09,3.5917483569197274e-05,8.751239526276504e-08,5.391517484037679e-06,1.6576664965795674e-10,1.3441909267377292e-10,2.5734212445643465e-06,1.1330244943113398e-07,6.37614513464368e-12,5.6159225277954705e-11,2.896212098325846e-11
3.7749542570770515e-06,0.16628943999999996,0.8585084662769803,0.0,0.0,0.44084835548094065,0.07850292390496788,0.00719639561436432,9.171622555259356e-06,0.0028077275724546972,0.06130717352459888,0.02839693180376969,4.121767726296366e-05,2.708775701441508e-10,0.001892414096286011,5.050512539774417e-11,0.0005397142580329305,2.8293113892843736e-09,5.079023719966349e-06,2.7872413628892925e-09,1.488468404959654e-10,1.093637608983128e-05,2.272891491668447e-05,0.005614686696908663,5.272458794675619e-06,0.0005706582430657373,3.5508286800815023e-09,3.3880662210803334e-09,4.8360191349354314e-08,1.2549265768159264e-07,4.52418868981112e-08,0.00022322882618259712,0.0038196754275195205,4.426567081167156e-07,0.001221950443795353,5.838323958826443e-09,3.5969097554482756e-05,8.758488845978953e-08,5.38399483291094e-06,1.660065164057098e-10,1.344767182039131e-10,2.5770416127810053e-06,1.1319831420097157e-07,6.385069005825411e-12,5.6032074363350866e-11,2.895555195206825e-11
3.780431736551899e-06,0.16628943999999996,0.8585084662769803,0.0,0.0,0.4408318608507993,0.07846454182708772,0.007184413356894779,9.171759761098235e-06,0.0028072353765888143,0.06138915320748189,0.028421454624143826,4.118134584865486e-05,2.718240636713075e-10,0.0018915879300401895,5.0482633158049714e-11,0.0005398707881333524,2.829334951471453e-09,5.067725110174019e-06,2.7904567245185156e-09,1.4892987662989822e-10,1.0919852485408489e-05,2.2761541217178212e-05,0.005611732308036682,5.241034788595269e-06,0.0005709979199926852,3.5322010184560093e-09,3.3809483117351347e-09,4.8456980003870585e-08,1.2546596142094222e-07,4.549408459120816e-08,0.00022433170778285086,0.003836119855524643,4.430154841604452e-07,0.0012235396509437037,5.835556787410213e-09,3.602073029351467e-05,8.765724470004653e-08,5.37648109768692e-06,1.6624617898890047e-10,1.3453408985278043e-10,2.580662823562085e-06,1.1309429935712688e-07,6.393995231180221e-12,5.590533556470703e-11,2.894902200629028e-11
3.7853614680792617e-06,0.16628943999999996,0.8585084662769803,0.0,0.0,0.4408169986549465,0.0784300144535845,0.007173647060803648,9.171882181147054e-06,0.0028067918821020007,0.061462899394088014,0.028443489926120877,4.114868427549026e-05,2.726770909061623e-10,0.001890844899073692,5.046244278142282e-11,0.00054001152050614,2.829358402630671e-09,5.05758760814197e-06,2.7933475327094438e-09,1.4900433918559672e-10,1.0905006294010199e-05,2.279091521197222e-05,0.005609074493566581,5.212975273087497e-06,0.0005713032328185621,3.5155586511316834e-09,3.374555673336889e-09,4.8544467375669833e-08,1.254419082086293e-07,4.572163866117271e-08,0.00022532608827423347,0.003850934980407902,4.4333780238653683e-07,0.0012249690769777727,5.833067870873075e-09,3.606721609810686e-05,8.772224841609006e-08,5.369726357626452e-06,1.6646170068360606e-10,1.3458550783110814e-10,2.583922655043118e-06,1.130007888051701e-07,6.402030900418899e-12,5.579162115830653e-11,2.8943178126988533e-11
3.7897982264538884e-06,0.16628943999999996,0.8585084662769803,0.0,0.0,0.44080360892637543,0.0783989531742802,0.0071639717376173855,9.171991502164784e-06,0.002806392319367724,0.06152924219295272,0.02846329320146957,4.1119318548916104e-05,2.734457722336481e-10,0.0018901765910706405,5.044431410407034e-11,0.0005401380626235714,2.829381331899899e-09,5.048489041532946e-06,2.7959468179518983e-09,1.4907113726054482e-10,1.0891664961757664e-05,2.2817360316461402e-05,0.005606683380588694,5.187899827632805e-06,0.0005715776938447125,3.500678826631668e-09,3.368813195165404e-09,4.862351202916668e-08,1.2542023889680594e-07,4.592690381874376e-08,0.00022622247612859832,0.003864280817779191,4.4362741955698787e-07,0.0012262548636896588,5.830829091438583e-09,3.6109066788942205e-05,8.778065722076947e-08,5.3636532639675585e-06,1.6665552870469153e-10,1.3463160906724931e-10,2.586857120463953e-06,1.1291671249009883e-07,6.409264717244015e-12,5.5689560719574336e-11,2.89379451650015e-11
3.794234984828515e-06,0.16628943999999996,0.8585084662769803,0.0,0.0,0.44079020620531956,0.07836790454408743,0.0071543099829653066,9.172100016318642e-06,0.002805992362715884,0.06159555774447252,0.028483069519797847,4.108998091617551e-05,2.7421535872875417e-10,0.0018895086806233502,5.042622586470267e-11,0.0005402644940601943,2.829405992538224e-09,5.039414225514892e-06,2.7985437912417804e-09,1.4913772898843975e-10,1.087834275824339e-05,2.2843813611734478e-05,0.005604293139476005,5.162991581875082e-06,0.0005718518517273552,3.4858913150368708e-09,3.363081020166746e-09,4.870284674921502e-08,1.2539854938512553e-07,4.6132610754678346e-08,0.00022712023146994606,0.0038776382031457993,4.439165928439878e-07,0.0012275399905330583,5.82859149179466e-09,3.6150930442601076e-05,8.783897659305745e-08,5.357586016815902e-06,1.6684922262407642e-10,1.346775449404606e-10,2.5897921848583025e-06,1.1283271489779955e-07,6.416500194332624e-12,5.55877667236431e-11,2.893273711099544e-11
3.7986717432031416e-06,0.16628943999999996,0.8585084662769803,0.0,0.0,0.44077679052643925,0.07833686855843246,0.007144661777730592,9.172207728442559e-06,0.0028055920138651577,0.061661846055956517,0.028502818919232526,4.106067134575869e-05,2.749858491468088e-10,0.0018888411675282186,5.0408178084834654e-11,0.0005403908149875496,2.8294323885285118e-09,5.030363055562635e-06,2.801138454166128e-09,1.492041147472953e-10,1.086503963939541e-05,2.287027522305529e-05,0.005601903770461656,5.138249063876656e-06,0.0005721257069510918,3.471195335428964e-09,3.3573591293615888e-09,4.8782471682984054e-08,1.2537683976334934e-07,4.633875930964661e-08,0.0002280193525129235,0.0038910071041978506,4.4420532287744985e-07,0.0012288244576828262,5.826355071838817e-09,3.619280725732333e-05,8.78972066596837e-08,5.351524615158656e-06,1.6704278239947624e-10,1.347233158106257e-10,2.59272786212331e-06,1.1274879595062727e-07,6.42373736651339e-12,5.54862380068769e-11,2.892755375037521e-11
3.8031085015777682e-06,0.16628943999999996,0.8585084662769803,0.0,0.0,0.44076336192433097,0.07830584521274311,0.0071350271028211894,9.17231464333083e-06,0.002805191274522855,0.06172810713471919,0.028522541437845043,4.103138980631301e-05,2.7575724224219464e-10,0.001888174051583149,5.039017078653088e-11,0.0005405170255766827,2.829460523882472e-09,5.0213354277982315e-06,2.803730808312258e-09,1.4927029491458387e-10,1.0851755561419823e-05,2.289674527610669e-05,0.005599515273777247,5.113670818068986e-06,0.0005723992599993865,3.4565901147704704e-09,3.351647503816813e-09,4.886238697702689e-08,1.2535511012076877e-07,4.6545349323590163e-08,0.00022891983747140883,0.0039043874886767914,4.4449361028328874e-07,0.0012301082653142436,5.8241198314793945e-09,3.623469743199204e-05,8.79553475470631e-08,5.345469057959711e-06,1.6723620798718079e-10,1.3476892203704637e-10,2.595664166201192e-06,1.1266495557132656e-07,6.4309762687159376e-12,5.538497341279043e-11,2.8922394870720348e-11
3.807545259952395e-06,0.16628943999999996,0.8585084662769803,0.0,0.0,0.4407499204335257,0.07827483450244911,0.0071254059391697945,9.172420765738522e-06,0.002804790146385039,0.06179434098808046,0.028542237113651638,4.10021362666406e-05,2.7652953676835775e-10,0.001887507332587525,5.037220399240163e-11,0.0005406431259981455,2.829490402639686e-09,5.0123312389867115e-06,2.806320855268506e-09,1.4933626986723762e-10,1.0838490480797538e-05,2.2923223896969257e-05,0.005597127649652842,5.089255405030755e-06,0.0005726725113548615,3.442074888899267e-09,3.3459461246287924e-09,4.89425927762604e-08,1.2533336054583683e-07,4.6752380634745907e-08,0.00022982168455812338,0.003917779324375666,4.447814556887204e-07,0.0012313914136030132,5.821885770620906e-09,3.627660116615705e-05,8.801339938159541e-08,5.339419344159799e-06,1.674294993454375e-10,1.3481436397833928e-10,2.5986011110793305e-06,1.1258119368302812e-07,6.4382169359832725e-12,5.528397179217674e-11,2.891726026209277e-11
3.8119820183270215e-06,0.16628943999999996,0.8585084662769803,0.0,0.0,0.4407364660884914,0.0782438364229817,0.007115798267733831,9.172526100381904e-06,0.0028043886311366387,0.06186054762336572,0.028561905984613487,4.097291069569586e-05,2.77302731477817e-10,0.00188684101034218,5.035427772559904e-11,0.0005407691164220007,2.8295220288652254e-09,5.003350386531854e-06,2.8089085966253537e-09,1.494020399816485e-10,1.0825244354281096e-05,2.294971121214244e-05,0.005594740898316982,5.065001401270697e-06,0.0005729454614983818,3.427648902219279e-09,3.3402549729269537e-09,4.902308922427224e-08,1.25311591126729e-07,4.69598530800293e-08,0.00023072489198529286,0.0039311825791383355,4.4506885972195397e-07,0.0012326739027252586,5.819652889168081e-09,3.631851866001614e-05,8.8071362289548e-08,5.333375472676627e-06,1.6762265643431024e-10,1.3485964199255835e-10,2.6015387107903605e-06,1.124975102092349e-07,6.4454594034844195e-12,5.5183232002839706e-11,2.8912149716914532e-11
3.816418776701648e-06,0.16628943999999996,0.8585084662769803,0.0,0.0,0.44072299892363226,0.07821285096977391,0.007106204069495425,9.172630651938845e-06,0.0028039867304515665,0.06192672704790563,0.028581548088636822,4.094371306258305e-05,2.7807682512217236e-10,0.0018861750846493686,5.033639200981294e-11,0.0005408949970178221,2.829555406652682e-09,4.994392768471978e-06,2.8114940339740343e-09,1.4946760563366926e-10,1.0812017138891527e-05,2.2976207348552544e-05,0.005592355019996684,5.0409073990130855e-06,0.0005732181109095233,3.413311406426353e-09,3.334574029890281e-09,4.910387646425174e-08,1.252898019512568e-07,4.716776649583532e-08,0.00023162945796441958,0.003944597220859581,4.4535582300600943e-07,0.0012339557328575202,5.817421187039524e-09,3.636045011440923e-05,8.812923639680638e-08,5.327337442405014e-06,1.6781567921157369e-10,1.3490475643719928e-10,2.604476979412268e-06,1.1241390507381552e-07,6.45270370648739e-12,5.5082752909550693e-11,2.89070630296192e-11
3.820855535076275e-06,0.16628943999999996,0.8585084662769803,0.0,0.0,0.4407095189732889,0.07818187813826045,0.0070966233254613886,9.172734425049245e-06,0.002803584445992825,0.06199287926903603,0.028601163463573123,4.0914543336554075e-05,2.7885181645211416e-10,0.001885509555312741,5.031854686926712e-11,0.0005410207679546978,2.8295905401240443e-09,4.9854582834757694e-06,2.8140771689063327e-09,1.4953296719861378e-10,1.0798808791915257e-05,2.30027124335213e-05,0.005589970014917449,5.0169720059852e-06,0.0005734904600672416,3.3990616617937957e-09,3.3289032767262397e-09,4.918495463770796e-08,1.2526799310626402e-07,4.7376120716804026e-08,0.0002325353807057722,0.003958023217485503,4.4564234616521e-07,0.0012352369041767571,5.815190664148937e-09,3.64023957308521e-05,8.818702182926813e-08,5.321305252217003e-06,1.6800856763692256e-10,1.349497076690419e-10,2.607415931068476e-06,1.1233037820100408e-07,6.459949880370707e-12,5.498253338427573e-11,2.8901999997042305e-11
3.825292293450901e-06,0.16628943999999996,0.8585084662769803,0.0,0.0,0.44069602627173887,0.07815091792387771,0.007087056016663196,9.172837424315425e-06,0.0028031817794126252,0.06205900429409795,0.028620752147219247,4.0885401487006014e-05,2.7962770421743193e-10,0.0018848444221373144,5.030074232871546e-11,0.0005411464294012303,2.829627433426186e-09,4.976546830838119e-06,2.8166580030159967e-09,1.4959812505125783e-10,1.0785619270901078e-05,2.302922659478915e-05,0.005587585883303266,4.993193845209828e-06,0.0005737625094487856,3.384898937128242e-09,3.3232426946707754e-09,4.926632388458892e-08,1.2524616467833188e-07,4.758491557605616e-08,0.00023344265841918546,0.003971460537012606,4.4592842982638905e-07,0.0012365174168603417,5.812961320406487e-09,3.6444355711515275e-05,8.824471871276548e-08,5.315278900962012e-06,1.6820132167301302e-10,1.3499449604429692e-10,2.610355579927934e-06,1.1224692951539152e-07,6.467197960645648e-12,5.4882572305860695e-11,2.8896960418365815e-11
3.829729051825528e-06,0.16628943999999996,0.8585084662769803,0.0,0.0,0.44068252085319765,0.07811997032206376,0.007077502124156973,9.17293965430252e-06,0.002802778732352489,0.06212510213043761,0.028640314177317553,4.085628748347898e-05,2.804044871670231e-10,0.0018841796849294482,5.02829784134383e-11,0.0005412719815255433,2.8296660907339197e-09,4.96765831047599e-06,2.8192365378980416e-09,1.496630795658392e-10,1.0772448533657138e-05,2.3055749960533533e-05,0.00558520262537663,4.969571554801865e-06,0.0005740342595299511,3.3708225078972634e-09,3.317592265013629e-09,4.934798434470837e-08,1.2522431675384076e-07,4.779415090644436e-08,0.00023435128931381658,0.003984909147487914,4.4621407460977164e-07,0.001237797271086058,5.810733155740135e-09,3.648633025920801e-05,8.830232717266195e-08,5.309258387466948e-06,1.683939412791527e-10,1.3503912191865498e-10,2.6132959402052163e-06,1.1216355894191589e-07,6.474447982920917e-12,5.4782868559914406e-11,2.8891944094612784e-11
3.834165810200155e-06,0.16628943999999996,0.8585084662769803,0.0,0.0,0.44066900275181764,0.07808903532825838,0.007067961629023458,9.173041119538874e-06,0.00280237530644336,0.062191172785406146,0.02865984959155608,4.0827201295653825e-05,2.8118216404890156e-10,0.0018835153434968175,5.0265255149238536e-11,0.0005413974244952781,2.8297065162511202e-09,4.958792622924316e-06,2.821812775147843e-09,1.4972783111605885e-10,1.0759296538248007e-05,2.3082282659325562e-05,0.005582820241358534,4.946103787765768e-06,0.0005743057107860346,3.3568316577821876e-09,3.3119519690731774e-09,4.942993615622613e-08,1.2520244941806608e-07,4.800382653908504e-08,0.00023526127159753654,0.003998369017009485,4.464992811364732e-07,0.0012390764670321024,5.80850617007282e-09,3.6528319577423776e-05,8.835984733434293e-08,5.303243710536339e-06,1.685864264161449e-10,1.350835856470597e-10,2.616237026160599e-06,1.1208026640585956e-07,6.4816999829110565e-12,5.468342103915947e-11,2.8886950829111146e-11
3.838602568574781e-06,0.16628943999999996,0.8585084662769803,0.0,0.0,0.44065547200168953,0.07805811293790292,0.007058434512367992,9.17314182451643e-06,0.0028019715033057117,0.062257216266359675,0.02867935842756865,4.079814289334995e-05,2.819607336102072e-10,0.0018828513976483852,5.024757256243826e-11,0.0005415227584775984,2.8297487142060706e-09,4.949949669331898e-06,2.824386716362342e-09,1.4979238007508092e-10,1.0746163242991751e-05,2.3108824820152784e-05,0.005580438731468488,4.9227892117969805e-06,0.000574576863690704,3.3429256791137073e-09,3.3063217881898357e-09,4.951217945541144e-08,1.2518056275600866e-07,4.8213942303288814e-08,0.00023617260347787622,0.0040118401137253365,4.4678405003228456e-07,0.001240355004877081,5.8062803633185716e-09,3.657032387031967e-05,8.8417279323228e-08,5.297234868952462e-06,1.6877877704950942e-10,1.3512788758387118e-10,2.619178852100156e-06,1.119970518328451e-07,6.488953996472072e-12,5.45842286430837e-11,2.8881980427552004e-11
3.843039326949408e-06,0.16628943999999996,0.8585084662769803,0.0,0.0,0.4406419286368426,0.07802720314644053,0.007048920755320504,9.173241773691115e-06,0.0028015673245496493,0.062323232580659325,0.02869884072293501,4.0769112246523154e-05,2.8274019459721395e-10,0.0018821878471943798,5.022993067987509e-11,0.0005416479836391938,2.829792688854143e-09,4.941129351457352e-06,2.8269583631401216e-09,1.4985672681553347e-10,1.0733048606457084e-05,2.3135376572452398e-05,0.005578058095924505,4.899626509088438e-06,0.0005748477187160603,3.329103870215307e-09,3.300701703762832e-09,4.959471437870107e-08,1.2515865685270056e-07,4.842449802838469e-08,0.00023708528316171578,0.004025322405833654,4.470683819147751e-07,0.0012416328848000049,5.804055735413952e-09,3.661234334268539e-05,8.847462326416121e-08,5.291231861475472e-06,1.68970993140209e-10,1.3517202808298358e-10,2.6221214323758485e-06,1.1191391514882603e-07,6.496210059556642e-12,5.448529027770743e-11,2.8877032697292997e-11
3.8474760853240345e-06,0.16628943999999996,0.8585084662769803,0.0,0.0,0.44062837269124355,0.0779963059493159,0.007039420339035474,9.1733409714832e-06,0.002801162771775019,0.06238922173567099,0.028718296515181017,4.074010932526352e-05,2.8352054575533875e-10,0.00188152469194627,5.0212329528898554e-11,0.000541773100146279,2.82983844448057e-09,4.932331571665071e-06,2.8295277170802233e-09,1.49920871709509e-10,1.0719952587460542e-05,2.3161938046053896e-05,0.00557567833494313,4.876614376137729e-06,0.0005751182763337575,3.3153655371534476e-09,3.2950916972218905e-09,4.9677541060995695e-08,1.2513673179190375e-07,4.8635493542070553e-08,0.0002379993088545899,0.00403881586158337,4.4735227740135284e-07,0.001242910106980291,5.80183228629173e-09,3.665437820000287e-05,8.853187928199472e-08,5.285234686843523e-06,1.69163074649619e-10,1.352160074975093e-10,2.625064781385608e-06,1.1183085628008133e-07,6.5034682082154356e-12,5.4386604856093e-11,2.8872107447879277e-11
3.851912843698661e-06,0.16628943999999996,0.8585084662769803,0.0,0.0,0.4406148041987988,0.07796542134197551,0.007029933244691928,9.173439422277694e-06,0.0028007578465715026,0.06245518373876526,0.028737725841778687,4.071113409979327e-05,2.8430178582915026e-10,0.0018808619317167382,5.0194769137366824e-11,0.0005418981081645965,2.8298859853947507e-09,4.923556232921194e-06,2.8320947797827936e-09,1.4998481512856496e-10,1.0706875145063688e-05,2.3188509371197218e-05,0.005573299448739436,4.853751523557003e-06,0.0005753885370138932,3.30170999495799e-09,3.289491750009721e-09,4.976065963483912e-08,1.2511478765703016e-07,4.884692866982214e-08,0.0002389146787618094,0.004052320449272942,4.476357371171251e-07,0.0012441866715977592,5.799610015868071e-09,3.669642864842999e-05,8.858904750176237e-08,5.279243343772901e-06,1.693550215464294e-10,1.3525982617994657e-10,2.628008913573425e-06,1.1174787515321218e-07,6.510728478651249e-12,5.4288171297985087e-11,2.8867204491272545e-11
3.856349602073288e-06,0.16628943999999996,0.8585084662769803,0.0,0.0,0.440601223193354,0.07793454931986742,0.007020459453493403,9.173537130424699e-06,0.002800352550518726,0.06252111859731757,0.028757128740146423,4.068218654046476e-05,2.8508391356237765e-10,0.0018801995663196582,5.017724953364337e-11,0.0005420230078594213,2.8299353159320234e-09,4.914803238789618e-06,2.8346595528497783e-09,1.5004855744372408e-10,1.0693816238570402e-05,2.3215090678587466e-05,0.005570921437527023,4.831036675889018e-06,0.0005756585012249667,3.2881365639686188e-09,3.283901843633357e-09,4.984407023326416e-08,1.2509282453184438e-07,4.905880323743721e-08,0.00023983139108803934,0.004065836137250659,4.4791876167730645e-07,0.0012454625788326332,5.7973889240870375e-09,3.673849489474832e-05,8.864612804779839e-08,5.273257830958141e-06,1.6954683379357852e-10,1.3530348448240094e-10,2.630953843429436e-06,1.1166497169513559e-07,6.517990907164631e-12,5.418998852939787e-11,2.8862323640927425e-11
3.860342684610452e-06,0.16628943999999996,0.8585084662769803,0.0,0.0,0.44058898961776244,0.07790677525658288,0.007011944400088192,9.173624436360907e-06,0.0027999874682926424,0.0625804367675308,0.028774568783423937,4.0656157367219765e-05,2.8578858643210514e-10,0.001879603774891141,5.016151678771507e-11,0.0005421353251043997,2.829981247151515e-09,4.9069445694888386e-06,2.83696589229621e-09,1.501057538897555e-10,1.068207903748177e-05,2.3239022498398464e-05,0.005568781975728763,4.810718814103287e-06,0.0005759012159208023,3.275990125269462e-09,3.278879497550985e-09,4.991938956166887e-08,1.2507304155039099e-07,4.924986592416282e-08,0.00024065757846487807,0.004078009721057557,4.481731122306858e-07,0.0012466103334311763,5.795390949175042e-09,3.677636819510484e-05,8.869742568096175e-08,5.267875853197231e-06,1.6971934965880858e-10,1.3534264012005202e-10,2.6336049743195014e-06,1.1159042492953009e-07,6.524528968053619e-12,5.4101837580733465e-11,2.8857949623973568e-11
3.864335767147616e-06,0.16628943999999996,0.8585084662769803,0.0,0.0,0.440576745958594,0.07787901138033473,0.007003440093357034,9.17371114737104e-06,0.0027996220880876694,0.06263973296202599,0.0287919874773034,4.063015055820476e-05,2.864939763707201e-10,0.0018790083029930375,5.014581712467403e-11,0.0005422475548606685,2.830028634701675e-09,4.899103852223763e-06,2.8392703796048123e-09,1.5016278801144984e-10,1.0670356788373583e-05,2.326296260585993e-05,0.005566643222998942,4.790518903751048e-06,0.0005761436911960281,3.2639091679970487e-09,3.273865256139901e-09,4.999494563075566e-08,1.2505324331310182e-07,4.9441284285067116e-08,0.0002414848504358458,0.004090192247496943,4.4842711125925037e-07,0.0012477575558280636,5.793393928858896e-09,3.681425461153638e-05,8.874865248993939e-08,5.26249859588657e-06,1.6989175640531224e-10,1.3538166639009594e-10,2.636256773723752e-06,1.1151594096385434e-07,6.5310688330949515e-12,5.401388813396762e-11,2.8853593230840853e-11
3.86832884968478e-06,0.16628943999999996,0.8585084662769803,0.0,0.0,0.44056449224039695,0.07785125768780807,0.006994946519648162,9.173797266555221e-06,0.0027992564110348476,0.06269900718618937,0.028809384848951847,4.0604166092068965e-05,2.872000824606911e-10,0.0018784131504920433,5.013015056623379e-11,0.0005423596972477456,2.8300774817965905e-09,4.89128101791864e-06,2.841573015945649e-09,1.50219660078174e-10,1.0658649462071134e-05,2.3286911097144195e-05,0.005564505179490252,4.770436043241935e-06,0.0005763859273894512,3.2518932118431454e-09,3.2688591059863052e-09,5.0070738534840923e-08,1.2503342988050404e-07,4.963305819047487e-08,0.00024231320569095545,0.004102383693597683,4.48680759212709e-07,0.0012489042461555043,5.791397863097865e-09,3.685215429616876e-05,8.87998085650871e-08,5.257126058029788e-06,1.7006405401026521e-10,1.3542056354803668e-10,2.638909252301712e-06,1.1144151974546483e-07,6.537610529012839e-12,5.392613941963782e-11,2.884925432968337e-11
3.872321932221944e-06,0.16628943999999996,0.8585084662769803,0.0,0.0,0.4405522284876794,0.07782351417568903,0.006986463665325849,9.17388279699158e-06,0.0027988904382588668,0.06275825944541014,0.02882676092550143,4.0578203947542004e-05,2.879069037839567e-10,0.0018778183172555786,5.011451713443108e-11,0.0005424717523848457,2.8301277916735e-09,4.883475997880091e-06,2.84387380248949e-09,1.5027637035894524e-10,1.0646957029552089e-05,2.3310868068672166e-05,0.005562367845354441,4.7504693396792505e-06,0.0005766279248401502,3.2399417797681338e-09,3.2638610337152534e-09,5.014676836820919e-08,1.2501360131147926e-07,4.982518751047321e-08,0.00024314264291863672,0.004114584036422229,4.489340565323635e-07,0.0012500504045459668,5.7894027518629116e-09,3.689006740159888e-05,8.885089399655431e-08,5.251758238616556e-06,1.702362424427551e-10,1.3545933184871887e-10,2.641562420743395e-06,1.1136716122191125e-07,6.544154082543255e-12,5.383859067300824e-11,2.8844932789735944e-11
3.8763150147591085e-06,0.16628943999999996,0.8585084662769803,0.0,0.0,0.4405399547249105,0.07779578084066485,0.00697799151677038,9.173967741736413e-06,0.0027985241708781165,0.06281748974508015,0.028844115734049474,4.0552264103432836e-05,2.886144394219317e-10,0.0018772238031517735,5.0098916851624124e-11,0.0005425837203908798,2.830179567586531e-09,4.875688723794797e-06,2.8461727404072637e-09,1.5033291912243157e-10,1.0635279461945e-05,2.3334833617100937e-05,0.005560231220742309,4.73061790875452e-06,0.000576869683886131,3.2280544022906405e-09,3.258871025930926e-09,5.0223035222032356e-08,1.249937576641328e-07,5.0017672112276076e-08,0.00024397316080750086,0.004126793253064806,4.491870036743218e-07,0.0012511960311321758,5.7874085950882465e-09,3.6927994080908174e-05,8.890190887512753e-08,5.246395136622659e-06,1.7040832168460253e-10,1.3549797154642318e-10,2.644216289769346e-06,1.1129286534093344e-07,6.550699520548964e-12,5.375124113383854e-11,2.8840628482174744e-11
3.879908789042556e-06,0.16628943999999996,0.8585084662769803,0.0,0.0,0.4405288998000174,0.07777082953782202,0.006970375725257322,9.174043693749137e-06,0.0027981942792676805,0.06287077824382614,0.02885971689996936,4.0528937293140416e-05,2.8925183147555605e-10,0.001876689013208346,5.0084904958226084e-11,0.0005426844171972874,2.8302274220681155e-09,4.868695293751581e-06,2.848240204926689e-09,1.503836751340636e-10,1.0624782336856473e-05,2.3356410024123918e-05,0.0055583088653580175,4.712849454991346e-06,0.0005770870634696529,3.2174101427944078e-09,3.254386903038411e-09,5.029187811947949e-08,1.249758855391835e-07,5.019121191114903e-08,0.0002447215497889484,0.004137789116251596,4.494143570684431e-07,0.00125222664047703,5.7856146700306054e-09,3.696213982475706e-05,8.894776201739493e-08,5.241572377364038e-06,1.7056309962511625e-10,1.3553263752908632e-10,2.6466053797774364e-06,1.1122605256441446e-07,6.556592048253841e-12,5.367279624524743e-11,2.883676923301774e-11
3.883143185897659e-06,0.16628943999999996,0.8585084662769803,0.0,0.0,0.4405189434667705,0.07774838040912224,0.0069635289095654335,9.174111648858325e-06,0.0027978971742266684,0.06291872269159904,0.028873743255171717,4.050795858073129e-05,2.8982597783188403e-10,0.0018762079231050845,5.007231724104871e-11,0.0005427749841338806,2.8302715106467604e-09,4.862413408897271e-06,2.8500996442466948e-09,1.5042924403303717e-10,1.0615345181855615e-05,2.337583485616298e-05,0.005556579237086344,4.696936549027856e-06,0.0005772825404235075,3.2078740669549717e-09,3.25035676023998e-09,5.035400099524884e-08,1.2495979026092705e-07,5.0347643609808536e-08,0.0002453958465850363,0.004147691509077352,4.496187331818733e-07,0.0012531538207587233,5.784000798453971e-09,3.699288059378516e-05,8.898898110040129e-08,5.237235159728185e-06,1.707023241181878e-10,1.3556374817855974e-10,2.648756059914594e-06,1.1116596438132816e-07,6.561896663195229e-12,5.360233282894363e-11,2.8833307677602785e-11
3.8863775827527615e-06,0.16628943999999996,0.8585084662769803,0.0,0.0,0.44050898060930876,0.0777259379517277,0.006956689093763383,9.174179225059014e-06,0.002797599877863625,0.06296665274130729,0.02888775570450439,4.048699446220234e-05,2.9040059121512516e-10,0.0018757270421525588,5.005975131372637e-11,0.0005428654941142268,2.830316566931902e-09,4.856143046934485e-06,2.8519578727682724e-09,1.5047470743707612e-10,1.0605917728876355e-05,2.3395265488357283e-05,0.005554850074598207,4.681097728777382e-06,0.0005774778615582412,3.198379193717681e-09,3.246331884856421e-09,5.041627954246251e-08,1.2494368519351853e-07,5.05043081726892e-08,0.00024607085006957233,0.004157599683394073,4.4982288033764116e-07,0.0012540806523604747,5.7823875530288115e-09,3.702363054219773e-05,8.903015405383017e-08,5.232901035324898e-06,1.7084147692885768e-10,1.355947749027937e-10,2.650907218866957e-06,1.111059172057272e-07,6.567202562523996e-12,5.353199877401628e-11,2.882985720248073e-11
3.889611979607864e-06,0.16628943999999996,0.8585084662769803,0.0,0.0,0.4404990112405622,0.07770350216387993,0.006949856270643813,9.174246423934432e-06,0.0027973023907610513,0.06301456839582173,0.028901754262301457,4.046604492643935e-05,2.9097567113611996e-10,0.0018752463702819979,5.004720718875111e-11,0.0005429559472009456,2.8303625926813286e-09,4.849884172278878e-06,2.85381489111509e-09,1.5052006548829177e-10,1.059649996285858e-05,2.3414701972684218e-05,0.005553121377971947,4.665332540347985e-06,0.0005776730270511925,3.1889252811406508e-09,3.2423122698267984e-09,5.047871380907264e-08,1.2492757036942465e-07,5.0661205528705216e-08,0.0002467465595455773,0.004167513627089857,4.500267987751896e-07,0.001255007135353311,5.78077493373886e-09,3.705438975212887e-05,8.907128092527701e-08,5.228570003583503e-06,1.709805580499902e-10,1.3562571783663418e-10,2.653058862390749e-06,1.1104591101019179e-07,6.5725097607049814e-12,5.3461793683604453e-11,2.882641774118627e-11
3.892846376462967e-06,0.16628943999999996,0.8585084662769803,0.0,0.0,0.4404890353734434,0.0776810730438209,0.00694303043300625,9.174313247058792e-06,0.0027970047134988412,0.06306246965801458,0.028915738942882165,4.044510996236008e-05,2.9155121710549336e-10,0.001874765907424912,5.003468487874978e-11,0.0005430463434565296,2.830409589665496e-09,4.8436367495053135e-06,2.855670699911463e-09,1.505653183286456e-10,1.0587091868804279e-05,2.3434144361188313e-05,0.005551393147285508,4.64964053335553e-06,0.0005778680370806156,3.17951208788132e-09,3.2382979081143403e-09,5.0541303843278947e-08,1.2491144581874633e-07,5.081833560681714e-08,0.0002474229743144587,0.004177433328068055,4.5023048872517963e-07,0.0012559332698083663,5.7791629405755126e-09,3.708515830595817e-05,8.91123617623066e-08,5.2242420639274914e-06,1.7111956746318561e-10,1.3565657711429998e-10,2.6552109962554326e-06,1.1098594576737901e-07,6.577818272148783e-12,5.339171716342753e-11,2.882298922765792e-11
3.89608077331807e-06,0.16628943999999996,0.8585084662769803,0.0,0.0,0.4404790530208488,0.07765865058979303,0.006936211573657082,9.174379695997382e-06,0.002796706846654305,0.06311035653075914,0.028929709760550912,4.042418955891397e-05,2.921272286336553e-10,0.001874285653513088,5.0022184396483545e-11,0.000543136682943344,2.8304575596645283e-09,4.83740074334708e-06,2.857525299781946e-09,1.5061046609994956e-10,1.0577693431777072e-05,2.3453592705991716e-05,0.005549665382616433,4.634021260888348e-06,0.0005780628918242676,3.170139376315039e-09,3.2342887926644176e-09,5.0604049691450564e-08,1.2489531157062314e-07,5.0975698334286346e-08,0.00024810009367769056,0.0041873587742455734,4.504339504269421e-07,0.0012568590557968835,5.777551573505495e-09,3.711593628630067e-05,8.915339661296545e-08,5.219917215774537e-06,1.7125850515691132e-10,1.356873528696212e-10,2.6573636262437267e-06,1.1092602145002166e-07,6.5831281113153455e-12,5.332176882134314e-11,2.8819571596777206e-11
3.898991730487662e-06,0.16628943999999996,0.8585084662769803,0.0,0.0,0.4404700633690779,0.07763847607917237,0.006930080560739419,9.174439181399832e-06,0.0027964386048764073,0.06315344241562665,0.028942271655473747,4.040537363604578e-05,2.9264603665694827e-10,0.0018738536035844884,5.001095263581251e-11,0.0005432179399956205,2.8305015660624204e-09,4.831798069989902e-06,2.859193406549982e-09,1.506510093771721e-10,1.0569243082915108e-05,2.347110135222042e-05,0.005548110792922877,4.620025737088471e-06,0.0005782381284698576,3.1617383522691154e-09,3.230685068502284e-09,5.066065421461334e-08,1.248807824829942e-07,5.1117523644680176e-08,0.0002487101029563417,0.004196296577974131,4.5061687100424504e-07,0.0012576919653066287,5.776101878441063e-09,3.714364459662085e-05,8.919028869938869e-08,5.216027495186035e-06,1.7138348775704868e-10,1.3571497974893447e-10,2.6593014222089935e-06,1.1087212453318784e-07,6.587908113817381e-12,5.3258924581886856e-11,2.8816504979927453e-11
3.901902687657254e-06,0.16628943999999996,0.8585084662769803,0.0,0.0,0.44046106848388317,0.07761830696533309,0.006923955189179615,9.17449836610114e-06,0.0027961702104196146,0.0631965166494656,0.02895482234341958,4.03865694903529e-05,2.9316522102891124e-10,0.0018734217227971762,4.999973857554298e-11,0.0005432991511608909,2.8305463633510297e-09,4.826204590164977e-06,2.8608605350496436e-09,1.5069146776638054e-10,1.056080053339334e-05,2.348861490363706e-05,0.005546556580821842,4.6060884480724834e-06,0.000578413239606114,3.1533697551549484e-09,3.2270855830019113e-09,5.071738501924703e-08,1.2486624558787368e-07,5.12595372898613e-08,0.00024932068188171703,0.004205239016748074,4.507996070635393e-07,0.0012585245926683625,5.77465269048888e-09,3.717136066988753e-05,8.922714361000165e-08,5.212140277805979e-06,1.7150841224733507e-10,1.3574253918137544e-10,2.6612396289634515e-06,1.1081826072417296e-07,6.592689214149596e-12,5.319618356592437e-11,2.8813447078409547e-11
3.904813644826847e-06,0.16628943999999996,0.8585084662769803,0.0,0.0,0.44045206837463186,0.07759814324699488,0.006917835453747774,9.174557251224086e-06,0.0027959016636994838,0.063239579234373,0.028967361834785647,4.0367777113843885e-05,2.936847813921948e-10,0.001872990011101983,4.9988542225254766e-11,0.0005433803164843569,2.830591952841794e-09,4.820620278488958e-06,2.8625266857368517e-09,1.5073184137064485e-10,1.0552365772449255e-05,2.350613339853171e-05,0.0055450027463690285,4.592209075130687e-06,0.0005785882253615377,3.1450334150252793e-09,3.223490331048057e-09,5.077424213897368e-08,1.248517009075548e-07,5.1401739216621575e-08,0.00024993182994461965,0.004214186081787009,4.5098215877804314e-07,0.001259356937934245,5.7732040096345675e-09,3.7199084566686154e-05,8.926396137948499e-08,5.208255563197875e-06,1.7163327862115308e-10,1.3577003126443877e-10,2.663178250750313e-06,1.1076443000325209e-07,6.5974714229487e-12,5.313354549070627e-11,2.8810397845616224e-11
3.90743350627948e-06,0.16628943999999996,0.8585084662769803,0.0,0.0,0.4404439638174711,0.07758000051258593,0.006912332506429647,9.174609992618627e-06,0.002795659841808336,0.06327832560268692,0.028978637812524924,4.035087403104906e-05,2.9415270689627026e-10,0.0018726016151095735,4.997848066001704e-11,0.0005434533261180251,2.8306336618030097e-09,4.815602215850748e-06,2.8640253857026007e-09,1.5076810520846376e-10,1.0544781137969911e-05,2.3521904302319906e-05,0.005543604618296559,4.579766896085532e-06,0.0005787456054469895,3.137558148962924e-09,3.2202582197508426e-09,5.0825521573820125e-08,1.2483860405708562e-07,5.152988188735346e-08,0.0002504823493927307,0.004222242388529021,4.5114629784847214e-07,0.0012601058075247524,5.7719006304236385e-09,3.722404281310236e-05,8.929706564498715e-08,5.204761459556811e-06,1.7174560866145947e-10,1.3579471663592476e-10,2.6649233687252484e-06,1.1071601062847917e-07,6.601776367408114e-12,5.307725900463064e-11,2.8807660909572156e-11
3.910053367732113e-06,0.16628943999999996,0.8585084662769803,0.0,0.0,0.4404358550432176,0.07756186214656316,0.006906834116336338,9.174662493070035e-06,0.0027954178972197643,0.06331706253859519,0.028989904737014488,4.0333980469038324e-05,2.946209364030533e-10,0.0018722133560064923,4.996843345479977e-11,0.0005435262986892122,2.830676014475427e-09,4.8105915405742675e-06,2.8655232943422116e-09,1.508043005288852e-10,1.0537202795761862e-05,2.3537679269423677e-05,0.0055422067962043004,4.567371143433879e-06,0.0005789028841715627,3.1301087517589633e-09,3.2170295297715912e-09,5.087690337532413e-08,1.2482550093425343e-07,5.165817698391342e-08,0.0002510333290580361,0.004230302429052904,4.513102878639075e-07,0.0012608544486980503,5.770597661942356e-09,3.7249007490108606e-05,8.93301398794757e-08,5.20126938248094e-06,1.71857891614778e-10,1.3581934760410863e-10,2.6666688294261284e-06,1.1066761802481027e-07,6.606082226125192e-12,5.3021055468082176e-11,2.8804930924123514e-11
3.9126732291847455e-06,0.16628943999999996,0.8585084662769803,0.0,0.0,0.4404277420586781,0.07754372814799379,0.006901340279664591,9.174714753385043e-06,0.0027951758302332966,0.06335579004362805,0.029001162615813862,4.031709642202687e-05,2.950894696517551e-10,0.0018718252337572487,4.995840061676623e-11,0.0005435992342306993,2.830719011825168e-09,4.805588234366177e-06,2.8670204119884275e-09,1.5084042740684358e-10,1.0529630738060253e-05,2.3553458327923062e-05,0.0055408092801323295,4.555021589370336e-06,0.0005790600616285009,3.122685101865101e-09,3.2138042573948213e-09,5.092838756758026e-08,1.2481239155515432e-07,5.178662446708933e-08,0.0002515847685690844,0.004238366196976441,4.5147412895022273e-07,0.0012616028614923093,5.769295104181038e-09,3.727397864213445e-05,8.936318410816706e-08,5.197779331644284e-06,1.7197012747641364e-10,1.3584392423983265e-10,2.66841463596443e-06,1.1061925217796293e-07,6.610389006898962e-12,5.29649346772794e-11,2.880220785594283e-11
3.9152930906373785e-06,0.16628943999999996,0.8585084662769803,0.0,0.0,0.4404196248706522,0.07752559851594527,0.006895850992614094,9.174766774366722e-06,0.002794933641147396,0.06339450811931623,0.02901241145647627,4.0300221884242584e-05,2.9555830638149917e-10,0.0018714372483264613,4.994838215313598e-11,0.0005436721327752125,2.830762654820681e-09,4.8005922789992596e-06,2.8685167389741144e-09,1.5087648591720923e-10,1.052206495712545e-05,2.356924150594704e-05,0.005539412070120547,4.542718007498965e-06,0.0005792171379110949,3.1152870783211486e-09,3.2105823989108945e-09,5.09799741746124e-08,1.2479927593555114e-07,5.191522429756996e-08,0.00025213666755416204,0.004246433685923475,4.5163782123214994e-07,0.0012623510459457456,5.7679929571310316e-09,3.729895631369639e-05,8.939619835625829e-08,5.19429130671843e-06,1.7208231624027692e-10,1.3586844661380556e-10,2.67016079145738e-06,1.1057091307368471e-07,6.614696717532479e-12,5.290889642926785e-11,2.8799491671884894e-11
3.917912952090011e-06,0.16628943999999996,0.8585084662769803,0.0,0.0,0.4404115034859329,0.07750747324948531,0.006890366251387473,9.174818556814487e-06,0.002794691330259463,0.06343321676719087,0.029023651266548593,4.028335684992593e-05,2.960274463313222e-10,0.0018710493996788545,4.993837807118473e-11,0.0005437449943554249,2.8308069444338114e-09,4.795603656312147e-06,2.8700122756322195e-09,1.5091247613478808e-10,1.0514505445242907e-05,2.3585028831673006e-05,0.005538015166208682,4.530460172822512e-06,0.000579374113112512,3.1079145608613435e-09,3.2073639506147433e-09,5.1031663220329123e-08,1.247861540910432e-07,5.204397643592798e-08,0.00025268902564147517,0.004254504889523739,4.5180136483404415e-07,0.0012630990020966208,5.766691220783885e-09,3.732394054939853e-05,8.942918264893515e-08,5.1908053073725355e-06,1.721944578998638e-10,1.3589291479664004e-10,2.6719072990279615e-06,1.105226006977529e-07,6.619005365839134e-12,5.2852940521871293e-11,2.879678233900818e-11
3.920532813542644e-06,0.16628943999999996,0.8585084662769803,0.0,0.0,0.44040337791130624,0.07748935234768176,0.006884886052190302,9.174870101524116e-06,0.002794448897865849,0.06347191598878359,0.029034882053571465,4.0266501313329834e-05,2.964968892401743e-10,0.0018706616877792594,4.99283883782441e-11,0.0005438178190039563,2.8308518816403865e-09,4.790622348209065e-06,2.871507022295842e-09,1.5094839813432214e-10,1.0506952194723013e-05,2.3600820333339897e-05,0.005536618568436301,4.5182478617315765e-06,0.0005795309873255433,3.1005674301695655e-09,3.2041489088028507e-09,5.108345472839388e-08,1.2477302603765108e-07,5.21728808425216e-08,0.00025324184245938683,0.004262579801412599,4.51964759881794e-07,0.0012638467299832426,5.765389895130117e-09,3.7348931393919607e-05,8.946213701135808e-08,5.187321333273337e-06,1.723065524510992e-10,1.3591732885897342e-10,2.6736541618049214e-06,1.1047431503597421e-07,6.623314959663662e-12,5.279706675347898e-11,2.8794079824596608e-11
3.923152674995277e-06,0.16628943999999996,0.8585084662769803,0.0,0.0,0.440395248153551,0.07747123580960269,0.0068794103912310865,9.174921409287794e-06,0.0027942063442618578,0.06351060578562652,0.029046103825079186,4.024965526871956e-05,2.969666348469201e-10,0.0018702741125926111,4.991841308170145e-11,0.0005438906067533723,2.8308974674185665e-09,4.785648336659573e-06,2.8730009792982263e-09,1.5098425199048903e-10,1.0499405197900917e-05,2.361661603923649e-05,0.005535222276842803,4.506080851994619e-06,0.0005796877606430535,3.0932455674815843e-09,3.2009372697777117e-09,5.113534872240753e-08,1.2475989179104242e-07,5.230193747761486e-08,0.00025379511763597097,0.004270658415231503,4.521280065000193e-07,0.0012645942296439629,5.764088980161418e-09,3.73739288920248e-05,8.949506146866573e-08,5.183839384085162e-06,1.7241859988835722e-10,1.3594168887130492e-10,2.675401382922776e-06,1.1042605607418433e-07,6.627625506854037e-12,5.2741274923301555e-11,2.8791384096108467e-11
3.92577253644791e-06,0.16628943999999996,0.8585084662769803,0.0,0.0,0.4403871142194394,0.07745312363431633,0.006873939264721279,9.174972480894119e-06,0.0027939636697417508,0.06354928615925216,0.029057316588599794,4.023281871037261e-05,2.974366828903385e-10,0.0018698866740839476,4.9908452188999736e-11,0.000543963357636186,2.8309437027495302e-09,4.780681603698302e-06,2.8744941469727147e-09,1.5102003777790241e-10,1.0491864447136394e-05,2.363241597769673e-05,0.0055338262914674165,4.493958922747665e-06,0.0005798444331578397,3.0859488546377706e-09,3.197729029847233e-09,5.118734522589624e-08,1.2474675136656232e-07,5.2431146301390385e-08,0.0002543488507991719,0.004278740724627804,4.522911048124321e-07,0.0012653415011171802,5.762788475870028e-09,3.73989330885706e-05,8.95279560459885e-08,5.180359459469935e-06,1.7253060020478312e-10,1.3596599490400447e-10,2.677148965521812e-06,1.1037782379824769e-07,6.63193701526288e-12,5.2685564831376305e-11,2.8788695121194595e-11
3.928392397900543e-06,0.16628943999999996,0.8585084662769803,0.0,0.0,0.44037897611573656,0.07743501582089116,0.0068684726688752595,9.175023317128113e-06,0.0027937208745987545,0.06358795711119351,0.029068520351655042,4.021599163257862e-05,2.9790703310912425e-10,0.0018694993722184097,4.989850570763727e-11,0.0005440360716848576,2.830990588618687e-09,4.775722131424694e-06,2.875986525652764e-09,1.51055755571112e-10,1.0484329934813665e-05,2.364822017711835e-05,0.005532430612349206,4.481881854483521e-06,0.0005800010049622537,3.0786771744979687e-09,3.1945241853199148e-09,5.123944426209729e-08,1.247336047801412e-07,5.2560507273780816e-08,0.00025490304157716235,0.0042868267232544065,4.524540549448787e-07,0.0012660885444413365,5.761488382246685e-09,3.742394402848627e-05,8.956082076843144e-08,5.1768815590871835e-06,1.7264255339684254e-10,1.3599024702750136e-10,2.6788969127480966e-06,1.1032961819405731e-07,6.636249492780093e-12,5.262993627824401e-11,2.8786012867735456e-11
3.931012259353176e-06,0.16628943999999996,0.8585084662769803,0.0,0.0,0.4403708338492011,0.0774169123683958,0.006863010599910348,9.175073918771263e-06,0.002793477959125065,0.06362661864298404,0.029079715121760434,4.0199174029639236e-05,2.9837768524188776e-10,0.0018691122069612372,4.9888573645167557e-11,0.0005441087489317936,2.8310381260139745e-09,4.770769902002745e-06,2.877478115671985e-09,1.510914054446031e-10,1.0476801653341283e-05,2.366402866595066e-05,0.005531035239527066,4.469849429042114e-06,0.0005801574761487413,3.071430410451802e-09,3.1913227325102566e-09,5.1291645854184264e-08,1.2472045204736647e-07,5.269002035462116e-08,0.00025545768959780166,0.004294916404770298,4.526168570219074e-07,0.0012668353596549202,5.760188699283359e-09,3.7448961756786235e-05,8.959365566107463e-08,5.173405682594048e-06,1.727544594594529e-10,1.3601444531208806e-10,2.680645227753482e-06,1.1028143924753433e-07,6.640562947299123e-12,5.257438906524974e-11,2.878333730377964e-11
3.933632120805809e-06,0.16628943999999996,0.8585084662769803,0.0,0.0,0.440362687426584,0.07739881327589908,0.0068575530540468,9.175124286601536e-06,0.0027932349236118575,0.06366527075615756,0.02909090090642519,4.018236589586798e-05,2.988486390271564e-10,0.001868725178277771,4.9878656009199185e-11,0.0005441813894093484,2.83108631592591e-09,4.765824897660754e-06,2.878968917364099e-09,1.5112698747279736e-10,1.0469279595151938e-05,2.367984147268409e-05,0.005529640173039726,4.457861429600616e-06,0.0005803138468097421,3.0642084463755022e-09,3.188124667739313e-09,5.1343950025315e-08,1.247072931832879e-07,5.281968550371949e-08,0.00025601279448876966,0.004303009762840399,4.5277951116643047e-07,0.0012675819467964638,5.7588894269730784e-09,3.747398631858067e-05,8.962646074899358e-08,5.1699318296452955e-06,1.728663183851548e-10,1.3603858982788282e-10,2.682393913695612e-06,1.1023328694462776e-07,6.644877386710374e-12,5.251892299463252e-11,2.8780668397556096e-11
3.936251982258442e-06,0.16628943999999996,0.8585084662769803,0.0,0.0,0.44035453685463044,0.07738071854247006,0.006852100027507793,9.175174421393398e-06,0.0027929917683492847,0.06370391345224845,0.029102077713152295,4.016556722559023e-05,2.99319894203374e-10,0.0018683382861334485,4.986875280739553e-11,0.0005442539931498225,2.8311351593493664e-09,4.760887100691055e-06,2.8804589310629327e-09,1.5116250173005228e-10,1.0461763752702345e-05,2.3695658625875243e-05,0.00552824541292575,4.445917640662689e-06,0.0005804701170371706,3.0570111672599907e-09,3.184929987327539e-09,5.1396356798301124e-08,1.2469412820374624e-07,5.2949502680584085e-08,0.0002565683558780553,0.004311106791135088,4.5294201750426327e-07,0.0012683283059045434,5.75759056530673e-09,3.749901775905054e-05,8.965923605723897e-08,5.166459999893318e-06,1.729781301709589e-10,1.3606268064510672e-10,2.684142973737922e-06,1.1018516127131424e-07,6.649192818948988e-12,5.2463537869061e-11,2.8778006117528884e-11
3.938871843711075e-06,0.16628943999999996,0.8585084662769803,0.0,0.0,0.4403463821400784,0.07736262816717798,0.0068466515165194475,9.175224323917824e-06,0.00279274849362649,0.06374254673279144,0.029113245549438487,4.014877801314299e-05,2.997914505089027e-10,0.0018679515304938048,4.985886404747468e-11,0.0005443265601854658,2.8311846572821077e-09,4.755956493449776e-06,2.8819481571024492e-09,1.5119794829066143e-10,1.0454254118473067e-05,2.3711480154135517e-05,0.005526850959223537,4.434017848049181e-06,0.0005806262869230474,3.049838458629548e-09,3.1817386876010716e-09,5.144886619587252e-08,1.2468095712430733e-07,5.3079471844605916e-08,0.0002571243733933151,0.004319207483330816,4.531043761600754e-07,0.0012690744370177827,5.756292114276407e-09,3.752405612345919e-05,8.969198161083165e-08,5.162990192988148e-06,1.73089894812647e-10,1.3608671783385757e-10,2.685892411049653e-06,1.1013706221359778e-07,6.6535092519560196e-12,5.2408233491969286e-11,2.877535043232525e-11
3.941491705163708e-06,0.16628943999999996,0.8585084662769803,0.0,0.0,0.4403382232896583,0.07734454214909224,0.006841207517310803,9.175273994942331e-06,0.0027925050997316112,0.06378117059932167,0.029124404422774263,4.013199825287488e-05,3.002633076820228e-10,0.0018675649113244698,4.984898973720923e-11,0.0005443990905484737,2.8312348107240338e-09,4.751033058356569e-06,2.883436595816745e-09,1.5123332722885432e-10,1.044675068496839e-05,2.372730608611194e-05,0.005525456811971317,4.422161838888737e-06,0.0005807823565594604,3.0426902063254117e-09,3.1785507648942945e-09,5.150147824083488e-08,1.2466777995968558e-07,5.32095929552372e-08,0.00025768084666196703,0.004327311833110016,4.5326658725581654e-07,0.0012698203401748471,5.7549940738760115e-09,3.7549101457171605e-05,8.972469743479223e-08,5.159522408577462e-06,1.7320161230188086e-10,1.3611070146399274e-10,2.6876422288058487e-06,1.1008898975750935e-07,6.657826693658229e-12,5.235300966778551e-11,2.8772701310738565e-11
3.944111566616341e-06,0.16628943999999996,0.8585084662769803,0.0,0.0,0.4403300603100949,0.07732646048728246,0.006835768026113829,9.175323435231005e-06,0.002792261586951781,0.0638197850533748,0.029135554340643903,4.011522793914601e-05,3.0073546546093326e-10,0.001867178428591169,4.983912988442607e-11,0.0005444715842709905,2.8312856206793473e-09,4.746116777894373e-06,2.8849242475400154e-09,1.5126863861879677e-10,1.0439253444716162e-05,2.374313645051966e-05,0.00552406297120716,4.410349401606953e-06,0.0005809383260378926,3.03556629741687e-09,3.1753662155396656e-09,5.1554192955580585e-08,1.2465459672561301e-07,5.333986597156847e-08,0.0002582377753118195,0.00433541983416047,4.5342865091721866e-07,0.0012705660154144474,5.753696444096582e-09,3.757415380562206e-05,8.975738355411826e-08,5.156056646306594e-06,1.7331328263611023e-10,1.3613463160552156e-10,2.6893924301873665e-06,1.1004094388910673e-07,6.662145152035395e-12,5.2297866201289683e-11,2.8770058721803485e-11
3.946731428068974e-06,0.16628943999999996,0.8585084662769803,0.0,0.0,0.4403218932081058,0.07730838318081847,0.006830333039163422,9.175372645544502e-06,0.0027920179555731396,0.06385839009648682,0.029146695310525446,4.009846706632783e-05,3.012079235837528e-10,0.0018667920822597194,4.98292844970063e-11,0.0005445440413851084,2.831337088155651e-09,4.741207634609148e-06,2.8864111126065796e-09,1.5130388253459059e-10,1.0431762390267652e-05,2.3758971276133877e-05,0.005522669436968969,4.398580325917396e-06,0.0005810941954499379,3.0284666195545717e-09,3.172185035874503e-09,5.1607010362372166e-08,1.246414074377101e-07,5.347029085252312e-08,0.0002587951589703336,0.004343531480176039,4.535905672693274e-07,0.001271311462775338,5.752399224930119e-09,3.759921321432231e-05,8.979003999377063e-08,5.152592905818539e-06,1.7342490581242928e-10,1.3615850832836241e-10,2.69114301838088e-06,1.0999292459447415e-07,6.666464635078903e-12,5.22428028979543e-11,2.8767422634714056e-11
3.949351289521607e-06,0.16628943999999996,0.8585084662769803,0.0,0.0,0.44031372199040125,0.07729031022877023,0.006824902552697401,9.175421626640076e-06,0.002791774205880837,0.06389698573019423,0.029157827339890734,4.008171562880308e-05,3.0168068178851986e-10,0.0018664058722960312,4.981945358288504e-11,0.0005446164619228669,2.8313892141623113e-09,4.7363056111096315e-06,2.887897191350886e-09,1.5133905905027376e-10,1.0424277514197414e-05,2.3774810591758466e-05,0.0055212762092944805,4.386854402812851e-06,0.0005812499648873349,3.021391060470831e-09,3.169007222246723e-09,5.165993048368206e-08,1.2462821211031026e-07,5.3600867557219974e-08,0.0002593529972646697,0.004351646764856599,4.5375233643294125e-07,0.0012720566822963181,5.751102416371525e-09,3.7624279728893136e-05,8.982266677871467e-08,5.149131186753961e-06,1.7353648182129993e-10,1.3618233170210209e-10,2.692893996578887e-06,1.0994493185972203e-07,6.670785150750251e-12,5.2187819564385284e-11,2.8764793018815076e-11
3.95197115097424e-06,0.16628943999999996,0.8585084662769803,0.0,0.0,0.44030554666368565,0.07727224163020799,0.006819476562956505,9.17547037927161e-06,0.0027915303381590363,0.06393557195603379,0.029168950436205394,4.006497362096568e-05,3.021537398131936e-10,0.001866019798666105,4.980963715005119e-11,0.0005446888459162535,2.831441999712728e-09,4.731410690067085e-06,2.889382484107497e-09,1.5137416823982054e-10,1.0416798809103125e-05,2.3790654426266288e-05,0.005519883288221272,4.375171424554256e-06,0.0005814056344411426,3.0143395092508997e-09,3.1658327710009615e-09,5.1712953341497575e-08,1.2461501075899548e-07,5.3731596044346355e-08,0.00025991128982246023,0.0043597656819072805,4.5391395853358134e-07,0.0012728016740162305,5.749806018412032e-09,3.764935339502414e-05,8.985526393389671e-08,5.145671488751208e-06,1.7364801066035702e-10,1.3620610179652895e-10,2.694645367979712e-06,1.0989696567098678e-07,6.675106707072459e-12,5.2132916007465914e-11,2.8762169843699375e-11
3.954591012426873e-06,0.16628943999999996,0.8585084662769803,0.0,0.0,0.4402973672346564,0.0772541773842021,0.0068140550661844,9.175518904189617e-06,0.0027912863526909242,0.06397414877554286,0.029180064606928874,4.004824103722059e-05,3.0262709739565485e-10,0.0018656338613360307,4.979983520654733e-11,0.0005447611933972048,2.831495445824312e-09,4.726522854215042e-06,2.8908669912110917e-09,1.514092101771412e-10,1.0409326267605464e-05,2.380650280859836e-05,0.005518490673786755,4.3635311846620175e-06,0.0005815612042025289,3.0073118556804414e-09,3.1626616784851117e-09,5.176607895757934e-08,1.2460180339954414e-07,5.3862476272322154e-08,0.0002604700362709739,0.004367888225039283,4.5407543369702823e-07,0.0012735464379739624,5.748510031043252e-09,3.767443425847478e-05,8.988783148421684e-08,5.142213811446308e-06,1.7375949232865708e-10,1.3622981868140413e-10,2.696397135787512e-06,1.0984902601443051e-07,6.6794293120909515e-12,5.207809203464805e-11,2.875955307911565e-11
3.957210873879506e-06,0.16628943999999996,0.8585084662769803,0.0,0.0,0.44028918371000364,0.0772361174898232,0.006808638058627665,9.175567202141267e-06,0.0027910422497587103,0.06401271619025904,0.02919116985951439,4.0031517871983764e-05,3.0310075427370535e-10,0.001865248060271986,4.9790047760469586e-11,0.0005448335043976048,2.8315495535160247e-09,4.721642086349069e-06,2.8923507129964666e-09,1.5144418493608251e-10,1.040185988234796e-05,2.3822355767715953e-05,0.005517098366028172,4.351933477907993e-06,0.0005817166742628819,3.000307989308665e-09,3.1594939410608145e-09,5.181930735408607e-08,1.2458859004586533e-07,5.399350819995734e-08,0.00026102923623712207,0.004376014387969871,4.542367620427355e-07,0.0012742909742084435,5.7472144542612265e-09,3.769952236512222e-05,8.99203694545843e-08,5.1387581544729886e-06,1.7387092681513502e-10,1.362534824260334e-10,2.698149303212284e-06,1.0980111287624066e-07,6.683752973800409e-12,5.2023347454702234e-11,2.875694269494761e-11
3.9598307353321385e-06,0.16628943999999996,0.8585084662769803,0.0,0.0,0.4402809960964116,0.07721806194614204,0.0068032255365358014,9.175615273870424e-06,0.002790798029643642,0.06405127420172048,0.029202266201409022,4.0014804119682014e-05,3.0357471018506994e-10,0.0018648623954402388,4.978027481996742e-11,0.0005449057789492862,2.831604323810348e-09,4.716768369326502e-06,2.893833649798537e-09,1.5147909259042725e-10,1.0394399645996862e-05,2.3838213332648206e-05,0.005515706364982615,4.3403781003041515e-06,0.0005818720447128424,2.9933278011580162e-09,3.156329555085251e-09,5.187263855262688e-08,1.2457537071331456e-07,5.41246917855634e-08,0.0002615888893483646,0.004384144164421453,4.543979436957685e-07,0.0012750352827586473,5.745919288057506e-09,3.772461776091412e-05,8.99528778698964e-08,5.135304517462677e-06,1.7398231411711304e-10,1.362770930999688e-10,2.699901873469868e-06,1.0975322624262978e-07,6.688077700264454e-12,5.196868207661957e-11,2.8754338661335095e-11
3.9624505967847715e-06,0.16628943999999996,0.8585084662769803,0.0,0.0,0.44027280440055744,0.07720001075222958,0.006797817496161223,9.175663120117625e-06,0.0027905536926259946,0.06408982281146562,0.02921335364005363,3.999809977475292e-05,3.0404896486739596e-10,0.0018644768668071396,4.9770516393243467e-11,0.000544978017084031,2.8316597577344117e-09,4.711901686066217e-06,2.89531580195234e-09,1.5151393321389468e-10,1.0386945551240989e-05,2.3854075532504116e-05,0.005514314670687003,4.3288648490940495e-06,0.000582027315643159,2.9863711831779826e-09,3.153168516916113e-09,5.192607257441275e-08,1.2456214541796327e-07,5.4256026987005904e-08,0.0002621489952317792,0.004392277548122524,4.5455897878312226e-07,0.0012757793636635924,5.744624532422938e-09,3.774972049185654e-05,8.998535675499181e-08,5.1318529000445164e-06,1.7409365423650964e-10,1.3630065077284215e-10,2.7016548497819536e-06,1.0970536609983537e-07,6.692403499587413e-12,5.1914095709762864e-11,2.875174094856842e-11
3.9650704582374044e-06,0.16628943999999996,0.8585084662769803,0.0,0.0,0.44026460862911154,0.07718196390715702,0.006792413933759256,9.17571074162014e-06,0.0027903092389850942,0.06412836202103335,0.029224432182882936,3.9981404831644745e-05,3.045235180582543e-10,0.0018640914743391248,4.976077248855339e-11,0.000545050218833569,2.8317158563169336e-09,4.707042019548365e-06,2.8967971697930226e-09,1.5154870688014023e-10,1.0379497590791599e-05,2.386994239640353e-05,0.005512923283178093,4.317393522745786e-06,0.0005821824871448647,2.9794380266643627e-09,3.150010822928896e-09,5.19796094413058e-08,1.2454891417326442e-07,5.438751376280945e-08,0.00026270955351403893,0.004400414532807655,4.5471986742273607e-07,0.0012765232169623393,5.74333018735482e-09,3.7774830604083215e-05,9.00178061347221e-08,5.128403301845363e-06,1.742049471604655e-10,1.3632415551367068e-10,2.7034082353760828e-06,1.0965753243411963e-07,6.696730379795941e-12,5.1859588165049025e-11,2.8749149527057748e-11
3.967690319690037e-06,0.16628943999999996,0.8585084662769803,0.0,0.0,0.4402564087887379,0.07716392140999567,0.006787014845588149,9.175758139111973e-06,0.0027900646689993105,0.06416689183196289,0.029235501837325487,3.9964719284816325e-05,3.0499836949514004e-10,0.001863706218002716,4.975104311420579e-11,0.0005451223842295787,2.831772620589398e-09,4.702189352814146e-06,2.898277753655842e-09,1.515834136627558e-10,1.0372055757382254e-05,2.3885813953529552e-05,0.00551153220249249,4.3059639209402315e-06,0.0005823375593081865,2.972528224472997e-09,3.1468564694939568e-09,5.203324917458232e-08,1.2453567699421984e-07,5.451915207095625e-08,0.00026327056382243554,0.0044085551122164885,4.5488060973880124e-07,0.0012772668426939914,5.7420362528452765e-09,3.7799948143803265e-05,9.005022603393851e-08,5.124955722489803e-06,1.7431619288511657e-10,1.363476073917435e-10,2.70516203348566e-06,1.0960972523176899e-07,6.701058348989878e-12,5.18051592535989e-11,2.874656436748115e-11
3.970048194997407e-06,0.16628943999999996,0.8585084662769803,0.0,0.0,0.4402490254589709,0.07714768687924724,0.006782159488611319,9.175800605929518e-06,0.0027898444567665374,0.06420156062723642,0.029245456932887836,3.9949710321918614e-05,3.054259905716693e-10,0.001863359603664868,4.974229910764525e-11,0.0005451873020298624,2.8318242784563874e-09,4.6978279236008995e-06,2.8996096091085e-09,1.516145926423786e-10,1.036536333994524e-05,2.3900102391851574e-05,0.005510280492239489,4.295712789206156e-06,0.0005824770393955803,2.9663292829313355e-09,3.144020404571791e-09,5.208161290232369e-08,1.2452375847285427e-07,5.463775607311025e-08,0.00026377585927391336,0.00441588470200397,4.550251528229115e-07,0.0012779359113149664,5.740872062805897e-09,3.7822560318281754e-05,9.007937875786807e-08,5.121854626868966e-06,1.7441627368670957e-10,1.363686689418214e-10,2.7067408071621193e-06,1.0956672136451576e-07,6.7049544590974315e-12,5.1756240308674186e-11,2.8744243053686005e-11
3.9724060703047765e-06,0.16628943999999996,0.8585084662769803,0.0,0.0,0.4402416388436134,0.07713145586887815,0.006777307750009377,9.175842892420841e-06,0.0027896241507207216,0.06423622181198275,0.029255404840275806,3.9934708961502854e-05,3.0585385282331883e-10,0.0018630130995422793,4.973356688356583e-11,0.0005452521904324294,2.8318764771291175e-09,4.693472138247528e-06,2.9009408300553246e-09,1.516457175593778e-10,1.0358675874276703e-05,2.3914394676750125e-05,0.00550902903056933,4.285495148728873e-06,0.0005826164391581426,2.960149094744812e-09,3.1411870399201883e-09,5.2130059984174086e-08,1.2451183516778064e-07,5.475648275131833e-08,0.00026428152029203016,0.004423217193896469,4.5516957757496884e-07,0.0012786047956668716,5.739708205308928e-09,3.78451785803034e-05,9.01085076407214e-08,5.118755165928657e-06,1.7451631625243492e-10,1.3638968777955056e-10,2.7083199199653134e-06,1.095237389115365e-07,6.708851463782959e-12,5.170738476734765e-11,2.874192676721686e-11
3.974763945612146e-06,0.16628943999999996,0.8585084662769803,0.0,0.0,0.4402342489475096,0.07711522837821184,0.006772459627060628,9.175884999114327e-06,0.0027894037510628367,0.06427087538732493,0.029265345564892017,3.9919715199551134e-05,3.062819560585668e-10,0.0018626667056107138,4.9724846448133766e-11,0.0005453170494602673,2.8319292173651084e-09,4.6891219845169135e-06,2.902271416740954e-09,1.516767884672698e-10,1.0351993355125234e-05,2.3928690829582977e-05,0.00550777781750836,4.275310855963272e-06,0.0005827557586613487,2.95398758247908e-09,3.1383563729083344e-09,5.217859043580115e-08,1.2449990708850943e-07,5.487533207513497e-08,0.0002647875466049931,0.004430552583342053,4.55313884080994e-07,0.001279273495778303,5.738544680351561e-09,3.78678029637599e-05,9.013761270060773e-08,5.1156573393905046e-06,1.746163205713383e-10,1.36410663955014e-10,2.7098993742645866e-06,1.0948077786288374e-07,6.7127493689346045e-12,5.165859249380253e-11,2.8739615487066543e-11
3.977121820919516e-06,0.16628943999999996,0.8585084662769803,0.0,0.0,0.4402268557754997,0.07709900440657186,0.006767615117045282,9.175926926536252e-06,0.002789183257993242,0.06430552135438607,0.02927527911213509,3.990472903205226e-05,3.0671030008584316e-10,0.0018623204218459874,4.971613780754956e-11,0.0005453818791363314,2.831982499926598e-09,4.684777450211381e-06,2.903601369410108e-09,1.5170780541952924e-10,1.0345315777253684e-05,2.394299087182621e-05,0.005506526853082815,4.2651597681369856e-06,0.0005828949979707886,2.947844670914322e-09,3.13552840088832e-09,5.222720427150489e-08,1.2448797424838064e-07,5.499430401264674e-08,0.00026529393794069836,0.004437890865792802,4.5545807243942886e-07,0.001279942011677884,5.737381487923153e-09,3.7890433502515885e-05,9.016669395553134e-08,5.112561146974672e-06,1.7471628665638618e-10,1.364315975190485e-10,2.7114791724331397e-06,1.0943783820862523e-07,6.7166481805859234e-12,5.160986335127373e-11,2.8737309192313783e-11
3.979479696226885e-06,0.16628943999999996,0.8585084662769803,0.0,0.0,0.4402194593324188,0.07708278395328186,0.0067627742172454595,9.175968675210812e-06,0.00278896267171169,0.06434015971428961,0.029285205487399612,3.988975045500168e-05,3.0713888471352976e-10,0.0018619742482239678,4.9707440968047905e-11,0.0005454466794835432,2.8320363255781233e-09,4.6804385231725535e-06,2.904930688307591e-09,1.5173876846958898e-10,1.0338643135439151e-05,2.3957294824944563e-05,0.005505276137318831,4.2550417432495014e-06,0.0005830341571525178,2.94172028322092e-09,3.132703121235091e-09,5.227590150668162e-08,1.2447603665693923e-07,5.5113398533083474e-08,0.0002658006940264717,0.0044452320367050786,4.55602142734896e-07,0.001280610343394268,5.736218628023332e-09,3.791307023053868e-05,9.019575142350154e-08,5.109466588399846e-06,1.7481621449832076e-10,1.3645248852164028e-10,2.7130593168480385e-06,1.0939491993884411e-07,6.7205479046441895e-12,5.156119720464766e-11,2.8735007862047686e-11
3.981601784003518e-06,0.16628943999999996,0.8585084662769803,0.0,0.0,0.4402127997408737,0.07706818855295125,0.0067584204919150966,9.176006096620499e-06,0.0027887640645266783,0.06437132773501171,0.02929413309755142,3.9876276222185006e-05,3.075248164333877e-10,0.0018616627861162609,4.9699623907602546e-11,0.000545504974738783,2.8320852336375354e-09,4.676538273033304e-06,2.906126533642924e-09,1.517665891723909e-10,1.0332641973829485e-05,2.397017174428517e-05,0.0055041507057583955,4.245963672915653e-06,0.000583159331960625,2.936224109345157e-09,3.1301626693516777e-09,5.2319800337572564e-08,1.2446528877025482e-07,5.52206883844502e-08,0.00026625708614038215,0.004451841556407629,4.557317051289317e-07,0.001281211684486083,5.73517233842227e-09,3.7933448605734724e-05,9.022188282177884e-08,5.106682882382888e-06,1.7490611685005216e-10,1.3647125407526093e-10,2.714481744829825e-06,1.0935631177158516e-07,6.72405844130256e-12,5.151745142296371e-11,2.873294089238548e-11
3.983723871780152e-06,0.16628943999999996,0.8585084662769803,0.0,0.0,0.4402061375071939,0.07705359600144354,0.006754069686680713,9.176043374046969e-06,0.0027885653821460568,0.06440248959566562,0.029303054906693958,3.986280813148306e-05,3.0791094274457196e-10,0.0018613514131871197,4.969181641570507e-11,0.0005455632462728555,2.832134582777082e-09,4.672642546155137e-06,2.9073218660000963e-09,1.5179436629655198e-10,1.0326644802419292e-05,2.3983051864527332e-05,0.005503025475653815,4.2369121667140694e-06,0.000583284441965357,2.9307428240939546e-09,3.127624394236932e-09,5.236376674485997e-08,1.2445453705203236e-07,5.532807747979314e-08,0.00026671377328351537,0.0044584534087782615,4.5586117203314167e-07,0.001281812876433665,5.73412631815871e-09,3.795383204665706e-05,9.024799498040928e-08,5.1039004993409746e-06,1.7499598822333155e-10,1.36489985231477e-10,2.7159044569380206e-06,1.0931772091052408e-07,6.727569726214668e-12,5.147375646041377e-11,2.8730877912267812e-11
3.985845959556785e-06,0.16628943999999996,0.8585084662769803,0.0,0.0,0.4401994726348948,0.07703900629826596,0.006749721799564931,9.176080507868067e-06,0.002788366624714192,0.06443364529707081,0.029311970918751554,3.984934617999013e-05,3.082972635072943e-10,0.001861040129419057,4.96840184969713e-11,0.0005456214941024017,2.832184373560115e-09,4.668751333755684e-06,2.9085166855577226e-09,1.5182209988093836e-10,1.0320651617430307e-05,2.399593520142149e-05,0.005501900447023918,4.227887122705448e-06,0.0005834094872153462,2.9252763719442332e-09,3.1250882939844418e-09,5.240780073960878e-08,1.2444378150897386e-07,5.5435565796505405e-08,0.00026717075525637497,0.004465067590513072,4.559905435068838e-07,0.001282413919257959,5.733080567235301e-09,3.797422057815529e-05,9.027408791242998e-08,5.101119439065999e-06,1.750858286114107e-10,1.3650868202656693e-10,2.717327454913539e-06,1.0927914734846251e-07,6.731081763696211e-12,5.143011221933254e-11,2.8728818906563743e-11
3.987968047333418e-06,0.16628943999999996,0.8585084662769803,0.0,0.0,0.44019280512749065,0.0770244194429258,0.006745376828591619,9.176117498460307e-06,0.0027881677923750577,0.06446479484004689,0.029320881137645898,3.983589036480472e-05,3.08683778581736e-10,0.001860728934794618,4.967623015603941e-11,0.0005456797182440414,2.8322346065471487e-09,4.664864627078012e-06,2.909710992494458e-09,1.518497899643888e-10,1.0314662415093416e-05,2.4008821770672656e-05,0.005500775619887475,4.218888439441783e-06,0.000583534467757319,2.9198246987536748e-09,3.1225543666822157e-09,5.245190233265075e-08,1.2443302214873503e-07,5.5543153311815204e-08,0.0002676280318612842,0.004471684098308757,4.5611981961689157e-07,0.0012830148129799291,5.732035085646106e-09,3.7994614225184646e-05,9.030016163104056e-08,5.0983397013489105e-06,1.7517563801034602e-10,1.365273444970367e-10,2.7187507404998275e-06,1.0924059107821178e-07,6.734594558113617e-12,5.1386518602362256e-11,2.8726763860530256e-11
3.989877926332388e-06,0.16628943999999996,0.8585084662769803,0.0,0.0,0.44018680212071365,0.07701129370761355,0.0067414688463851855,9.176150667842755e-06,0.0027879887793427986,0.06449282416394601,0.029328895384735394,3.982378537528612e-05,3.090318081696683e-10,0.0018604489358360207,4.966922884207264e-11,0.0005457320997320752,2.832280194784358e-09,4.661370436243057e-06,2.9107854305943513e-09,1.5187467387827237e-10,1.0309275535049926e-05,2.4020422459698697e-05,0.0054997634477570315,4.210812079488518e-06,0.0005836468949588185,2.9149307847006413e-09,3.1202756883990924e-09,5.249165157143994e-08,1.2442333546813695e-07,5.564006687107497e-08,0.000268039832552152,0.004477640941379266,4.5623608663745196e-07,0.001283555489864556,5.731094382490836e-09,3.801297290190958e-05,9.032361156116996e-08,5.095839068016976e-06,1.7525643997762092e-10,1.3654411140325184e-10,2.7200319448777083e-06,1.0920590521355058e-07,6.7377567239157705e-12,5.134732755004035e-11,2.872491769242547e-11
3.991787805331358e-06,0.16628943999999996,0.8585084662769803,0.0,0.0,0.4401807969849015,0.07699817027829153,0.006737563223215653,9.17618372178632e-06,0.00278780970585636,0.06452084850077934,0.02933690494539231,3.981168535172057e-05,3.093799949348447e-10,0.0018601690090569655,4.966223529331268e-11,0.0005457844620584344,2.83232614207567e-09,4.657879881622018e-06,2.9118594537463772e-09,1.5189952261611019e-10,1.0303891875174123e-05,2.4032025791262002e-05,0.005498751438865014,4.202756916694557e-06,0.0005837592698207376,2.9100487584247555e-09,3.1179987672661187e-09,5.2531455580997996e-08,1.2441364570798084e-07,5.573706074551865e-08,0.0002684518715885336,0.0044835996634828975,4.563522765133998e-07,0.0012840960460086032,5.73015389749296e-09,3.803133576059622e-05,9.03470459485138e-08,5.0933395056330915e-06,1.7533721684553268e-10,1.3656085056270396e-10,2.7213133849091246e-06,1.0917123334421385e-07,6.740919509579463e-12,5.13081773534165e-11,2.872307470877923e-11
3.993697684330328e-06,0.16628943999999996,0.8585084662769803,0.0,0.0,0.44017478972261076,0.07698504915460078,0.006733659957645019,9.176216660562707e-06,0.0027876305720198925,0.06454886785114468,0.029344909822470108,3.9799590292001534e-05,3.097283387752737e-10,0.0018598891544447944,4.965524951318676e-11,0.00054583680523519,2.8323724488332164e-09,4.654392956883599e-06,2.9129330620808785e-09,1.5192433620615905e-10,1.0298511432737152e-05,2.4043631776818134e-05,0.005497739593224959,4.194722878116277e-06,0.0005838715923764217,2.9051785804714656e-09,3.115723601899486e-09,5.257131436962581e-08,1.2440395287246087e-07,5.5834134919023666e-08,0.00026886414882688886,0.004489560262216004,4.5646838928978023e-07,0.0012846364814273908,5.729213630649747e-09,3.804970281955538e-05,9.037046480274471e-08,5.0908410140428916e-06,1.7541796860152108e-10,1.3657756200167213e-10,2.722595061870336e-06,1.0913657546498072e-07,6.744082918256952e-12,5.126906794265216e-11,2.8721234899053687e-11
3.9956075633292975e-06,0.16628943999999996,0.8585084662769803,0.0,0.0,0.44016878033639495,0.07697193033618227,0.0067297590482360906,9.17624948444277e-06,0.0027874513779372894,0.06457688221563992,0.029352910018820535,3.978750019402524e-05,3.1007683958894486e-10,0.001859609371986868,4.9648271505136635e-11,0.0005458891292743987,2.8324191154690353e-09,4.650909655712992e-06,2.9140062557282216e-09,1.5194911467665796e-10,1.0293134205016037e-05,2.4055240427932066e-05,0.005496727910850358,4.186709891124621e-06,0.0005839838626606164,2.900320212817147e-09,3.1134501909011066e-09,5.261122794432387e-08,1.2439425696894703e-07,5.5931289373975266e-08,0.00026927666412215185,0.004495522735178054,4.565844250202315e-07,0.0012851767961362505,5.728273581954443e-09,3.8068074097028056e-05,9.039386813338447e-08,5.0883435930913924e-06,1.7549869525584535e-10,1.3659424574705437e-10,2.7238769770392732e-06,1.091019315706364e-07,6.747246953209862e-12,5.1229999246811844e-11,2.8719398252616287e-11
3.99732645442837e-06,0.16628943999999996,0.8585084662769803,0.0,0.0,0.44016337007495293,0.0769601253703168,0.006726250243099136,9.176278927921638e-06,0.0027872900518381657,0.06460209088126098,0.0293601061958696,3.977662334639998e-05,3.1039062444904316e-10,0.0018593576294561854,4.9641997945872454e-11,0.0005459362045570383,2.832461423480937e-09,4.64777777760398e-06,2.9149717755610866e-09,1.519713852962167e-10,1.0288297446403271e-05,2.4065690502584158e-05,0.0054958175363163005,4.179516142165643e-06,0.0005840848612536492,2.8959577471508154e-09,3.111405619842944e-09,5.264719700999146e-08,1.2438552803700845e-07,5.601879701014514e-08,0.0002696481313059935,0.004500890561327531,4.56688791339185e-07,0.0012856629761799165,5.727427724647538e-09,3.808461186865144e-05,9.041491786606401e-08,5.0860968295025435e-06,1.7557132778209735e-10,1.3660923746169913e-10,2.725030905416481e-06,1.0907076401850141e-07,6.7500951227648135e-12,5.119487217369008e-11,2.8717747966490737e-11
3.999045345527443e-06,0.16628943999999996,0.8585084662769803,0.0,0.0,0.4401579580970575,0.0769483222711696,0.006722743344243142,9.176308278749404e-06,0.002787128677099009,0.06462729550924773,0.029367298585914508,3.976575051455451e-05,3.1070453630042983e-10,0.001859105945351035,4.9635730687318426e-11,0.0005459832643567897,2.8325040236336303e-09,4.644648824902831e-06,2.9159369596980624e-09,1.5199362751235995e-10,1.0283463287532686e-05,2.4076142754129408e-05,0.005494907294047927,4.172339333914252e-06,0.0005841858175598285,2.8916047878567534e-09,3.1093624676919446e-09,5.268321046434624e-08,1.2437679662787803e-07,5.6106369648542444e-08,0.00027001979109308674,0.004506259901911133,4.5679309532125414e-07,0.0012861490584721628,5.726582044038868e-09,3.810115308543861e-05,9.043595503930366e-08,5.083850932891156e-06,1.7564393996964935e-10,1.3662420678516196e-10,2.7261850287123926e-06,1.0903960778611437e-07,6.752943804511164e-12,5.115977797201555e-11,2.8716100226300285e-11
4.000764236626516e-06,0.16628943999999996,0.8585084662769803,0.0,0.0,0.440152544404566,0.07693652103847909,0.006719238350622092,9.176337537121747e-06,0.002786967253795036,0.0646524961000362,0.02937448719103063,3.975488169696072e-05,3.110185750686988e-10,0.001858854319662246,4.96294697320135e-11,0.0005460303086824126,2.8325469162297708e-09,4.641522793040099e-06,2.9169018082342504e-09,1.5201584134563675e-10,1.0278631726431358e-05,2.4086597191026427e-05,0.005493997184054985,4.165179414074335e-06,0.0005842867316044938,2.88726130686841e-09,3.107320733437261e-09,5.271926831281519e-08,1.2436806274578663e-07,5.6194007276706e-08,0.00027039164337757326,0.004511630755182259,4.568973370009248e-07,0.0012866350430241907,5.725736540127203e-09,3.811769776074183e-05,9.04569796600192e-08,5.081605903142975e-06,1.7571653181927823e-10,1.3663915373676357e-10,2.7273393478620943e-06,1.0900846286968617e-07,6.755793000793456e-12,5.112471659076998e-11,2.8714455024348565e-11
4.002311238615681e-06,0.16628943999999996,0.8585084662769803,0.0,0.0,0.44014767061687876,0.0769259015246619,0.006716085484474928,9.17636379076873e-06,0.002786821931360579,0.06467517318030186,0.029380953701235397,3.974510319204989e-05,3.113013184125684e-10,0.0018586279064807538,4.9623840263623094e-11,0.0005460726353523268,2.8325857698568452e-09,4.638711857912459e-06,2.917769885056765e-09,1.5203580954520922e-10,1.0274285540905325e-05,2.4096008059700667e-05,0.005493178198164861,4.158749882751257e-06,0.0005843775181318048,2.8833602548203098e-09,3.1054843840751925e-09,5.275175833794147e-08,1.2436020014085972e-07,5.627293669806565e-08,0.00027072647493160164,0.00451646581503117,4.5699110127253914e-07,0.0012870723455623923,5.724975737681379e-09,3.813259093660239e-05,9.047589109198805e-08,5.0795861174428915e-06,1.7578184709424761e-10,1.366525868811959e-10,2.728378403325553e-06,1.0898044211691719e-07,6.758357719313072e-12,5.109318936713561e-11,2.8712976506449536e-11
4.003858240604847e-06,0.16628943999999996,0.8585084662769803,0.0,0.0,0.4401427954432253,0.07691528352227221,0.0067129341599594435,9.17638996982671e-06,0.0027866765697040176,0.06469784699110817,0.029387417148839322,3.973532793633494e-05,3.1158416444457336e-10,0.0018584015406024274,4.9618215904792814e-11,0.0005461149495016597,2.832624860831544e-09,4.635903281655269e-06,2.9186376901890517e-09,1.520557547862588e-10,1.0269941456544503e-05,2.4105420711526872e-05,0.005492359319432766,4.1523339510080985e-06,0.0005844682704657786,2.8794668372553376e-09,3.103649181656463e-09,5.2784284330751784e-08,1.2435233553899245e-07,5.635191874207654e-08,0.000271061462246063,0.004521302097470809,4.570848151322578e-07,0.0012875095689482724,5.724215078357485e-09,3.814748693446857e-05,9.049479236709843e-08,5.077567033725269e-06,1.7584714589359447e-10,1.3666600193407082e-10,2.7294176188721193e-06,1.0895243052425234e-07,6.760922858214255e-12,5.106168865000553e-11,2.8711500032778728e-11
4.005405242594012e-06,0.16628943999999996,0.8585084662769803,0.0,0.0,0.44013791888495735,0.07690466703111937,0.006709784376314206,9.176416074437167e-06,0.002786531168879848,0.06472051753277326,0.029393877535353004,3.9725555928705444e-05,3.1186711311044574e-10,0.0018581752220206062,4.9612596657393084e-11,0.0005461572511367776,2.832664189375785e-09,4.6330970609595635e-06,2.9195052237004808e-09,1.5207567708374127e-10,1.02655994719185e-05,2.4114835152690927e-05,0.005491540547865745,4.145931581141455e-06,0.0005845589886248424,2.875581033922764e-09,3.1018151254458235e-09,5.281684629516458e-08,1.2434446894322439e-07,5.643095339961917e-08,0.0002713966052437834,0.004526139601230062,4.571784786051145e-07,0.0012879467131900137,5.723454562154665e-09,3.81623857641086e-05,9.05136834903867e-08,5.0755486519059825e-06,1.759124282177148e-10,1.366793989094395e-10,2.7304569951857555e-06,1.089244280889374e-07,6.763488419210791e-12,5.103021440244625e-11,2.871002559779049e-11
4.006952244583178e-06,0.16628943999999996,0.8585084662769803,0.0,0.0,0.44013304094342603,0.07689405205101275,0.006706636132778138,9.17644210474123e-06,0.0027863857289424573,0.06474318480561517,0.029400334862286315,3.971578716805209e-05,3.121501643559093e-10,0.0018579489507286387,4.9606982523300544e-11,0.0005461995402640424,2.832703755712378e-09,4.630293192523347e-06,2.9203724856604356e-09,1.5209557645260493e-10,1.0261259585599403e-05,2.4124251389375508e-05,0.005490721883470821,4.139542735579379e-06,0.0005846496726271171,2.8717028246562564e-09,3.0999822147091727e-09,5.284944423516e-08,1.2433660035642073e-07,5.6510040661649597e-08,0.00027173190384785706,0.004530978325038226,4.5727209171619185e-07,0.0012883837782958023,5.722694189071649e-09,3.817728743531113e-05,9.053256446691246e-08,5.073530971900642e-06,1.7597769406534354e-10,1.366927778213173e-10,2.7314965329511474e-06,1.0889643480822078e-07,6.7660544040158245e-12,5.0998766587707906e-11,2.8708553195962226e-11
4.008499246572343e-06,0.16628943999999996,0.8585084662769803,0.0,0.0,0.44012816161998175,0.07688343858176186,0.006703489428590506,9.176468060879656e-06,0.00278624024994613,0.06476584880995201,0.029406789131148376,3.9706021653266645e-05,3.1243331812667934e-10,0.001857722726719882,4.9601373504397916e-11,0.0005462418168898095,2.832743560064643e-09,4.627491673051569e-06,2.9212394761383155e-09,1.5211545290779014e-10,1.0256921796161745e-05,2.4133669427761594e-05,0.005489903326254999,4.133167376880871e-06,0.0005847403224906637,2.8678321893738032e-09,3.0981504487129874e-09,5.288207815471433e-08,1.2432872978140512e-07,5.6589180519114805e-08,0.000272067357981416,0.004535818267625246,4.5736565449065017e-07,0.0012888207642738293,5.721933959106877e-09,3.819219195788358e-05,9.055143530174578e-08,5.071513993624597e-06,1.7604294343486327e-10,1.367061386837064e-10,2.7325362328536998e-06,1.0886845067935332e-07,6.76862081434258e-12,5.0967345169154595e-11,2.8707082821823822e-11
4.010046248561509e-06,0.16628943999999996,0.8585084662769803,0.0,0.0,0.4401232809159738,0.07687282662317611,0.006700344262990934,9.176493942992842e-06,0.002786094731945041,0.06478850954610198,0.029413240343447583,3.9696259383242045e-05,3.127165743684635e-10,0.0018574965499877007,4.959576960257407e-11,0.000546284081020428,2.8327836026556577e-09,4.624692499256113e-06,2.9221061952035332e-09,1.5213530646422983e-10,1.0252586102182512e-05,2.4143089274057303e-05,0.005489084876225263,4.126805467735456e-06,0.0005848309382339323,2.863969108026707e-09,3.096319826723266e-09,5.2914748057677326e-08,1.2432085722124938e-07,5.6668372962824086e-08,0.0002724029675671947,0.004540659427722137,4.574591669534796e-07,0.0012892576711322921,5.721173872259617e-09,3.8207099341623315e-05,9.057029599990974e-08,5.069497716992943e-06,1.7610817632716178e-10,1.367194815106393e-10,2.7335760955795448e-06,1.0884047569958847e-07,6.77118765191084e-12,5.093595011005572e-11,2.870561446988709e-11
4.0115932505506745e-06,0.16628943999999996,0.8585084662769803,0.0,0.0,0.44011839883275083,0.07686221617506503,0.006697200635219394,9.176519751220835e-06,0.002785949174993264,0.06481116701438323,0.029419688500691602,3.9686500356872254e-05,3.129999330269611e-10,0.0018572704205254674,4.959017081972405e-11,0.000546326332662241,2.8328238837091987e-09,4.62189566785577e-06,2.9229726429255075e-09,1.5215513713684915e-10,1.0248252502241137e-05,2.415251093446873e-05,0.005488266533388582,4.120456970962556e-06,0.0005849215198750384,2.8601135606479873e-09,3.0944903480072436e-09,5.294745394797192e-08,1.2431298267882832e-07,5.674761798367956e-08,0.000272738732528239,0.004545501804060281,4.575526291297002e-07,0.0012896944988793923,5.7204139285287294e-09,3.822200959634691e-05,9.058914656645118e-08,5.067482141920508e-06,1.7617339274123563e-10,1.3673280631610798e-10,2.7346161218155335e-06,1.08812509866182e-07,6.773754918439919e-12,5.0904581373872054e-11,2.8704148134675358e-11
4.01314025253984e-06,0.16628943999999996,0.8585084662769803,0.0,0.0,0.44011351537166116,0.0768516072372381,0.0066940585445162066,9.176545485703314e-06,0.002785803579144765,0.06483382121511407,0.029426133604387356,3.9676744573052374e-05,3.132833940478638e-10,0.0018570443383265627,4.958457715774895e-11,0.0005463685718215869,2.832864403449824e-09,4.619101175576239e-06,2.923838819373676e-09,1.5217494494056553e-10,1.0243920994919482e-05,2.4161934415192555e-05,0.005487448297751902,4.1141218495108465e-06,0.0005850120674319226,2.8562655273676014e-09,3.0926620118330447e-09,5.298019582954761e-08,1.2430510615689312e-07,5.682691557260333e-08,0.0002730746527877341,0.004550345395371598,4.576460410444732e-07,0.0012901312475233362,5.719654127912491e-09,3.823692273189748e-05,9.060798700644337e-08,5.065467268321861e-06,1.7623859267492661e-10,1.3674611311407965e-10,2.7356563122492422e-06,1.0878455317639221e-07,6.776322615647457e-12,5.087323892423642e-11,2.870268381078011e-11
4.0146872545290055e-06,0.16628943999999996,0.8585084662769803,0.0,0.0,0.4401086305340516,0.07684099980950489,0.006690917990122047,9.176571146579607e-06,0.0027856579444534048,0.0648564721486127,0.029432575656041033,3.966699203067858e-05,3.135669573768548e-10,0.0018568183033843754,4.957898861855602e-11,0.0005464107985047961,2.8329051621018658e-09,4.616309019150096e-06,2.9247047246174913e-09,1.5219472989028878e-10,1.0239591578801833e-05,2.4171359722457618e-05,0.005486630169322152,4.1078000664578305e-06,0.0005851025809230373,2.8524249883372624e-09,3.0908348174679523e-09,5.301297370619023e-08,1.242972276585379e-07,5.690626572033801e-08,0.0002734107282683369,0.004555190200389215,4.5773940272274957e-07,0.0012905679170723367,5.718894470410251e-09,3.825183875810306e-05,9.062681732489838e-08,5.063453096111319e-06,1.7630377612952812e-10,1.367594019185663e-10,2.73669666756897e-06,1.0875660562747983e-07,6.778890745258822e-12,5.084192272462724e-11,2.870122149277468e-11
4.016234256518171e-06,0.16628943999999996,0.8585084662769803,0.0,0.0,0.44010374432126853,0.07683039389167493,0.006687778971277938,9.176596733988686e-06,0.0027855122709729433,0.06487911981519752,0.029439014657158095,3.965724272864811e-05,3.138506229596099e-10,0.0018565923156923013,4.9573405204058605e-11,0.0005464530127181948,2.832946159890082e-09,4.613519195316782e-06,2.9255703587264113e-09,1.5221449200092095e-10,1.023526425247489e-05,2.4180786862494116e-05,0.005485812148106242,4.10149158500929e-06,0.0005851930603664836,2.848591923785048e-09,3.08900876418051e-09,5.304578758176484e-08,1.2428934718665334e-07,5.698566841773284e-08,0.0002737469588930461,0.004560036217846594,4.5783271418948054e-07,0.0012910045075346093,5.718134956021031e-09,3.8266757684807564e-05,9.064563752684905e-08,5.061439625202935e-06,1.7636894310435204e-10,1.3677267274353764e-10,2.7377371884637415e-06,1.0872866721670804e-07,6.7814593089996375e-12,5.081063273870972e-11,2.8699761175227465e-11
4.017781258507337e-06,0.16628943999999996,0.8585084662769803,0.0,0.0,0.4400988567346578,0.07681978948355778,0.006684641487225255,9.17662224806917e-06,0.002785366558757033,0.06490176421518683,0.02944545060924327,3.964749666585931e-05,3.141343907417968e-10,0.0018563663752437457,4.95678269161761e-11,0.0005464952144681024,2.832987397040189e-09,4.610731700822589e-06,2.926435721769911e-09,1.5223423128735657e-10,1.0230939014527764e-05,2.41902158415132e-05,0.005484994234111066,4.0951963684986e-06,0.0005852835057800594,2.8447663140537216e-09,3.0871838512405716e-09,5.307863746020142e-08,1.2428146474389402e-07,5.706512365569245e-08,0.0002740833445851244,0.004564883446477609,4.5792597546983974e-07,0.0012914410189183764,5.717375584742869e-09,3.828167952189105e-05,9.066444761737541e-08,5.059426855510505e-06,1.7643409359645242e-10,1.3678592560292184e-10,2.7387778756233043e-06,1.0870073794134227e-07,6.7840283085916976e-12,5.0779368930398563e-11,2.8698302852790387e-11
4.019328260496502e-06,0.16628943999999996,0.8585084662769803,0.0,0.0,0.44009396777556387,0.07680918658496308,0.006681505537205721,9.176647688959323e-06,0.002785220807859224,0.06492440534889903,0.02945188351380055,3.963775384121157e-05,3.1441826066907506e-10,0.0018561404820321198,4.9562253756834e-11,0.0005465374037608326,2.833028873777811e-09,4.607946532420642e-06,2.9273008138174788e-09,1.5225394776448237e-10,1.0226615863551962e-05,2.4199646665763628e-05,0.005484176427343491,4.0889143803863775e-06,0.000585373917182229,2.840948139494036e-09,3.0853600779167007e-09,5.3111523345221654e-08,1.2427358033337862e-07,5.714463142489141e-08,0.00027441988526715,0.0045697318850174895,4.5801918658874717e-07,0.001291877451231864,5.716616356575178e-09,3.829660427921317e-05,9.068324760147937e-08,5.057414786947571e-06,1.7649922760755825e-10,1.3679916051071135e-10,2.7398187297381317e-06,1.086728177986505e-07,6.786597745765779e-12,5.074813126338086e-11,2.869684652010127e-11
4.020875262485668e-06,0.16628943999999996,0.8585084662769803,0.0,0.0,0.44008907744533116,0.07679858519570044,0.0066783711204614115,9.176673056797053e-06,0.0027850750183329638,0.06494704321665258,0.0294583133723332,3.9628014253605356e-05,3.147022326870973e-10,0.001855914636050843,4.955668572796391e-11,0.0005465795806026931,2.8330705903287323e-09,4.6051636868708805e-06,2.9281656349386144e-09,1.5227364144717744e-10,1.022229479814139e-05,2.4209079341502055e-05,0.005483358727810371,4.082645584259925e-06,0.0005854642945911012,2.8371373805216258e-09,3.0835374434786324e-09,5.31444452406249e-08,1.2426569395804345e-07,5.72241917161199e-08,0.00027475658086204924,0.0045745815322018,4.5811234757106533e-07,0.0012923138044833033,5.715857271517241e-09,3.831153196664287e-05,9.070203748417446e-08,5.0554034194274125e-06,1.7656434513758857e-10,1.368123774808579e-10,2.740859751499422e-06,1.0864490678590308e-07,6.789167622254344e-12,5.071691970150417e-11,2.8695392171770133e-11
4.022422264474833e-06,0.16628943999999996,0.8585084662769803,0.0,0.0,0.44008418574530284,0.07678798531557952,0.006675238236234749,9.176698351719927e-06,0.002784929190231596,0.06496967781876596,0.02946474018634375,3.9618277901942194e-05,3.1498630674150733e-10,0.0018556888372933424,4.955112283150347e-11,0.0005466217449999861,2.8331125469197568e-09,4.602383160940049e-06,2.9290301852028293e-09,1.522933123503133e-10,1.021797581689232e-05,2.4218513874953458e-05,0.005482541135518542,4.0763899438324615e-06,0.0005855546380243115,2.8333340176925386e-09,3.08171594719803e-09,5.317740315032704e-08,1.2425780562042104e-07,5.7303804520270154e-08,0.0002750934312931807,0.004579432386766345,4.5820545844198863e-07,0.0012927500786809323,5.715098329566795e-09,3.832646259409792e-05,9.072081727055075e-08,5.05339275286306e-06,1.7662944618254436e-10,1.3682557652724656e-10,2.7419009415990982e-06,1.086170049003727e-07,6.791737939783203e-12,5.068573420897801e-11,2.869393980250593e-11
4.023969266463999e-06,0.16628943999999996,0.8585084662769803,0.0,0.0,0.4400792926768214,0.07677738694440997,0.006672106883768507,9.176723573865153e-06,0.002784783323608361,0.06499230915555765,0.029471163957334,3.960854478512466e-05,3.15270482777942e-10,0.001855463085753053,4.954556506939632e-11,0.0005466638969590073,2.8331547437777995e-09,4.599604951401675e-06,2.9298944646796483e-09,1.523129604887536e-10,1.0213658918403415e-05,2.4227950272384633e-05,0.00548172365047482,4.070147422942859e-06,0.0005856449475003311,2.8295380315568216e-09,3.0798955883447794e-09,5.321039707798759e-08,1.2424991532364668e-07,5.738346982794855e-08,0.0002754304364830478,0.004584284447448458,4.582985192264205e-07,0.0012931862738329912,5.714339530723265e-09,3.834139617147155e-05,9.073958696560267e-08,5.051382787167285e-06,1.7669453074452364e-10,1.368387576638492e-10,2.742942300729809e-06,1.0858911213933434e-07,6.794308700088137e-12,5.065457474970507e-11,2.8692489407015428e-11
4.025516268453164e-06,0.16628943999999996,0.8585084662769803,0.0,0.0,0.4400743982412283,0.0767667900820015,0.006668977062305811,9.176748723369599e-06,0.0027846374185163986,0.06501493722734623,0.029477584686805017,3.959881490205638e-05,3.1555476074203014e-10,0.0018552373814234168,4.954001244359224e-11,0.0005467060364860471,2.8331971811297434e-09,4.596829055036051e-06,2.9307584734386088e-09,1.5233258587735454e-10,1.0209344101275699e-05,2.4237388540081428e-05,0.005480906272686,4.063917985555156e-06,0.0005857352230373044,2.825749402708575e-09,3.0780763661896516e-09,5.32434270273327e-08,1.2424202307074174e-07,5.746318762988197e-08,0.0002757675963544832,0.0045891377129858146,4.5839152994910953e-07,0.0012936223899477268,5.713580874986312e-09,3.8356332708655036e-05,9.075834657431781e-08,5.0493735222526e-06,1.767595988244452e-10,1.3685192090460585e-10,2.743983829584931e-06,1.0856122850006534e-07,6.796879904909017e-12,5.0623441287687424e-11,2.8691040979947882e-11
4.02706327044233e-06,0.16628943999999996,0.8585084662769803,0.0,0.0,0.44006950243986515,0.07675619472816383,0.006665848771090136,9.176773800369775e-06,0.0027844914750087446,0.06503756203445027,0.029484002376257156,3.9589088251642034e-05,3.158391405793929e-10,0.0018550117242978825,4.9534464956047e-11,0.0005467481635873891,2.8332398592034274e-09,4.594055468630222e-06,2.9316222115492625e-09,1.523521885309646e-10,1.0205031364112552e-05,2.4246828684282295e-05,0.005480089002158861,4.057701595757646e-06,0.0005858254646526844,2.8219681119178654e-09,3.0762582800062213e-09,5.32764930022699e-08,1.2423412886408757e-07,5.754295791695549e-08,0.00027610491083095937,0.00459399218211613,4.584844906352781e-07,0.00129405842703339,5.712822362353325e-09,3.837127221560434e-05,9.077709610179949e-08,5.047364958031272e-06,1.768246504169455e-10,1.3686506626335313e-10,2.745025528858565e-06,1.0853335397984543e-07,6.799451555975621e-12,5.059233378744331e-11,2.8689594516064263e-11
4.028610272431495e-06,0.16628943999999996,0.8585084662769803,0.0,0.0,0.4400646052740716,0.07674560088270671,0.006662722009365301,9.176798805001856e-06,0.0027843454931383346,0.06506018357718837,0.029490417027190005,3.957936483278729e-05,3.1612362223564414e-10,0.001854786114369908,4.952892260872236e-11,0.0005467902782693123,2.8332827782270243e-09,4.591284188977974e-06,2.932485679081169e-09,1.523717684644244e-10,1.0200720705519705e-05,2.4256270711269173e-05,0.005479271838900161,4.051498217762694e-06,0.0005859156723649392,2.8181941399367054e-09,3.0744413290657743e-09,5.3309595006399366e-08,1.2422623270681647e-07,5.762278067970662e-08,0.00027644237983491125,0.004598847853578828,4.585774013098367e-07,0.0012944943850982374,5.712063992823623e-09,3.838621470224915e-05,9.079583555303988e-08,5.045357094415305e-06,1.7688968552431232e-10,1.368781937540402e-10,2.7460673992455403e-06,1.0850548857595658e-07,6.802023655028098e-12,5.056125221310635e-11,2.86881500101456e-11
4.030157274420661e-06,0.16628943999999996,0.8585084662769803,0.0,0.0,0.440059706745187,0.0767350085454399,0.0066595967763754815,9.176823737401667e-06,0.002784199472958002,0.06508280185587924,0.02949682864110247,3.956964464439892e-05,3.1640820565638985e-10,0.0018545605516329564,4.952338540358618e-11,0.0005468323805380891,2.833325938428583e-09,4.5885152128798105e-06,2.9333488761039044e-09,1.5239132569256722e-10,1.0196412124105232e-05,2.4265714627360372e-05,0.005478454782916644,4.045307815906355e-06,0.0005860058461922765,2.814427467526141e-09,3.0726255126399143e-09,5.3342733043365414e-08,1.2421833460209018e-07,5.770265590879495e-08,0.0002767800032890547,0.004603704726113724,4.586702619973888e-07,0.0012949302641505295,5.711305766397423e-09,3.8401160178499954e-05,9.081456493299161e-08,5.043349931316457e-06,1.7695470414902147e-10,1.3689130339060388e-10,2.7471094414414123e-06,1.0847763228568303e-07,6.804596203814421e-12,5.053019652879616e-11,2.8686707456879307e-11
4.0317042764098264e-06,0.16628943999999996,0.8585084662769803,0.0,0.0,0.4400548068545506,0.07672441771617315,0.006656473071365198,9.176848597704689e-06,0.0027840534145204786,0.06510541687084155,0.029503237219492686,3.955992768538466e-05,3.1669289078722864e-10,0.0018543350360804992,4.951785334261228e-11,0.0005468744703999856,2.8333693400369684e-09,4.5857485371429395e-06,2.934211802687056e-09,1.5241086023021848e-10,1.0192105618479544e-05,2.427516043880829e-05,0.005477637834215025,4.039130354647279e-06,0.0005860959861519531,2.810668075670449e-09,3.0708108300042106e-09,5.3375907117072614e-08,1.2421043455210906e-07,5.778258359510374e-08,0.00027711778111699184,0.0046085627984604185,4.5876307272318623e-07,0.0012953660641985324,5.710547683071716e-09,3.841610865435049e-05,9.083328424677376e-08,5.041343468646227e-06,1.7701970628401652e-10,1.3690439518682704e-10,2.7481516561424644e-06,1.0844978510631135e-07,6.807169204068452e-12,5.049916669935195e-11,2.8685266851071008e-11
4.033251278398992e-06,0.16628943999999996,0.8585084662769803,0.0,0.0,0.44004990560349994,0.07671382839471633,0.00665335089357932,9.17687338604606e-06,0.0027839073178783976,0.06512802862239403,0.029509642763858087,3.9550213954653296e-05,3.1697767757375155e-10,0.0018541095677060144,4.951232642778046e-11,0.0005469165478612632,2.833412983281547e-09,4.582984158581251e-06,2.935074458900222e-09,1.5243037209219602e-10,1.0187801187255375e-05,2.4284608151905754e-05,0.005476820992802011,4.0329657985666295e-06,0.0005861860922624209,2.806915945329856e-09,3.068997280431498e-09,5.340911723106605e-08,1.2420253255996426e-07,5.786256372910021e-08,0.0002774557132410997,0.004613422069360414,4.588558335121841e-07,0.001295801785250517,5.709789742845557e-09,3.8431060139771274e-05,9.085199349938459e-08,5.0393377063158674e-06,1.7708469193141607e-10,1.3691746915663087e-10,2.749194044045706e-06,1.0842194703513037e-07,6.809742657533813e-12,5.0468162689166174e-11,2.8683828187581946e-11
4.0347982803881575e-06,0.16628943999999996,0.8585084662769803,0.0,0.0,0.44004500299337185,0.07670324058087924,0.006650230242263066,9.176898102560579e-06,0.0027837611830842895,0.06515063711085546,0.02951604527569536,3.954050345111465e-05,3.1726256596154225e-10,0.001853884146502988,4.9506804661076563e-11,0.0005469586129281765,2.833456868391584e-09,4.58022207401532e-06,2.9359368448130133e-09,1.5244986129331002e-10,1.0183498829047769e-05,2.4294057773007144e-05,0.005476004258684286,4.026814112367844e-06,0.0005862761645419763,2.803171057418069e-09,3.067184863193955e-09,5.3442363388898736e-08,1.2419462862903238e-07,5.7942596301373696e-08,0.0002777937995839523,0.0046182825375556845,4.5894854438880165e-07,0.0012962374273147593,5.709031945719924e-09,3.8446014644688475e-05,9.087069269573078e-08,5.037332644236373e-06,1.7714966109600866e-10,1.3693052531396054e-10,2.75023660584888e-06,1.0839411806943112e-07,6.8123165659673055e-12,5.043718446242875e-11,2.868239146113872e-11
4.036345282377323e-06,0.16628943999999996,0.8585084662769803,0.0,0.0,0.4400400990255034,0.07669265427447175,0.006647111116662009,9.1769227473827e-06,0.002783615010190586,0.06517324233654463,0.029522444756500493,3.9530796173679485e-05,3.1754755589617696e-10,0.0018536587724649123,4.950128804449241e-11,0.0005470006656069749,2.8335009955970025e-09,4.577462280272364e-06,2.9367989604950564e-09,1.5246932784836297e-10,1.01791985424741e-05,2.4303509308380545e-05,0.005475187631868517,4.020675260875295e-06,0.0005863662030076698,2.799433393132214e-09,3.0653735775692098e-09,5.347564559447708e-08,1.2418672276130667e-07,5.8022681302810775e-08,0.000278132040069295,0.004623144201787701,4.59041205378313e-07,0.0012966729903995395,5.708274291691407e-09,3.846097217913189e-05,9.088938184094774e-08,5.035328282318492e-06,1.7721461376874012e-10,1.3694356367254048e-10,2.7512793422504503e-06,1.0836629820650694e-07,6.814890931107276e-12,5.040623198430677e-11,2.8680956666581685e-11
4.037892284366489e-06,0.16628943999999996,0.8585084662769803,0.0,0.0,0.4400351937012299,0.07668206947530372,0.006643993516022064,9.176947320646542e-06,0.0027834687992496165,0.06519584429978044,0.029528841207768716,3.952109212125966e-05,3.1783264732322446e-10,0.0018534334455852862,4.9495776580025755e-11,0.0005470427059039015,2.8335453651282886e-09,4.574704774186251e-06,2.9376608060159864e-09,1.5248877177214976e-10,1.0174900326154027e-05,2.4312962764323753e-05,0.005474371112361348,4.014549209034299e-06,0.0005864562076779225,2.7957029336520436e-09,3.06356342283189e-09,5.3508963851296386e-08,1.2417881495977256e-07,5.8102818723805366e-08,0.0002784704346194591,0.004628007060800027,4.591338165057729e-07,0.001297108474513143,5.707516780758542e-09,3.8475932753118884e-05,9.090806094005274e-08,5.0333246204727195e-06,1.772795499509329e-10,1.3695658424625446e-10,2.7523222539496133e-06,1.0833848744365327e-07,6.817465754699599e-12,5.0375305219497166e-11,2.8679523798858153e-11
4.039439286355654e-06,0.16628943999999996,0.8585084662769803,0.0,0.0,0.4400302870218855,0.07667148618318505,0.006640877439589497,9.176971822485886e-06,0.0027833225503136132,0.06521844300088168,0.029535234630994552,3.951139129276796e-05,3.181178401882465e-10,0.0018532081658576163,4.9490270269680366e-11,0.0005470847338251934,2.833589977215938e-09,4.571949552597468e-06,2.9385223814454482e-09,1.525081930794576e-10,1.0170604178709508e-05,2.4322418147230883e-05,0.005473554700169408,4.008435921911111e-06,0.0005865461785711423,2.7919796600266905e-09,3.0617543982544238e-09,5.354231816280882e-08,1.241709052281166e-07,5.8183008554875635e-08,0.0002788089831568551,0.004632871113336812,4.59226377795371e-07,0.00129754387966386,5.706759412923311e-09,3.849089637658773e-05,9.092672999789322e-08,5.031321658609301e-06,1.773444696506799e-10,1.369695870490713e-10,2.753365341646297e-06,1.083106857781679e-07,6.820041038510592e-12,5.0344404132202145e-11,2.8678092852738088e-11
4.04098628834482e-06,0.16628943999999996,0.8585084662769803,0.0,0.0,0.4400253789888054,0.07666090439792572,0.006637762886610923,9.176996253034169e-06,0.0027831762634347103,0.06524103844016733,0.029541625027671794,3.950169368711819e-05,3.184031344367972e-10,0.0018529829332754155,4.948476911546594e-11,0.000547126749377083,2.833634832090999e-09,4.569196612353115e-06,2.939383686853105e-09,1.5252759178506613e-10,1.0166310098764792e-05,2.4331875463389406e-05,0.005472738395299308,4.00233536469126e-06,0.0005866361157041678,2.788263553661527e-09,3.059946503116498e-09,5.357570853292668e-08,1.24162993568111e-07,5.8263250786917144e-08,0.00027914768560537975,0.004637736358141394,4.5931888927238156e-07,0.001297979205859986,5.706002188181965e-09,3.850586305960067e-05,9.09453890196181e-08,5.029319396638231e-06,1.774093728567213e-10,1.369825720946533e-10,2.7544086060411547e-06,1.082828932073507e-07,6.822616784283912e-12,5.031352868791272e-11,2.8676663823083804e-11
4.042533290333985e-06,0.16628943999999996,0.8585084662769803,0.0,0.0,0.44002046960332253,0.07665032411933564,0.006634649856333306,9.1770206124245e-06,0.002783029938664941,0.06526363061795631,0.0295480123992935,3.9491999303225155e-05,3.1868853001442337e-10,0.0018527577478322033,4.947927311939817e-11,0.0005471687525657957,2.8336799299850177e-09,4.5664459503068775e-06,2.940244722308629e-09,1.525469679037472e-10,1.016201808494641e-05,2.434133471909425e-05,0.005471922197757637,3.996247502679641e-06,0.0005867260190953723,2.784554595974096e-09,3.0581397366949197e-09,5.360913496510107e-08,1.2415507998253359e-07,5.8343545410244e-08,0.0002794865418873322,0.0046426027939593705,4.594113509620357e-07,0.0012984144531098204,5.705245106532165e-09,3.8520832812229807e-05,9.096403801028252e-08,5.027317834469257e-06,1.774742595685708e-10,1.3699553939683174e-10,2.7554520478355683e-06,1.0825510972850376e-07,6.825192993766113e-12,5.0282678851699624e-11,2.8675236704933504e-11
4.043925592124234e-06,0.16628943999999996,0.8585084662769803,0.0,0.0,0.4400160500011844,0.0766408031566497,0.006631849430370663,9.177042475145495e-06,0.0027828982140183822,0.06528396078965039,0.029553758448563994,3.948327711142731e-05,3.189454726256354e-10,0.001852555121231798,4.947433113482326e-11,0.0005472065448702624,2.833720726062312e-09,4.5639722997295345e-06,2.94101942346712e-09,1.5256438711094014e-10,1.0158157037914526e-05,2.4349849712867844e-05,0.0054711877117413765,3.990779252693117e-06,0.0005868069033134295,2.7812226305928573e-09,3.0565146113664774e-09,5.363924958989941e-08,1.2414795611255157e-07,5.841585535793127e-08,0.00027979164400447447,0.004646983603475761,4.594945239342292e-07,0.0012988061081424557,5.70456385539351e-09,3.853430822233201e-05,9.098081352926037e-08,5.025517026773177e-06,1.7753264351709745e-10,1.3700719480976088e-10,2.7563912977074483e-06,1.0823011236894809e-07,6.827511980240692e-12,5.025493586435961e-11,2.8673953928632254e-11
4.0453178939144835e-06,0.16628943999999996,0.8585084662769803,0.0,0.0,0.44001162930565046,0.07663128341407342,0.006629050236637644,9.17706428043266e-06,0.0027827664587600823,0.06530428832002308,0.02955950204983573,3.947455752758446e-05,3.192024972295796e-10,0.0018523525328040156,4.946939333146241e-11,0.0005472443271701242,2.8337617193419155e-09,4.56150048966508e-06,2.9417939060716348e-09,1.5258178804543892e-10,1.0154297662336228e-05,2.435836628750046e-05,0.005470453312671244,3.985321232693704e-06,0.0005868877602278685,2.77789642694112e-09,3.054890399184496e-09,5.366939343049423e-08,1.2414083068750805e-07,5.8488207728175084e-08,0.000280096870608229,0.00465136537578285,4.5957765661632194e-07,0.00129919769924138,5.703882720159329e-09,3.854778613422409e-05,9.099758093067478e-08,5.023716785777343e-06,1.7759101410761853e-10,1.3701883587182576e-10,2.7573306923540223e-06,1.0820512236974105e-07,6.829831345036484e-12,5.022721356546471e-11,2.867267269270597e-11
4.046710195704733e-06,0.16628943999999996,0.8585084662769803,0.0,0.0,0.440007207517691,0.07662176489146832,0.006626252274586009,9.177086028382326e-06,0.0027826346729277703,0.06532461320930699,0.02956524320419565,3.9465840550907566e-05,3.194596037865446e-10,0.001852149982544146,4.9464459710797365e-11,0.0005472820994699087,2.833802909993476e-09,4.559030517833493e-06,2.942568170172989e-09,1.5259917071799646e-10,1.015043995721495e-05,2.4366884447511994e-05,0.005469719000552013,3.979873417634534e-06,0.0005869685898516961,2.774575971812448e-09,3.053267099626567e-09,5.3699566489505997e-08,1.2413370370836108e-07,5.8560602513895554e-08,0.00028040222164228386,0.0046557481099672475,4.596607490275131e-07,0.0012995892264126524,5.703201700824118e-09,3.8561266555353635e-05,9.101434021840023e-08,5.021917111415446e-06,1.7764937132924589e-10,1.3703046259293445e-10,2.7582702322881127e-06,1.0818013972892038e-07,6.83215108941339e-12,5.019951193043139e-11,2.8671392993672533e-11
4.048102497494982e-06,0.16628943999999996,0.8585084662769803,0.0,0.0,0.4400027846382753,0.07661224758869589,0.006623455543667746,9.177107719090623e-06,0.0027825028565591084,0.06534493545773476,0.029570981912730207,3.9457126180608136e-05,3.197167922568149e-10,0.001851947470447483,4.9459530274313774e-11,0.0005473198617741378,2.83384429818645e-09,4.556562381959033e-06,2.9433422158220057e-09,1.5261653513936055e-10,1.0146583921555616e-05,2.4375404197669407e-05,0.00546898477538843,3.974435782546662e-06,0.000587049392198869,2.771261251416679e-09,3.051644712159539e-09,5.372976876915707e-08,1.2412657517913892e-07,5.863303970800686e-08,0.00028070769704942447,0.004660131805116893,4.5974380118453675e-07,0.0012999806896623373,5.702520797393502e-09,3.8574749492932595e-05,9.103109139574416e-08,5.02011800362101e-06,1.777077152018195e-10,1.3704207498344397e-10,2.7592099180230316e-06,1.0815516444452518e-07,6.83447121468228e-12,5.0171830932603466e-11,2.8670114827756628e-11
4.049494799285231e-06,0.16628943999999996,0.8585084662769803,0.0,0.0,0.4399983606683738,0.07660273150561767,0.0066206600433350695,9.177129352653465e-06,0.0027823710096916963,0.065365255065539,0.029576718176525407,3.9448414415898386e-05,3.199740626006697e-10,0.0018517449965093258,4.945460502350113e-11,0.0005473576140873313,2.8338858840909895e-09,4.5540960797702435e-06,2.9441160430695164e-09,1.5263388132027418e-10,1.0142729554364617e-05,2.438392554264706e-05,0.005468250637185242,3.969008302537513e-06,0.0005871301672811162,2.767952252351902e-09,3.05002323625948e-09,5.3760000272365595e-08,1.2411944510121406e-07,5.8705519304059886e-08,0.0002810132967746581,0.004664516460317945,4.598268131052515e-07,0.0013003720889965017,5.701840009866536e-09,3.8588234954276904e-05,9.10478344663694e-08,5.018319462327402e-06,1.777660457175412e-10,1.370536730532747e-10,2.7601497500725656e-06,1.0813019651459595e-07,6.8367917221348315e-12,5.014417054691333e-11,2.8668838191108688e-11
4.050747870896455e-06,0.16628943999999996,0.8585084662769803,0.0,0.0,0.43999437816389725,0.07659416807357138,0.006618145144733779,9.177148774079736e-06,0.0027822523214656204,0.06538354045502194,0.029581878724586116,3.944057605478816e-05,3.2020567587922117e-10,0.001851562802586623,4.94501758777526e-11,0.0005473915826306017,2.8339234805892825e-09,4.551877973727661e-06,2.9448123009010075e-09,1.5264947729638617e-10,1.0139262049613102e-05,2.4391596120433392e-05,0.005467589987157422,3.964132232609265e-06,0.0005872028415548536,2.764979034124937e-09,3.048564686907587e-09,5.378723361340163e-08,1.2411302670793757e-07,5.877078718811009e-08,0.00028128844277231646,0.0046684634700894815,4.599014894477968e-07,0.0013007242937544974,5.701227400185295e-09,3.860037403349013e-05,9.106289630188193e-08,5.016701259466161e-06,1.7781853175504656e-10,1.370640990801588e-10,2.7609957244411696e-06,1.0810773166410959e-07,6.838880506651434e-12,5.011929380289987e-11,2.8667690522851153e-11
4.052000942507679e-06,0.16628943999999996,0.8585084662769803,0.0,0.0,0.43999039477761753,0.07658560562926434,0.006615631242064281,9.177168149365302e-06,0.002782133608593284,0.06540182370595787,0.029587037294078234,3.9432739802994545e-05,3.2043735541423627e-10,0.0018513806395650835,4.944575012469851e-11,0.0005474255430880796,2.833961237496079e-09,4.549661349484155e-06,2.9455083819055263e-09,1.5266505851425537e-10,1.0135795894795021e-05,2.439926799709963e-05,0.0054669294075747905,3.95926435015462e-06,0.0005872754937646856,2.762010429799778e-09,3.047106875117426e-09,5.381449062924867e-08,1.24106607063139e-07,5.883608940668493e-08,0.0002815636893802976,0.004672411256099928,4.599761332274415e-07,0.0013010764467502644,5.700614884382316e-09,3.8612515168356077e-05,9.107795157666098e-08,5.015083515367679e-06,1.7787100697168586e-10,1.3707451352273548e-10,2.761841818116392e-06,1.0808527276772799e-07,6.840969602701968e-12,5.009443371617524e-11,2.8666544087909694e-11
4.053254014118903e-06,0.16628943999999996,0.8585084662769803,0.0,0.0,0.4399864105102406,0.0765770441725956,0.006613118334927716,9.177187478579626e-06,0.0027820148711019633,0.06542010481851647,0.029592193885792456,3.942490565994452e-05,3.206691011767491e-10,0.0018511985074412879,4.944132776543274e-11,0.0005474594954630515,2.8339991549357868e-09,4.547446205392685e-06,2.9462042861201444e-09,1.5268062498170292e-10,1.0132331089189067e-05,2.440694117612822e-05,0.005466268898440781,3.9544046371855e-06,0.0005873481239194399,2.7590464295130494e-09,3.0456498005045066e-09,5.384177132189201e-08,1.241001861686978e-07,5.8901425955039474e-08,0.00028183903655818474,0.0046763598176843375,4.600507444564996e-07,0.0013014285479882337,5.7000024624600496e-09,3.862465836415686e-05,9.109300029321403e-08,5.013466229983049e-06,1.7792347137063987e-10,1.3708491638835628e-10,2.7626880314737825e-06,1.080628198240256e-07,6.8430590112437295e-12,5.006959026795843e-11,2.8665398883438887e-11
4.054507085730127e-06,0.16628943999999996,0.8585084662769803,0.0,0.0,0.43998242536247173,0.07656848370346431,0.006610606422925375,9.177206761792043e-06,0.0027818961090188945,0.06543838379286734,0.029597348500519177,3.9417073625065495e-05,3.2090091313779097e-10,0.0018510164062118203,4.9436908801051746e-11,0.000547493439758802,2.834037233033257e-09,4.545232539808993e-06,2.9469000135819403e-09,1.5269617670654675e-10,1.0128867632074896e-05,2.4414615660843544e-05,0.005465608459758819,3.949553075763132e-06,0.0005874207320287321,2.7560870237927274e-09,3.0441934626888855e-09,5.386907569315621e-08,1.2409376402540632e-07,5.896679682792256e-08,0.000282114484264762,0.004680309154178837,4.6012532314888405e-07,0.0013017805974728357,5.6993901344148086e-09,3.8636803626340164e-05,9.11080424543408e-08,5.0118494032632525e-06,1.7797592494508075e-10,1.3709530768423696e-10,2.7635343648892025e-06,1.0804037283157762e-07,6.845148733202998e-12,5.00447634404567e-11,2.8664254906908068e-11
4.055760157341351e-06,0.16628943999999996,0.8585084662769803,0.0,0.0,0.43997843933501546,0.07655992422176955,0.0066080955056586925,9.177225999071727e-06,0.002781777322371275,0.06545666062918014,0.02960250113904847,3.9409243697785254e-05,3.2113279126839015e-10,0.001850834335873267,4.943249323265445e-11,0.0005475273759786122,2.834075471913191e-09,4.5430203510915975e-06,2.9475955643279956e-09,1.5271171369660137e-10,1.0125405522733115e-05,2.442229145458061e-05,0.00546494809153232,3.944709647998514e-06,0.0005874933181026314,2.7531322031236187e-09,3.0427378612888816e-09,5.3896403744700185e-08,1.240873406346637e-07,5.9032202019951524e-08,0.0002823900324583873,0.004684259264920278,4.601998693183246e-07,0.0013021325952085046,5.6987779002441306e-09,3.8648950960350464e-05,9.112307806277285e-08,5.0102330351591655e-06,1.7802836769467835e-10,1.371056874176921e-10,2.7643808187388277e-06,1.0801793178896027e-07,6.8472387695082775e-12,5.001995321558635e-11,2.8663112155864697e-11
4.057013228952575e-06,0.16628943999999996,0.8585084662769803,0.0,0.0,0.43997445242857686,0.07655136572741042,0.00660558558272926,9.177245190487734e-06,0.002781658511186258,0.06547493532762452,0.029607651802170114,3.940141587753205e-05,3.213647355395717e-10,0.0018506522964222172,4.9428081061342346e-11,0.0005475613041257614,2.834113871700249e-09,4.540809637601788e-06,2.9482909383953966e-09,1.5272723595967805e-10,1.0121944760445271e-05,2.4429968560860702e-05,0.005464287793764692,3.939874336052285e-06,0.0005875658821500078,2.7501819576205076e-09,3.041282995919002e-09,5.392375547845367e-08,1.2408091599880412e-07,5.909764152639865e-08,0.00028266568109859064,0.00468821014924462,4.6027438297673523e-07,0.001302484541199675,5.698165759952117e-09,3.866110037145353e-05,9.113810712093281e-08,5.008617125621561e-06,1.780807996272699e-10,1.371160555961297e-10,2.765227393399157e-06,1.0799549669475058e-07,6.8493291211246424e-12,4.999515957434607e-11,2.8661970627477045e-11
4.0582663005637994e-06,0.16628943999999996,0.8585084662769803,0.0,0.0,0.43997046464386075,0.07654280822028608,0.006603076653738813,9.177264336108961e-06,0.0027815396754909557,0.06549320788837026,0.02961280049067357,3.939359016373446e-05,3.2159674592235827e-10,0.0018504702878552634,4.942367228821948e-11,0.0005475952242035261,2.8341524325198453e-09,4.538600397703625e-06,2.9489861358212357e-09,1.527427435035849e-10,1.011848534449387e-05,2.4437646983081106e-05,0.005463627566459334,3.935047122133774e-06,0.0005876384241799565,2.747236277780649e-09,3.0398288661991394e-09,5.3951130896356926e-08,1.2407449011872184e-07,5.916311534223643e-08,0.00028294143014462894,0.004692161806488384,4.6034886413746103e-07,0.001302836435450785,5.697553713536944e-09,3.867325186504653e-05,9.115312963153256e-08,5.007001674601107e-06,1.7813322073649397e-10,1.3712641222675142e-10,2.7660740892469986e-06,1.0797306754752643e-07,6.851419788993641e-12,4.997038249881581e-11,2.8660830319065892e-11
4.0595193721750235e-06,0.16628943999999996,0.8585084662769803,0.0,0.0,0.43996647598157035,0.07653425170029564,0.0066005687182892426,9.177283436004178e-06,0.0027814208153124406,0.06551147831158699,0.029617947205347973,3.938576655582153e-05,3.218288223877692e-10,0.0018502883101690004,4.9419266914392376e-11,0.0005476291362151811,2.834191154497255e-09,4.53639262976393e-06,2.94968115664261e-09,1.527582363361266e-10,1.0115027274162348e-05,2.4445326724565555e-05,0.00546296740961964,3.930227988501353e-06,0.0005877109442025833,2.7442951542042785e-09,3.0383754717485948e-09,5.397853000001919e-08,1.24068062995738e-07,5.922862346200937e-08,0.00028321727955477483,0.004696114235989364,4.6042331281440867e-07,0.0013031882779662737,5.696941760995472e-09,3.868540544660774e-05,9.116814559733234e-08,5.005386682048365e-06,1.7818563102150018e-10,1.371367573168554e-10,2.7669209066594752e-06,1.0795064434586661e-07,6.853510774042334e-12,4.994562197109577e-11,2.8659691228236315e-11
4.0607724437862476e-06,0.16628943999999996,0.8585084662769803,0.0,0.0,0.43996248644240954,0.07652569616733827,0.006598061775982582,9.177302490242014e-06,0.0027813019306777414,0.06552974659744441,0.029623091946982188,3.937794505322265e-05,3.2206096490682103e-10,0.0018501063633600242,4.941486494097008e-11,0.0005476630401639978,2.8342300377577014e-09,4.534186332152279e-06,2.9503760008966235e-09,1.5277371446510455e-10,1.0111570548735097e-05,2.4453007788759537e-05,0.005462307323248993,3.925416917462625e-06,0.0005877834422271579,2.74135857727333e-09,3.0369228121846797e-09,5.400595279126707e-08,1.2406163463163124e-07,5.929416588071453e-08,0.00028349322928814945,0.004700067437084787,4.60497729020319e-07,0.0013035400687505824,5.696329902328615e-09,3.869756112150113e-05,9.118315502090402e-08,5.003772147913795e-06,1.782380304850886e-10,1.3714709087377265e-10,2.76776784601403e-06,1.0792822708835079e-07,6.85560207722152e-12,4.992087797276872e-11,2.8658553352343737e-11
4.062025515397472e-06,0.16628943999999996,0.8585084662769803,0.0,0.0,0.4399584960270825,0.0765171416213131,0.006595555826421017,9.177321498890956e-06,0.0027811830216138505,0.0655480127461123,0.029628234716364724,3.9370125655367646e-05,3.2229317345052735e-10,0.0018499244474249358,4.941046636906417e-11,0.0005476969360532458,2.834269082426852e-09,4.5319815032410015e-06,2.951070668620381e-09,1.5278917789831701e-10,1.0108115167497435e-05,2.4460690179147682e-05,0.005461647307350772,3.920613891373694e-06,0.0005878559182624555,2.7384265373774684e-09,3.0354708871256877e-09,5.403339927208755e-08,1.2405520502783793e-07,5.93597425935259e-08,0.00028376927930431347,0.0047040214091117315,4.6057211276770274e-07,0.0013038918078081558,5.695718137537651e-09,3.870971889505906e-05,9.119815790480885e-08,5.00215807214775e-06,1.782904191259476e-10,1.3715741290475953e-10,2.7686149076884214e-06,1.079058157735595e-07,6.85769369949011e-12,4.9896150485522356e-11,2.8657416688598888e-11
4.063278587008696e-06,0.16628943999999996,0.8585084662769803,0.0,0.0,0.43995450473629166,0.07650858806211931,0.006593050869206887,9.177340462019351e-06,0.002781064088147714,0.06556627675776042,0.029633375514283807,3.9362308361686744e-05,3.225254479898987e-10,0.001849742562360337,4.940607119978876e-11,0.0005477308238861923,2.8343082886306847e-09,4.529778141405174e-06,2.9517651598509962e-09,1.528046266435589e-10,1.0104661129735629e-05,2.446837389906924e-05,0.005460987361928342,3.9158188926390205e-06,0.000587928372318432,2.735499025206597e-09,3.0340196961919497e-09,5.406086944411424e-08,1.2404877418551967e-07,5.9425353595006375e-08,0.0002840454295616502,0.004707976151408734,4.6064646407046824e-07,0.0013042434951434387,5.69510646661927e-09,3.872187877276674e-05,9.121315425181405e-08,5.00054445470048e-06,1.7834279694152573e-10,1.3716772341707557e-10,2.769462092060719e-06,1.0788341040007413e-07,6.859785641779373e-12,4.9871439491614307e-11,2.8656281234573577e-11
4.06453165861992e-06,0.16628943999999996,0.8585084662769803,0.0,0.0,0.4399505125707393,0.07650003548965612,0.0065905469039426725,9.177359379695416e-06,0.002780945130306242,0.06558453863255848,0.02963851434152736,3.935449317161055e-05,3.227577884959431e-10,0.001849560708162833,4.940167943426042e-11,0.000547764703666101,2.834347656494918e-09,4.5275762450226105e-06,2.952459474625587e-09,1.5282006070862183e-10,1.0101208434736868e-05,2.4476058951903923e-05,0.005460327486985067,3.911031903711733e-06,0.0005880008044048582,2.732576031345723e-09,3.0325692390021533e-09,5.408836330898964e-08,1.2404234210636324e-07,5.949099887986514e-08,0.00028432168001876583,0.004711931663314402,4.6072078294201545e-07,0.0013045951307608784,5.694494889572202e-09,3.8734040760076404e-05,9.122814406458644e-08,4.998931295522131e-06,1.7839516393457565e-10,1.371780224180522e-10,2.770309399509313e-06,1.0786101096647695e-07,6.861877905028044e-12,4.984674497296229e-11,2.865514698783049e-11
4.065784730231144e-06,0.16628943999999996,0.8585084662769803,0.0,0.0,0.43994651953112884,0.07649148390382265,0.006588043930231007,9.177378251987227e-06,0.002780826148116301,0.06560279837067622,0.029643651198882966,3.934668008457003e-05,3.229901949396653e-10,0.001849378884829031,4.93972910735983e-11,0.0005477985753962341,2.8343871861454453e-09,4.5253758124738665e-06,2.9531536129812723e-09,1.5283548010129404e-10,1.009775708178928e-05,2.4483745341186945e-05,0.005459667682524299,3.9062529070931784e-06,0.0005880732145302607,2.7296575461538594e-09,3.031119515174081e-09,5.411588086874257e-08,1.2403590879206633e-07,5.955667844340918e-08,0.00028459803063545495,0.004715887944166432,4.6079506939435276e-07,0.0013049467146649253,5.693883406399457e-09,3.874620486229232e-05,9.12431273456041e-08,4.997318594562742e-06,1.7844752010616944e-10,1.3718830991496347e-10,2.771156830412911e-06,1.0783861747135105e-07,6.8639704902047475e-12,4.982206691108923e-11,2.8654013945544874e-11
4.067037801842368e-06,0.16628943999999996,0.8585084662769803,0.0,0.0,0.4399425256181623,0.07648293330451812,0.006585541947674677,9.177397078962718e-06,0.0027807071416047187,0.06562105597228352,0.02964878608713793,3.933886909999662e-05,3.2322266729206746e-10,0.0018491970923555409,4.939290611892397e-11,0.000547832439079852,2.8344268777089217e-09,4.523176842142223e-06,2.9538475749551785e-09,1.528508848293607e-10,1.0094307070181926e-05,2.4491433070310132e-05,0.005459007948549383,3.901481885332377e-06,0.0005881456027042377,2.7267435603575573e-09,3.0296705243288965e-09,5.41434221251116e-08,1.2402947424360332e-07,5.962239228032974e-08,0.00028487448137041045,0.004719844993303913,4.6086932344107663e-07,0.0013052982468600308,5.693272017098513e-09,3.875837108486966e-05,9.125810409759908e-08,4.995706351772255e-06,1.7849986545128342e-10,1.3719858591501213e-10,2.772004385150534e-06,1.0781622991328036e-07,6.8660633982521054e-12,4.979740528832243e-11,2.8652882105158614e-11
4.0681655662924696e-06,0.16628943999999996,0.8585084662769803,0.0,0.0,0.4399389303503524,0.07647523860854298,0.00658329101048361,9.17741398455125e-06,0.0027806000149714315,0.06563748598715397,0.029653405803636797,3.933184101102027e-05,3.234319487371818e-10,0.001849033505512167,4.938896257276572e-11,0.000547862909518029,2.8344627386559936e-09,4.521199017705345e-06,2.954471989955966e-09,1.5286473655281465e-10,1.0091203205994348e-05,2.449835317486586e-05,0.005458414248240121,3.897194769866576e-06,0.0005882107333004611,2.7241248124294055e-09,3.0283670589540463e-09,5.4168229517755105e-08,1.2402368209617833e-07,5.96815640328622e-08,0.0002851233725987008,0.004723406993865837,4.6093612438754777e-07,0.0013056145816281617,5.692721846986517e-09,3.87693225026348e-05,9.127157759430361e-08,4.994255724953768e-06,1.7854696700793712e-10,1.3720782449129795e-10,2.7727672906060005e-06,1.0779608618602926e-07,6.867947292323262e-12,4.97752238684428e-11,2.865186447448416e-11
4.069293330742571e-06,0.16628943999999996,0.8585084662769803,0.0,0.0,0.43993533437620375,0.07646754471150119,0.006581040875517375,9.177430853537816e-06,0.0027804928686788106,0.06565391427171222,0.029658023926375097,3.932481462416803e-05,3.2364128352369294e-10,0.0018488699436604336,4.938502178718932e-11,0.0005478933734435393,2.834498730946917e-09,4.519222375182231e-06,2.955096262144664e-09,1.5287857640991207e-10,1.008810042720027e-05,2.4505274369950902e-05,0.00545782060502953,3.892914087285118e-06,0.0005882758461305887,2.721509694579381e-09,3.0270641867092455e-09,5.419305610727703e-08,1.2401788895167178e-07,5.974076353885525e-08,0.0002853723448594869,0.0047269696157221965,4.610028991056639e-07,0.0013059308745189061,5.6921717529099535e-09,3.878027564626605e-05,9.12850458065458e-08,4.9928054691748125e-06,1.785940597989858e-10,1.3721705376637363e-10,2.7735302969510444e-06,1.0777594726561548e-07,6.869831449376363e-12,4.975305573644965e-11,2.8650847813526178e-11
4.070421095192673e-06,0.16628943999999996,0.8585084662769803,0.0,0.0,0.43993173769622756,0.07645985161331922,0.006578791542486716,9.177447685971662e-06,0.00278038570274633,0.06567034082608214,0.029662640455926127,3.931778993902623e-05,3.2385067163045535e-10,0.0018487064067978759,4.938108376301764e-11,0.0005479238308587539,2.8345348546742215e-09,4.517246913399946e-06,2.955720391548346e-09,1.528924044063214e-10,1.0084998733283321e-05,2.4512196658118472e-05,0.005457227018920033,3.888639824965573e-06,0.0005883409412011152,2.718898199977552e-09,3.0257619073181317e-09,5.421790189510601e-08,1.2401209481080597e-07,5.979999079469026e-08,0.0002856213981231477,0.0047305328583912825,4.6106964760464545e-07,0.0013062471255355134,5.6916217348691005e-09,3.8791230519675256e-05,9.129850873622155e-08,4.991355584398684e-06,1.7864114382000395e-10,1.3722627374545686e-10,2.774293404462631e-06,1.0775581315100844e-07,6.871715870114278e-12,4.973090087930603e-11,2.8649832120254505e-11
4.0715488596427745e-06,0.16628943999999996,0.8585084662769803,0.0,0.0,0.4399281403109347,0.0764521593139237,0.006576543011102464,9.17746448190194e-06,0.0027802785171934384,0.06568676565038747,0.029667255392862982,3.9310766955181386e-05,3.2406011303632194e-10,0.0018485428949220283,4.937714850107518e-11,0.0005479542817660429,2.8345711099306023e-09,4.5152726311873325e-06,2.956344378194091e-09,1.5290622054770904e-10,1.008189812372775e-05,2.4519120041816077e-05,0.005456633489914045,3.884371970316544e-06,0.0005884060185192694,2.716290321947955e-09,3.024460220504505e-09,5.424276688237056e-08,1.240062996745665e-07,5.985924579637291e-08,0.0002858705323593317,0.004734096721392313,4.6113636989460726e-07,0.0013065633346812336,5.69107179286171e-09,3.880218712688487e-05,9.131196638533315e-08,4.989906070588602e-06,1.7868821907083935e-10,1.372354844338488e-10,2.7750566134179307e-06,1.0773568384117814e-07,6.873600555219871e-12,4.9708759284163724e-11,2.8648817392940933e-11
4.072676624092876e-06,0.16628943999999996,0.8585084662769803,0.0,0.0,0.43992454222083555,0.0764444678132411,0.006574295281075558,9.17748124137771e-06,0.0027801713120395527,0.06570318874475208,0.029671868737758535,3.9303745672220286e-05,3.242696077201437e-10,0.0018483794080304276,4.937321600218806e-11,0.0005479847261677739,2.834607496808406e-09,4.513299527375011e-06,2.9569682221089812e-09,1.5292002483973927e-10,1.0078798598018407e-05,2.452604452350107e-05,0.00545604001801398,3.880110510777884e-06,0.0005884710780921402,2.7136860537221357e-09,3.0231591259904428e-09,5.42676510701702e-08,1.2400050354454618e-07,5.991852854001648e-08,0.00028611974753785035,0.004737661204244523,4.6120306598533535e-07,0.0013068795019593193,5.690521926887027e-09,3.8813145471912466e-05,9.132541875580739e-08,4.988456927707722e-06,1.7873528555791914e-10,1.3724468583694656e-10,2.7758199240943222e-06,1.0771555933509517e-07,6.875485505376917e-12,4.968663093785638e-11,2.8647803629939332e-11
4.073804388542978e-06,0.16628943999999996,0.8585084662769803,0.0,0.0,0.4399209434264413,0.07643677711119803,0.006572048352117026,9.177497964447958e-06,0.002780064087304069,0.06571961010929979,0.029676480491185497,3.929672608973e-05,3.2447915566076967e-10,0.0018482159461206136,4.936928626718407e-11,0.0005480151640663132,2.834644015400073e-09,4.511327600795367e-06,2.957591923320103e-09,1.5293381728807403e-10,1.0075700155640733e-05,2.4532970105783815e-05,0.005455446603222244,3.875855433820393e-06,0.0005885361199258339,2.711085388389242e-09,3.0218586234988158e-09,5.4292554460031977e-08,1.2399470642171215e-07,5.997783902221211e-08,0.0002863690436294649,0.004741226306466387,4.6126973588542243e-07,0.0013071956273730237,5.689972136947402e-09,3.882410555862753e-05,9.133886584944386e-08,4.987008155719132e-06,1.7878234327882593e-10,1.3725387795998045e-10,2.7765833367693976e-06,1.0769543963173053e-07,6.8773707212985475e-12,4.966451582712152e-11,2.8646790829166416e-11
4.0749321529930795e-06,0.16628943999999996,0.8585084662769803,0.0,0.0,0.4399173439282622,0.07642908720772101,0.006569802223937998,9.177514651161565e-06,0.002779956843006357,0.06573602974415443,0.02968109065371634,3.9289708207297815e-05,3.2468875683704735e-10,0.0018480525091901254,4.936535929689261e-11,0.0005480455954640261,2.8346806657988794e-09,4.509356850282561e-06,2.9582154818545438e-09,1.5294759789837336e-10,1.0072602796080774e-05,2.4539896791188286e-05,0.005454853245541239,3.871606726945423e-06,0.0005886011440272318,2.7084883193272925e-09,3.0205587127554867e-09,5.431747705329122e-08,1.23988908306289e-07,6.003717723909488e-08,0.00028661842060413674,0.004744792027577368,4.6133637960463866e-07,0.0013075117109256026,5.689422423041019e-09,3.883506739099086e-05,9.13523076682348e-08,4.985559754585853e-06,1.7882939222414682e-10,1.3726306080809074e-10,2.777346851720954e-06,1.0767532473005586e-07,6.8792562036837294e-12,4.964241393936062e-11,2.8645778988626314e-11
4.076059917443181e-06,0.16628943999999996,0.8585084662769803,0.0,0.0,0.43991374372680786,0.07642139810273664,0.006567556896249703,9.177531301567337e-06,0.0027798495791657553,0.06575244764943981,0.029685699225923345,3.9282692024511284e-05,3.24898411227822e-10,0.0018478890972365054,4.9361435092144714e-11,0.0005480760203632755,2.834717448097718e-09,4.507387274672519e-06,2.958838897739395e-09,1.5296136667629494e-10,1.0069506518825175e-05,2.4546824582116e-05,0.005454259944973364,3.867364377685255e-06,0.0005886661504037192,2.705894839871175e-09,3.0192593934825116e-09,5.434241885086524e-08,1.2398310920019164e-07,6.009654318659667e-08,0.0002868678784313551,0.004748358367097585,4.614029971532379e-07,0.0013078277526203108,5.688872785165929e-09,3.884603097309068e-05,9.136574421415285e-08,4.984111724270838e-06,1.7887643240484831e-10,1.3727223438674756e-10,2.7781104692269924e-06,1.0765521462904332e-07,6.881141953206287e-12,4.962032526148726e-11,2.8644768106852374e-11
4.077187681893283e-06,0.16628943999999996,0.8585084662769803,0.0,0.0,0.4399101428225886,0.07641370979617149,0.0065653123687634644,9.177547915713982e-06,0.002779742295801583,0.06576886382527981,0.029690306208378606,3.9275677540958206e-05,3.251081188119377e-10,0.001847725710257297,4.935751365377304e-11,0.000548106438766423,2.83475436238927e-09,4.505418872802925e-06,2.9594621710017504e-09,1.529751236274945e-10,1.0066411323361166e-05,2.455375348114492e-05,0.0054536667015210065,3.863128373602991e-06,0.0005887311390616694,2.7033049432203234e-09,3.017960665403455e-09,5.4367379854178826e-08,1.2397730910435886e-07,6.01559368611588e-08,0.00028711741708161353,0.004751925324546343,4.614695885401362e-07,0.001308143752460406,5.6883232233234325e-09,3.885699630884368e-05,9.137917548904227e-08,4.982664064736974e-06,1.7892346381863085e-10,1.372813987011826e-10,2.7788741895657274e-06,1.076351093276656e-07,6.88302797057343e-12,4.959824978040752e-11,2.864375818188244e-11
4.0783154463433845e-06,0.16628943999999996,0.8585084662769803,0.0,0.0,0.43990654121611417,0.0764060222879521,0.0065630686411907065,9.177564493650119e-06,0.0027796349929331285,0.06578527827179834,0.02969491160165398,3.9268664756226604e-05,3.25317879568236e-10,0.0018475623482500443,4.93535949826119e-11,0.000548136850675829,2.834791408766747e-09,4.5034516435132285e-06,2.9600853016687095e-09,1.529888687576254e-10,1.0063317209176588e-05,2.4560683490842088e-05,0.005453073515186556,3.858898702292094e-06,0.0005887961100076676,2.700718622682692e-09,3.0166625282432633e-09,5.439236006461906e-08,1.239715080193496e-07,6.021535825908047e-08,0.0002873670365251619,0.004755492899443371,4.615361537745815e-07,0.0013084597104491462,5.687773737513534e-09,3.886796340218242e-05,9.139260149480816e-08,4.98121677594708e-06,1.789704864592604e-10,1.3729055375656945e-10,2.779638013015581e-06,1.076150088248959e-07,6.884914256491707e-12,4.957618748329362e-11,2.8642749211710507e-11
4.079443210793486e-06,0.16628943999999996,0.8585084662769803,0.0,0.0,0.4399029389078938,0.07639833557800511,0.006560825713242949,9.177581035424288e-06,0.0027795276705796564,0.06580169098911917,0.029699515406321163,3.92616536699048e-05,3.2552769347555714e-10,0.0018473990112122943,4.934967907949721e-11,0.0005481672560938513,2.83482858732378e-09,4.501485585644632e-06,2.9607082897673698e-09,1.530026020723391e-10,1.0060224175759861e-05,2.456761461362161e-05,0.005452480385972392,3.854675351376517e-06,0.0005888610632491491,2.698135871719073e-09,3.0153649817258057e-09,5.441735948312586e-08,1.2396570594659746e-07,6.027480737621969e-08,0.0002876167367314175,0.004759061091309425,4.6160269286703317e-07,0.0013087756265897925,5.6872243277333065e-09,3.8878932257197345e-05,9.140602223347098e-08,4.979769857863907e-06,1.7901750033251999e-10,1.372996995582922e-10,2.7804019398551793e-06,1.0759491311970797e-07,6.886800811639487e-12,4.9554138357365984e-11,2.8641741194762455e-11
4.080570975243588e-06,0.16628943999999996,0.8585084662769803,0.0,0.0,0.43989933589843677,0.07639064966625705,0.006558583584631808,9.17759754108494e-06,0.0027794203287604033,0.06581810197736623,0.029704117622951613,3.925464428158132e-05,3.257375605127398e-10,0.001847235699141595,4.9345765945266514e-11,0.0005481976550228475,2.8348658981533177e-09,4.49952069804009e-06,2.9613311353248362e-09,1.5301632357728476e-10,1.005713222260001e-05,2.457454685202554e-05,0.0054518873138808925,3.850458308510805e-06,0.0005889259987925755,2.6955566835665607e-09,3.014068025574046e-09,5.444237811100516e-08,1.2395990288748668e-07,6.033428420895705e-08,0.0002878665176707694,0.0047626298996644705,4.6166920582656747e-07,0.001309091500885606,5.686674993983849e-09,3.888990287785591e-05,9.141943770687609e-08,4.9783233104501424e-06,1.7906450544164228e-10,1.3730883611166534e-10,2.7811659703633604e-06,1.0757482221107616e-07,6.888687636716804e-12,4.953210238947148e-11,2.8640734129253635e-11
4.0816987396936895e-06,0.16628943999999996,0.8585084662769803,0.0,0.0,0.4398957321882527,0.07638296455263456,0.006556342255069001,9.177614010680435e-06,0.002779312967494583,0.06583451123666344,0.029708718252116625,3.924763659084493e-05,3.2594748065862e-10,0.001847072412035495,4.9341855580758996e-11,0.0005482280474651725,2.8349033413486462e-09,4.497556979544313e-06,2.9619538383682173e-09,1.5303003327810937e-10,1.005404134918663e-05,2.4581480208659625e-05,0.005451294298914426,3.846247561379616e-06,0.0005889909166443327,2.6929810515230875e-09,3.0127716595131075e-09,5.4467415949715215e-08,1.239540988425294e-07,6.03937887536897e-08,0.0002881163793136465,0.004766199324028623,4.6173569266206546e-07,0.0013094073333398495,5.686125736266184e-09,3.890087526806678e-05,9.143284791688279e-08,4.976877133668406e-06,1.7911150177931115e-10,1.373179634218317e-10,2.781930104819173e-06,1.0755473609797524e-07,6.890574732437106e-12,4.9510079566748735e-11,2.8639728013142167e-11
4.082826504143791e-06,0.16628943999999996,0.8585084662769803,0.0,0.0,0.43989212777784986,0.07637528023706429,0.00655410172426634,9.177630444259049e-06,0.002779205586801384,0.06585091876713464,0.029713317294387254,3.9240630597284667e-05,3.2615745389203306e-10,0.0018469091498915463,4.9337947986815464e-11,0.0005482584334231802,2.8349409170038485e-09,4.495594429003758e-06,2.9625763989246234e-09,1.5304373118045791e-10,1.0050951555009926e-05,2.4588414686000917e-05,0.005450701341075361,3.842043097697705e-06,0.0005890558168117366,2.6904089691343912e-09,3.011475883268998e-09,5.449247300032891e-08,1.239482938124023e-07,6.045332100630344e-08,0.0002883663216295585,0.004769769363923099,4.6180215338380635e-07,0.001309723123955786,5.685576554577361e-09,3.8911849431872314e-05,9.144625286552005e-08,4.975431327481248e-06,1.7915848934219553e-10,1.3732708149402152e-10,2.7826943435018704e-06,1.0753465477938047e-07,6.892462099492544e-12,4.948806987670851e-11,2.863872284462378e-11
4.083954268593893e-06,0.16628943999999996,0.8585084662769803,0.0,0.0,0.4398885226677367,0.07636759671947276,0.006551861991935736,9.177646841868961e-06,0.002779098186699963,0.06586732456890372,0.02971791475033437,3.92336263004898e-05,3.2636748019181184e-10,0.001846745912707301,4.93340431642783e-11,0.0005482888128992224,2.8349786252125044e-09,4.49363304526662e-06,2.9631988170211638e-09,1.530574172899731e-10,1.004786283956068e-05,2.4595350286494297e-05,0.005450108440366057,3.83784490521023e-06,0.0005891206993016483,2.687840429754057e-09,3.0101806965639627e-09,5.451754926386741e-08,1.2394248779919592e-07,6.051288096293921e-08,0.0002886163445884889,0.004773340018868833,4.6186858800162154e-07,0.0013100388727366817,5.685027448916738e-09,3.8922825373351945e-05,9.145965255469798e-08,4.973985891851158e-06,1.7920546814312397e-10,1.373361903337061e-10,2.7834586866909116e-06,1.0751457825426776e-07,6.894349738565798e-12,4.9466073306218753e-11,2.8637718622204005e-11
4.0850820330439945e-06,0.16628943999999996,0.8585084662769803,0.0,0.0,0.4398849168584225,0.07635991399978664,0.006549623057789195,9.177663203558281e-06,0.002778990767209458,0.06588372864209463,0.02972251062052865,3.922662370004982e-05,3.2657755953678776e-10,0.0018465827004803123,4.933014111399161e-11,0.0005483191858956502,2.8350164660678884e-09,4.491672827182844e-06,2.963821092684958e-09,1.5307109161229557e-10,1.0044775202330261e-05,2.4602287012794796e-05,0.005449515596788873,3.833652971692328e-06,0.0005891855641202133,2.685275426651441e-09,3.008886099123333e-09,5.454264474189864e-08,1.2393668080330634e-07,6.057246862012869e-08,0.0002888664481610984,0.004776911288386261,4.6193499652388074e-07,0.0013103545796858019,5.684478419286697e-09,3.8933803096379974e-05,9.147304698621646e-08,4.972540826740552e-06,1.792524381726074e-10,1.3734528994597803e-10,2.784223134665975e-06,1.0749450652161344e-07,6.896237650378418e-12,4.944408984236799e-11,2.8636715343801616e-11
4.086209797494096e-06,0.16628943999999996,0.8585084662769803,0.0,0.0,0.43988131035041506,0.07635223207793257,0.006547384921538827,9.177679529375017e-06,0.0027788833283489784,0.06590013098683128,0.02972710490554056,3.92196227955545e-05,3.2678769190579023e-10,0.0018464195132081363,4.9326241836801015e-11,0.0005483495524148124,2.8350544396642556e-09,4.489713773604106e-06,2.964443225943124e-09,1.530847541530638e-10,1.0041688642810625e-05,2.4609224867394132e-05,0.005448922810346156,3.829467284948819e-06,0.0005892504112745783,2.6827139533702053e-09,3.007592090672834e-09,5.4567759435501145e-08,1.2393087282562208e-07,6.063208397382382e-08,0.00028911663231704054,0.004780483171997019,4.620013789606875e-07,0.0013106702448064155,5.683929465684974e-09,3.894478260499887e-05,9.148643616206978e-08,4.971096132111786e-06,1.7929939942965636e-10,1.373543803360934e-10,2.7849876877069366e-06,1.0747443958039439e-07,6.898125835625555e-12,4.942211947259224e-11,2.863571300763202e-11
4.087224785499188e-06,0.16628943999999996,0.8585084662769803,0.0,0.0,0.4398780638962454,0.07634531903034965,0.006545371280876853,9.177694191978639e-06,0.0027787866168289916,0.0659148916193683,0.029731238407191676,3.92133234312025e-05,3.269768563559365e-10,0.0018462726659975233,4.932273485902688e-11,0.0005483768767459364,2.8350887294722876e-09,4.4879516200873625e-06,2.965003024141079e-09,1.5309704037118486e-10,1.003891166026624e-05,2.4615469903278483e-05,0.005448389351399619,3.825705497816669e-06,0.0005893087586162891,2.6804116400017116e-09,3.006427986425898e-09,5.459037908995404e-08,1.2392564480751995e-07,6.068576146944378e-08,0.00028934186693130195,0.004783698391901034,4.620611008588656e-07,0.0013109543076542955,5.683435472446753e-09,3.895466569279121e-05,9.149848192834259e-08,4.969796223676701e-06,1.7934165706555765e-10,1.3736255380668096e-10,2.785675875506634e-06,1.0745638342912922e-07,6.899825436705373e-12,4.940235732460172e-11,2.8634811709337817e-11
4.08823977350428e-06,0.16628943999999996,0.8585084662769803,0.0,0.0,0.4398748168769161,0.07633840662889776,0.006543358286067924,9.177708825599172e-06,0.002778689889648677,0.06592965085204809,0.02973537062572257,3.9207025439934826e-05,3.271660637229593e-10,0.0018461258389965494,4.9319230128765654e-11,0.000548404195834087,2.8351231269451034e-09,4.486190408056282e-06,2.965562707032217e-09,1.5310931705491982e-10,1.0036135549886992e-05,2.462171585697093e-05,0.005447855938735611,3.8219487518699275e-06,0.0005893670916602634,2.6781121756453347e-09,3.0052643588367487e-09,5.461301431087127e-08,1.239204159961303e-07,6.073946139341593e-08,0.00028956716677210753,0.004786914108484105,4.621208016423069e-07,0.0013112383366261171,5.682941540791386e-09,3.8964550233093295e-05,9.151052344043968e-08,4.968496615273822e-06,1.7938390759983332e-10,1.373707198154712e-10,2.7863641488409077e-06,1.0743833115735317e-07,6.901525260342126e-12,4.938260576298541e-11,2.8633911171596897e-11
4.089254761509371e-06,0.16628943999999996,0.8585084662769803,0.0,0.0,0.4398715692927972,0.07633149487352342,0.006541345936902368,9.177723430271444e-06,0.002778593146821915,0.06594440868496097,0.029739501561548698,3.92007288214529e-05,3.2735531399142164e-10,0.0018459790322034352,4.9315727646637186e-11,0.0005484315096809733,2.8351576321513205e-09,4.484430136677339e-06,2.9661222746363164e-09,1.531215842083747e-10,1.0033360311303734e-05,2.4627962730368763e-05,0.0054473225723558295,3.818197038280252e-06,0.0005894254104114103,2.675815555554743e-09,3.0041012077062325e-09,5.463566509922859e-08,1.2391518639164635e-07,6.079318374296061e-08,0.00028979253181762486,0.0047901303213976,4.621804813177126e-07,0.0013115223317242649,5.682447670718823e-09,3.8974436228781664e-05,9.152256069974973e-08,4.967197306875565e-06,1.794261510253022e-10,1.3737887836617816e-10,2.7870525079142265e-06,1.0742028276432145e-07,6.903225307056932e-12,4.936286477859475e-11,2.8633011392948633e-11
4.090269749514463e-06,0.16628943999999996,0.8585084662769803,0.0,0.0,0.4398683211442583,0.07632458376417318,0.006539334233170572,9.177738006030218e-06,0.002778496388362566,0.06595916511819738,0.029743631215085376,3.91944335754583e-05,3.275446071458857e-10,0.0018458322456164024,4.9312227413262357e-11,0.0005484588182883034,2.835192245159982e-09,4.48267080511814e-06,2.966681726973155e-09,1.531338418356541e-10,1.0030585944147688e-05,2.4634210525265035e-05,0.0054467892522619766,3.814450348238683e-06,0.0005894837148749879,2.6735217750814837e-09,3.0029385328343354e-09,5.465833145572759e-08,1.2390995599496518e-07,6.084692851507535e-08,0.0002900179620456824,0.0047933470302933484,4.622401398926677e-07,0.0013118062929511245,5.681953862226949e-09,3.898432368284022e-05,9.153459370774145e-08,4.96589829845431e-06,1.7946838734463677e-10,1.3738702946268367e-10,2.7877409529311928e-06,1.0740223824928958e-07,6.9049255773531116e-12,4.9343134362295545e-11,2.8632112372175548e-11
4.091284737519555e-06,0.16628943999999996,0.8585084662769803,0.0,0.0,0.43986507243166934,0.07631767330079355,0.006537323174662995,9.177752552910207e-06,0.0027783996142844744,0.06597392015184762,0.029747759586747802,3.9188139701652785e-05,3.277339431709124e-10,0.0018456854792336748,4.930872942926317e-11,0.0005484861216577842,2.8352269660399025e-09,4.480912412547425e-06,2.9672410640625135e-09,1.5314608994086128e-10,1.0027812448050448e-05,2.4640459243439038e-05,0.00544625597845575,3.8107086729557906e-06,0.0005895420050558402,2.6712308294365947e-09,3.001776334018811e-09,5.468101338110234e-08,1.2390472480779404e-07,6.090069570697922e-08,0.0002902434574345251,0.0047965642348228804,4.6229977737433207e-07,0.0013120902203090832,5.681460115315328e-09,3.8994212598269975e-05,9.154662246580091e-08,4.964599589982386e-06,1.795106165696977e-10,1.373951731090012e-10,2.7884294840965428e-06,1.0738419761151347e-07,6.90662607172834e-12,4.9323414504549274e-11,2.8631214108237435e-11
4.092299725524647e-06,0.16628943999999996,0.8585084662769803,0.0,0.0,0.43986182315540046,0.07631076348333107,0.006535312761170155,9.177767070946067e-06,0.0027783028246014677,0.06598867378600205,0.02975188667695102,3.9181847199738216e-05,3.279233220510615e-10,0.0018455387330534746,4.9305233695262614e-11,0.0005485134197911221,2.8352617948593936e-09,4.479154958135059e-06,2.967800285924173e-09,1.5315832852809793e-10,1.0025039822644002e-05,2.4646708886890592e-05,0.005445722750938842,3.806972003661466e-06,0.0005896002809583201,2.668942713726831e-09,3.0006146110604477e-09,5.47037108766147e-08,1.2389949283002289e-07,6.09544853162249e-08,0.00029046901796285534,0.0047997819346373965,4.623593937682097e-07,0.0013123741138005276,5.680966429987041e-09,3.90041029778546e-05,9.155864697518467e-08,4.963301181432082e-06,1.795528386877618e-10,1.3740330930873152e-10,2.789118101615161e-06,1.0736616085024931e-07,6.908326790718979e-12,4.930370519600878e-11,2.8630316599557634e-11
4.093314713529738e-06,0.16628943999999996,0.8585084662769803,0.0,0.0,0.4398585733158206,0.07630385431173231,0.0065333029924826355,9.177781560172394e-06,0.002778206019327359,0.06600342602075107,0.029756012486109963,3.917555606941665e-05,3.281127437708918e-10,0.0018453920070740275,4.930174021188476e-11,0.000548540712690022,2.835296731687856e-09,4.47739844105204e-06,2.9683593925779165e-09,1.5317055760146443e-10,1.0022268067560706e-05,2.465295945740975e-05,0.005445189569712943,3.8032403316045496e-06,0.0005896585425879293,2.666657423433333e-09,2.999453363760505e-09,5.4726423942887526e-08,1.2389426006226894e-07,6.100829733964575e-08,0.00029069464360823813,0.004803000129389353,4.6241898908230245e-07,0.0013126579734278456,5.680472806238679e-09,3.9013994824590836e-05,9.157066723741775e-08,4.9620030727756435e-06,1.795950536988316e-10,1.374114380657189e-10,2.789806805692058e-06,1.073481279647536e-07,6.9100277348310296e-12,4.928400642779528e-11,2.862941984485564e-11
4.094228202734321e-06,0.16628943999999996,0.8585084662769803,0.0,0.0,0.4398556479788734,0.07629763660946266,0.006531494751799383,9.177794575872489e-06,0.0027781188812616695,0.06601670183560829,0.02975972461940299,3.916989522459313e-05,3.282832599339034e-10,0.001845259970962702,4.929859800164378e-11,0.000548565271824996,2.8353282672381874e-09,4.475818376409645e-06,2.9688624900798735e-09,1.5318155563652317e-10,1.0019774231808485e-05,2.4658585765034958e-05,0.0054447097461898415,3.799886092174243e-06,0.0005897109658551823,2.6646030739476528e-09,2.9984086477123247e-09,5.4746879016245065e-08,1.2388954989683384e-07,6.105674732260611e-08,0.0002908977623462678,0.0048058969275498326,4.624726068473386e-07,0.0013129134181405796,5.680028597516262e-09,3.9022898743511816e-05,9.158148184323798e-08,4.960835031371134e-06,1.7963304113636555e-10,1.3741874758667998e-10,2.7904267135381503e-06,1.0733190168097527e-07,6.9115587774294684e-12,4.9266286540593436e-11,2.862861340931255e-11
4.0951416919389035e-06,0.16628943999999996,0.8585084662769803,0.0,0.0,0.4398527221862128,0.07629141943026035,0.006529687033086288,9.177807568289993e-06,0.002778031730588407,0.06602997651708621,0.029763435715688423,3.916423549030171e-05,3.2845381077329016e-10,0.0018451279512112563,4.929545761536999e-11,0.000548589826722697,2.8353598903819347e-09,4.474239069730678e-06,2.9693654942938714e-09,1.5319254597165454e-10,1.001728110045305e-05,2.4664212826438876e-05,0.005444229960165049,3.7965358870812608e-06,0.0005897633775688178,2.6625510057502072e-09,2.9973643166391237e-09,5.476734670326781e-08,1.2388483909290443e-07,6.11052154568089e-08,0.000291100933795651,0.0048087941260739715,4.625262075481849e-07,0.0013131688354270493,5.679584438673762e-09,3.903180385534576e-05,9.159229301097578e-08,4.9596672328378476e-06,1.796710228196812e-10,1.374260510849324e-10,2.791046691812272e-06,1.073156785354259e-07,6.9130900031645785e-12,4.9248575176723224e-11,2.862780758257481e-11
4.096055181143486e-06,0.16628943999999996,0.8585084662769803,0.0,0.0,0.43984979593810813,0.0762852027740864,0.006527879836190818,9.177820537450012e-06,0.002777944567317604,0.0660432500652507,0.029767145775268476,3.915857686632554e-05,3.28624396277793e-10,0.0018449959478183972,4.929231905352055e-11,0.0005486143773843658,2.835391601169537e-09,4.4726605204131305e-06,2.9698684052343374e-09,1.5320352860984472e-10,1.001478867322717e-05,2.46698406429742e-05,0.005443750211639794,3.7931897099859847e-06,0.0005898157777324233,2.6605012154266753e-09,2.996320370395379e-09,5.478782700457309e-08,1.2388012765100425e-07,6.115370174019225e-08,0.00029130415794044776,0.00481169172470825,4.6257979118990043e-07,0.0013134242252889976,5.67914032971083e-09,3.904071016223625e-05,9.160310074165034e-08,4.958499677155463e-06,1.7970899874850645e-10,1.374333485632559e-10,2.791666740664163e-06,1.072994585275642e-07,6.914621412410775e-12,4.923087232949371e-11,2.8627002363699968e-11
4.096968670348069e-06,0.16628943999999996,0.8585084662769803,0.0,0.0,0.43984686923482824,0.07627898664090187,0.006526073160960482,9.177833483377612e-06,0.002777857391459286,0.0660565224801677,0.029770854798445275,3.915291935244783e-05,3.2879501643615244e-10,0.0018448639607828335,4.928918231655326e-11,0.0005486389238112428,2.8354233996514674e-09,4.471082727855729e-06,2.9703712229156996e-09,1.5321450355407905e-10,1.0012296949863867e-05,2.467546921599405e-05,0.005443270500615296,3.7898475545613207e-06,0.0005898681663495553,2.65845369955739e-09,2.995276808835444e-09,5.480831992078308e-08,1.238754155717077e-07,6.120220617071008e-08,0.0002915074347647477,0.004814589723199196,4.6263335777750013e-07,0.001313679587728167,5.678696270627293e-09,3.904961766632868e-05,9.161390503627265e-08,4.957332364303631e-06,1.797469689230951e-10,1.3744064002443629e-10,2.7922868602436568e-06,1.0728324165684907e-07,6.916153005542302e-12,4.921317799218865e-11,2.862619775176853e-11
4.097882159552651e-06,0.16628943999999996,0.8585084662769803,0.0,0.0,0.4398439420766421,0.07627277103066779,0.006524267007242831,9.177846406097832e-06,0.002777770203023465,0.06606979376190313,0.02977456278552085,3.914726294845185e-05,3.2896567123710795e-10,0.0018447319901032735,4.928604740492669e-11,0.0005486634660045675,2.835455285878206e-09,4.469505691457931e-06,2.9708739473523877e-09,1.532254708073421e-10,1.0009805930096395e-05,2.4681098546855338e-05,0.005442790827092777,3.7865094144926565e-06,0.0005899205434237906,2.656408454737482e-09,2.994233631813845e-09,5.482882545251783e-08,1.2387070285554398e-07,6.125072874630326e-08,0.0002917107642526203,0.00481748812129344,4.626869073160203e-07,0.0013139349227463024,5.678252261422887e-09,3.905852636976674e-05,9.162470589585675e-08,4.956165294261973e-06,1.7978493334321163e-10,1.374479254712513e-10,2.7929070507006715e-06,1.072670279227396e-07,6.917684782934565e-12,4.9195492158121026e-11,2.8625393745847483e-11
4.0997091379618156e-06,0.16628943999999996,0.8585084662769803,0.0,0.0,0.4398380863966262,0.07626034137889512,0.006520656263736001,9.177872182016087e-06,0.0027775957884593103,0.06609633292609275,0.029781975652576023,3.91359534692389e-05,3.293070847217618e-10,0.0018444680978070035,4.92797830595332e-11,0.0005487125376955144,2.8355193217683393e-09,4.466353884742667e-06,2.971879116549464e-09,1.5324738225288696e-10,1.0004826000283233e-05,2.46923594875268e-05,0.00544183159255855,3.779845155227106e-06,0.000590025262957853,2.652324764651442e-09,2.9921484308039212e-09,5.4869874365024045e-08,1.23861275514799e-07,6.134782832447913e-08,0.0002921175811553766,0.0048232861152787175,4.627939552659582e-07,0.001314445510526449,5.67736439265046e-09,3.907634738326832e-05,9.164629731396537e-08,4.953831882527527e-06,1.7986084491993913e-10,1.3746247833290334e-10,2.7941476448474045e-06,1.0723460986217516e-07,6.920748892002187e-12,4.916014597297164e-11,2.8623787548327138e-11
4.10153611637098e-06,0.16628943999999996,0.8585084662769803,0.0,0.0,0.43983222890021034,0.0762479138184568,0.00651704760445157,9.17789786540433e-06,0.002777421323705031,0.06612286755834682,0.029789384378848545,3.912464842695514e-05,3.2964863664165735e-10,0.0018442042709192698,4.9273526021022034e-11,0.0005487615924671093,2.8355837092448404e-09,4.463205095477672e-06,2.9728839129410237e-09,1.5326926297033632e-10,9.999848881658655e-06,2.4703623475848684e-05,0.005440872508046831,3.77319688192105e-06,0.0005901299363631505,2.6482501180425006e-09,2.9900647662026614e-09,5.49109737470047e-08,1.2385184563312392e-07,6.14450004582339e-08,0.0002925246085213041,0.0048290857046386785,4.629009350799529e-07,0.0013149559886433996,5.676476723391577e-09,3.909417321992858e-05,9.166787500408052e-08,4.951499441788548e-06,1.7993673347836563e-10,1.3747700717043564e-10,2.795388524305534e-06,1.072022043415479e-07,6.923813742618166e-12,4.9124833720667336e-11,2.8622183763741395e-11
4.103363094780144e-06,0.16628943999999996,0.8585084662769803,0.0,0.0,0.4398263695895426,0.07623548834904129,0.006513441028171456,9.177923456461543e-06,0.0027772468088403425,0.06614939765919262,0.029796788966751593,3.911334781987065e-05,3.2999032690668566e-10,0.0018439405094297623,4.926727629308624e-11,0.0005488106303292444,2.8356484487133716e-09,4.460059318884971e-06,2.9738883366425488e-09,1.532911129835324e-10,9.994874572097544e-06,2.4714890522694584e-05,0.005439913573567314,3.766564544504019e-06,0.0005902345636681926,2.6441844878893666e-09,2.987982636848007e-09,5.495212360334182e-08,1.2384241321485909e-07,6.15422451310509e-08,0.0002929318462229776,0.004834886887349203,4.630078467982239e-07,0.001315466357111125,5.675589253644233e-09,3.911200389695594e-05,9.168943897430237e-08,4.949167971881003e-06,1.8001259901811178e-10,1.3749151200605375e-10,2.7966296902776756e-06,1.0716981135653819e-07,6.9268793377906474e-12,4.908955534796148e-11,2.8620582384722634e-11
4.107017051598474e-06,0.16628943999999996,0.8585084662769803,0.0,0.0,0.4398146455340373,0.07621064368203256,0.0065062341197551785,9.177974362375931e-06,0.0027768976290977587,0.06620244426876905,0.02981158573709504,3.909075990438739e-05,3.306741221116503e-10,0.0018434131826042387,4.9254798783767765e-11,0.0005489086553646496,2.8357789852527966e-09,4.453776784662695e-06,2.975896066437515e-09,1.533347209924601e-10,9.984934371684533e-06,2.4737433835519843e-05,0.005437996154743451,3.7533474780378185e-06,0.000590443680091413,2.6360801693812193e-09,2.9838229792347117e-09,5.5034574758462536e-08,1.2382354078588282e-07,6.173695202766325e-08,0.0002937469521238199,0.004846494024731882,4.6322146610836586e-07,0.0013164867651548281,5.67381491267617e-09,3.914767984104985e-05,9.173252578744601e-08,4.944507943901888e-06,1.801642610401417e-10,1.375204497602858e-10,2.799112886581676e-06,1.0710506297610966e-07,6.9330127738558e-12,4.901910002900465e-11,2.8617386814050646e-11
4.110671008416803e-06,0.16628943999999996,0.8585084662769803,0.0,0.0,0.439802914247268,0.07618580737537738,0.006499035528755857,9.178024901339638e-06,0.0027765482498659016,0.06625547275904142,0.02982636598288416,3.906818970898061e-05,3.3135846961556387e-10,0.0018428861172481395,4.9242350561341704e-11,0.0005490066128806536,2.8359109346465843e-09,4.447506244084434e-06,2.9779023068586033e-09,1.533782064701139e-10,9.975005382120482e-06,2.4759989513257907e-05,0.005436079336163773,3.740193559185894e-06,0.0005906526124550438,2.628011595016701e-09,2.9796694486852197e-09,5.511722786883573e-08,1.238046582624332e-07,6.19319488816125e-08,0.0002945628978383297,0.004858107511259437,4.634348135177235e-07,0.001317506734769502,5.672041369730138e-09,3.918337535363658e-05,9.177555781811447e-08,4.939851797269065e-06,1.8031583098332234e-10,1.3754929177290753e-10,2.8015972434092146e-06,1.0704036468639857e-07,6.939149224334681e-12,4.8948779592708845e-11,2.8614200777927965e-11
4.1143249652351325e-06,0.16628943999999996,0.8585084662769803,0.0,0.0,0.4397911757463694,0.07616097942658485,0.006491845245452872,9.178075074923973e-06,0.002776198671776417,0.06630848313423002,0.029841129723374764,3.904563721986647e-05,3.3204336869715987e-10,0.0018423593132793127,4.92299316557474e-11,0.0005491045029560102,2.836044300166525e-09,4.441247659343679e-06,2.979907058830372e-09,1.5342156960670223e-10,9.965087586543025e-06,2.478255764337684e-05,0.005434163117904539,3.7271023944108134e-06,0.0005908613609861803,2.619978552317828e-09,2.9755220359347705e-09,5.520008297242572e-08,1.2378576567894227e-07,6.212723555973888e-08,0.00029537968234679774,0.004869727330785028,4.636478893473062e-07,0.0013185262660672294,5.6702686247898304e-09,3.921909057313936e-05,9.181853513095913e-08,4.935199530654358e-06,1.804673088451656e-10,1.3757803822095705e-10,2.8040827704332285e-06,1.069757164529656e-07,6.945288713421612e-12,4.8878593617734726e-11,2.861102421842305e-11
4.117978922053462e-06,0.16628943999999996,0.8585084662769803,0.0,0.0,0.4397794300484541,0.07613615983316473,0.00648466326013628,9.178124884691222e-06,0.00277584889545827,0.06636147539855584,0.029855876977800674,3.902310242328548e-05,3.327288186350001e-10,0.001841832770615742,4.9217542097099044e-11,0.0005492023256693033,2.836179085096243e-09,4.435000992817723e-06,2.9819103232776956e-09,1.534648105921986e-10,9.955180968150682e-06,2.4805138313557633e-05,0.005432247500041461,3.71407359325033e-06,0.0005910699259114776,2.611980830423254e-09,2.971380731732653e-09,5.528314010671112e-08,1.2376686306971203e-07,6.23228119284259e-08,0.00029619730462937776,0.0048813534671822536,4.638606939177935e-07,0.001319545359160234,5.66849667783878e-09,3.925482563831846e-05,9.186145779056488e-08,4.930551142722543e-06,1.806186946233981e-10,1.3760668928120305e-10,2.8065694773498073e-06,1.0691111824142248e-07,6.951431265368271e-12,4.8808541684784096e-11,2.8607857078051214e-11
4.121632878871791e-06,0.16628943999999996,0.8585084662769803,0.0,0.0,0.4397676771706118,0.07611134859262757,0.006477489563106807,9.17817433219474e-06,0.0027754989215377675,0.06641444955624067,0.029870607765373768,3.900058530550223e-05,3.334148187074766e-10,0.0018413064891755447,4.9205181915685294e-11,0.0005493000810989486,2.8363152927311906e-09,4.428766207066601e-06,2.983912101125759e-09,1.5350792961634154e-10,9.945285510202381e-06,2.4827731611694503e-05,0.005430332482649701,3.7011067682888014e-06,0.0005912783074571508,2.6040182200735883e-09,2.967245526842165e-09,5.536639930868532e-08,1.2374795046891528e-07,6.251867785360157e-08,0.00029701576366608905,0.0048929859043451394,4.6407322754953566e-07,0.0013205640141608756,5.6667255288603206e-09,3.929058068827157e-05,9.190432586145007e-08,4.9259066321314045e-06,1.8076998831596043e-10,1.3763524513014476e-10,2.809057373878214e-06,1.0684657001743135e-07,6.957576904483735e-12,4.873862337658785e-11,2.860469929977049e-11
4.125286835690121e-06,0.16628943999999996,0.8585084662769803,0.0,0.0,0.43975591712990986,0.07608654570248459,0.006470324144675846,9.178223418978978e-06,0.0027751487506385763,0.06646740561150695,0.029885322105284006,3.897808585280505e-05,3.3410136819281526e-10,0.0018407804688769683,4.919285114196882e-11,0.0005493977693231932,2.8364529263786472e-09,4.422543264832064e-06,2.9859123933000563e-09,1.535509268686347e-10,9.935401196016986e-06,2.4850337625895067e-05,0.005428418065803872,3.6882015351287124e-06,0.0005914865058489792,2.596090513596698e-09,2.963116412040599e-09,5.544986061485767e-08,1.237290279105963e-07,6.271483320074009e-08,0.00029783505843682047,0.004904624626188099,4.6428549056255384e-07,0.0013215822311816504,5.664955177837597e-09,3.932635586243406e-05,9.194713940806655e-08,4.921265997531763e-06,1.8092118992100752e-10,1.3766370594401236e-10,2.8115464697609083e-06,1.0678207174670376e-07,6.963725655134522e-12,4.866883827789475e-11,2.8601550826977533e-11
4.132594749326779e-06,0.16628943999999996,0.8585084662769803,0.0,0.0,0.43973237562808476,0.07603696496342964,0.0064560181049082704,9.178320516523466e-06,0.0027744478203856906,0.06657326343167763,0.02991470151876634,3.893313988793962e-05,3.3547611251416445e-10,0.0018397292113782938,4.916827794034552e-11,0.0005495929444676307,2.8367324849993513e-09,4.410132762782433e-06,2.9899085243308576e-09,1.5363655681451369e-10,9.915665932507498e-06,2.4895588155985928e-05,0.00542459103404575,3.6625743215429064e-06,0.0005919023540720505,2.5803389894206365e-09,2.9548764158831765e-09,5.561738968341715e-08,1.2369115305693294e-07,6.310801162054069e-08,0.00029947615109926284,0.004927920859673658,4.64709206010865e-07,0.0013236173517342782,5.661416869590923e-09,3.9397967142819304e-05,9.203260318596948e-08,4.911996350875628e-06,1.8122331686224353e-10,1.37720343170101e-10,2.816528298675079e-06,1.0665322492812958e-07,6.97603258879575e-12,4.852966605803653e-11,2.8595281573610586e-11
4.139902662963437e-06,0.16628943999999996,0.8585084662769803,0.0,0.0,0.43970880567907084,0.07598741759610382,0.0064417450635375776,9.178416189505255e-06,0.0027737461096368084,0.0666790488928621,0.029944015371330075,3.8888264419461286e-05,3.3685304582162253e-10,0.001838678997468172,4.9143822739393285e-11,0.0005497878517252483,2.8370177876531935e-09,4.397769192198602e-06,2.993898723780114e-09,1.5372170194117513e-10,9.895975045355063e-06,2.494089061296723e-05,0.005420766405353126,3.6371889365923134e-06,0.0005923174723782612,2.5647246277007944e-09,2.946660669757534e-09,5.578572759480546e-08,1.236532387785416e-07,6.350234610259021e-08,0.000301120574453304,0.004951242039360909,4.6513184281633424e-07,0.001325650721720829,5.657881752959741e-09,3.946966060172445e-05,9.211784963856284e-08,4.902742191822752e-06,1.8152507543660283e-10,1.3777660236393525e-10,2.8215150424966422e-06,1.0652457751235697e-07,6.988352262435008e-12,4.839102174312655e-11,2.8589048873741124e-11
4.147210576600095e-06,0.16628943999999996,0.8585084662769803,0.0,0.0,0.43968520741860395,0.07593790358062254,0.006427504943437828,9.178510449966984e-06,0.0027730436232880256,0.0667847620288654,0.02997326381570874,3.884345933850525e-05,3.382321623352685e-10,0.001837629826496934,4.9119485789032084e-11,0.0005499824917160205,2.8373088612243264e-09,4.38545226145284e-06,2.997882999062578e-09,1.5380636375621134e-10,9.87632840322307e-06,2.4986245709403966e-05,0.005416944180303371,3.612042410871293e-06,0.0005927318625582792,2.549245822707998e-09,2.9384691003830485e-09,5.5954874623731696e-08,1.2361528534324143e-07,6.389783555446371e-08,0.00030276832033361594,0.00497458803729623,4.6555340352732814e-07,0.0013276823420461815,5.654349827801417e-09,3.954143736682471e-05,9.220287927907713e-08,4.893503509332559e-06,1.8182646563695958e-10,1.3783248492568934e-10,2.8265067800023353e-06,1.0639612922679172e-07,7.000684873057643e-12,4.8252902082644064e-11,2.8582852289920366e-11
4.154518490236753e-06,0.16628943999999996,0.8585084662769803,0.0,0.0,0.439661580982066,0.07588842289711234,0.006413297667652851,9.178603309815343e-06,0.0027723403661948937,0.06689040287350291,0.030002447004287874,3.879872453656155e-05,3.3961345627276943e-10,0.0018365816978166932,4.9095267341924533e-11,0.0005501768650572797,2.8376057327862577e-09,4.373181681727975e-06,3.0018613575976447e-09,1.538905437634718e-10,9.856725875691621e-06,2.5031654161295755e-05,0.005413124359465229,3.5871318206015147e-06,0.0005931455263959182,2.5339009927287747e-09,2.9303016347005412e-09,5.612483103721999e-08,1.2357729301687655e-07,6.429447887658833e-08,0.0003044193805730304,0.004997958725849476,4.6597389068698307e-07,0.0013297122136173573,5.650821093969441e-09,3.961329857123073e-05,9.228769261968617e-08,4.884280292256398e-06,1.82127487459546e-10,1.3788799225125242e-10,2.831503590341945e-06,1.062678797995661e-07,7.013030618592755e-12,4.8115303857274865e-11,2.8576691391335357e-11
4.162974039766688e-06,0.16628943999999996,0.8585084662769803,0.0,0.0,0.4396342092628994,0.07583121332795908,0.006396900164367978,9.178709020029172e-06,0.0027715257140154196,0.06701254340547366,0.030036131892850825,3.874705213289393e-05,3.41214378415992e-10,0.001835370270662694,4.906739384079224e-11,0.0005504014308758311,2.837956496176989e-09,4.359041593792175e-06,3.0064571044687646e-09,1.5398734413832488e-10,9.834099844367458e-06,2.5084261090281538e-05,0.005408707674298303,3.558599910628336e-06,0.0005936232480039964,2.5163115495107045e-09,2.920881532077884e-09,5.6322487796239114e-08,1.2353328618431398e-07,6.475484957833375e-08,0.000306333848800432,0.005025030195000689,4.6645907487300217e-07,0.0013320586754749042,5.646742189457615e-09,3.969655173684761e-05,9.238555581292763e-08,4.87362794410218e-06,1.8247532210021857e-10,1.3795175002923284e-10,2.8372915353484857e-06,1.061197378598387e-07,7.027331794051084e-12,4.795674369386007e-11,2.856960695869967e-11
4.1714295892966225e-06,0.16628943999999996,0.8585084662769803,0.0,0.0,0.4396068002125717,0.07577404832437622,0.006380546409694744,9.178812888954346e-06,0.0027707100438468537,0.06713458725565664,0.030069729859192547,3.869547350291928e-05,3.4281819885950075e-10,0.0018341602370040345,4.9039679727074286e-11,0.0005506256414901536,2.838315100632427e-09,4.344962736602625e-06,3.01104495178795e-09,1.5408350382243537e-10,9.811532498618325e-06,2.513694153188617e-05,0.0054042942093532696,3.530375618557604e-06,0.0005941000023469895,2.4988970042739516e-09,2.9114934881164554e-09,5.652122884820485e-08,1.2348922804542099e-07,6.52167618066864e-08,0.0003082527305068796,0.005052134351438021,4.6694282917072083e-07,0.0013344027988309098,5.642667556865772e-09,3.977992124205775e-05,9.24831309105905e-08,4.862996267462134e-06,1.8282266358252795e-10,1.3801500947408558e-10,2.8430865018514943e-06,1.0597186135823615e-07,7.041651129586371e-12,4.779887244218306e-11,2.8562569085035132e-11
4.179885138826557e-06,0.16628943999999996,0.8585084662769803,0.0,0.0,0.43957935403902726,0.07571692785563698,0.0063642362852775825,9.178914934373758e-06,0.002769893363012975,0.06725653447647816,0.030103241137620397,3.864398848025186e-05,3.444249086353877e-10,0.0018329515958451137,4.901212540574831e-11,0.0005508494978434217,2.838681589038457e-09,4.330944676538243e-06,3.0156249110698962e-09,1.5417902512652589e-10,9.789023640877413e-06,2.5189696612460592e-05,0.00539988396546834,3.5024546352766823e-06,0.0005945757921540531,2.4816550227135888e-09,2.9021373907507485e-09,5.672105456843705e-08,1.2344511900235318e-07,6.568021382300844e-08,0.0003101760130332584,0.005079270999076813,4.67425157493284e-07,0.0013367445851009043,5.638597195945063e-09,3.986340886937614e-05,9.258041870074752e-08,4.852385244537188e-06,1.8316951191721825e-10,1.3807777272661691e-10,2.848888614328569e-06,1.0582424987706576e-07,7.055988936431746e-12,4.76416852682646e-11,2.8555577134996305e-11
4.188340688356492e-06,0.16628943999999996,0.8585084662769803,0.0,0.0,0.4395518709495876,0.07565985189103482,0.00634796967306304,9.17901517384159e-06,0.002769075678769054,0.0673783851203795,0.030136665961824828,3.859259689908196e-05,3.460344987720627e-10,0.0018317443461928402,4.898473128661078e-11,0.0005510730008742035,2.8390560046208066e-09,4.316986984774471e-06,3.020196993836861e-09,1.5427391035464766e-10,9.766573075118682e-06,2.5242527464561093e-05,0.00539547694346659,3.474832727120578e-06,0.0005950506201423647,2.464583310284321e-09,2.8928131283061977e-09,5.692196531864337e-08,1.2340095945391714e-07,6.614520387614168e-08,0.00031210368371778794,0.0051064399424052736,4.679060637445349e-07,0.0013390840357041269,5.634531106437916e-09,3.994701641113808e-05,9.267741996959356e-08,4.841794857342933e-06,1.8351586712087557e-10,1.3814004192001152e-10,2.8546979979306493e-06,1.056769029997836e-07,7.070345527487025e-12,4.748517739137745e-11,2.854863048422078e-11
4.196796237886427e-06,0.16628943999999996,0.8585084662769803,0.0,0.0,0.43952435115095484,0.07560282039988349,0.006331746455299203,9.179113624687114e-06,0.0027682569983029045,0.06750013923981599,0.030170004564881177,3.8541298594161274e-05,3.4764696029442107e-10,0.0018305384870564616,4.8957497784253093e-11,0.0005512961515164941,2.8394383909452118e-09,4.303089237220735e-06,3.024761211618457e-09,1.5436816180419055e-10,9.74418060683093e-06,2.5295435226962245e-05,0.005391073144156046,3.4475057342739388e-06,0.0005955244890172023,2.4476796113710793e-09,2.8835205894976304e-09,5.712396144696247e-08,1.2335674979561905e-07,6.661173020248438e-08,0.0003140357298961881,0.005133640986482642,4.683855518190334e-07,0.0013414211520634918,5.6304692880776255e-09,4.003074566951951e-05,9.277413550144981e-08,4.831225087711814e-06,1.838617292158812e-10,1.3820181917984842e-10,2.860514778483233e-06,1.0552982031095669e-07,7.084721217321569e-12,4.7329344083350695e-11,2.8541728519099315e-11
4.2052517874163615e-06,0.16628943999999996,0.8585084662769803,0.0,0.0,0.4394967948492138,0.07554583335151688,0.006315566514535116,9.179210304018422e-06,0.002767437328735926,0.06762179688725613,0.03020325717925143,3.8490093400788405e-05,3.4926228422401213e-10,0.0018293340174473985,4.893042531803822e-11,0.0005515189506997471,2.839828791917585e-09,4.289251014458639e-06,3.029317575951442e-09,1.5446178176589293e-10,9.721846042992358e-06,2.534842104466955e-05,0.005386672568329776,3.420469569213415e-06,0.0005959974014720235,2.430941708480667e-09,2.874259663427726e-09,5.7327043288007625e-08,1.233124904197119e-07,6.707979102606838e-08,0.0003159721389018454,0.005160873936937404,4.6886362560207446e-07,0.0013437559356055525,5.626411740587895e-09,4.011459845655712e-05,9.287056607876743e-08,4.820675917295303e-06,1.842070982303653e-10,1.3826310662411704e-10,2.8663390824875747e-06,1.0538300139622628e-07,7.099116322177035e-12,4.7174180667881866e-11,2.8534870636551623e-11
4.213707336946296e-06,0.16628943999999996,0.8585084662769803,0.0,0.0,0.439469202249836,0.0754888907152891,0.0062994297336202145,9.179305228726059e-06,0.0027666166771241197,0.06774335811518056,0.030236424036785937,3.843898115479503e-05,3.5088046157920537e-10,0.0018281309363790855,4.8903514312078107e-11,0.0005517413993489098,2.84022725178421e-09,4.2754719016809345e-06,3.0338660983795288e-09,1.545547725238517e-10,9.699569192045738e-06,2.5401486068931943e-05,0.005382275216765965,3.393720215189254e-06,0.0005964693601885467,2.4143674214535e-09,2.8650302395854996e-09,5.7531211162910785e-08,1.2326818171524307e-07,6.75493845586363e-08,0.0003179128980659799,0.005188138599965492,4.6934028896970897e-07,0.0013460883877604618,5.622358463682465e-09,4.019857659416808e-05,9.296671248213215e-08,4.810147327566055e-06,1.8455197419816245e-10,1.3832390636323324e-10,2.872171037121858e-06,1.0523644584227264e-07,7.113531159970153e-12,4.701968251985836e-11,2.852805624380809e-11
4.222162886476231e-06,0.16628943999999996,0.8585084662769803,0.0,0.0,0.439441573557682,0.07543199246057442,0.006283335995703742,9.179398415486623e-06,0.002765795050459083,0.0678648229760814,0.03026950536872511,3.838796169253239e-05,3.525014833753564e-10,0.0018269292428668186,4.887676519521172e-11,0.000551963498384453,2.8406338151319416e-09,4.261751488631312e-06,3.038406790453176e-09,1.5464713635553242e-10,9.677349863874087e-06,2.545463145725409e-05,0.0053778810902279945,3.3672537247439374e-06,0.0005969403678368275,2.397954606694421e-09,2.8558322078447997e-09,5.773646537936614e-08,1.2322382406809932e-07,6.802050899971791e-08,0.00031985799471780785,0.005215434782328511,4.6981554578876e-07,0.001348418509961941,5.618309457064704e-09,4.028268191416956e-05,9.306257549026767e-08,4.7996392998200415e-06,1.848963571587651e-10,1.383842205000562e-10,2.8780107702423485e-06,1.0509015323678072e-07,7.127966050295367e-12,4.686584506468734e-11,2.8521284758196503e-11
4.230618436006166e-06,0.16628943999999996,0.8585084662769803,0.0,0.0,0.4394139089770047,0.07537513855676725,0.0062672851842341705,9.179489880766249e-06,0.002764972455668988,0.06798619152246108,0.030302501405701173,3.833703485085832e-05,3.541253406249706e-10,0.0018257289359276056,4.885017840098381e-11,0.000552185248722405,2.841048526888422e-09,4.248089369544947e-06,3.0429396637293864e-09,1.5473887553177922e-10,9.655187869776908e-06,2.5507858373408504e-05,0.005373490189464526,3.3410662182672945e-06,0.000597410427075338,2.381701156422241e-09,2.8466654584628123e-09,5.794280623167401e-08,1.2317941786105213e-07,6.849316253670602e-08,0.00032180741618470526,0.005242762291351968,4.7028939991684313e-07,0.0013507463036472444,5.614264720427249e-09,4.036691625829783e-05,9.315815588003989e-08,4.789151815178669e-06,1.8524024715727924e-10,1.3844405112990461e-10,2.8838584103845213e-06,1.0494412316840728e-07,7.1424213144274695e-12,4.6712663777634464e-11,2.851455560693414e-11
4.2390739855361005e-06,0.16628943999999996,0.8585084662769803,0.0,0.0,0.4393862087114521,0.07531832897328224,0.0062512771829586295,9.179579640824042e-06,0.002764148899619536,0.06810746380683158,0.030335412377739804,3.828620046712466e-05,3.557520243378669e-10,0.001824530014580023,4.882375436762431e-11,0.0005524066512743817,2.8414714323223026e-09,4.2344851430898455e-06,3.047464729771508e-09,1.5482999231682534e-10,9.633083022446947e-06,2.5561167987447427e-05,0.005369102515209589,3.3151538825870483e-06,0.0005978795405510418,2.365604997937561e-09,2.8375298820785954e-09,5.8150234000784944e-08,1.231349634738016e-07,6.896734334493299e-08,0.0003237611497923702,0.005270120934923532,4.7076185520238404e-07,0.0013530717702571195,5.610224253451636e-09,4.045128147822714e-05,9.325345442646075e-08,4.7786848545908665e-06,1.8558364424437883e-10,1.3850340034057374e-10,2.889714086764168e-06,1.0479835522674904e-07,7.156897275324168e-12,4.656013418317141e-11,2.8507868226924833e-11
4.247529535066035e-06,0.16628943999999996,0.8585084662769803,0.0,0.0,0.43935847296406977,0.07526156367955411,0.006235311875922319,9.179667711715437e-06,0.002763324389114898,0.06822863988171365,0.030368238514261806,3.823545837916506e-05,3.5738152552133894e-10,0.0018233324778440757,4.8797493538028206e-11,0.0005526277069476187,2.84190257704348e-09,4.22093841230893e-06,3.051982000149029e-09,1.5492048896830302e-10,9.611035135947422e-06,2.5614561475714564e-05,0.005364718068182647,3.2895129695940784e-06,0.0005983477108994722,2.3496640929084516e-09,2.8284253697116086e-09,5.8358748954343934e-08,1.2309046128301963e-07,6.944304958774629e-08,0.00032571918286498366,0.0052975105214912764,4.71232915484636e-07,0.0013553949112357759,5.606188055807956e-09,4.053577943558823e-05,9.334847190269189e-08,4.768238398835159e-06,1.8592654847626177e-10,1.3856227021235188e-10,2.895577929278478e-06,1.0465284900231196e-07,7.171394257628582e-12,4.640825185433164e-11,2.8501222064561033e-11
4.25598508459597e-06,0.16628943999999996,0.8585084662769803,0.0,0.0,0.4393307019373042,0.07520484264503775,0.006219389147467934,9.179754109295506e-06,0.002762498930898628,0.06834971979963587,0.03040098004408478,3.8184808425283204e-05,3.5901383518031675e-10,0.001822136324741064,4.877139635973615e-11,0.0005528484166450022,2.8423420070033455e-09,4.2074487845628836e-06,3.056491486437385e-09,1.5501036773725393e-10,9.589044025689767e-06,2.5668040020856596e-05,0.005360336849088685,3.264139794900973e-06,0.0005988149407448064,2.3338764366732898e-09,2.819351812760272e-09,5.856835134673414e-08,1.2304591166239186e-07,6.992027941658371e-08,0.000327681502725369,0.005324930860061952,4.7170258459369913e-07,0.0013577157280308498,5.602156127154532e-09,4.0620412001986585e-05,9.34432090800486e-08,4.757812428521737e-06,1.8626895991460517e-10,1.3862066281803772e-10,2.9014500685071002e-06,1.0450760408648167e-07,7.185912587671713e-12,4.62570124120747e-11,2.8494616575530724e-11
4.264440634125905e-06,0.16628943999999996,0.8585084662769803,0.0,0.0,0.43930289583300547,0.07514816583920816,0.006203508882235085,9.179838849222177e-06,0.002761672531654571,0.06847070361313373,0.03043363719542472,3.813425044424147e-05,3.606489443175264e-10,0.0018209415542934531,4.8745463284915503e-11,0.0005530687812650996,2.8427897684950382e-09,4.194015871473721e-06,3.0609932002177532e-09,1.5509963086813951e-10,9.56710950841185e-06,2.5721604811834512e-05,0.005355958858618283,3.2390307365332233e-06,0.0005992812326999407,2.3182400575603734e-09,2.8103091030005275e-09,5.877904141912154e-08,1.2300131498265952e-07,7.039903097104872e-08,0.0003296480966951515,0.005352381760199279,4.72170866350537e-07,0.0013600342220933712,5.5981284671375895e-09,4.070518105902034e-05,9.353766672800346e-08,4.7474069240944744e-06,1.866108786265213e-10,1.3867858022295732e-10,2.9073306357131814e-06,1.0436262007149497e-07,7.200452593474843e-12,4.6106411524658515e-11,2.8488051224628827e-11
4.272896183655839e-06,0.16628943999999996,0.8585084662769803,0.0,0.0,0.43927505485242946,0.07509153323156044,0.006187670965159723,9.17992194695939e-06,0.0027608451980077387,0.06859159137474904,0.03046621019589771,3.8083784275249786e-05,3.622868439336481e-10,0.0018197481655247484,4.8719694770341975e-11,0.0005532888017021902,2.8432459081537083e-09,4.180639288869109e-06,3.065487153076855e-09,1.551882805988515e-10,9.545231402156635e-06,2.5775257043934745e-05,0.005351584097447691,3.2141822336518883e-06,0.000599746589366565,2.302753016223784e-09,2.801297132584426e-09,5.8990819399498934e-08,1.229566716116599e-07,7.08793023789853e-08,0.0003316189520949149,0.005379863032022222,4.726377645669947e-07,0.0013623503948777262,5.5941050753909614e-09,4.079008849829789e-05,9.363184561419024e-08,4.7370218658329635e-06,1.8695230468451374e-10,1.3873602448498148e-10,2.9132197628443845e-06,1.0421789655041204e-07,7.2150146047518576e-12,4.595644490702016e-11,2.848152548557327e-11
4.281351733185774e-06,0.16628943999999996,0.8585084662769803,0.0,0.0,0.4392471791962411,0.07503494479160981,0.006171875281473542,9.180003417780214e-06,0.002760016936525183,0.06871238313702888,0.030498699272521447,3.80334097579551e-05,3.63927525027474e-10,0.0018185561574593733,4.8694091277381814e-11,0.0005535084788462947,2.843710472956791e-09,4.167318656727419e-06,3.069973356606762e-09,1.5527631916072213e-10,9.523409526251315e-06,2.582899791878009e-05,0.0053472125662389165,3.189590785307262e-06,0.0006002110133352354,2.287413404995165e-09,2.792315794038708e-09,5.9203685502730393e-08,1.2291198191436637e-07,7.136109175655256e-08,0.0003335940562443592,0.005407374486203301,4.7310328304581704e-07,0.0013646642478416262,5.59008595153579e-09,4.087513622145526e-05,9.372574650440732e-08,4.726657233854501e-06,1.8729323816643396e-10,1.387929976545431e-10,2.919117582533878e-06,1.040734331170899e-07,7.229598952911567e-12,4.580710832016462e-11,2.8475038840825344e-11
4.289807282715709e-06,0.16628943999999996,0.8585084662769803,0.0,0.0,0.43921926906451675,0.07497840048889162,0.006156121716703419,9.180083276769873e-06,0.0027591877537168387,0.0688330789525248,0.030531104651716916,3.7983126732430965e-05,3.655709785960647e-10,0.0018173655291225522,4.86686532719744e-11,0.0005537278135832061,2.8441835102242877e-09,4.154053599123483e-06,3.074451822404696e-09,1.5536374877853488e-10,9.501643701286903e-06,2.5882828644340483e-05,0.005342844265639784,3.1652529492221538e-06,0.0006006745071854483,2.2722193472508355e-09,2.7833649802634157e-09,5.9417639930595603e-08,1.2286724625292703e-07,7.18443972082989e-08,0.0003355733964624551,0.005434915933966904,4.7356742558066443e-07,0.0013669757824460727,5.586071095180242e-09,4.096032614017305e-05,9.381937016262148e-08,4.716313008116075e-06,1.8763367915543764e-10,1.3884950177465457e-10,2.925024228101311e-06,1.0392922936615693e-07,7.244205971059911e-12,4.565839757056162e-11,2.8468590781414473e-11
4.298262832245644e-06,0.16628943999999996,0.8585084662769803,0.0,0.0,0.4391913246567469,0.07492190029296128,0.0061404101566708185,9.180161538828743e-06,0.002758357656036357,0.06895367887379222,0.030563426559309922,3.793293503916769e-05,3.6721719563490436e-10,0.0018161762795401999,4.8643381224615324e-11,0.0005539468067945175,2.844665067619053e-09,4.140843744175065e-06,3.0789225620728317e-09,1.55450571670535e-10,9.479933749098204e-06,2.5936750434943543e-05,0.0053384791962840265,3.1411653406046373e-06,0.0006011370734857109,2.2571689967939957e-09,2.7744445845305074e-09,5.963268287183418e-08,1.2282246498670352e-07,7.232921682723613e-08,0.00033755696006759897,0.005462487187087602,4.740301959561319e-07,0.0013692850001553252,5.582060505919254e-09,4.1045660176193156e-05,9.391271735097163e-08,4.705989168416323e-06,1.8797362773994186e-10,1.3890553888092586e-10,2.9309398335537547e-06,1.0378528489298813e-07,7.2588359940021646e-12,4.551030850955026e-11,2.8462180806767045e-11
4.306718381775578e-06,0.16628943999999996,0.8585084662769803,0.0,0.0,0.43916334617183833,0.07486544417339426,0.006124740487491215,9.180238218675253e-06,0.0027575266498819245,0.06907418295338938,0.030595665220532694,3.788283451906256e-05,3.6886616713805505e-10,0.001814988407738808,4.861827561034005e-11,0.0005541654593576531,2.8451551931470885e-09,4.127688723990043e-06,3.083385587218103e-09,1.5553679004844035e-10,9.458279492744244e-06,2.5990764511284944e-05,0.0053341173587913415,3.117324630988474e-06,0.000601598714793614,2.242260537251281e-09,2.76555450048248e-09,5.984881450219057e-08,1.227776384723083e-07,7.281554869491337e-08,0.00033954473437776585,0.00549008805788848,4.7449159794776447e-07,0.0013715919024368662,5.5780541833342565e-09,4.113114026133522e-05,9.400578882977212e-08,4.695685694397485e-06,1.8831308401358217e-10,1.3896111100158173e-10,2.936864533586641e-06,1.0364159929368102e-07,7.273489358245049e-12,4.53628370327516e-11,2.8455808424539248e-11
4.315173931305513e-06,0.16628943999999996,0.8585084662769803,0.0,0.0,0.4391353338081173,0.07480903209978618,0.006109112595573513,9.180313330848772e-06,0.0027566947415970625,0.06919459124387678,0.030627820860025395,3.78328250134106e-05,3.705178840983095e-10,0.0018138019127453432,4.8593336908707835e-11,0.0005543837721458958,2.8456539351578424e-09,4.114588174614259e-06,3.0878409094520074e-09,1.5562240611745162e-10,9.43668075648913e-06,2.604487210043855e-05,0.005329758753767479,3.093727547101922e-06,0.0006020594336559022,2.227492181483881e-09,2.756694622131016e-09,6.006603498445774e-08,1.227327670636418e-07,7.330339088148987e-08,0.0003415367067106608,0.00551771835923949,4.749516353220754e-07,0.0013738964907613676,5.574052126992939e-09,4.121676833751261e-05,9.409858535751649e-08,4.685402565547316e-06,1.8865204807516963e-10,1.3901622015747988e-10,2.942798463584655e-06,1.0349817216503297e-07,7.2881664019988e-12,4.5215979079488844e-11,2.8449473150454016e-11
4.323629480835448e-06,0.16628943999999996,0.8585084662769803,0.0,0.0,0.4391072877633316,0.07475266404175263,0.006093526367619461,9.180386889712394e-06,0.0027558619374714096,0.06931490379781631,0.030659893701837755,3.778290636389557e-05,3.721723375073438e-10,0.0018126167935871432,4.85685656037862e-11,0.0005546017460284172,2.846161342344526e-09,4.101541735980092e-06,3.092288540390415e-09,1.5570742207626354e-10,9.41513736578323e-06,2.6099074435866456e-05,0.005325403381804314,3.0703708697619688e-06,0.0006025192326085439,2.2128621710118066e-09,2.7478648438556238e-09,6.028434446852288e-08,1.2268785111192824e-07,7.379274144580921e-08,0.00034353286438387217,0.005545377904555783,4.754103118365626e-07,0.0013761987666026626,5.570054336449005e-09,4.1302546356748375e-05,9.419110769088094e-08,4.675139761201002e-06,1.8899052002864943e-10,1.3907086836212882e-10,2.9487417596226236e-06,1.033550031045189e-07,7.302867465179198e-12,4.5069730632215336e-11,2.8443174508141526e-11
4.332085030365383e-06,0.16628943999999996,0.8585084662769803,0.0,0.0,0.43907920823465313,0.07469633996892937,0.006077981690623066,9.180458909455707e-06,0.002755028243741493,0.06943512066777037,0.03069188396943051,3.773307841258119e-05,3.738295183558672e-10,0.0018114330492918199,4.854396218413576e-11,0.0005548193818703041,2.8466774637444115e-09,4.088549051855675e-06,3.0967284916533674e-09,1.5579184011707567e-10,9.39364914724483e-06,2.615337275742871e-05,0.005321051243479913,3.047251432796639e-06,0.0006029781141768025,2.198368775452609e-09,2.7390650604023035e-09,6.050374309141071e-08,1.2264289096575154e-07,7.428359843547086e-08,0.0003455331947150182,0.005573066507796083,4.7586763123972554e-07,0.0013784987314377076,5.566060811241963e-09,4.1388476281190564e-05,9.428335658472796e-08,4.664897260543052e-06,1.893284999830577e-10,1.3912505762170605e-10,2.954694558466377e-06,1.032120917102701e-07,7.317592889409526e-12,4.492408771595e-11,2.843691202898383e-11
4.340540579895317e-06,0.16628943999999996,0.8585084662769803,0.0,0.0,0.43905109541868037,0.07464005985097209,0.006062478451870024,9.180529404097507e-06,0.002754193666591488,0.06955524190630145,0.03072379188567703,3.768334100190276e-05,3.754894176337731e-10,0.0018102506788871646,4.85195271427954e-11,0.0005550366805325884,2.847202348739156e-09,4.075609769794804e-06,3.101160774864897e-09,1.5587566242560296e-10,9.372215928642116e-06,2.620776831139296e-05,0.005316702339358599,3.024366121989341e-06,0.0006034360808753023,2.184010291971485e-09,2.7302951668822237e-09,6.072423097732945e-08,1.2259788697108964e-07,7.47759598869043e-08,0.0003475376850219,0.005600783983461043,4.7632359727108214e-07,0.0013807963867465529,5.5620715508968955e-09,4.147456008312753e-05,9.437533279210955e-08,4.654675042609166e-06,1.8966598805248075e-10,1.3917878993507626e-10,2.960656997573579e-06,1.030694375810535e-07,7.332343018022465e-12,4.47790463977202e-11,2.8430685251962533e-11
4.348996129425252e-06,0.16628943999999996,0.8585084662769803,0.0,0.0,0.4390229495114404,0.07458382365755667,0.006047016538937113,9.180598387488408e-06,0.0027533582121539524,0.06967526756597105,0.030755617672864714,3.7633693974658985e-05,3.7715202633028686e-10,0.0018090696814010534,4.8495260977267906e-11,0.000555253642872274,2.8477360470551273e-09,4.0627235410874805e-06,3.105585401652827e-09,1.5595889118108704e-10,9.350837538875556e-06,2.6262262350443823e-05,0.005312356669991041,3.0017118740531666e-06,0.0006038931352081002,2.169785044746794e-09,2.7215550587703817e-09,6.094580823771399e-08,1.2255283947134916e-07,7.526982382543953e-08,0.00034954632262264415,0.005628530146591634,4.767782136611834e-07,0.0013830917340123092,5.558086554924243e-09,4.156079974500277e-05,9.446703706427078e-08,4.644473086288093e-06,1.9000298435601216e-10,1.3923206729380916e-10,2.96662921509455e-06,1.0292704031625181e-07,7.34711819606196e-12,4.463460278601198e-11,2.842449372351074e-11
4.357451678955187e-06,0.16628943999999996,0.8585084662769803,0.0,0.0,0.438994770708392,0.0745276313583789,0.006031595839691635,9.180665873313484e-06,0.0027525218865105568,0.06979519769933902,0.030787361552696634,3.758413717400415e-05,3.788173354341142e-10,0.001807890055861363,4.847116418950585e-11,0.0005554702697423646,2.848278608763723e-09,4.049890020711153e-06,3.1100023836485837e-09,1.560415285563072e-10,9.32951380796061e-06,2.6316856133692135e-05,0.005308014235914314,2.9792856756202465e-06,0.0006043492796687498,2.155691384443403e-09,2.7128446319043216e-09,6.116847497127204e-08,1.2250774880739867e-07,7.576518826538116e-08,0.0003515590948358553,0.005656304812767513,4.772314841316349e-07,0.0013853847747211166,5.554105822819637e-09,4.164719725942947e-05,9.455847015065343e-08,4.63429137032347e-06,1.903394890177131e-10,1.3928489168219852e-10,2.9726113498730565e-06,1.0278489951584479e-07,7.361918770285038e-12,4.449075303022792e-11,2.841833699736734e-11
4.3659072284851216e-06,0.16628943999999996,0.8585084662769803,0.0,0.0,0.43896655920442756,0.07447148292315474,0.006016216242290812,9.180731875094791e-06,0.0027516846956927984,0.06991503235896304,0.030819023746292907,3.753467044344043e-05,3.8048533593358747e-10,0.0018067118012958826,4.8447237285897924e-11,0.0005556865619918913,2.8488300842817014e-09,4.03710886728256e-06,3.1144117324870127e-09,1.5612357671759107e-10,9.308244567010842e-06,2.6371550926683917e-05,0.005303675037651963,2.957084562269786e-06,0.0006048045167403736,2.1417276877058882e-09,2.7041637824828105e-09,6.139223126402737e-08,1.224626153176017e-07,7.626205121007759e-08,0.00035357598898075457,0.005684107798105436,4.776834123951052e-07,0.001387675510362113,5.550129354063691e-09,4.173375462920486e-05,9.464963279889906e-08,4.624129873315643e-06,1.906755021665697e-10,1.3933726507727984e-10,2.9786035414470875e-06,1.0264301478039078e-07,7.376745089163518e-12,4.434749332015167e-11,2.841221463443664e-11
4.374362778015056e-06,0.16628943999999996,0.8585084662769803,0.0,0.0,0.438938315193875,0.07441537832162005,0.006000877635181214,9.180796406193878e-06,0.0027508466456827012,0.07003477159739774,0.030850604474192255,3.7485293626810675e-05,3.8215601881681104e-10,0.0018055349167322334,4.842348077725554e-11,0.0005559025204659386,2.8493905243715177e-09,4.02437974301023e-06,3.1188134598061804e-09,1.5620503782482624e-10,9.287029648221318e-06,2.6426348001409256e-05,0.005299339075714083,2.9351056175516726e-06,0.0006052588488957224,2.127892356649643e-09,2.6955124070645677e-09,6.161707718936602e-08,1.2241743933784884e-07,7.676041065199558e-08,0.00035559699237733294,0.005711938919257633,4.781340021553531e-07,0.0013899639424274032,5.5461571481218195e-09,4.182047386732411e-05,9.47405257548526e-08,4.613988573723474e-06,1.910110239364541e-10,1.3938918944884967e-10,2.9846059300495996e-06,1.025013857110088e-07,7.391597502885721e-12,4.420481988541995e-11,2.8406126202647377e-11
4.382818327544991e-06,0.16628943999999996,0.8585084662769803,0.0,0.0,0.4389100388705009,0.07435931752353084,0.005985579907098164,9.180859479814237e-06,0.0027500077424134992,0.07015441546719393,0.03088210395635344,3.743600656829112e-05,3.83829375071806e-10,0.0018043594011977874,4.839989517879966e-11,0.0005561181460056725,2.849959980141654e-09,4.01170231364762e-06,3.1232075772471917e-09,1.56285914031471e-10,9.26586888485241e-06,2.6481248636310924e-05,0.005295006350597386,2.913345972081185e-06,0.0006057122785972498,2.114183818388294e-09,2.6868904025669682e-09,6.184301280807933e-08,1.2237222120158967e-07,7.726026457278759e-08,0.0003576220923464833,0.005739797993410258,4.785832571072266e-07,0.0013922500724120252,5.54218920444408e-09,4.190735699699405e-05,9.483114976256563e-08,4.6038674498661234e-06,1.9134605446608016e-10,1.394406667594833e-10,2.990618656609247e-06,1.0236001190936181e-07,7.406476363358117e-12,4.406272899500149e-11,2.8400071276822117e-11
4.391273877074926e-06,0.16628943999999996,0.8585084662769803,0.0,0.0,0.438881730427512,0.07430330049866306,0.005970322947065168,9.180921109003702e-06,0.0027491679917703124,0.07027396402089808,0.030913522412156783,3.7386809112384654e-05,3.855053956866536e-10,0.0018031852537195921,4.8376481010148055e-11,0.000556333439448366,2.850538503046962e-09,3.999076248446857e-06,3.1275940964540087e-09,1.5636620748456593e-10,9.24476211121385e-06,2.6536254116292832e-05,0.005290676862785265,2.891802802564699e-06,0.000606164808297168,2.100600524526223e-09,2.67829766626478e-09,6.20700381684104e-08,1.223269612398636e-07,7.776161094336716e-08,0.0003596512762101561,0.005767684838281732,4.790311809367105e-07,0.0013945339018139214,5.538225522465003e-09,4.1994406051646515e-05,9.492150556429981e-08,4.593766479924825e-06,1.91680593898971e-10,1.3949169896455428e-10,2.996641862751085e-06,1.0221889297764031e-07,7.421382024206901e-12,4.3921216956682936e-11,2.8394049438536286e-11
4.397816346921086e-06,0.16628943999999996,0.8585084662769803,0.0,0.0,0.43885980488979237,0.0742599874213365,0.005958545800697469,9.180967811496909e-06,0.002748517658084833,0.07036639917602172,0.030937776936338552,3.7348804036826026e-05,3.8680403695105285e-10,0.00180227769688648,4.8358482299767e-11,0.0005564997950922374,2.8509923892343347e-09,3.989341887044502e-06,3.130982953017003e-09,1.5642793589625823e-10,9.22846771828111e-06,2.6578887296608446e-05,0.005287329149326252,2.875280590215346e-06,0.0006065143364841703,2.0901754464910243e-09,2.671669067735633e-09,6.22464465526439e-08,1.2229191291381228e-07,7.815054986146953e-08,0.0003612241488382155,0.0057892811876625525,4.793768502785761e-07,0.0013962994339311238,5.5351615530578764e-09,4.206187529517942e-05,9.49912346640635e-08,4.5859646843440055e-06,1.9193910642071122e-10,1.3953088086016542e-10,3.001309591787427e-06,1.0210987704204855e-07,7.43293387512391e-12,4.381211711018441e-11,2.8389412493184156e-11
4.404358816767246e-06,0.16628943999999996,0.8585084662769803,0.0,0.0,0.4388378603268405,0.07421670051839946,0.005946792944198274,9.181013662862085e-06,0.002747866823268434,0.07045877732243842,0.030961983183224753,3.731085244051867e-05,3.8810426376330187e-10,0.0018013709580569758,4.834058678032833e-11,0.000556665952797458,2.851451758941843e-09,3.979637930467972e-06,3.1343672729851904e-09,1.5648931769169397e-10,9.212205473841501e-06,2.6621584620170597e-05,0.005283983374493308,2.8588850465338836e-06,0.0006068633284412679,2.07982374116207e-09,2.665057883123739e-09,6.24235073840304e-08,1.2225683989549155e-07,7.854038011955931e-08,0.0003627994529792825,0.005810893970212086,4.797217265961773e-07,0.0013980635903143553,5.532100134450762e-09,4.212944605005203e-05,9.50608039780389e-08,4.578174931282492e-06,1.9219732508856183e-10,1.3956979834291094e-10,3.0059837462201593e-06,1.0200101327204866e-07,7.44450214910003e-12,4.370335994952448e-11,2.8384794922169764e-11
4.410901286613406e-06,0.16628943999999996,0.8585084662769803,0.0,0.0,0.4388158968274713,0.07417343977587589,0.005935064326513449,9.181058668956806e-06,0.0027472154899894617,0.07055109848448249,0.030986141253729917,3.7272954251819156e-05,3.8940607194917126e-10,0.0018004650367798144,4.832279469792767e-11,0.0005568319129471413,2.8519166364327366e-09,3.969964229714798e-06,3.1377470617555423e-09,1.5655035385756875e-10,9.195975302400731e-06,2.6664346690170967e-05,0.005280639538494091,2.8426149185643575e-06,0.0006072117852919321,2.0695447204565274e-09,2.6584640652810265e-09,6.26012206695513e-08,1.2222174233534708e-07,7.893110076461597e-08,0.00036437718276207597,0.005832523102144017,4.800658115860894e-07,0.0013998263716610226,5.529041266362243e-09,4.219711927084845e-05,9.513021384786738e-08,4.570397210467018e-06,1.9245524997484602e-10,1.3960845230974996e-10,3.010664392514525e-06,1.018923014839779e-07,7.45608701206956e-12,4.359494381106552e-11,2.838019653971221e-11
4.417443756459566e-06,0.16628943999999996,0.8585084662769803,0.0,0.0,0.4387939144803022,0.07413020517979675,0.005923359896691408,9.181102835585793e-06,0.002746563660899839,0.07064336268648576,0.031010251248563072,3.723510939919301e-05,3.9070945733463295e-10,0.0017995599326035242,4.8305106300221124e-11,0.0005569976759230385,2.8523870460948503e-09,3.960320636979478e-06,3.1411223247258193e-09,1.5661104537829236e-10,9.179777128821296e-06,2.6707174112127182e-05,0.005277297641531577,2.8264689687812422e-06,0.0006075597081560536,2.059337704491733e-09,2.6518875671859354e-09,6.277958641174578e-08,1.2218662038299837e-07,7.932271083985458e-08,0.00036595733231585754,0.005854168499860853,4.804091069416637e-07,0.001401587778669535,5.525984948505158e-09,4.226489591583396e-05,9.519946461455306e-08,4.562631511577084e-06,1.9271288115353894e-10,1.3964684365508452e-10,3.0153515973862064e-06,1.0178374149434322e-07,7.46768863058505e-12,4.348686704444919e-11,2.8375617162289433e-11
4.4239862263057265e-06,0.16628943999999996,0.8585084662769803,0.0,0.0,0.4387719133737535,0.07408699671620035,0.005911679603882942,9.181146168501526e-06,0.0027459113386352377,0.07073556995277745,0.031034313268228118,3.719731781121315e-05,3.9201441574589817e-10,0.0017986556450764097,4.8287521836421945e-11,0.0005571632421055457,2.8528630124406952e-09,3.950707005641347e-06,3.1444930672945176e-09,1.566713932359919e-10,9.16361087831845e-06,2.6750067493885064e-05,0.00527395768380407,2.810445974867319e-06,0.0006079070981499549,2.0492020214802966e-09,2.6453283419430647e-09,6.295860460872459e-08,1.2215147418724827e-07,7.97152093847497e-08,0.0003675398957704829,0.005875830079953477,4.807516143531037e-07,0.0014033478120392953,5.522931180586568e-09,4.233277694695821e-05,9.526855661846377e-08,4.554877824245436e-06,1.9297021870027453e-10,1.3968497327076392e-10,3.0200454278015016e-06,1.0167533311981808e-07,7.479307171817679e-12,4.337912801246141e-11,2.8371056608611733e-11
4.430528696151887e-06,0.16628943999999996,0.8585084662769803,0.0,0.0,0.4387498935960489,0.07404381437113206,0.00590002339734107,9.181188673404842e-06,0.0027452585258152472,0.07082772030768392,0.031058327413024268,3.715957941655819e-05,3.9332094300945604e-10,0.001797752173746534,4.82700415572975e-11,0.000557328611873712,2.8533445601075604e-09,3.941123190252682e-06,3.1478592948608254e-09,1.567313984105148e-10,9.147476476456256e-06,2.6793027445620713e-05,0.005270619665505224,2.79454472947475e-06,0.0006082539563863908,2.039137007619558e-09,2.638786342782829e-09,6.313827525418398e-08,1.2211630389608867e-07,8.010859543505889e-08,0.0003691248672564543,0.005897507759200695,4.810933355075669e-07,0.001405106472470692,5.519879962307681e-09,4.2400763329858395e-05,9.533749019933155e-08,4.5471361380585245e-06,1.932272626923801e-10,1.3972284204609036e-10,3.024745950977484e-06,1.015670761772387e-07,7.49094280355764e-12,4.3271725090900464e-11,2.836651469959292e-11
4.437071165998047e-06,0.16628943999999996,0.8585084662769803,0.0,0.0,0.43872785523521585,0.07400065813064444,0.00588839122642086,9.18123035594554e-06,0.0027446052250435417,0.07091981377552865,0.031082293783046396,3.712189414401102e-05,3.946290349521113e-10,0.001796849518161701,4.825266571516604e-11,0.0005574937856052438,2.853831713857599e-09,3.93156904652682e-06,3.1512210128245666e-09,1.567910618794323e-10,9.131373849143667e-06,2.6836054579842418e-05,0.005267283586824056,2.7787640400096612e-06,0.0006086002839745912,2.0291420069474545e-09,2.632261523061135e-09,6.331859833741367e-08,1.2208110965670784e-07,8.050286802282948e-08,0.0003707122409049243,0.005919201454568851,4.814342720889576e-07,0.001406863760665091,5.516831293363883e-09,4.246885603386269e-05,9.540626569625335e-08,4.539406442556981e-06,1.9348401320879636e-10,1.3976045086782489e-10,3.029453234382168e-06,1.0145897048359969e-07,7.502595694214447e-12,4.316465666844477e-11,2.8361991258304587e-11
4.443613635844207e-06,0.16628943999999996,0.8585084662769803,0.0,0.0,0.43870579837908685,0.07395752798079722,0.005876783040579283,9.18127122172297e-06,0.002743951438908047,0.07101185038063185,0.03110621247818549,3.708426192245715e-05,3.959386874010224e-10,0.00179594767786944,4.8235394563893673e-11,0.0005576587636765132,2.854324498577934e-09,3.922044431326505e-06,3.154578226586147e-09,1.5685038461804236e-10,9.11530292263069e-06,2.6879149511392556e-05,0.005263949447944973,2.763102728409228e-06,0.0006089460820202834,2.0192163712195043e-09,2.6257538362590365e-09,6.349957384331186e-08,1.2204589161550171e-07,8.089802617642393e-08,0.00037230201084774114,0.005940911083211385,4.817744257778997e-07,0.0014086196773248258,5.513785173444702e-09,4.253705603199338e-05,9.547488344769317e-08,4.53168872723607e-06,1.9374047033001458e-10,1.3979780062019218e-10,3.0341673457346585e-06,1.0135101585605117e-07,7.514266012817292e-12,4.305792114652302e-11,2.8357486109942855e-11
4.450156105690367e-06,0.16628943999999996,0.8585084662769803,0.0,0.0,0.4386837231152993,0.07391442390765735,0.005865198789375036,9.181311276286599e-06,0.0027432971699811004,0.07110383014731046,0.031130083598128966,3.704668268088342e-05,3.972498961837392e-10,0.0017950466524169896,4.821822835889128e-11,0.0005578235464625666,2.8548229392807496e-09,3.91254920265222e-06,3.157930941546518e-09,1.5690936759937306e-10,9.099263623504578e-06,2.6922312857449942e-05,0.005260617249047783,2.747559630939146e-06,0.0006092913516256606,2.009359459870836e-09,2.6192632359823758e-09,6.368120175240391e-08,1.2201064991808018e-07,8.129406892055445e-08,0.0003738941712175351,0.005962636562468372,4.821137982521748e-07,0.0014103742231531913,5.510741602233692e-09,4.2605364300969616e-05,9.554334379148238e-08,4.523982981546152e-06,1.939966341382533e-10,1.3983489218488456e-10,3.038888353005302e-06,1.01243212111896e-07,7.525953929015447e-12,4.2951516939185333e-11,2.83529990818283e-11
4.456698575536527e-06,0.16628943999999996,0.8585084662769803,0.0,0.0,0.43866162953129617,0.07387134589729882,0.005853638422468393,9.181350525136607e-06,0.002742642420819614,0.07119575309987787,0.031153907242361122,3.700915634837636e-05,3.985626571282397e-10,0.0017941464413512827,4.8201167357111546e-11,0.0005579881343371285,2.855327061103393e-09,3.90308321963078e-06,3.1612791631071303e-09,1.569680117941859e-10,9.083255878686106e-06,2.696554523753154e-05,0.005257286990307711,2.7321335979709347e-06,0.0006096360938894338,1.9995706398611225e-09,2.6127896759614837e-09,6.386348204083976e-08,1.2197538470926745e-07,8.169099527627104e-08,0.00037548871614768845,0.005984377809866152,4.824523911864631e-07,0.0014121273988544367,5.507700579408453e-09,4.267378182121058e-05,9.561164706481852e-08,4.516289194893134e-06,1.9425250471742949e-10,1.3987172644106964e-10,3.0436163244158363e-06,1.0113555906858565e-07,7.53765961307845e-12,4.284544247297613e-11,2.8348530003352685e-11
4.463241045382687e-06,0.16628943999999996,0.8585084662769803,0.0,0.0,0.43863951771432697,0.07382829393580292,0.005842101889621033,9.181388973724416e-06,0.0027419871939652293,0.07128761926264378,0.031177683510163475,3.697168285412102e-05,3.998769660629687e-10,0.001793247044218928,4.818421181704599e-11,0.0005581525276726093,2.855836889308454e-09,3.893646342503926e-06,3.164622896669853e-09,1.5702631817097883e-10,9.067279615425894e-06,2.70088472734937e-05,0.005253958671895425,2.716823493788846e-06,0.0006099803099069003,1.9898492854704066e-09,2.6063331100508613e-09,6.404641468041191e-08,1.2194009613311808e-07,8.208880426098764e-08,0.0003770856397723629,0.006006134743116935,4.827902062516967e-07,0.0014138792051337525,5.504662104640746e-09,4.274230957683915e-05,9.567979360426883e-08,4.508607356638934e-06,1.9450808215275048e-10,1.3990830426539608e-10,3.0483513284395275e-06,1.010280565437165e-07,7.549383235896414e-12,4.2739696186806526e-11,2.834407870591268e-11
4.4697835152288475e-06,0.16628943999999996,0.8585084662769803,0.0,0.0,0.438617387751448,0.07378526800925796,0.0058305891406958766,9.181426627453275e-06,0.0027413314919444752,0.07137942865991408,0.031201412500615196,3.6934262127399426e-05,4.0119281881687306e-10,0.0017923484605662,4.8167361998722034e-11,0.000558316726840113,2.856352449283872e-09,3.884238432617147e-06,3.167962147636948e-09,1.5708428769598968e-10,9.05133476130078e-06,2.7052219589534884e-05,0.005250632293977049,2.701628196369111e-06,0.0006103240007698486,1.980194778335185e-09,2.5998934922287706e-09,6.422999963859541e-08,1.2190478433293045e-07,8.248749488855418e-08,0.0003786849362266625,0.006027907280118234,4.831272451160738e-07,0.0014156296426972679,5.501626177596266e-09,4.2810948555683746e-05,9.574778374577347e-08,4.5009374561019115e-06,1.9476336653103116e-10,1.3994462653199424e-10,3.0530934338013104e-06,1.0092070435502825e-07,7.561124968980553e-12,4.263427653183125e-11,2.8339645022946014e-11
4.476325985075008e-06,0.16628943999999996,0.8585084662769803,0.0,0.0,0.43859523972952297,0.07374226810375951,0.005819100125656933,9.181463491678804e-06,0.0027406753172689226,0.0714711813159906,0.031225094312593436,3.689689409758938e-05,4.0251021121943994e-10,0.0017914506899390217,4.8150618163700204e-11,0.0005584807322094432,2.856873766543057e-09,3.8748593524085095e-06,3.1712969214110505e-09,1.5714192133319931e-10,9.035421244210272e-06,2.7095662812197967e-05,0.005247307856714176,2.6865465972047363e-06,0.0006106671675665998,1.9706065074485193e-09,2.5934707765969383e-09,6.441423687851465e-08,1.2186944945123285e-07,8.288706616919847e-08,0.00038028659964654246,0.0060496953389525925,4.834635094455671e-07,0.0014173787122520416,5.498592797934481e-09,4.2879699749280784e-05,9.581561782463916e-08,4.49327948255733e-06,1.9501835794131118e-10,1.3998069411248384e-10,3.0578427094779163e-06,1.0081350232040122e-07,7.572884984463308e-12,4.2529181971325306e-11,2.8335228789928108e-11
4.482868454921168e-06,0.16628943999999996,0.8585084662769803,0.0,0.0,0.4385730737352236,0.07369929420541031,0.0058076347945691265,9.181499571709508e-06,0.0027400186724353347,0.07156287725517103,0.031248729044773767,3.685957869416318e-05,4.0382913910073193e-10,0.001790553731882952,4.8133980575071164e-11,0.0005586445441491094,2.857400866724941e-09,3.865508965397717e-06,3.1746272233950746e-09,1.5719922004433492e-10,9.019538992373018e-06,2.713917757036979e-05,0.005243985360263893,2.6715776010787016e-06,0.0006110098113821833,1.9610838686716212e-09,2.5870649173803483e-09,6.459912635894369e-08,1.2183409162979374e-07,8.328751710952364e-08,0.00038189062416876227,0.00607149883788723,4.837990009015811e-07,0.0014191264145060512,5.495561965309107e-09,4.294856415287949e-05,9.58832961755412e-08,4.485633425237782e-06,1.9527305647367238e-10,1.4001650787598735e-10,3.062599224698004e-06,1.0070645025785096e-07,7.584663455098244e-12,4.242441098055979e-11,2.833082984419112e-11
4.489410924767328e-06,0.16628943999999996,0.8585084662769803,0.0,0.0,0.4385508898550298,0.07365634630032017,0.005796193097598145,9.181534872807346e-06,0.002739361559925814,0.07165451650174864,0.03127231679563051,3.682231584668627e-05,4.0514959829142486e-10,0.0017896575859431725,4.8117449497452984e-11,0.000558808163026333,2.85793377559405e-09,3.856187136175165e-06,3.1779530589921335e-09,1.5725618478887342e-10,9.003687934323381e-06,2.7182764495283625e-05,0.005240664804778793,2.656720125913305e-06,0.0006113519332981519,1.9516262647552894e-09,2.5806758689267607e-09,6.478466803443519e-08,1.2179871100966743e-07,8.368884671270821e-08,0.00038349700393125507,0.006093317695373325,4.841337211417373e-07,0.001420872750168186,5.49253367936799e-09,4.3017542765444e-05,9.59508191325374e-08,4.477999273333648e-06,1.955274622187267e-10,1.4005206868912402e-10,3.0673630489422825e-06,1.0059954798552672e-07,7.59646055426095e-12,4.231996204668069e-11,2.8326448024977163e-11
4.495299147628872e-06,0.16628943999999996,0.8585084662769803,0.0,0.0,0.4385309091417378,0.0736177153985011,0.005785915736387149,9.181565982119689e-06,0.0027387697608440872,0.07173694337156786,0.031293505683597095,3.678882416115375e-05,4.063393173871616e-10,0.0017888517485805764,4.8102662814446367e-11,0.0005589552552499232,2.858418381399597e-09,3.847821795722083e-06,3.1809424967345283e-09,1.5730716830871432e-10,8.98944859395246e-06,2.7222054953880315e-05,0.0052376779644899485,2.6434428647431516e-06,0.0006116593976894296,1.9431695384715783e-09,2.5749400608879007e-09,6.495221312810617e-08,1.2176684907465276e-07,8.405079378555303e-08,0.00038494475460368343,0.006112967731420307,4.844343113390559e-07,0.0014224432844146828,5.489810399139354e-09,4.307972199405391e-05,9.601145720763488e-08,4.471138706782273e-06,1.957561771342482e-10,1.4008385786262532e-10,3.071656797606824e-06,1.0050346386088651e-07,7.60709401469518e-12,4.222623212393277e-11,2.8322518899711145e-11
4.501187370490417e-06,0.16628943999999996,0.8585084662769803,0.0,0.0,0.43851091407354137,0.07357910552986079,0.0057756574423388565,9.181596468492737e-06,0.002738177586732712,0.07181932435775615,0.031314656667798216,3.675537493774482e-05,4.0753027042838536e-10,0.0017880465683313333,4.808796281598666e-11,0.0005591021916552539,2.858907732172558e-09,3.839479381026977e-06,3.1839283250194074e-09,1.5735788278726296e-10,8.975234411254584e-06,2.7261404844222052e-05,0.005234692696607825,2.6302542987601317e-06,0.0006119664409989899,1.93476458720145e-09,2.569217799579749e-09,6.512028642018857e-08,1.2173496888810818e-07,8.441345103318813e-08,0.00038639440400096796,0.006132630082797976,4.847342794000647e-07,0.0014240127128147487,5.487089181168464e-09,4.3141995277576296e-05,9.607196992637886e-08,4.464287766888939e-06,1.9598465503838372e-10,1.4011544347452117e-10,3.075956574071331e-06,1.0040750078675415e-07,7.617742832442277e-12,4.213276076499431e-11,2.831860340395158e-11
4.507075593351961e-06,0.16628943999999996,0.8585084662769803,0.0,0.0,0.4384909047130883,0.07354051668428827,0.005765418179332742,9.181626335667773e-06,0.0027375850393712682,0.07190165947801347,0.03133576981960507,3.672196812530164e-05,4.0872245437707415e-10,0.0017872420448630454,4.8073349698142844e-11,0.0005592489725073794,2.8594018469566e-09,3.831159795558208e-06,3.1869105477859265e-09,1.574083289193156e-10,8.961045334773742e-06,2.7300814631357044e-05,0.005231709001234405,2.6171536656207956e-06,0.0006122730640083885,1.926410989044447e-09,2.563509051975946e-09,6.528888786866016e-08,1.2170307055133798e-07,8.47768177216361e-08,0.0003878459478518078,0.006152304690438178,4.85033626522607e-07,0.001425581035887029,5.4843700251867945e-09,4.3204363351986847e-05,9.613235753099525e-08,4.4574464456874355e-06,1.9621289599801599e-10,1.4014682615142163e-10,3.0802624295113656e-06,1.003116586308271e-07,7.628407135185073e-12,4.2039546891191726e-11,2.8314701424161332e-11
4.5129638162135055e-06,0.16628943999999996,0.8585084662769803,0.0,0.0,0.4384708811229031,0.07350194885167712,0.005755197911313982,9.181655587356814e-06,0.0027369921205300804,0.07198394875003677,0.031356845210257805,3.668860367272464e-05,4.0991586619569744e-10,0.0017864381778430359,4.805882365797919e-11,0.0005593955980705279,2.8599007448781393e-09,3.822862943460198e-06,3.1898891689733223e-09,1.574585073982004e-10,8.946881313252754e-06,2.7340284781883567e-05,0.00522872687846876,2.6041402111304575e-06,0.0006125792674966849,1.9181083275323427e-09,2.557813785129462e-09,6.545801742880456e-08,1.2167115416520711e-07,8.51408931147444e-08,0.00038929938188579714,0.006171991495392374,4.853323539094657e-07,0.001427148254150749,5.4816529309203505e-09,4.326682695569833e-05,9.619262026331137e-08,4.4506147351849285e-06,1.9644090008390447e-10,1.4017800651827916e-10,3.084574415268141e-06,1.0021593726088661e-07,7.639087051016457e-12,4.194658943135663e-11,2.8310812848438935e-11
4.51885203907505e-06,0.16628943999999996,0.8585084662769803,0.0,0.0,0.4384508433653857,0.07346340202192568,0.005744996602293359,9.181684227242922e-06,0.0027363988319702996,0.07206619219151968,0.031377882910865705,3.665528152897182e-05,4.111105028472377e-10,0.001785634966938341,4.804438489355366e-11,0.0005595420686081055,2.8604044451466012e-09,3.814588729547233e-06,3.1928641925210243e-09,1.575084189157791e-10,8.932742295631334e-06,2.737981576395239e-05,0.005225746328407063,2.591213189120734e-06,0.0006128850522409318,1.9098561919410385e-09,2.5521319661726178e-09,6.56276750527827e-08,1.2163921983003167e-07,8.550567647362893e-08,0.00039075470183256596,0.006191690438832275,4.856304627701025e-07,0.0014287143681257109,5.4789378980890505e-09,4.332938682956047e-05,9.625275836471832e-08,4.443792627362213e-06,1.9666866737603482e-10,1.4020898519840995e-10,3.0888925828485807e-06,1.001203365447973e-07,7.64978270843824e-12,4.18538873217603e-11,2.8306937566489065e-11
4.524740261936594e-06,0.16628943999999996,0.8585084662769803,0.0,0.0,0.43843079150281217,0.07342487618493698,0.005734814216347167,9.18171225898045e-06,0.002735805175443984,0.07214838982015227,0.03139888299240741,3.662200164305818e-05,4.1230636129521017e-10,0.0017848324118157055,4.8030033603916404e-11,0.0005596883843826926,2.860912967053847e-09,3.806337059297514e-06,3.1958356223683074e-09,1.5755806416244927e-10,8.918628231044277e-06,2.7419408047241547e-05,0.00522276735114261,2.5783718613706096e-06,0.0006131904190164406,1.901654172513735e-09,2.546463562318287e-09,6.579786068995806e-08,1.2160726764563437e-07,8.587116705720769e-08,0.0003922119034226765,0.006211401462048732,4.859279542911487e-07,0.0014302793783322852,5.476224926413212e-09,4.3392043716887275e-05,9.631277207618817e-08,4.43698011417395e-06,1.9689619794420274e-10,1.4023976281358962e-10,3.0932169839253676e-06,1.0002485635049806e-07,7.66049423635728e-12,4.176143950601632e-11,2.8303075467964267e-11
4.530039662511984e-06,0.16628943999999996,0.8585084662769803,0.0,0.0,0.43841273281804555,0.07339022087211794,0.0057256662185860025,9.181736970574638e-06,0.0027352705713997246,0.0722223285305523,0.03141775096005213,3.6592085834094726e-05,4.1338367602512494e-10,0.0017841106726233184,4.801719239950009e-11,0.0005598199364738258,2.8613747752825755e-09,3.7989297533127775e-06,3.1985068398725235e-09,1.5760251779226085e-10,8.905946865875891e-06,2.7455093904177007e-05,0.005220087616421037,2.566887331155421e-06,0.0006134648923893373,1.894314868268503e-09,2.5413734417269793e-09,6.59514791714249e-08,1.2157849550093124e-07,8.620071264619995e-08,0.0003935249901321101,0.006229151662723992,4.861951698101935e-07,0.0014316869442267748,5.473785013959632e-09,4.344851847831829e-05,9.636667826201899e-08,4.430857049046645e-06,1.97100773103511e-10,1.4026729126928187e-10,3.0971143173749477e-06,9.99390271126707e-08,7.670148287632866e-12,4.16784530258604e-11,2.8299610760867523e-11
4.5353390630873735e-06,0.16628943999999996,0.8585084662769803,0.0,0.0,0.43839466280375344,0.07335558254790789,0.005716533493373612,9.181761195129729e-06,0.002734735671979043,0.07229623015976067,0.03143658856520011,3.6562204175639754e-05,4.144619757382388e-10,0.0017833894641008533,4.800442235819735e-11,0.0005599513636092403,2.8618405189128365e-09,3.791540563681921e-06,3.2011751525417544e-09,1.5764675680191506e-10,8.893285634811147e-06,2.7490830141390016e-05,0.005217409155802434,2.555471094472001e-06,0.0006137390283951036,1.8870155407147576e-09,2.5362941370831233e-09,6.610552526007573e-08,1.2154970905115677e-07,8.653082994225288e-08,0.0003948395944043735,0.006246911557928251,4.864618871318516e-07,0.0014330936168709743,5.47134677059729e-09,4.350507297002444e-05,9.642048406201639e-08,4.424741743134224e-06,1.9730515663409966e-10,1.4029465781555984e-10,3.1010167798487745e-06,9.98532952944238e-08,7.67981539331277e-12,4.1595670914114734e-11,2.8296156566714685e-11
4.53933022041857e-06,0.16628943999999996,0.8585084662769803,0.0,0.0,0.4383810462143742,0.0733295064684868,0.005709665396678356,9.181779119508947e-06,0.00273433262694577,0.07235186349738766,0.03145075578777725,3.6539721813460474e-05,4.15274728543089e-10,0.0017828466478208855,4.7994851878371185e-11,0.0005600502634408764,2.862193892816226e-09,3.78598743469051e-06,3.2031828328686434e-09,1.5767993330922899e-10,8.883763304355384e-06,2.7517777776080355e-05,0.005215392757926367,2.5469179105350128e-06,0.0006139452670874157,1.8815443864469292e-09,2.5324758674255136e-09,6.62218248340746e-08,1.215280196044862e-07,8.67798295081507e-08,0.00039583066719351225,0.006260293508352771,4.866624325683166e-07,0.0014341524400204256,5.469511549033958e-09,4.3547719032426205e-05,9.646094085894273e-08,4.420141218803815e-06,1.9745895829083692e-10,1.4031516186924435e-10,3.1039592650397553e-06,9.978879202567724e-08,7.68710469227892e-12,4.1533459374060144e-11,2.829356198953123e-11
4.543321377749766e-06,0.16628943999999996,0.8585084662769803,0.0,0.0,0.43836742324363254,0.07330344001787305,0.005702805936840354,9.181796770219066e-06,0.0027339294156214946,0.07240747581499174,0.031464905839584195,3.651725878497365e-05,4.1608803784080307e-10,0.001782304132300143,4.798532190957158e-11,0.0005601490925848065,2.862549513095688e-09,3.7804445144605633e-06,3.2051888683983077e-09,1.5771298857887726e-10,8.874252357739449e-06,2.7544754331022128e-05,0.005213377082795827,2.5384029460050085e-06,0.0006141513149783078,1.8760956198461602e-09,2.528663709099485e-09,6.633836690854981e-08,1.2150632211521856e-07,8.702915281021393e-08,0.00039682259766740864,0.006273680915328617,4.868626962781808e-07,0.0014352107568875213,5.467677273984494e-09,4.3590410863137384e-05,9.650134088975102e-08,4.415545089689886e-06,1.9761265130336675e-10,1.403355745332313e-10,3.106904697306229e-06,9.972434391877406e-08,7.694401490226694e-12,4.147136300470942e-11,2.8290973298128862e-11
4.547312535080962e-06,0.16628943999999996,0.8585084662769803,0.0,0.0,0.438353793910757,0.07327738319292854,0.0056959551027600365,9.18181414836056e-06,0.0027335260385398974,0.07246306711807714,0.03147903874255016,3.64948150743761e-05,4.1690190268655397e-10,0.0017817619174344277,4.797583251511471e-11,0.0005602478511217128,2.8629073858706434e-09,3.7749117744276244e-06,3.207193260357387e-09,1.5774592282390067e-10,8.864752779378705e-06,2.7571759954566535e-05,0.005211362130436025,2.529925981296106e-06,0.0006143571723062955,1.8706691195564388e-09,2.5248576520003866e-09,6.645515146397193e-08,1.2148461661381994e-07,8.727879961458868e-08,0.0003978153844975162,0.006287073760732296,4.870626786328006e-07,0.0014362685676350647,5.465843945355304e-09,4.3633148696928096e-05,9.654168422893376e-08,4.4109533532527295e-06,1.9776623569824648e-10,1.4035589599897267e-10,3.1098530929630267e-06,9.965995093268948e-08,7.701705827850479e-12,4.140938148675321e-11,2.828839045993418e-11
4.551303692412158e-06,0.16628943999999996,0.8585084662769803,0.0,0.0,0.43834015823495087,0.07325133599051621,0.00568911288335156,9.181831255028163e-06,0.0027331224962328267,0.07251863741214702,0.03149315451857699,3.6472390665876045e-05,4.177163221356492e-10,0.0017812200031194754,4.796638375852442e-11,0.0005603465391321089,2.8632675172779855e-09,3.769389186160948e-06,3.2091960099725643e-09,1.5777873625703316e-10,8.855264553727724e-06,2.759879479539043e-05,0.0052093479008715705,2.5214867983921387e-06,0.0006145628393092571,1.865264764807249e-09,2.521057686040133e-09,6.657217848032963e-08,1.2146290313069432e-07,8.752876968706195e-08,0.0003988090263555563,0.0063004720264651475,4.872623800017222e-07,0.0014373258724259747,5.464011563052325e-09,4.367593276908771e-05,9.658197095090817e-08,4.406366006947381e-06,1.979197114996505e-10,1.4037612645758032e-10,3.1128044683600256e-06,9.959561302641562e-08,7.709017745931241e-12,4.134751450236302e-11,2.8285813442521252e-11
4.555294849743354e-06,0.16628943999999996,0.8585084662769803,0.0,0.0,0.4383265162353912,0.07322529840749996,0.005682279267542789,9.181848091310897e-06,0.0027327187892303073,0.07257418670270388,0.03150725318953924,3.6449985543693004e-05,4.1853129524353364e-10,0.0017806783892509513,4.795697570353223e-11,0.000560445156696339,2.8636299134720718e-09,3.763876721362695e-06,3.211197118470406e-09,1.5781142909070197e-10,8.84578766528003e-06,2.7625859002497985e-05,0.00520733439412648,2.513085180830397e-06,0.0006147683162247707,1.859882435660647e-09,2.5172638011471614e-09,6.66894479370635e-08,1.2144118169615264e-07,8.777906279299151e-08,0.00039980352191350683,0.006313875694453326,4.874618007540698e-07,0.0014383826714232863,5.462180126980615e-09,4.3718763315423405e-05,9.662220113000629e-08,4.4017830482236746e-06,1.980730787320142e-10,1.4039626609982786e-10,3.1157588398821558e-06,9.953133015895866e-08,7.71633728533635e-12,4.128576173518427e-11,2.8283242213707228e-11
4.55928600707455e-06,0.16628943999999996,0.8585084662769803,0.0,0.0,0.4383128679312298,0.0731992704407447,0.005675454244275286,9.181864658292107e-06,0.0027323149180605542,0.07262971499524916,0.031521334777284166,3.642759969205772e-05,4.193468210657929e-10,0.0017801370757244523,4.794760841407694e-11,0.0005605437038945784,2.8639945806248505e-09,3.7583743518671247e-06,3.213196587077425e-09,1.5784400153702811e-10,8.836322098567863e-06,2.7652952725220736e-05,0.005205321610224175,2.5047209136884462e-06,0.0006149736032899515,1.8545220130035037e-09,2.513475987266417e-09,6.680695981304017e-08,1.2141945234041278e-07,8.802967869728074e-08,0.0004007988698435589,0.006327284746647817,4.87660941258544e-07,0.0014394389647901479,5.460349637044371e-09,4.376164057226038e-05,9.666237484047436e-08,4.397204474526254e-06,1.9822633742000144e-10,1.404163151161515e-10,3.1187162239494028e-06,9.946710228933906e-08,7.7236644870196e-12,4.122412287032741e-11,2.8280676741536856e-11
4.563277164405746e-06,0.16628943999999996,0.8585084662769803,0.0,0.0,0.4382992133415925,0.07317325208711628,0.005668637802504298,9.181880957049501e-06,0.0027319108832499777,0.07268522229528361,0.0315353993036318,3.6405233095212126e-05,4.2016289865815595e-10,0.0017795960624355026,4.793828195430451e-11,0.0005606421808068356,2.864361524925821e-09,3.752882049639791e-06,3.2151944170201296e-09,1.5787645380782639e-10,8.82686783816196e-06,2.7680076113217653e-05,0.005203309549187478,2.4963937835718797e-06,0.0006151787007414216,1.8491833785403604e-09,2.509694234359322e-09,6.692471408652883e-08,1.2139771509359998e-07,8.828061716433922e-08,0.0004017950688180196,0.006340699165024509,4.878598018834194e-07,0.0014404947526898218,5.458520093146916e-09,4.380456477644209e-05,9.670249215647314e-08,4.39263028329462e-06,1.9837948758840755e-10,1.404362736966502e-10,3.121676637016816e-06,9.940292937659268e-08,7.730999392021194e-12,4.1162597594358845e-11,2.8278116994278243e-11
4.5672683217369424e-06,0.16628943999999996,0.8585084662769803,0.0,0.0,0.43828555248557965,0.07314724334348158,0.005661829931198733,9.181896988655192e-06,0.0027315066853232,0.07274070860830703,0.03154944679037498,3.638288573740926e-05,4.209795270764978e-10,0.0017790553492795574,4.7928996388567826e-11,0.0005607405875129515,2.8647307525820357e-09,3.7473997867767307e-06,3.217190609524981e-09,1.5790878611460586e-10,8.81742486867127e-06,2.770722931647527e-05,0.005201298211038623,2.4881035786011037e-06,0.0006153836088153553,1.8438664147872953e-09,2.50591853240375e-09,6.704271073523579e-08,1.2137596998574776e-07,8.853187795813335e-08,0.0004027921175094255,0.006354118931584033,4.880583829965478e-07,0.001441550035285682,5.456691495190723e-09,4.384753616533029e-05,9.674255315207819e-08,4.388060471963161e-06,1.9853252926225859e-10,1.4045614203108664e-10,3.1246400955745102e-06,9.933881137977052e-08,7.738342041467771e-12,4.110118559529198e-11,2.8275562940423382e-11
4.5712594790681385e-06,0.16628943999999996,0.8585084662769803,0.0,0.0,0.4382718853822662,0.07312124420670847,0.005655030619341162,9.18191275417573e-06,0.0027311023248030603,0.07279617393981837,0.03156347725927932,3.636055760291316e-05,4.217967053768424e-10,0.0017785149361519979,4.791975178142649e-11,0.0005608389240925992,2.865102269818116e-09,3.7419275355036637e-06,3.2191851658183614e-09,1.5794099866857017e-10,8.807993174742762e-06,2.773441248530776e-05,0.005199287595799253,2.4798500883979187e-06,0.0006155883277475301,1.838571005064728e-09,2.502148871394002e-09,6.716094973629714e-08,1.21354217046798e-07,8.878346084217493e-08,0.0004037900145905175,0.006367544028351775,4.882566849653564e-07,0.001442604812741218,5.454863843077384e-09,4.3890554976805304e-05,9.678255790127955e-08,4.383495037961189e-06,1.9868546246678e-10,1.4047592030888704e-10,3.1276066161476757e-06,9.927474825793771e-08,7.745692476572417e-12,4.1039886562578466e-11,2.8273014548685665e-11
4.575250636399335e-06,0.16628943999999996,0.8585084662769803,0.0,0.0,0.4382582120507013,0.07309525467366582,0.005648239855927793,9.181928254672146e-06,0.002730697802210631,0.07285161829531564,0.0315774907320833,3.633824867599878e-05,4.2261443261536553e-10,0.0017779748229481327,4.79105481976466e-11,0.0005609371906252873,2.8654760828762627e-09,3.7364652681752053e-06,3.221178087126615e-09,1.5797309168061768e-10,8.79857274106114e-06,2.7761625770357076e-05,0.005197277703490417,2.471633104072802e-06,0.0006157928577732597,1.8332970334905724e-09,2.4983852413407775e-09,6.727943106627164e-08,1.2133245630660176e-07,8.90353655795139e-08,0.00040478875873422665,0.006380974437377843,4.88454708156849e-07,0.0014436590852200293,5.4530371367076215e-09,4.3933621449266167e-05,9.682250647798204e-08,4.378933978712966e-06,1.988382872273876e-10,1.4049560871914194e-10,3.130576215296579e-06,9.921073997017355e-08,7.75305073863466e-12,4.097870018709924e-11,2.827047178799794e-11
4.583232951061726e-06,0.16628943999999996,0.8585084662769803,0.0,0.0,0.43823084677888696,0.0730433044062521,0.005634683930486628,9.181958464809321e-06,0.002729888272884395,0.0729624441002556,0.031605466776208506,3.629368838206954e-05,4.242515301324266e-10,0.0017768954958923555,4.7892264360266945e-11,0.0005611335138669865,2.866230621515484e-09,3.725570575410329e-06,3.2251590296928183e-09,1.5803691992103127e-10,8.77976559336481e-06,2.7816143293313216e-05,0.005193260087745613,2.455307824866896e-06,0.0006162013520444253,1.822812945207734e-09,2.4908760342285492e-09,6.751712061633984e-08,1.2128891154142144e-07,8.954013966400438e-08,0.00040678878290221387,0.006407851120528823,4.888499196737861e-07,0.0014457661159024305,5.4493865607974e-09,4.401989833333557e-05,9.690223540908381e-08,4.369824974149802e-06,1.9914361151949695e-10,1.4053471669170222e-10,3.136524715738088e-06,9.908288773324061e-08,7.767790909262362e-12,4.085666417846195e-11,2.826540303659065e-11
4.5912152657241174e-06,0.16628943999999996,0.8585084662769803,0.0,0.0,0.438203456822022,0.07299139251621103,0.005621162067117216,9.181987627445857e-06,0.0027290781014780528,0.07307318606709282,0.03163337509611659,3.624920473003775e-05,4.258908120802306e-10,0.0017758173672732156,4.7874145398680014e-11,0.0005613295578708044,2.8669944187890995e-09,3.714715489867109e-06,3.2291334470331197e-09,1.5810027251694056e-10,8.761003303806316e-06,2.7870783097037657e-05,0.005189245363960872,2.4391260991639665e-06,0.0006166090935025274,1.812413238583515e-09,2.4833908314796783e-09,6.775577918649895e-08,1.2124533592721303e-07,9.00461983069148e-08,0.00040879217940088293,0.006434748837931029,4.892440204749349e-07,0.0014478711286438906,5.445739766648491e-09,4.410636873510955e-05,9.698174053491999e-08,4.360733437568159e-06,1.9944850234578853e-10,1.4057346745479623e-10,3.1424857300829115e-06,9.895525434189087e-08,7.782562885476402e-12,4.073507512468441e-11,2.826035644198586e-11
4.599197580386509e-06,0.16628943999999996,0.8585084662769803,0.0,0.0,0.43817604233158575,0.07293951897852895,0.005607674178278918,9.182015750874825e-06,0.0027282672920974954,0.07318384423977796,0.031661215864740994,3.620479759449044e-05,4.2753227091393506e-10,0.0017747404362504935,4.7856191838427963e-11,0.0005615253232668679,2.8677675252681864e-09,3.703899794942963e-06,3.2331013489558705e-09,1.5816315114457426e-10,8.742285751199052e-06,2.7925546398474197e-05,0.005185233532283505,2.423086308165334e-06,0.0006170160840143552,1.8020970146054446e-09,2.4759295537675153e-09,6.799540656872968e-08,1.2120172969955723e-07,9.055353959636337e-08,0.0004107989376211359,0.006461667446871846,4.896370134811164e-07,0.0014499741247571707,5.442096753435383e-09,4.419303458046719e-05,9.706102244366706e-08,4.351659348183921e-06,1.9975295991657823e-10,1.406118625091106e-10,3.1484593920764516e-06,9.8827839469265e-08,7.797367000785988e-12,4.061393060338673e-11,2.8255331763364498e-11
4.6071798950489e-06,0.16628943999999996,0.8585084662769803,0.0,0.0,0.4381486034586536,0.07288768376820809,0.005594220176648041,9.182042843304389e-06,0.0027274558488212686,0.07329441866224636,0.03168898925458371,3.616046685018345e-05,4.291758990913938e-10,0.0017736647019827416,4.7838404208337234e-11,0.0005617208106826914,2.868549991805739e-09,3.693123276023237e-06,3.237062745268219e-09,1.5822555747530586e-10,8.723612814938549e-06,2.7980434419819134e-05,0.005181224592851501,2.4071868557043836e-06,0.000617422325439712,1.7918633863991776e-09,2.4684921220253265e-09,6.823600254594718e-08,1.211580930926244e-07,9.106216161329521e-08,0.0004128090469573019,0.006488606805030994,4.900289016064109e-07,0.0014520751055567631,5.4384575203186345e-09,4.4279897803599836e-05,9.714008172214451e-08,4.3426026851354304e-06,2.000569844452284e-10,1.406499033500054e-10,3.1544458360257554e-06,9.870064278872111e-08,7.812203590084157e-12,4.049322821423322e-11,2.825032876324776e-11
4.615162209711292e-06,0.16628943999999996,0.8585084662769803,0.0,0.0,0.43812114035389754,0.07283588686026639,0.0055807999751173966,9.182068912858872e-06,0.0027266437757008854,0.0734049093784173,0.031716695437716186,3.611621237203933e-05,4.308216890732453e-10,0.001772590163627263,4.7820783040512207e-11,0.0005619160207431924,2.8693418695368895e-09,3.6823857204570547e-06,3.2410176457759692e-09,1.5828749317566235e-10,8.7049843749954e-06,2.8035448388523873e-05,0.005177218545793593,2.3914261678662062e-06,0.0006178278196314827,1.7817114790290653e-09,2.4610784574454658e-09,6.847756689202795e-08,1.2111442633918867e-07,9.157206243152207e-08,0.00041482249680721,0.00651556677047946,4.904196877581684e-07,0.0014541740723588664,5.434822066444832e-09,4.436696034701528e-05,9.72189189558168e-08,4.333563427484526e-06,2.0036057614812803e-10,1.4068759146752832e-10,3.1604451967996164e-06,9.857366397383132e-08,7.82707298964793e-12,4.0372965578664024e-11,2.824534720744167e-11
4.623144524373683e-06,0.16628943999999996,0.8585084662769803,0.0,0.0,0.4380936531675877,0.0727841282297377,0.005567413486795858,9.182093967579902e-06,0.0027258310767611345,0.07351531643219399,0.031744334585780354,3.607203403514556e-05,4.324696333229998e-10,0.0017715168203400944,4.7803328870328655e-11,0.000562110954070707,2.870143209879132e-09,3.6716869175334637e-06,3.244966060283445e-09,1.58348959907334e-10,8.686400311908318e-06,2.8090589537297388e-05,0.005173215391229282,2.375802692614159e-06,0.0006182325684357045,1.771640429301707e-09,2.45368848147856e-09,6.87200993718687e-08,1.2107072967064287e-07,9.208324011780348e-08,0.00041683927657234235,0.00654254720167839,4.908093748370193e-07,0.001456271026481371,5.4311903909465945e-09,4.445422416154158e-05,9.729753472879566e-08,4.324541554217562e-06,2.0066373524468269e-10,1.407249283464296e-10,3.1664576098286667e-06,9.84469026983781e-08,7.84197553713844e-12,4.0253140339630446e-11,2.8240386864983058e-11
4.631126839036074e-06,0.16628943999999996,0.8585084662769803,0.0,0.0,0.43806614204959365,0.07273240785167163,0.00555406062500793,9.182118015427444e-06,0.0027250177560003857,0.07362563986746298,0.03177190686998951,3.602793171475257e-05,4.3411972430712603e-10,0.0017704446712759861,4.7786042236427296e-11,0.0005623056112850046,2.870954064532539e-09,3.661026658457885e-06,3.2489079985933797e-09,1.5840995932718336e-10,8.667860506777308e-06,2.8145859104108496e-05,0.005169215129268883,2.3603148994240565e-06,0.0006186365736916007,1.7616493855740533e-09,2.4463221158326933e-09,6.89635997413978e-08,1.2102700331701243e-07,9.259569273186595e-08,0.00041885937565786397,0.006569547957478065,4.911979657368855e-07,0.0014583659692438444,5.427562492942564e-09,4.4541691206330744e-05,9.737592962384246e-08,4.315537044246453e-06,2.0096646195728227e-10,1.4076191546617688e-10,3.1724832111054513e-06,9.832035863635049e-08,7.856911571600965e-12,4.013375016133347e-11,2.823544750808622e-11
4.639109153698466e-06,0.16628943999999996,0.8585084662769803,0.0,0.0,0.43803860714938586,0.07268072570113354,0.005540741303293302,9.182141064280897e-06,0.0027242038173908817,0.07373587972809388,0.03179941246112931,3.598390528627207e-05,4.3577195449513715e-10,0.0017693737155883879,4.776892368070742e-11,0.0005624999930033044,2.87177448547998e-09,3.6504047363288636e-06,3.2528434705068103e-09,1.584704930872548e-10,8.64936484125693e-06,2.8201258332188086e-05,0.005165217760013576,2.3449612789254397e-06,0.0006190398372315909,1.7517375075645657e-09,2.438979282472597e-09,6.920806774761363e-08,1.20983247506969e-07,9.310941832645755e-08,0.0004208827834727221,0.006596568897116848,4.915854633449919e-07,0.0014604589019675065,5.423938371537395e-09,4.46293634488622e-05,9.745410422237018e-08,4.30654987640967e-06,2.0126875651127038e-10,1.4079855430096954e-10,3.178522137184478e-06,9.819403146194106e-08,7.871881433464989e-12,4.001479272896564e-11,2.8230528912090877e-11
4.647091468360857e-06,0.16628943999999996,0.8585084662769803,0.0,0.0,0.4380110486160366,0.07262908175320466,0.005527455435406419,9.182163121940115e-06,0.0027233892648790433,0.07384603605793898,0.0318268515295588,3.59399546252752e-05,4.37426316359676e-10,0.0017683039524294302,4.775197374832052e-11,0.000562694099840289,2.872604524987336e-09,3.639820946115118e-06,3.25677248582296e-09,1.58530562834784e-10,8.630913197549728e-06,2.82567884700312e-05,0.00516122328355543,2.3297403425499725e-06,0.0006194423608813525,1.7419039661684808e-09,2.4316599036188393e-09,6.94535031286219e-08,1.2093946246784486e-07,9.36244149473982e-08,0.0004229094894297338,0.006623609880220118,4.919718705418779e-07,0.0014625498259752108,5.420318025821752e-09,4.471724286494607e-05,9.753205910444613e-08,4.29758002947325e-06,2.0157061913492612e-10,1.4083484631975415e-10,3.1845745251822745e-06,9.806792084954252e-08,7.886885464544215e-12,3.989626574845631e-11,2.8225630855411072e-11
4.6550737830232485e-06,0.16628943999999996,0.8585084662769803,0.0,0.0,0.43798346659822157,0.07257747598298195,0.005514202935316031,9.18218419612645e-06,0.0027225741023857515,0.0739561089008329,0.03185422424521132,3.589607960749098e-05,4.390828023765999e-10,0.001767235380949909,4.773519298766388e-11,0.0005628879324081206,2.873444235603706e-09,3.6292750846328932e-06,3.2606950543391238e-09,1.585901702122072e-10,8.612505458399733e-06,2.8312450771398916e-05,0.005157231699977463,2.314650622186581e-06,0.0006198441464598525,1.73214794327641e-09,2.4243639017470204e-09,6.96999056136656e-08,1.2089564842564585e-07,9.414068063362505e-08,0.00042493948294567026,0.006650670766799218,4.923571902014087e-07,0.0014646387425914277,5.416701454872308e-09,4.480533143872619e-05,9.760979484879404e-08,4.288627482131795e-06,2.0187205005943839e-10,1.4087079298623857e-10,3.1906405127774073e-06,9.794202647374504e-08,7.901924008036498e-12,3.9778166946220276e-11,2.8220753119485004e-11
4.66305609768564e-06,0.16628943999999996,0.8585084662769803,0.0,0.0,0.43795586124422076,0.07252590836557819,0.005500983717204767,9.18220429448374e-06,0.0027217583338066363,0.0740660983005924,0.031881530777595396,3.585228010880468e-05,4.407414050250648e-10,0.0017661680002992724,4.77185819503743e-11,0.0005630814913164553,2.8742936701616208e-09,3.6187669505236067e-06,3.264611185850551e-09,1.5864931685717073e-10,8.594141507086101e-06,2.8368246495320188e-05,0.005153243009353677,2.299690669843383e-06,0.0006202451957793844,1.7224686315966007e-09,2.4170911995869725e-09,6.994727492315487e-08,1.2085180560506513e-07,9.465821341723307e-08,0.00042697275344132497,0.006677751417250441,4.92741425190785e-07,0.0014667256531422283,5.413088657751747e-09,4.489363116268304e-05,9.768731203279599e-08,4.279692213009459e-06,2.0217304951887875e-10,1.409063957589071e-10,3.196720238210505e-06,9.781634800933334e-08,7.916997408523796e-12,3.96604940689097e-11,2.821589548872584e-11
4.671038412348031e-06,0.16628943999999996,0.8585084662769803,0.0,0.0,0.4379282327019196,0.07247437887612193,0.005487797695468688,9.182223424579327e-06,0.0027209419630123536,0.07417600430101576,0.031908771295795835,3.5808556005256206e-05,4.4240211678760855e-10,0.0017651018096256057,4.770214119132176e-11,0.0005632747771724582,2.875152881777233e-09,3.6082963442317725e-06,3.268520890150345e-09,1.5870800440254039e-10,8.575821227416868e-06,2.8424176906093487e-05,0.005149257211749089,2.284859057316108e-06,0.0006206455106456001,1.712865234480332e-09,2.409841720121963e-09,7.01956107687042e-08,1.2080793422949572e-07,9.517701132352804e-08,0.0004290092903416096,0.0067048516923539515,4.931245783705563e-07,0.0014688105589552617,5.409479633508759e-09,4.498214403763629e-05,9.776461123249527e-08,4.27077420066093e-06,2.024736177501785e-10,1.4094165609103526e-10,3.2028138402842523e-06,9.76908851312838e-08,7.932106011972056e-12,3.9543244883168996e-11,2.8211057750473487e-11
4.679020727010423e-06,0.16628943999999996,0.8585084662769803,0.0,0.0,0.43790058111881114,0.07242288748975749,0.005474644784716853,9.182241593905024e-06,0.0027201249938488656,0.07428582694588266,0.03193594596847452,3.576490717303872e-05,4.4406493015023405e-10,0.0017640368080756178,4.768587126860305e-11,0.0005634677905808177,2.87602192385053e-09,3.597863067983222e-06,3.27242417702934e-09,1.5876623447641113e-10,8.55754450372279e-06,2.848024327328837e-05,0.005145274307219784,2.270154375863008e-06,0.0006210450928575564,1.7033369657509388e-09,2.402615386587893e-09,7.044491285316346e-08,1.2076403452104408e-07,9.569707237106922e-08,0.00043104908307562713,0.006731971453272775,4.935066525946291e-07,0.0014708934613597373,5.405874381178049e-09,4.507087207274727e-05,9.784169302259804e-08,4.261873423572392e-06,2.0277375499310482e-10,1.4097657543070416e-10,3.20892145836338e-06,9.75656375147622e-08,7.947250165731067e-12,3.9426417175393205e-11,2.8206239694947386e-11
4.687003041672814e-06,0.16628943999999996,0.8585084662769803,0.0,0.0,0.4378729066419959,0.07237143418164498,0.005461524899770881,9.182258809878076e-06,0.0027193074301377104,0.07439556627895383,0.0319630549638715,3.572133348849713e-05,4.4572983760249106e-10,0.001762972994794628,4.766977274353559e-11,0.0005636605321437598,2.876900850065516e-09,3.587466925763595e-06,3.2763210562759947e-09,1.5882400870211624e-10,8.539311220851313e-06,2.8536446871746867e-05,0.005141294295812951,2.2555752358859542e-06,0.000621443944207743,1.6938830495358711e-09,2.3954121224725095e-09,7.069518087064968e-08,1.2072010670054225e-07,9.621839457171536e-08,0.0004330921210767544,0.006759110561551752,4.938876507102822e-07,0.0014729743616864095,5.402272899780343e-09,4.515981728552126e-05,9.791855797647607e-08,4.252989860162506e-06,2.0307346149023588e-10,1.4101115522081572e-10,3.215043232374636e-06,9.744060483512129e-08,7.962430218534298e-12,3.931000875148929e-11,2.820144111519998e-11
4.6949853563352054e-06,0.16628943999999996,0.8585084662769803,0.0,0.0,0.4378452094181841,0.07232001892696024,0.005448437955664515,9.182275079842117e-06,0.00271848927567627,0.07450522234397067,0.03199009844980585,3.567783482812674e-05,4.4739683163755805e-10,0.001761910368926555,4.765384618065106e-11,0.0005638530024610639,2.8777897143904154e-09,3.5771077232971165e-06,3.280211537676294e-09,1.5888132869823718e-10,8.521121264160617e-06,2.8592788981584777e-05,0.0051373171775669245,2.241120266617732e-06,0.0006218420664821236,1.6845027201020807e-09,2.3882318515146156e-09,7.094641450658033e-08,1.206761509875607e-07,9.674097593066937e-08,0.00043513839378271727,0.006786268879116506,4.942675755581735e-07,0.0014750532612675586,5.39867518832239e-09,4.524898170180947e-05,9.799520666616876e-08,4.24412348878334e-06,2.0337273748693707e-10,1.4104539689910722e-10,3.2211793028067386e-06,9.731578676789847e-08,7.977646520498665e-12,3.919401743664061e-11,2.819666180707125e-11
4.702967670997597e-06,0.16628943999999996,0.8585084662769803,0.0,0.0,0.43781748959369643,0.07226864170089493,0.0054353838676431815,9.182290411068099e-06,0.002717670534238035,0.07461479518465484,0.03201707659367657,3.563441106857193e-05,4.490659047523231e-10,0.001760848929613906,4.763809214768911e-11,0.0005640452021300745,2.8786885710778533e-09,3.5667852680256484e-06,3.284095631013621e-09,1.5893819607861293e-10,8.502974519513811e-06,2.864927088819282e-05,0.005133342952511228,2.226788115815257e-06,0.0006222394614601683,1.6751952216943825e-09,2.3810744977032872e-09,7.119861343770653e-08,1.2063216760042062e-07,9.726481444652593e-08,0.00043718789063567585,0.00681344626827242,4.946464299723534e-07,0.0014771301614369713,5.395081245796984e-09,4.5338367355810815e-05,9.807163966238526e-08,4.235274287721336e-06,2.036715832313367e-10,1.4107930189816591e-10,3.227329810710325e-06,9.719118298881371e-08,7.992899423124296e-12,3.907844107507446e-11,2.8191901569144077e-11
4.710949985659988e-06,0.16628943999999996,0.8585084662769803,0.0,0.0,0.4377897473144651,0.07221730247865644,0.005422362551163552,9.182304810755207e-06,0.0027168512095728627,0.07472428484470821,0.03204398956246368,3.559106208662483e-05,4.5073704944746427e-10,0.0017597886759977625,4.7622511215591225e-11,0.0005642371317457184,2.879597474665039e-09,3.5564993690880032e-06,3.287973346068663e-09,1.5899461245234955e-10,8.484870873273181e-06,2.8705893882237663e-05,0.005129371620666598,2.212577449458748e-06,0.0006226361309148926,1.665959808377027e-09,2.3739399852770807e-09,7.145177733214462e-08,1.2058815675620585e-07,9.778990811131428e-08,0.0004392406010822966,0.006840642591703609,4.950242167802764e-07,0.0014792050635299226,5.3914910711829485e-09,4.542797629007363e-05,9.814785753450706e-08,4.226442235198246e-06,2.039699989743039e-10,1.411128716454441e-10,3.2334948976978747e-06,9.706679317376759e-08,8.008189279294236e-12,3.8963277529832484e-11,2.8187160202700383e-11
4.71893230032238e-06,0.16628943999999996,0.8585084662769803,0.0,0.0,0.43776198272603556,0.07216600123546792,0.0054093739218931125,9.182318286031762e-06,0.002716031305407235,0.07483369136781226,0.03207083752272898,3.554778775922413e-05,4.5241025822752913e-10,0.0017587296072177749,4.7607103958494254e-11,0.0005644287919005161,2.880516479973944e-09,3.5462498372995357e-06,3.2918446926193e-09,1.590505794238299e-10,8.466810212294547e-06,2.876265925966278e-05,0.005125403182045044,2.1984869514565084e-06,0.0006230320766128898,1.6567957438780903e-09,2.366828238723262e-09,7.170590584940846e-08,1.2054411867077527e-07,9.831625491054409e-08,0.00044129651457383204,0.006867857712471898,4.9540093880281e-07,0.0014812779688831614,5.387904663445183e-09,4.5517810555497035e-05,9.822386085058992e-08,4.217627309372046e-06,2.0426798496942263e-10,1.4114610756327363e-10,3.239674705943624e-06,9.694261699883931e-08,8.023516443274136e-12,3.8848524682544426e-11,2.818243751167816e-11
4.726914614984771e-06,0.16628943999999996,0.8585084662769803,0.0,0.0,0.4377341959735672,0.07211473794656824,0.00539641789570972,9.182330843956128e-06,0.0027152108254445053,0.074943014797628,0.03209762064061713,3.550458796345391e-05,4.540855236010144e-10,0.0017576717224121485,4.7591870953724235e-11,0.0005646201831845979,2.8814456421114875e-09,3.5360364851319925e-06,3.295709680440501e-09,1.591060985927231e-10,8.448792423921753e-06,2.8819568321689283e-05,0.005121437636649879,2.1845153233554754e-06,0.0006234273003143683,1.6477023014369204e-09,2.3597391827770253e-09,7.19609986404431e-08,1.20500053558774e-07,9.88438528232503e-08,0.00044335562056619727,0.006895091494015807,4.957765988542478e-07,0.0014833488788348916,5.384322021534654e-09,4.5607872211332116e-05,9.82996501773663e-08,4.208829488337879e-06,2.0456554147297053e-10,1.4117901106888073e-10,3.2458693781834667e-06,9.681865414028522e-08,8.038881270711902e-12,3.873418043320435e-11,2.817773330262933e-11
4.734896929647162e-06,0.16628943999999996,0.8585084662769803,0.0,0.0,0.4377063872018347,0.07206351258721205,0.005383494388701168,9.182342491517561e-06,0.0027143897733651534,0.0750522551777954,0.032124339081856496,3.546146257654245e-05,4.5576283808044397e-10,0.0017566150207176368,4.757681278179013e-11,0.0005648113061857157,2.882385016469693e-09,3.525859126693628e-06,3.299568319304218e-09,1.5916117155399414e-10,8.430817395981191e-06,2.8876622374816474e-05,0.005117474984475756,2.170661284057034e-06,0.0006238218037731844,1.6386787636542883e-09,2.3526727424207152e-09,7.22170553476559e-08,1.2045596163364562e-07,9.937269982203775e-08,0.00044541790852004694,0.006922343800149531,4.961511997423203e-07,0.0014854177947247523,5.380743144388417e-09,4.5698163325183004e-05,9.837522608024768e-08,4.2000487501289595e-06,2.0486266874389456e-10,1.412115835744008e-10,3.252079057714839e-06,9.669490427453696e-08,8.054284118637284e-12,3.86202426999502e-11,2.817304738467824e-11
4.742879244309554e-06,0.16628943999999996,0.8585084662769803,0.0,0.0,0.437678556555229,0.07201232513266975,0.005370603317164757,9.182353235637097e-06,0.002713568152827022,0.07516141255193343,0.03215099301176006,3.5418411475861175e-05,4.5744219418244687e-10,0.0017555595012695338,4.7561930026377566e-11,0.0005650021614892589,2.8833346587258675e-09,3.515717577709567e-06,3.303420618979276e-09,1.5921579989791353e-10,8.412885016776476e-06,2.8933822730822457e-05,0.0051135152255087106,2.156923569538508e-06,0.0006242155887368788,1.62972442234553e-09,2.3456288428830633e-09,7.247407560494908e-08,1.2041184310764314e-07,9.99027938731243e-08,0.000447483367900847,0.006949614495061929,4.965247442682043e-07,0.0014874847178938029,5.377168030929632e-09,4.5788685973007634e-05,9.84505891233263e-08,4.191285072717474e-06,2.0515936704378745e-10,1.4124382648689287e-10,3.2583038883965867e-06,9.657136707820007e-08,8.069725345461485e-12,3.850670941884584e-11,2.816837956948115e-11
4.750861558971945e-06,0.16628943999999996,0.8585084662769803,0.0,0.0,0.43765070417775875,0.07196117555822741,0.005357744597606843,9.182363083168389e-06,0.002712745967465565,0.07527048696363946,0.03217758259522647,3.537543453892353e-05,4.591235844278351e-10,0.0017545051632016624,4.754722327434243e-11,0.0005651927496782665,2.88429462484275e-09,3.5056116555024345e-06,3.3072665892312806e-09,1.5926998521006703e-10,8.394995175083163e-06,2.8991170706764412e-05,0.0051095583597261995,2.143300932579439e-06,0.0006246086569467086,1.6208385783961154e-09,2.33860740963841e-09,7.273205903775276e-08,1.2036769819184063e-07,1.0043413293638737e-07,0.0004495519881789557,0.006976903443315519,4.968972352265364e-07,0.001489549649684506,5.373596680067583e-09,4.587944223911831e-05,9.852573986937812e-08,4.182538434015494e-06,2.054556366368663e-10,1.4127574120835485e-10,3.264544014648826e-06,9.644804222805233e-08,8.085205310976662e-12,3.8393578543666254e-11,2.8163729671186314e-11
4.7588438736343365e-06,0.16628943999999996,0.8585084662769803,0.0,0.0,0.43762283021305143,0.07191006383918695,0.0053449181467424165,9.18237204089855e-06,0.002711923220894076,0.0753794784564891,0.03220410799674083,3.533253164338411e-05,4.608070013416796e-10,0.0017534520056463696,4.753269311570466e-11,0.0005653830713334405,2.885264971068687e-09,3.495541178973232e-06,3.3111062398225035e-09,1.593237290713651e-10,8.377147760143608e-06,2.904866762497891e-05,0.005105604387097141,2.129792142493702e-06,0.000625001010137685,1.6120205416203444e-09,2.3316083684059414e-09,7.29910052630559e-08,1.2032352709614403e-07,1.0096671496540467e-07,0.00045162375882968963,0.007004210509845463,4.972686754054225e-07,0.0014916125914407085,5.3700290906977e-09,4.59704342161822e-05,9.860067887986461e-08,4.173808811875863e-06,2.0575147778994824e-10,1.413073291357375e-10,3.2707995814527846e-06,9.632492940104293e-08,8.100724376355471e-12,3.8280848045685464e-11,2.81590975063949e-11
4.766826188296728e-06,0.16628943999999996,0.8585084662769803,0.0,0.0,0.4375949348043539,0.07185898995086586,0.005332123881494656,9.18238011554896e-06,0.0027110999167039274,0.07548838707403598,0.03223056938037568,3.528970266703752e-05,4.624924374533873e-10,0.0017524000277345192,4.7518340143641935e-11,0.0005655731270331603,2.8862457539377705e-09,3.485505968582458e-06,3.3149395805117844e-09,1.593770330580527e-10,8.359342661661846e-06,2.910631481308202e-05,0.00510165330758195,2.116395984865568e-06,0.0006253926500386011,1.6032696306219842e-09,2.324631645148928e-09,7.325091388943986e-08,1.2027933002930223e-07,1.0150053790750187e-07,0.0004536986693334069,0.00703153555995857,4.976390675864486e-07,0.001493673544507627,5.366465261701576e-09,4.606166400522143e-05,9.86754067149349e-08,4.165096184093069e-06,2.0604689077242819e-10,1.413385916609598e-10,3.2770707343506258e-06,9.62020282742909e-08,8.116282904150501e-12,3.816851591346698e-11,2.8154482894122456e-11
4.774808502959119e-06,0.16628943999999996,0.8585084662769803,0.0,0.0,0.4375670180945347,0.07180795386859751,0.005319361718994504,9.182387313776108e-06,0.002710276058464799,0.07559721285981132,0.03225696690979197,3.5246947487817535e-05,4.6417988529677555e-10,0.0017513492285954851,4.750416495448328e-11,0.0005657629173534964,2.887237030269993e-09,3.475505846331476e-06,3.31876662105444e-09,1.5942989874171915e-10,8.341579769798622e-06,2.916411360396931e-05,0.005097705121132574,2.103111261292353e-06,0.0006257835783720737,1.5945851726584753e-09,2.31767716607396e-09,7.351178451710897e-08,1.20235107198918e-07,1.0203559970379174e-07,0.00045577670917556844,0.007058878459332299,4.980084145446936e-07,0.0014957325102318301,5.362905191946994e-09,4.615313371561312e-05,9.874992393342847e-08,4.156400528404136e-06,2.0634187585625724e-10,1.413695301709234e-10,3.2833576194452677e-06,9.607933852508399e-08,8.13188125829374e-12,3.805658015265732e-11,2.814988565576146e-11
4.782790817621511e-06,0.16628943999999996,0.8585084662769803,0.0,0.0,0.43753908022608373,0.07175695556773082,0.005306631576580213,9.182393642172357e-06,0.0027094516497249005,0.07570595585732365,0.03228330074823986,3.520426598379621e-05,4.658693374101481e-10,0.0017502996073571451,4.749016814770281e-11,0.0005659524428682214,2.888238857171398e-09,3.4655406357441284e-06,3.322587371202147e-09,1.594823276893073e-10,8.32385897516647e-06,2.9222065335815706e-05,0.00509375982769254,2.0899367891292145e-06,0.0006261737968545665,1.5859665035060641e-09,2.310744857630191e-09,7.377361673792446e-08,1.2019085881145818e-07,1.025718982892229e-07,0.00045785786784682505,0.007086239074013748,4.983767190487385e-07,0.0014977894899612203,5.359348880287944e-09,4.624484546508922e-05,9.88242310928769e-08,4.147721822489481e-06,2.066364333159186e-10,1.4140014604752715e-10,3.289660383400176e-06,9.595685983087789e-08,8.147519804095956e-12,3.794503878578195e-11,2.8145305615043968e-11
4.790773132283902e-06,0.16628943999999996,0.8585084662769803,0.0,0.0,0.4375111213411149,0.07170599502363059,0.005293933371796937,9.182399107266754e-06,0.0027086266940112014,0.07581461611005871,0.032309571058559736,3.5161658033182994e-05,4.675607863363693e-10,0.0017492511631458743,4.74763503259133e-11,0.0005661417041488249,2.8892512920342066e-09,3.4556101618485804e-06,3.3264018407028474e-09,1.5953432146312384e-10,8.306180168824892e-06,2.928017135207524e-05,0.005089817427196983,2.0768714012430136e-06,0.0006265633071964351,1.5774129673299268e-09,2.303834646508582e-09,7.403641013543389e-08,1.201465850722649e-07,1.0310943159261588e-07,0.00045994213484306924,0.007113617270418678,4.987439838606782e-07,0.0014998444850450171,5.355796325564658e-09,4.633680137973602e-05,9.889832874950646e-08,4.139060043973784e-06,2.0693056342840692e-10,1.4143044066768196e-10,3.295979173439159e-06,9.583459186929542e-08,8.163198908246079e-12,3.783388985204406e-11,2.8140742598005808e-11
4.798755446946293e-06,0.16628943999999996,0.8585084662769803,0.0,0.0,0.4374831415813657,0.07165507221167716,0.005281267022396269,9.182403715525802e-06,0.0027078011948296426,0.075923193661479,0.032335778003183074,3.5119123514323844e-05,4.692542246229369e-10,0.0017482038950865405,4.746271209485986e-11,0.0005663307017645267,2.8902743925369626e-09,3.4457142511594095e-06,3.3302100393006572e-09,1.5958588162084877e-10,8.288543242275588e-06,2.9338433001480648e-05,0.005085877919572692,2.0639139457635023e-06,0.0006269521111019443,1.5689239165525183e-09,2.2969464596411438e-09,7.430016428490662e-08,1.2010228618556504e-07,1.0364819753671624e-07,0.0004620294996655331,0.007141012915330501,4.991102117361334e-07,0.001501897496833745,5.352247526603617e-09,4.642900359399358e-05,9.897221745824002e-08,4.1304151704268335e-06,2.0722426647320498e-10,1.4146041540332516e-10,3.3023141373461286e-06,9.57125343181251e-08,8.178918938810509e-12,3.7723131407125875e-11,2.8136196432950094e-11
4.806737761608685e-06,0.16628943999999996,0.8585084662769803,0.0,0.0,0.43745514108819955,0.07160418710726671,0.0052686324463358265,9.182407473354211e-06,0.0027069751556653594,0.07603168855502354,0.03236192174413339,3.507666230570055e-05,4.709496448220569e-10,0.0017471578023025023,4.7449254063413486e-11,0.0005665194362822882,2.8913082166446597e-09,3.4358527316599168e-06,3.3340119767357628e-09,1.5963700971554484e-10,8.27094808745781e-06,2.939685163804291e-05,0.005081941304738138,2.051063285851431e-06,0.0006273402102693216,1.5604987117312623e-09,2.2900802242001975e-09,7.456487875336139e-08,1.200579623544811e-07,1.04188194038224e-07,0.00046411995182082445,0.007168425875899323,4.994754054242587e-07,0.0015039485266792121,5.34870248221761e-09,4.652145425065489e-05,9.90458977726996e-08,4.121787179364383e-06,2.075175427322626e-10,1.414900716214359e-10,3.3086654234648633e-06,9.559068685532099e-08,8.19468026523246e-12,3.761276152299255e-11,2.8131666950413582e-11
4.814720076271076e-06,0.16628943999999996,0.8585084662769803,0.0,0.0,0.43742712000260614,0.07155333968581097,0.005256029561778808,9.18241038709566e-06,0.0027061485799828905,0.07614010083410772,0.03238800244302712,3.50342742859299e-05,4.726470394907147e-10,0.0017461128839155993,4.743597684356469e-11,0.0005667079082668269,2.892352822608867e-09,3.4260254327846806e-06,3.3378076627443235e-09,1.5968770729566787e-10,8.253394596743761e-06,2.945542862105052e-05,0.005078007582603519,2.0383182994494675e-06,0.0006277276063907622,1.5521367214265692e-09,2.283235867597611e-09,7.483055309960271e-08,1.2001361378104072e-07,1.0472941900785309e-07,0.00046621348082103917,0.007195856019640904,4.998395676677602e-07,0.0015059975759344959,5.345161191205726e-09,4.661415550086493e-05,9.91193702452084e-08,4.1131760482489805e-06,2.078103924899748e-10,1.4151941068404885e-10,3.3150331806987498e-06,9.546904915900197e-08,8.21048325833115e-12,3.750277828769869e-11,2.8127153983129958e-11
4.8227023909334676e-06,0.16628943999999996,0.8585084662769803,0.0,0.0,0.437399078465203,0.0715025299227375,0.005243458287093559,9.182412463033544e-06,0.0027053214712263875,0.07624843054212282,0.03241402026107453,3.499195933376297e-05,4.743464011907484e-10,0.0017450691390461521,4.7422881050417025e-11,0.000566896118280628,2.8934082689678517e-09,3.4162321854023247e-06,3.3415971070583764e-09,1.597379759050761e-10,8.235882662934084e-06,2.9514165315068803e-05,0.005074076753070795,2.0256778790758097e-06,0.0006281143011524952,1.5438373220930744e-09,2.2764133174840643e-09,7.509718687424829e-08,1.199692406661871e-07,1.0527187035035328e-07,0.00046831007618377787,0.00722330321443576,5.002027012028936e-07,0.001508044645953927,5.341623652353411e-09,4.670710950411936e-05,9.919263542679312e-08,4.104581754490806e-06,2.0810281603315809e-10,1.415484339482693e-10,3.3214175585105144e-06,9.534762090745084e-08,8.226328290301122e-12,3.739317980519734e-11,2.812265736600023e-11
4.830684705595859e-06,0.16628943999999996,0.8585084662769803,0.0,0.0,0.43737101661623623,0.07145175779348943,0.0052309185408531455,9.182413707391673e-06,0.002704493832819829,0.07635667772243601,0.032439975359080664,3.4949717328084424e-05,4.760477224889193e-10,0.001744026566812958,4.740996730218064e-11,0.0005670840668839573,2.89447461454669e-09,3.4064728217985195e-06,3.345380319405739e-09,1.5978781708304012e-10,8.21841217925342e-06,2.957306308993898e-05,0.005070148816033724,2.0131409315525287e-06,0.000628500296234773,1.535599897935491e-09,2.2696125017483037e-09,7.536477961976496e-08,1.199248432097883e-07,1.0581554596457823e-07,0.00047040972743228143,0.007250767328528057,5.005648087594998e-07,0.0015100897380930737,5.338089864432484e-09,4.680031842826317e-05,9.926569386718608e-08,4.096004275448494e-06,2.0839481365103428e-10,1.415771427662878e-10,3.3278187069219336e-06,9.522640177911417e-08,8.242215734711352e-12,3.728396419515148e-11,2.8118176936052114e-11
4.837868788792011e-06,0.16628943999999996,0.8585084662769803,0.0,0.0,0.4373457437013941,0.07140609503380328,0.005219659658922365,9.182414121409864e-06,0.002703748508216941,0.07645402965935585,0.032463281454230365,3.4911761792226595e-05,4.775805809741321e-10,0.001743089253677534,4.739850109061598e-11,0.0005672529975822809,2.8954436932507555e-09,3.397718227698503e-06,3.3487798902234085e-09,1.5983230995784078e-10,8.202724095889514e-06,2.962620994787499e-05,0.005066616145689753,2.0019452559653882e-06,0.0006288470949668685,1.5282387021967234e-09,2.2635102910704276e-09,7.560643262612694e-08,1.198848648513404e-07,1.0630589902836393e-07,0.0004723020176837533,0.007275499388606649,5.008898305998199e-07,0.0015119286310520225,5.334912661323932e-09,4.6884426215803814e-05,9.933127015313334e-08,4.088298902138498e-06,2.0865724758193958e-10,1.41602712964638e-10,3.333594203798184e-06,9.511748309832698e-08,8.256551007178687e-12,3.7185995960473684e-11,2.811415825613974e-11
4.844334463668548e-06,0.16628943999999996,0.8585084662769803,0.0,0.0,0.4373229841922097,0.07136502458161766,0.0052095483951319285,9.182413926067871e-06,0.0027030773536627674,0.07654158930414184,0.032484213710609285,3.4877652172437065e-05,4.78961501113201e-10,0.001742246482820856,4.738830838174553e-11,0.0005674048548924717,2.8963234890504655e-09,3.389862344589915e-06,3.351835200600969e-09,1.598720595125437e-10,8.188633389638615e-06,2.9674155460320318e-05,0.0050634387454254245,1.991939418249277e-06,0.0006291587314279112,1.521655763499847e-09,2.2580332606516586e-09,7.582458385963971e-08,1.1984886772788447e-07,1.0674806192321895e-07,0.0004740071817060957,0.0072977697901721005,5.011816432381747e-07,0.00151358226669188,5.33205577461816e-09,4.6960302592943463e-05,9.939014634143449e-08,4.081375681775784e-06,2.0889314352411877e-10,1.4162551011559183e-10,3.3388039607836703e-06,9.501960069776746e-08,8.269482611463314e-12,3.7098087300933283e-11,2.8110552447449742e-11
4.850800138545086e-06,0.16628943999999996,0.8585084662769803,0.0,0.0,0.43730021160475807,0.07132397877737348,0.0051994576730436635,9.182413196000867e-06,0.002702405857627984,0.0766290948795298,0.032505105100961024,3.484359019792648e-05,4.80343693744587e-10,0.0017414044797590049,4.7378236221892794e-11,0.0005675565416802076,2.897210541362273e-09,3.3820283989890184e-06,3.3548864394672283e-09,1.5991153135135164e-10,8.174569690335814e-06,2.9722209110829297e-05,0.005060263242711883,1.9819995712783016e-06,0.0006294699117974657,1.5151124167030599e-09,2.2525703627190508e-09,7.604336343385492e-08,1.1981285498583585e-07,1.0719102430766561e-07,0.00047571433208576695,0.0073200510594105634,5.014727875647094e-07,0.001515234607058699,5.329201346670215e-09,4.703635010554668e-05,9.944888786004767e-08,4.074463453126224e-06,2.0912876053871297e-10,1.4164810334658567e-10,3.3440249895347882e-06,9.49218549317514e-08,8.282442711270388e-12,3.7010426551288165e-11,2.8106956976231348e-11
4.857265813421623e-06,0.16628943999999996,0.8585084662769803,0.0,0.0,0.43727742601286346,0.07128295760805026,0.0051893874497753395,9.182411934405145e-06,0.0027017340218943543,0.0767165464085191,0.032525955709969405,3.480957580458303e-05,4.817271549277319e-10,0.0017405632440207334,4.736828494553947e-11,0.0005677080582390272,2.8981048819997132e-09,3.3742163044147244e-06,3.3579336119834244e-09,1.5995072628352569e-10,8.160532942031899e-06,2.9770371637522576e-05,0.005057089637477068,1.972125160674256e-06,0.00062978063695721,1.5086083489579794e-09,2.2471215594038227e-09,7.626277109009707e-08,1.1977682672938905e-07,1.0763478505388891e-07,0.00047742346326602253,0.0073423431269961014,5.01763265017832e-07,0.0015168856528751907,5.3263493768013456e-09,4.711256992172761e-05,9.95074949986464e-08,4.067562204061825e-06,2.0936409878393557e-10,1.4167049336685102e-10,3.349257370851919e-06,9.482424562970475e-08,8.295431507766529e-12,3.692301274162009e-11,2.8103371759828468e-11
4.86373148829816e-06,0.16628943999999996,0.8585084662769803,0.0,0.0,0.4372546274901919,0.07124196106063443,0.005179337682532,9.182410144452719e-06,0.0027010618482353416,0.07680394391409823,0.03254676562214553,3.4775608928351154e-05,4.831118807243335e-10,0.0017397227751341333,4.735845488849181e-11,0.0005678594048615387,2.8990065428999916e-09,3.366425974964019e-06,3.360976723308795e-09,1.5998964511637098e-10,8.146523088951931e-06,2.981864378078953e-05,0.00505391792964547,1.9623156378099534e-06,0.0006300909077862938,1.5021432505448251e-09,2.241686812938253e-09,7.64828065662416e-08,1.197407830622947e-07,1.0807934303162076e-07,0.00047913456969268835,0.007364645923757438,5.02053077033262e-07,0.0015185354048645656,5.323499864327023e-09,4.718896321319078e-05,9.956596804635152e-08,4.0606719224339785e-06,2.095991584190092e-10,1.4169268088353198e-10,3.3545011857754724e-06,9.472677262112342e-08,8.3084492027083e-12,3.6835844908419666e-11,2.809979671644465e-11
4.8701971631746975e-06,0.16628943999999996,0.8585084662769803,0.0,0.0,0.4372318161102524,0.07120098912211897,0.005169308328605826,9.182407829291554e-06,0.0027003893384161736,0.07689128741924452,0.03256753492182813,3.474168950523144e-05,4.844978671983691e-10,0.0017388830726266348,4.734874638787834e-11,0.0005680105818394233,2.8999155561240013e-09,3.358657325306429e-06,3.364015778600558e-09,1.600282886552403e-10,8.132540075493826e-06,2.9867026283287704e-05,0.005050748119138122,1.9525704597355793e-06,0.0006304007251613739,1.495716814826561e-09,2.236266085655408e-09,7.670346959672398e-08,1.1970472408786175e-07,1.0852469710814134e-07,0.0004808476458141505,0.007386959380677635,5.02342225043978e-07,0.0015201838637505338,5.320652808556938e-09,4.726553115523004e-05,9.962430729173167e-08,4.053792596073719e-06,2.0983393960414945e-10,1.4171466660169062e-10,3.3597565155857554e-06,9.462943573557306e-08,8.321495998441817e-12,3.6748922094525096e-11,2.8096231765129004e-11
4.876662838051235e-06,0.16628943999999996,0.8585084662769803,0.0,0.0,0.4372089919463969,0.07116004177950372,0.00515929934537597,9.18240499204582e-06,0.002699716494193915,0.07697857694692439,0.03258826369318387,3.47078174712804e-05,4.858851104161186e-10,0.0017380441360250068,4.7339159782147434e-11,0.0005681615894634385,2.900831953856356e-09,3.350910270678577e-06,3.3670507830138686e-09,1.600666577035376e-10,8.11858384622696e-06,2.9915519889942136e-05,0.005047580205872624,1.9428890891041865e-06,0.0006307100899566698,1.4893287381947511e-09,2.2308593399888705e-09,7.692475991255954e-08,1.1966864990896038e-07,1.0897084614828868e-07,0.0004825626860813539,0.007409283428893791,5.026307104801163e-07,0.0015218310302572973,5.317808208794964e-09,4.734227492672785e-05,9.968251302280419e-08,4.04692421279202e-06,2.1006844250051016e-10,1.4173645122431168e-10,3.365023441802847e-06,9.453223480268906e-08,8.334572097902399e-12,3.666224334906153e-11,2.8092676825759284e-11
4.8843461683443415e-06,0.16628943999999996,0.8585084662769803,0.0,0.0,0.43718185287568134,0.07111141494521053,0.005147431836909259,9.182400945929484e-06,0.0026989165034525466,0.07708223522104793,0.03261284365368653,3.4667627977025956e-05,4.875352363707424e-10,0.0017370482009474299,4.7327926728285824e-11,0.0005683408159690345,2.9019305793688106e-09,3.3417322053933307e-06,3.370652098088008e-09,1.6011189685409305e-10,8.102034043610438e-06,2.9973291601814705e-05,0.005043818158533723,1.931466692935078e-06,0.0006310771289712858,1.4817870801050794e-09,2.224452490374418e-09,7.718854020730388e-08,1.1962576239250157e-07,1.0950204876044942e-07,0.0004846032593779451,0.007435825354440092,5.029726657350884e-07,0.0015237867218503961,5.3144310890039975e-09,4.743370180604531e-05,9.975150721184414e-08,4.038776545150508e-06,2.1034674680259442e-10,1.4176207795969935e-10,3.3712974586653826e-06,9.441690492935138e-08,8.350149150989164e-12,3.655955677071561e-11,2.8088465306720732e-11
4.892029498637448e-06,0.16628943999999996,0.8585084662769803,0.0,0.0,0.4371546959784472,0.07106282280311461,0.005135592963014554,9.182396172104975e-06,0.002698116045883697,0.0771858173434825,0.03263736664260685,3.462750520459497e-05,4.89187124852714e-10,0.0017360533459543819,4.7316866856913127e-11,0.0005685198042207539,2.9030397327572727e-09,3.3325843757082426e-06,3.374247708759758e-09,1.6015675086429865e-10,8.085521893010865e-06,3.003122251919809e-05,0.0050400587900543735,1.920132767391162e-06,0.0006314435315785264,1.4742986663424677e-09,2.2180652688768746e-09,7.745320545538766e-08,1.1958285372125535e-07,1.1003437043597107e-07,0.00048664658914749915,0.007462382024121333,5.033136897620135e-07,0.0015257405906906351,5.3110574352089275e-09,4.752538063827305e-05,9.982031375008798e-08,4.030644292673381e-06,2.1062465863073784e-10,1.417874228863162e-10,3.377588104137034e-06,9.430176651124065e-08,8.365768214458951e-12,3.64572119385121e-11,2.8084267682251728e-11
4.899712828930555e-06,0.16628943999999996,0.8585084662769803,0.0,0.0,0.43712752137692257,0.07101426533143795,0.005123782652648928,9.182390675686352e-06,0.0026973151243915995,0.07728932335270482,0.032661832800237205,3.4587449046992616e-05,4.908407692739894e-10,0.001735059570248103,4.730598074320797e-11,0.0005686985547014704,2.9041594687111876e-09,3.3234666424454143e-06,3.3778376236680325e-09,1.602012210716181e-10,8.069047302340723e-06,3.0089313904602103e-05,0.005036302100277533,1.908886440860508e-06,0.0006318092992317779,1.4668630037932147e-09,2.211697613008411e-09,7.771875518670582e-08,1.1953992406546682e-07,1.1056780925678647e-07,0.0004886926660929978,0.007488953323225837,5.036537849457734e-07,0.0015276926379959087,5.307687246209982e-09,4.7617313421397907e-05,9.98889331178181e-08,4.022527434799375e-06,2.1090217826066942e-10,1.418124871724292e-10,3.383895516332291e-06,9.418681926285956e-08,8.381429632090103e-12,3.635520729075275e-11,2.8080083822391567e-11
4.9073961592236615e-06,0.16628943999999996,0.8585084662769803,0.0,0.0,0.43710032919302544,0.07096574250841588,0.005112000834941584,9.182384461742142e-06,0.002696513741864759,0.07739275328716885,0.03268624226652965,3.454745939733413e-05,4.9249616305132e-10,0.0017340668730295116,4.7295268964960536e-11,0.0005688770678922539,2.9052898421669395e-09,3.3143788675114276e-06,3.3814218514473484e-09,1.602453088096589e-10,8.052610179842654e-06,3.0147567025052384e-05,0.00503254808903942,1.8977268522989e-06,0.0006321744333796152,1.4594796051039419e-09,2.205349460479497e-09,7.798518892439113e-08,1.1949697359453418e-07,1.1110236330004323e-07,0.0004907414809226469,0.007515539137346231,5.039929536659242e-07,0.0015296428649850399,5.304320520796e-09,4.770950216055312e-05,9.995736579422477e-08,4.014425950929527e-06,2.1117930597008412e-10,1.4183727198220732e-10,3.390219833842546e-06,9.407206289885004e-08,8.397133748832628e-12,3.6253541277762635e-11,2.8075913598758762e-11
4.915079489516768e-06,0.16628943999999996,0.8585084662769803,0.0,0.0,0.437073119548365,0.07091725431229719,0.005100247439193502,9.182377535295868e-06,0.002695711901176097,0.07749610718530552,0.03271059518109651,3.450753614884452e-05,4.941532996063082e-10,0.001733075253498203,4.728473210256686e-11,0.0005690553442723804,2.9064309083079015e-09,3.3053209138851264e-06,3.3850004007277935e-09,1.602890154081801e-10,8.036210434086393e-06,3.0205983152088495e-05,0.005028796756169542,1.8866531511280996e-06,0.00063253893546572,1.4521479886044778e-09,2.1990207491982688e-09,7.825250618486866e-08,1.1945400247701445e-07,1.1163803063823124e-07,0.0004927930243501738,0.00754213935237847,5.043311982965228e-07,0.0015315912728777721,5.3009572577444555e-09,4.780194886801533e-05,1.0002561225740732e-07,4.006339820427808e-06,2.1145604203850623e-10,1.4186177847573343e-10,3.3965611957357347e-06,9.395749713399344e-08,8.412880910807173e-12,3.6152212361755023e-11,2.8071756884530236e-11
4.921994486780564e-06,0.16628943999999996,0.8585084662769803,0.0,0.0,0.4370486160394796,0.07087364452382607,0.005089693625500797,9.182370696421026e-06,0.0026949898551899706,0.07758906071431312,0.03273246456759772,3.4471661910041916e-05,4.956462071475993e-10,0.0017321837166800523,4.727539896126039e-11,0.000569215590936064,2.907467055888736e-09,3.2971941404460877e-06,3.3882162470927606e-09,1.6032802656851143e-10,8.021482544714114e-06,3.0258698091615253e-05,0.005025422846445197,1.8767595590711628e-06,0.0006328664481198087,1.4455934139360085e-09,2.193341480151845e-09,7.849384672623786e-08,1.1941531095705549e-07,1.1212108151291646e-07,0.0004946417387153868,0.007566091764624025,5.0463483032532e-07,0.0015333432856626617,5.29793328029838e-09,4.7885373136534494e-05,1.0008687525623653e-07,3.999075413020948e-06,2.117047698795559e-10,1.4188359731503614e-10,3.402283109710389e-06,9.38545506722777e-08,8.427090447268964e-12,3.606130329376169e-11,2.8068027288682497e-11
4.9289094840443596e-06,0.16628943999999996,0.8585084662769803,0.0,0.0,0.43702409857384866,0.0708300627497012,0.005079162725169403,9.182363288052304e-06,0.0026942674424800333,0.07768195271298922,0.032754288361313055,3.443584129210192e-05,4.971405162255537e-10,0.001731293051553846,4.72662084007906e-11,0.0005693756465167646,2.9085119500199075e-09,3.289091313735349e-06,3.3914275071452227e-09,1.603667310438165e-10,8.006784790508654e-06,3.0311547033385422e-05,0.005022051105921922,1.8669342494563495e-06,0.0006331934510151372,1.4390800539079786e-09,2.187677863393586e-09,7.873590216204931e-08,1.1937660297092524e-07,1.1260503117972218e-07,0.0004964926489653803,0.007590055666673024,5.049377174833085e-07,0.0015350938268586642,5.294912105459256e-09,4.796900947211656e-05,1.0014798815573447e-07,3.991823410002941e-06,2.1195318092570147e-10,1.4190519249450968e-10,3.408019044717031e-06,9.375175815723433e-08,8.441335385642939e-12,3.597066493366508e-11,2.806430844365911e-11
4.935824481308155e-06,0.16628943999999996,0.8585084662769803,0.0,0.0,0.4369995672394867,0.0707865089740937,0.005068654687015209,9.182355313760332e-06,0.0026935446651088404,0.07777478320930144,0.032776066663317054,3.44000742174123e-05,4.986362220548089e-10,0.0017304032575333429,4.725716084965785e-11,0.0005695355113601827,2.9095656314434133e-09,3.281012336044626e-06,3.394634187166975e-09,1.6040512979552699e-10,7.992117105485029e-06,3.036453091372175e-05,0.0050186815344616005,1.857176623287114e-06,0.0006335199451942124,1.4326075688538377e-09,2.1820298540668874e-09,7.897867212592293e-08,1.1933787863978245e-07,1.1308987822384878e-07,0.0004983457483418622,0.007614030975970911,5.05239861489948e-07,0.0015368428973568376,5.291893732312374e-09,4.8052859356540206e-05,1.0020895130217701e-07,3.9845837962555465e-06,2.122012753845388e-10,1.4192656485141248e-10,3.413769103124788e-06,9.364911938122948e-08,8.455615980679295e-12,3.5880296184589935e-11,2.8060600260149852e-11
4.942739478571951e-06,0.16628943999999996,0.8585084662769803,0.0,0.0,0.4369750221242069,0.07074298318118355,0.005058169459965918,9.182346777087454e-06,0.002692821525129077,0.07786755223120187,0.03279779957446329,3.4364360608432e-05,5.001333198533185e-10,0.0017295143340314361,4.724825673805795e-11,0.0005696951858108657,2.910628141063396e-09,3.2729571103395885e-06,3.397836293436696e-09,1.6044322378257014e-10,7.97747942386549e-06,3.0417650671903365e-05,0.005015314131921776,1.847486088047885e-06,0.0006338459316964685,1.4261756226425967e-09,2.176397407443377e-09,7.92221562471678e-08,1.1929913808425128e-07,1.1357562122751776e-07,0.0005002010300902211,0.007638017610160236,5.055412640612055e-07,0.001538590498048814,5.288878159935627e-09,4.813692427626273e-05,1.0026976504112852e-07,3.97735655663772e-06,2.1244905346484853e-10,1.419477152203505e-10,3.419533387614493e-06,9.354663413672133e-08,8.469932487893771e-12,3.5790195957133165e-11,2.8056902649814632e-11
4.949654475835747e-06,0.16628943999999996,0.8585084662769803,0.0,0.0,0.4369504633156226,0.07069948535515937,0.005047706993060843,9.18233768154802e-06,0.002692098024583638,0.0779602598066269,0.03281948719538463,3.432870038769106e-05,5.01631804842381e-10,0.0017286262804601525,4.723949649787886e-11,0.0005698546702122108,2.9116995199461523e-09,3.264925540253072e-06,3.4010338322299152e-09,1.6048101396137346e-10,7.962871680077837e-06,3.0470907250164475e-05,0.005011948898155683,1.8378620576219864e-06,0.0006341714115582273,1.4197838826315131e-09,2.1707804789225665e-09,7.946635415077478e-08,1.192603814244254e-07,1.1406225876998524e-07,0.0005020584874595788,0.007662015487080198,5.058419269095283e-07,0.0015403366298267914,5.2858653873995555e-09,4.822120572241793e-05,1.003304297174438e-07,3.970141675985977e-06,2.1269651537661408e-10,1.4196864443328576e-10,3.425312001178445e-06,9.344430221626027e-08,8.484285163566993e-12,3.5700363169288664e-11,2.80532155252691e-11
4.956569473099542e-06,0.16628943999999996,0.8585084662769803,0.0,0.0,0.43692589090114736,0.07065601548021866,0.005037267235450689,9.182328030628649e-06,0.0026913741655057092,0.07805290596349732,0.032841129626493874,3.429309347779045e-05,5.031316722466714e-10,0.0017277390962306544,4.7230880562697204e-11,0.0005700139649064737,2.9127798093201755e-09,3.2569175300783687e-06,3.4042268098190038e-09,1.6051850128586973e-10,7.948293808753762e-06,3.052430159369295e-05,0.005008585833012256,1.828303952189239e-06,0.0006344963858127136,1.4134320196009404e-09,2.165179024031507e-09,7.971126545736709e-08,1.1922160877987053e-07,1.1454978942748639e-07,0.0005039181137027149,0.007686024524766259,5.06141851743778e-07,0.0015420812935835297,5.28285541376739e-09,4.8305705190813824e-05,1.0039094567526925e-07,3.962939139114731e-06,2.1294366133096655e-10,1.4198935331954398e-10,3.4311050471201663e-06,9.334212341248922e-08,8.498674264743774e-12,3.561079674637344e-11,2.8049538800065203e-11
4.963484470363338e-06,0.16628943999999996,0.8585084662769803,0.0,0.0,0.4369013049679953,0.07061257354056764,0.005026850136397359,9.182317827788506e-06,0.002690649949918846,0.07814549072971788,0.03286272696798396,3.425753980140187e-05,5.046329172942718e-10,0.001726852780753239,4.7222409367774886e-11,0.0005701730702347717,2.9138690505761484e-09,3.248932984762579e-06,3.4074152324731028e-09,1.6055568670750158e-10,7.933745744727223e-06,3.0577834650628765e-05,0.005005224936336138,1.8188111981773702e-06,0.0006348208554901008,1.4071197077435794e-09,2.159592998424442e-09,7.995688978331624e-08,1.1918282026962959e-07,1.1503821177335495e-07,0.0005057799020762137,0.007710044641449608,5.064410402693406e-07,0.0015438244902123395,5.279848238095019e-09,4.839042418193032e-05,1.0045131325804257e-07,3.955748930816646e-06,2.1319049154016693e-10,1.420098427058189e-10,3.436912629054139e-06,9.324009751814383e-08,8.513100049232505e-12,3.5521495620953384e-11,2.804587238869185e-11
4.970399467627134e-06,0.16628943999999996,0.8585084662769803,0.0,0.0,0.43687670560318204,0.07056915952042125,0.0050164556452737315,9.182307076459595e-06,0.0026899253798370513,0.07823801413317752,0.03288427931982856,3.422203928126764e-05,5.061355352167009e-10,0.001725967333437339,4.721408335005552e-11,0.00057033198653709,2.9149672852669354e-09,3.24097180990005e-06,3.410599106458069e-09,1.6059257117522669e-10,7.919227423032822e-06,3.06315073720626e-05,0.005001866207967722,1.8093832281400443e-06,0.0006351448216174985,1.4008466245994323e-09,2.1540223578824715e-09,8.020322674076126e-08,1.1914401601222631e-07,1.1552752437805665e-07,0.0005076438458405143,0.007734075755556647,5.067394941881429e-07,0.001545566220607079,5.2768438594310275e-09,4.847536420091691e-05,1.0051153280849519e-07,3.94857103586298e-06,2.134370062176975e-10,1.4203011341618091e-10,3.442734850905562e-06,9.31382243260525e-08,8.52756277560448e-12,3.5432458732770745e-11,2.8042216206554157e-11
4.97662296516455e-06,0.16628943999999996,0.8585084662769803,0.0,0.0,0.43685455476253815,0.07053011076042676,0.005007119891288312,9.18229693412054e-06,0.002689272965327207,0.07832123275416786,0.03290363805279362,3.4190134197947686e-05,5.074890612165089e-10,0.0017251711726423275,4.720671442310304e-11,0.000570474849872054,2.915963420349596e-09,3.2338266567514855e-06,3.413460709108523e-09,1.6062551066290355e-10,7.906186309668351e-06,3.0679933022951836e-05,0.004998845206203882,1.8009529813174383e-06,0.0006354359614433867,1.3952341264724446e-09,2.149021899180382e-09,8.0425538978303e-08,1.1910907881428287e-07,1.1596866570965299e-07,0.0005093232325202536,0.00775571309378678,5.070074760300091e-07,0.00154713252507142,5.274142309283427e-09,4.855200044460069e-05,1.0056560411896759e-07,3.942121445710627e-06,2.1365859982520997e-10,1.4204817076658806e-10,3.4479874538456103e-06,9.30466688424454e-08,8.540611028972763e-12,3.5352550585667834e-11,2.803893431943854e-11
4.982846462701966e-06,0.16628943999999996,0.8585084662769803,0.0,0.0,0.436832393175726,0.07049108459095728,0.004997802372056447,9.182286352727908e-06,0.002688620266755046,0.07840440171420722,0.03292296049751987,3.415827205245053e-05,5.088436919139468e-10,0.0017243757141473487,4.71994637658626e-11,0.000570617560616715,2.916966904424268e-09,3.226700289797287e-06,3.4163186369728256e-09,1.6065820783286156e-10,7.893169188051786e-06,3.072847327235519e-05,0.004995825960514211,1.7925743496625327e-06,0.000635726694967776,1.389652914657953e-09,2.144033834608596e-09,8.064842784084612e-08,1.1907412904240246e-07,1.1641052594427469e-07,0.0005110043547026867,0.007777359214820534,5.072748654517454e-07,0.001548697643263001,5.2714430232323124e-09,4.862881804763744e-05,1.0061955604915933e-07,3.935681805883713e-06,2.1387993818303562e-10,1.4206605225195082e-10,3.453252075748289e-06,9.295523672903415e-08,8.553689604898225e-12,3.5272854854708335e-11,2.803566058981697e-11
4.989069960239382e-06,0.16628943999999996,0.8585084662769803,0.0,0.0,0.43681022090576854,0.07045208100052376,0.004988503050900715,9.182275334728239e-06,0.002687967285569235,0.0784875210335931,0.03294224672643412,3.412645278860157e-05,5.101994238400507e-10,0.0017235809575200896,4.719233170034637e-11,0.0005707601190165915,2.9179777681200067e-09,3.2195926415348144e-06,3.4191728946118414e-09,1.6069066337174672e-10,7.880176011233943e-06,3.07771288197418e-05,0.004992808470773555,1.784246931983602e-06,0.0006360170229331119,1.3841027609010275e-09,2.139058132193731e-09,8.08718930368562e-08,1.1903916678192428e-07,1.1685310403384307e-07,0.0005126872074826951,0.0077990140595946885,5.075416636868448e-07,0.001550261575834552,5.268746000569021e-09,4.870581811697271e-05,1.0067338884745754e-07,3.929252105237375e-06,2.1410102144918314e-10,1.4208375846759284e-10,3.45852879301955e-06,9.286392783498474e-08,8.566798693461533e-12,3.519337078158998e-11,2.803239495788846e-11
4.995293457776798e-06,0.16628943999999996,0.8585084662769803,0.0,0.0,0.43678803801556,0.07041309997764283,0.004979221891215984,9.18226388255091e-06,0.002687314023212362,0.07857059073261223,0.03296149681182033,3.409467635027223e-05,5.115562535281863e-10,0.0017227869023276716,4.718531854966112e-11,0.0005709025253164722,2.9189960421723385e-09,3.212503644870152e-06,3.42202348658422e-09,1.607228779645866e-10,7.867206732393388e-06,3.082590036651274e-05,0.004989792736853997,1.7759703309226113e-06,0.0006363069460799326,1.3785834390200011e-09,2.1340947600447775e-09,8.109593427191134e-08,1.1900419211785444e-07,1.1729639892829211e-07,0.0005143717859576055,0.007820677569173134,5.078078719663554e-07,0.0015518243234391405,5.266051240580197e-09,4.878300176260912e-05,1.0072710276178891e-07,3.922832332613549e-06,2.1432184978234364e-10,1.421012900071359e-10,3.463817682268527e-06,9.27727420095251e-08,8.579938485242039e-12,3.511409761254306e-11,2.802913736441703e-11
5.001516955314215e-06,0.16628943999999996,0.8585084662769803,0.0,0.0,0.4367658445678652,0.07037414151083682,0.004969958856469293,9.182251998608281e-06,0.0026866604811209833,0.07865361083154074,0.03298071082581988,3.406294268137988e-05,5.129141775140652e-10,0.0017219935481366548,4.717842463800617e-11,0.0005710447797604186,2.9200217574232567e-09,3.2054332331144316e-06,3.424870417446377e-09,1.6075485229479326e-10,7.85426130483555e-06,3.0874788615999776e-05,0.004986778758624874,1.7677441529273284e-06,0.000636596465146804,1.3730947248970879e-09,2.1291436863528966e-09,8.132055124872469e-08,1.1896920513486861e-07,1.1774040957559541e-07,0.000516058085227265,0.007842349684746567,5.08073491518933e-07,0.0015533858867301737,5.263358742547793e-09,4.886037009760492e-05,1.0078069803961976e-07,3.916422476841172e-06,2.1454242334178601e-10,1.4211864746250224e-10,3.4691188203073633e-06,9.268167910194479e-08,8.593109171317332e-12,3.503503459828956e-11,2.802588775073264e-11
5.007740452851631e-06,0.16628943999999996,0.8585084662769803,0.0,0.0,0.43674364062532095,0.0703352055886339,0.004960713910199735,9.18223968529585e-06,0.0026860066607256624,0.07873658135064383,0.03299988884043178,3.4031251725887835e-05,5.14273192335762e-10,0.0017212008945130352,4.717165029067133e-11,0.0005711868825917699,2.921054944821101e-09,3.1983813399802055e-06,3.427713691752394e-09,1.607865870441657e-10,7.841339681991841e-06,3.092379427346435e-05,0.004983766535952782,1.7595680081945364e-06,0.0006368855808702192,1.3676363965138698e-09,2.1242048793912364e-09,8.1545743667543e-08,1.1893420591731758e-07,1.1818513492215796e-07,0.0005177461003942999,0.007864030347631968,5.083385235713298e-07,0.0015549462663613917,5.260668505748961e-09,4.89379242380723e-05,1.0083417492795583e-07,3.910022526736377e-06,2.1476274228771005e-10,1.421358314239142e-10,3.474432284151044e-06,9.259073896159553e-08,8.606310943263011e-12,3.495618099400149e-11,2.8022646058743572e-11
5.013963950389047e-06,0.16628943999999996,0.8585084662769803,0.0,0.0,0.436721426250435,0.07029629219956782,0.004951487016018327,9.182226944992415e-06,0.0026853525634510126,0.07881950231017583,0.03301903092751297,3.3999603427805185e-05,5.156332945337313e-10,0.0017204089410222483,4.716499583403474e-11,0.0005713288340531444,2.9220956354206434e-09,3.1913478995778485e-06,3.4305533140540287e-09,1.6081808289289338e-10,7.82844181741878e-06,3.097291804609671e-05,0.004980756068701592,1.7514415106457795e-06,0.0006371742939848356,1.3622082338806084e-09,2.1192783075147365e-09,8.177151122584028e-08,1.1889919454922551e-07,1.1863057391252324e-07,0.0005194358265638628,0.007885719499272626,5.086029693479305e-07,0.0015565054629868656,5.2579805294561856e-09,4.901566530317548e-05,1.0088753367334446e-07,3.903632471102685e-06,2.149828067811868e-10,1.4215284247990478e-10,3.4797581510172236e-06,9.249992143789117e-08,8.619543993152027e-12,3.4877536059262094e-11,2.8019412230909426e-11
5.020187447926463e-06,0.16628943999999996,0.8585084662769803,0.0,0.0,0.4366992015055873,0.07025740133217821,0.004942278137607887,9.182213780060194e-06,0.0026846981907157437,0.07890237373038016,0.03303813715877859,3.396799773118689e-05,5.169944806508251e-10,0.0017196176872291673,4.715846159556068e-11,0.0005714706343864422,2.9231438603832416e-09,3.1843328464119944e-06,3.433389288900801e-09,1.6084934051955855e-10,7.81556766479715e-06,3.102216064301468e-05,0.004977747356732453,1.7433642778475556e-06,0.0006374626052234833,1.3568100189061451e-09,2.1143639391598855e-09,8.199785361787267e-08,1.1886417111428798e-07,1.1907672548895109e-07,0.0005211272588435785,0.007907417081237903,5.088668300701815e-07,0.0015580634772609867,5.255294812937439e-09,4.909359441512889e-05,1.0094077452187615e-07,3.8972522987311964e-06,2.1520261698343726e-10,1.4216968121732586e-10,3.4850964983260485e-06,9.240922638030819e-08,8.632808513553993e-12,3.479909905802895e-11,2.801618621020673e-11
5.025788595710138e-06,0.16628943999999996,0.8585084662769803,0.0,0.0,0.43667919042036124,0.07022241879809345,0.004934005520564282,9.182201570502729e-06,0.0026841090209030064,0.07897691566916133,0.03305530216935373,3.39395889822807e-05,5.18220472051673e-10,0.0017189061566968498,4.7152683838985874e-11,0.0005715981256712598,2.9240937305704736e-09,3.1780349658329286e-06,3.435938551447229e-09,1.6087726926324923e-10,7.804001162972774e-06,3.106658116264289e-05,0.0049750410166094355,1.7361365765555284e-06,0.0006377217423381749,1.3519770521341223e-09,2.109951415629869e-09,8.22020529990998e-08,1.1883263977461239e-07,1.194788702935445e-07,0.0005226510025782712,0.007926952064742398,5.091038055071671e-07,0.001559464679738406,5.252879599568385e-09,4.9163892325911177e-05,1.009885906867643e-07,3.891518584512034e-06,2.1540022888048718e-10,1.4218468923229383e-10,3.489911745833234e-06,9.232770541266002e-08,8.644773648763484e-12,3.4728682935217775e-11,2.8013289420019394e-11
5.031389743493812e-06,0.16628943999999996,0.8585084662769803,0.0,0.0,0.4366591710311856,0.07018745448894169,0.004925747440561982,9.18218902059508e-06,0.0026835196301375737,0.0790514175122175,0.03307243824677376,3.3911214654562647e-05,5.19447336111827e-10,0.0017181951922487734,4.7147003965494176e-11,0.0005717254949130394,2.9250497517849113e-09,3.171751878982733e-06,3.438484866551564e-09,1.6090500608785006e-10,7.792453796817048e-06,3.111109902554764e-05,0.004972336098045181,1.7289481991947023e-06,0.0006379805550564815,1.347168011936739e-09,2.105548728556615e-09,8.240671752004435e-08,1.1880109878889888e-07,1.1988159066187367e-07,0.0005241761207389525,0.007946493787163545,5.09340308926423e-07,0.001560864925519056,5.250466215478971e-09,4.9234344288493416e-05,1.0103631173291176e-07,3.88579285845776e-06,2.155976350522034e-10,1.4219955856863435e-10,3.494737222097322e-06,9.224628341105347e-08,8.656764572554917e-12,3.4658434115360715e-11,2.8010398867124055e-11
5.03643077649912e-06,0.16628943999999996,0.8585084662769803,0.0,0.0,0.43664114651841807,0.07015600218612741,0.004918327575970381,9.182177436074317e-06,0.0026829889903789987,0.07911843490130131,0.03308783602157304,3.388570715610214e-05,5.205522578108144e-10,0.0017175558079844057,4.714197596853449e-11,0.0005718400230283796,2.9259154489628557e-09,3.1661097106538653e-06,3.440774032819615e-09,1.609298055452989e-10,7.782077500574364e-06,3.115124876120033e-05,0.004969902886681829,1.7225120572340297e-06,0.0006382132095824988,1.3428602048331068e-09,2.10159470148196e-09,8.259131309415694e-08,1.1877270370427143e-07,1.2024453045968263e-07,0.0005255498992745547,0.007964087064124508,5.095527591599497e-07,0.0015621243291407286,5.248295733383783e-09,4.929788345045161e-05,1.0107917949541929e-07,3.880646528115783e-06,2.1577512480974476e-10,1.4221282275185205e-10,3.4990889433136007e-06,9.217308813498705e-08,8.667578570076247e-12,3.459535278536013e-11,2.8007802668929045e-11
5.041471809504427e-06,0.16628943999999996,0.8585084662769803,0.0,0.0,0.43662311534897263,0.07012456463267187,0.0049109194458975235,9.182165578460935e-06,0.002682458173219236,0.07918541983551931,0.03310321044046123,3.386022747620397e-05,5.216578824940212e-10,0.0017169168817580567,4.713702762820521e-11,0.0005719544525576613,2.9267861638215234e-09,3.160479453173263e-06,3.4430608167551692e-09,1.6095445030377458e-10,7.771716652702496e-06,3.119147814750208e-05,0.004967470826615456,1.716107351654336e-06,0.0006384456021626453,1.338571540642251e-09,2.097648606820872e-09,8.277628507831492e-08,1.1874430089908586e-07,1.2060793527066373e-07,0.0005269247856161884,0.007981685734509471,5.097648284206958e-07,0.0015633829585733558,5.246126732167008e-09,4.93615486645141e-05,1.0112197048617999e-07,3.875506655567995e-06,2.159524481127736e-10,1.4222597525767805e-10,3.5034490374193797e-06,9.209997285276655e-08,8.678413674205348e-12,3.453240616059171e-11,2.800521146089966e-11
5.046512842509735e-06,0.16628943999999996,0.8585084662769803,0.0,0.0,0.4366050775556955,0.07009314182249823,0.00490352303121445,9.18215344897152e-06,0.002681927179398344,0.07925237232560337,0.03311856154121198,3.383477558524618e-05,5.22764208330039e-10,0.0017162784133371405,4.7132159121126424e-11,0.0005720687836277437,2.927661913176163e-09,3.1548610726570234e-06,3.445345220770163e-09,1.6097894072006634e-10,7.76137122887815e-06,3.123178756592329e-05,0.004965039917765804,1.709733887752942e-06,0.0006386777331812164,1.3343019085334684e-09,2.09371042799369e-09,8.296163330510608e-08,1.1871589041708113e-07,1.209718045298055e-07,0.000528300777170308,0.007999289767566415,5.099765173552653e-07,0.001564640814165465,5.243959211427735e-09,4.9425340534379885e-05,1.0116468483487107e-07,3.870373234828986e-06,2.1612960505007093e-10,1.4223901639392873e-10,3.5078175460435612e-06,9.202693748454876e-08,8.689269988472038e-12,3.446959386011885e-11,2.800262521413971e-11
5.051553875515042e-06,0.16628943999999996,0.8585084662769803,0.0,0.0,0.43658703317137726,0.07006173374953212,0.004896138312822829,9.182141048815859e-06,0.0026813960096539343,0.0793192923822804,0.03313388936153846,3.380935145362648e-05,5.238712334885288e-10,0.001715640402488835,4.71273706243807e-11,0.000572183016365179,2.9285427138882698e-09,3.149254535382928e-06,3.4476272472755412e-09,1.6100327715027851e-10,7.751041204829585e-06,3.1272177398762985e-05,0.004962610160051474,1.7033914723144678e-06,0.0006389096030225822,1.3300511980841214e-09,2.0897801484554315e-09,8.314735760422503e-08,1.186874723018353e-07,1.2133613766982737e-07,0.0005296778713440281,0.008016899132597444,5.1018782660616e-07,0.0015658978962657178,5.241793170763863e-09,4.9489259665054785e-05,1.0120732267098581e-07,3.865246259908437e-06,2.163065957102779e-10,1.4225194646774944e-10,3.5121945109017735e-06,9.1953981950518e-08,8.700147616617576e-12,3.440691550480706e-11,2.8000043899824036e-11
5.05659490852035e-06,0.16628943999999996,0.8585084662769803,0.0,0.0,0.4365689822287542,0.07003034040770162,0.004888765271654904,9.182128379196992e-06,0.002680864664721185,0.07938618001627179,0.033149193939093435,3.378395505176209e-05,5.249789561402281e-10,0.00171500284898008,4.712266231551232e-11,0.0005722971508962114,2.9294285828661946e-09,3.143659807789249e-06,3.4499068986814584e-09,1.6102745994983113e-10,7.740726556336364e-06,3.1312648029148525e-05,0.004960181553389916,1.6970799135947254e-06,0.0006391412120706492,1.3258192987863464e-09,2.085857751695531e-09,8.333345780120394e-08,1.1865904659674345e-07,1.2170093411992347e-07,0.0005310560655466544,0.008034513798957161,5.103987568086573e-07,0.0015671542052229002,5.239628609772916e-09,4.9553306662850175e-05,1.0124988412384133e-07,3.860125724811188e-06,2.1648342017761627e-10,1.4226476578564595e-10,3.516579973796318e-06,9.18811061708864e-08,8.711046662593206e-12,3.4344370717321886e-11,2.7997467489096104e-11
5.061635941525657e-06,0.16628943999999996,0.8585084662769803,0.0,0.0,0.43655092476050983,0.06999896179093729,0.004881403888673462,9.182115441311264e-06,0.002680333145332852,0.0794530352382948,0.03316447531146938,3.375858635008989e-05,5.260873744569549e-10,0.0017143657525775752,4.7118034372526525e-11,0.0005724111873467928,2.9303195370626096e-09,3.1380768564736324e-06,3.452184177396765e-09,1.610514894734611e-10,7.730427259229033e-06,3.135319984102789e-05,0.004957754097697435,1.6907990213044077e-06,0.0006393725607064072,1.3216061022716966e-09,2.0819432212379587e-09,8.351993372582266e-08,1.1863061334515053e-07,1.2206619331322128e-07,0.0005324353571893517,0.008052133736052897,5.106093086071915e-07,0.0015684097413859266,5.237465528047877e-09,4.961748213538957e-05,1.0129236932252206e-07,3.855011623537305e-06,2.1666007853912097e-10,1.4227747465326636e-10,3.5209739766160766e-06,9.18083100658934e-08,8.721967230566803e-12,3.4281959122066465e-11,2.7994895953790163e-11
5.066676974530965e-06,0.16628943999999996,0.8585084662769803,0.0,0.0,0.4365328607992731,0.06996759789317213,0.0048740541448717865,9.182102236348354e-06,0.0026798014522192923,0.07951985805906324,0.03317973351619852,3.373324531906629e-05,5.271964866116163e-10,0.0017137291130477803,4.7113486973889064e-11,0.0005725251258426003,2.9312155934738175e-09,3.132505648191897e-06,3.454459085828791e-09,1.6107536607522344e-10,7.720143289388935e-06,3.1393833219172073e-05,0.0049553277928892,1.6845486065989466e-06,0.0006396036493107604,1.3174115028902838e-09,2.0780365406415665e-09,8.370678521229756e-08,1.1860217259036912e-07,1.2243191468748394e-07,0.0005338157436807304,0.008069758913349056,5.108194826583089e-07,0.0015696645051038397,5.235303925176373e-09,4.968178669160824e-05,1.0133477839587862e-07,3.849903950082143e-06,2.168365708949514e-10,1.4229007337539322e-10,3.5253765613364747e-06,9.173559355580523e-08,8.732909424924171e-12,3.4219680345154645e-11,2.7992329266436118e-11
5.070644793045769e-06,0.16628943999999996,0.8585084662769803,0.0,0.0,0.43651863803321,0.06994292158405467,0.004868277303923909,9.182091655598782e-06,0.002679382832600193,0.07957243180403303,0.03319172704427225,3.3713318727780314e-05,5.280699603009215e-10,0.001713228332541022,4.710996446232381e-11,0.0005726147385056422,2.931924482906681e-09,3.1281287639327963e-06,3.456248010437783e-09,1.6109405212811763e-10,7.712059497221803e-06,3.1425873542911805e-05,0.004953418847439351,1.6796501915572592e-06,0.0006397853575000651,1.314122922595158e-09,2.074967085963705e-09,8.385412082665115e-08,1.1857978150216473e-07,1.2272010021483336e-07,0.0005349030200947682,0.00808363543095747,5.109846462668123e-07,0.001570651591915002,5.233603558207223e-09,4.973249226689247e-05,1.0136810530167899e-07,3.845888195464487e-06,2.1697537207429054e-10,1.422999126149175e-10,3.5288479177828635e-06,9.167841401000044e-08,8.74153735119658e-12,3.417075362551398e-11,2.7990312406351608e-11
5.071419453261138e-06,0.16628943999999996,0.8585084662769803,0.0,0.0,0.43651586077448695,0.06993810494841479,0.004867150296945654,9.182089570686633e-06,0.00267930109058981,0.07958269374020144,0.03319406693989663,3.37094303406298e-05,5.282405435799939e-10,0.0017131305952573556,4.7109282584501936e-11,0.0005726322270390682,2.9320632542574156e-09,3.127275084519472e-06,3.4565971015005033e-09,1.6109768930086706e-10,7.710482356794063e-06,3.1432134901055285e-05,0.004953046236132203,1.6786960273457006e-06,0.0006398208146906892,1.3134822060485117e-09,2.074368384087519e-09,8.388291314043318e-08,1.1857540942271464e-07,1.227763976900753e-07,0.0005351153742201918,0.008086344999266429,5.110168648828192e-07,0.001570844250800267,5.233271692556641e-09,4.974240121071679e-05,1.0137460641868519e-07,3.845104640355325e-06,2.170024590432233e-10,1.4230182565949043e-10,3.529526275965822e-06,9.166725626015764e-08,8.74322340645192e-12,3.416121093676801e-11,2.79899189902945e-11
5.0729687736918765e-06,0.16628943999999996,0.8585084662769803,0.0,0.0,0.43651030580164313,0.06992847271903604,0.0048648971048822305,9.182085382107983e-06,0.002679137594364187,0.07960321531860605,0.033198745095134784,3.370165552247024e-05,5.285817590349571e-10,0.0017129351530238265,4.710792456024276e-11,0.0005726671971840576,2.9323411608295067e-09,3.125568552960137e-06,3.4572951160444945e-09,1.6110495286255389e-10,7.707329158394195e-06,3.144466345031395e-05,0.004952301095039251,1.6767898317281475e-06,0.0006398917107037597,1.3122020752366478e-09,2.073171534139569e-09,8.394052434921996e-08,1.1856666473831585e-07,1.2288902530241617e-07,0.0005355401596696127,0.008091764502823891,5.110812754427251e-07,0.0015712295138967725,5.232608065965983e-09,4.976222832940427e-05,1.0138760327780898e-07,3.8435379846627316e-06,2.1705662123250892e-10,1.4230564398836818e-10,3.5308836062515577e-06,9.164494638806792e-08,8.746597063840925e-12,3.414213491629746e-11,2.798913249770748e-11
5.074518094122615e-06,0.16628943999999996,0.8585084662769803,0.0,0.0,0.4365047502223885,0.06991884187871189,0.00486264500821838,9.182081168551897e-06,0.002678974081882938,0.07962373383869341,0.033203421069929705,3.369388331178576e-05,5.289230396415459e-10,0.0017127397538963722,4.710657418217651e-11,0.0005727021581029191,2.9326195529771368e-09,3.1238631236295666e-06,3.457992907204757e-09,1.6111220205434713e-10,7.704177402688178e-06,3.1457199786230013e-05,0.0049515560626392915,1.6748864753733213e-06,0.0006399625822350416,1.3109236782341732e-09,2.071975422201938e-09,8.399817099522392e-08,1.1855791935428771e-07,1.2300169645005522e-07,0.0005359650479878585,0.008097184494898726,5.111456504551988e-07,0.0015716147041030344,5.231944578979414e-09,4.978206777095797e-05,1.0140059297352224e-07,3.841971934858885e-06,2.171107677591403e-10,1.4230945197755592e-10,3.532241756118051e-06,9.162264401751223e-08,8.74997278627321e-12,3.4123071362922634e-11,2.7988346457084862e-11
5.076067414553353e-06,0.16628943999999996,0.8585084662769803,0.0,0.0,0.43649919403766524,0.06990921242726648,0.004860394006404872,9.182076930052356e-06,0.0026788105531670623,0.0796442493007738,0.033208094865365925,3.3686113707720346e-05,5.292643853468095e-10,0.00171254439786819,4.71052314555229e-11,0.0005727371097992732,2.9328984311979187e-09,3.1221587955757898e-06,3.458690475051196e-09,1.6111943688646797e-10,7.701027088980064e-06,3.146974392004344e-05,0.004950811138929767,1.6729859529184706e-06,0.0006400334292958674,1.3096470119730163e-09,2.070780047800197e-09,8.405585307342785e-08,1.1854917327187274e-07,1.231144111165247e-07,0.0005363900391001275,0.0081026049746086,5.112099899387484e-07,0.0015719998214292015,5.2312812315848926e-09,4.980191955316586e-05,1.0141357550955055e-07,3.840406490769077e-06,2.1716489862583043e-10,1.4231324963584782e-10,3.5336007267911807e-06,9.160034914617819e-08,8.753350576796854e-12,3.410402026593634e-11,2.7987560867632286e-11
5.077616734984092e-06,0.16628943999999996,0.8585084662769803,0.0,0.0,0.4364936372484154,0.06989958436452387,0.004858144098892753,9.18207266664329e-06,0.002678647008237545,0.07966476170515761,0.03321276648252746,3.3678346709418145e-05,5.296057960978083e-10,0.0017123490849324798,4.710389638550573e-11,0.0005727720522767387,2.9331777959893976e-09,3.1204555678482077e-06,3.459387819653616e-09,1.6112665736913182e-10,7.697878216574327e-06,3.148229586300158e-05,0.004950066323908114,1.6710882590132858e-06,0.0006401042518974011,1.3083720733909575e-09,2.0695854104602298e-09,8.411357057873473e-08,1.1854042649231229e-07,1.2322716928528943e-07,0.0005368151329315022,0.008108025941071774,5.112742939118643e-07,0.0015723848658854176,5.2306180237703944e-09,4.982178369382743e-05,1.0142655088961784e-07,3.838841652218561e-06,2.1721901383523427e-10,1.4231703697203211e-10,3.534960519497589e-06,9.15780617717538e-08,8.756730438461829e-12,3.408498161464673e-11,2.798677572855889e-11
5.07916605541483e-06,0.16628943999999996,0.8585084662769803,0.0,0.0,0.4364880798555808,0.06988995769030819,0.004855895285133338,9.182068378358566e-06,0.0026784834471153445,0.07968527105215549,0.03321743592249779,3.367058231602344e-05,5.299472718416111e-10,0.0017121538150824368,4.7102568977352855e-11,0.000572806985538934,2.933457647849745e-09,3.118753439497598e-06,3.4600849410817537e-09,1.6113386351254781e-10,7.69473078477589e-06,3.149485562635909e-05,0.00494932161757175,1.6691933883199061e-06,0.0006401750500504904,1.3070988594321476e-09,2.06839150970822e-09,8.417132350595062e-08,1.1853167901684667e-07,1.2333997093968995e-07,0.0005372403294068269,0.008113447393407235,5.113385623930307e-07,0.001572769837481826,5.229954955523869e-09,4.984166021075375e-05,1.0143951911744669e-07,3.837277419032543e-06,2.1727311338990616e-10,1.4232081399489053e-10,3.5363211354646908e-06,9.155578189192709e-08,8.76011237432e-12,3.406595539837728e-11,2.7985991039065492e-11
5.080715375845568e-06,0.16628943999999996,0.8585084662769803,0.0,0.0,0.43648252186010295,0.06988033240444358,0.004853647564578214,9.182064065231994e-06,0.002678319869821399,0.07970577734207793,0.03322210318635985,3.3662820526680716e-05,5.302888125252979e-10,0.0017119585883112554,4.7101249236296267e-11,0.0005728419095894752,2.933737987277623e-09,3.117052409576107e-06,3.460781839405393e-09,1.6114105532691922e-10,7.691584792890126e-06,3.150742322137803e-05,0.004948577019918089,1.6673013355128827e-06,0.0006402458237660271,1.3058273670475747e-09,2.0671983450706607e-09,8.422911184988952e-08,1.1852293084671488e-07,1.2345281606308475e-07,0.0005376656284510066,0.008118869330734387,5.114027954007226e-07,0.001573154736228573,5.229292026833254e-09,4.9861549121767563e-05,1.0145248019675765e-07,3.835713791036196e-06,2.1732719729242013e-10,1.4232458071319873e-10,3.537682575920669e-06,9.153350950438636e-08,8.763496387425122e-12,3.404694160646664e-11,2.798520679835984e-11
5.082264696276307e-06,0.16628943999999996,0.8585084662769803,0.0,0.0,0.4364769632629224,0.06987070850675421,0.0048514009366792355,9.182059727297331e-06,0.00267815627637663,0.07972628057523526,0.03322676827519606,3.365506134053465e-05,5.306304180959575e-10,0.0017117634046121266,4.709993716757195e-11,0.0005728768244319738,2.9340188147719822e-09,3.1153524771372474e-06,3.4614785146943353e-09,1.611482328224431e-10,7.688440240222842e-06,3.151999865932779e-05,0.0049478325309445315,1.665412095279136e-06,0.0006403165730550798,1.3045575931953978e-09,2.066005916074345e-09,8.428693560540605e-08,1.1851418198315493e-07,1.2356570463889172e-07,0.0005380910299890981,0.008124291752172977,5.11466992953406e-07,0.0015735395621358085,5.228629237686464e-09,4.988145044470326e-05,1.0146543413126962e-07,3.834150768054657e-06,2.1738126554541485e-10,1.4232833713572584e-10,3.539044842094474e-06,9.151124460682023e-08,8.766882480832834e-12,3.4027940228268585e-11,2.7984423005650914e-11
5.083814016707045e-06,0.16628943999999996,0.8585084662769803,0.0,0.0,0.43647140406497953,0.06986108599706424,0.004849155400888532,9.182055364588273e-06,0.0026779926668019332,0.07974678075193779,0.03323143119008829,3.364730475673007e-05,5.309720885006893e-10,0.0017115682639782409,4.709863277642002e-11,0.0005729117300700389,2.9343001308321913e-09,3.1136536412358968e-06,3.4621749670183322e-09,1.6115539600931066e-10,7.68529712608029e-06,3.153258195148507e-05,0.004947088150648468,1.6635256623179344e-06,0.0006403872979286833,1.303289534840519e-09,2.0648142222463746e-09,8.434479476733425e-08,1.1850543242740355e-07,1.2367863665050964e-07,0.0005385165339461419,0.008129714656843237,5.115311550695386e-07,0.0015739243152136822,5.227966588071403e-09,4.9901364197406806e-05,1.0147838092469987e-07,3.8325883499130095e-06,2.1743531815152232e-10,1.423320832712348e-10,3.540407935215831e-06,9.148898719691768e-08,8.770270657600661e-12,3.400895125315205e-11,2.7983639660148772e-11
5.085363337137783e-06,0.16628943999999996,0.8585084662769803,0.0,0.0,0.4364658442672139,0.06985146487519787,0.004846910956658498,9.182050977138458e-06,0.0026778290411181844,0.07976727787249588,0.03323609193211789,3.363955077441199e-05,5.313138236866028e-10,0.0017113731664027845,4.7097336068084646e-11,0.0005729466265072784,2.9345819359580774e-09,3.1119559009282928e-06,3.462871196447116e-09,1.6116254489770684e-10,7.68215544976916e-06,3.1545173109133985e-05,0.004946343879027282,1.6616420313408425e-06,0.0006404579983977506,1.3020231889543502e-09,2.0636232631141526e-09,8.440268933046763e-08,1.1849668218069617e-07,1.2379161208129007e-07,0.0005389421402471041,0.00813513804386597,5.115952817675692e-07,0.001574308995472343,5.22730407797594e-09,4.9921290397735845e-05,1.0149132058076371e-07,3.831026536436315e-06,2.1748935511333805e-10,1.423358191284822e-10,3.541771856515228e-06,9.146673727236771e-08,8.773660920788006e-12,3.398997467050101e-11,2.7982856761065783e-11
5.08846197799926e-06,0.16628943999999996,0.8585084662769803,0.0,0.0,0.4364547228759719,0.06983222679423297,0.004842425340691382,9.182042128150828e-06,0.0026775017415069384,0.07980826294641974,0.0332454069019119,3.362405061081616e-05,5.319974881904608e-10,0.0017109831003999018,4.7094765720860594e-11,0.0005730163917936949,2.9351470154081137e-09,3.1085637033260627e-06,3.464262986898007e-09,1.6117679981979526e-10,7.675876407870144e-06,3.157037906607966e-05,0.004944855661799015,1.6578831542465543e-06,0.0006405993261661021,1.299495622507776e-09,2.061243547048091e-09,8.451858463953799e-08,1.1847917961935049e-07,1.2401769313379665e-07,0.0005397936595808742,0.008145986261454205,5.117234289830784e-07,0.001575078137572631,5.225979476295285e-09,4.996118021275891e-05,1.0151717849564548e-07,3.8279047227777865e-06,2.1759738211456168e-10,1.4234326004318745e-10,3.5445021885739453e-06,9.142225987008333e-08,8.780447718668335e-12,3.395205864020684e-11,2.7981292299015622e-11
5.091250754774589e-06,0.16628943999999996,0.8585084662769803,0.0,0.0,0.43644471158187925,0.06981491726595819,0.004838392013970446,9.182034079784875e-06,0.0026772071169728706,0.07984513906404953,0.03325378295437341,3.3610109352090004e-05,5.326130072651775e-10,0.0017106321881887516,4.709247873628438e-11,0.0005730791491207792,2.9356572645401317e-09,3.1055144629746045e-06,3.465514836701758e-09,1.6118958045095558e-10,7.670230180598233e-06,3.159309144066426e-05,0.004943516637935177,1.6545096948444213e-06,0.0006407264378038267,1.297226639104285e-09,2.0591043105132383e-09,8.462301143749899e-08,1.184634249634421e-07,1.2422131440758864e-07,0.0005405603762452567,0.008155751298118222,5.118386405320331e-07,0.001575770116523029,5.224787811817829e-09,4.999712379654423e-05,1.0154042624648405e-07,3.825097156683377e-06,2.1769455293840866e-10,1.423499218024852e-10,3.546962332155698e-06,9.138225578475541e-08,8.78656300304598e-12,3.391797648898245e-11,2.7979885802059346e-11
5.0940395315499186e-06,0.16628943999999996,0.8585084662769803,0.0,0.0,0.43643469835895526,0.069797612231499,0.004834362215402096,9.182025951779425e-06,0.0026769124405692005,0.07988200528459531,0.0332621519835527,3.359617650889116e-05,5.332287354088207e-10,0.0017102814153808698,4.709021672577696e-11,0.0005731418766931656,2.936169106036514e-09,3.1024687577313825e-06,3.4667659654093466e-09,1.61202314913191e-10,7.664588601137887e-06,3.1615829475267065e-05,0.004942177966136761,1.6511452321837595e-06,0.0006408534705410411,1.2949631573069173e-09,2.056967447056693e-09,8.472755285415859e-08,1.1844766808799957e-07,1.2442507610055265e-07,0.0005413274233381207,0.00816551788395177,5.119537376128647e-07,0.0015764618596970825,5.22359659919464e-09,5.003310798888863e-05,1.0156365092995903e-07,3.822291546980857e-06,2.177916731155012e-10,1.423565503961109e-10,3.5494251782059983e-06,9.134227591604235e-08,8.79268509508892e-12,3.3883934324932816e-11,2.7978480739334463e-11
5.096828308325248e-06,0.16628943999999996,0.8585084662769803,0.0,0.0,0.4364246832126637,0.06978031168983093,0.004830335941802466,9.182017744328606e-06,0.0026766177124169306,0.07991886160986517,0.03327051399573687,3.3582252076239634e-05,5.338446723132935e-10,0.0017099307819364515,4.708797972006927e-11,0.0005732045745317956,2.9366825428268095e-09,3.0994265821411885e-06,3.4680163734271676e-09,1.6121500326568258e-10,7.658951665461579e-06,3.163859323596224e-05,0.004940839646388132,1.6477897358628225e-06,0.0006409804244415585,1.2927051596953834e-09,2.054832953933246e-09,8.483220885891916e-08,1.1843190900018808e-07,1.2462897811553278e-07,0.0005420948004226111,0.008175286013844006,5.120687203328578e-07,0.001577153367154026,5.222405838354447e-09,5.006913289435757e-05,1.015868525676768e-07,3.8194878926485385e-06,2.1788874266121362e-10,1.4236314587490657e-10,3.5518907339288334e-06,9.130232025047638e-08,8.798814012707722e-12,3.3849932086687156e-11,2.7977077106312974e-11
5.099617085100577e-06,0.16628943999999996,0.8585084662769803,0.0,0.0,0.436414666148463,0.06976301563992977,0.004826313189990513,9.18200945762595e-06,0.002676322932636848,0.07995570804166684,0.0332788689972075,3.356833604915722e-05,5.344608176706036e-10,0.0017095802878156667,4.708576774993474e-11,0.0005732672426575849,2.9371975778449556e-09,3.096387930762866e-06,3.4692660611615483e-09,1.6122764556754831e-10,7.653319369546357e-06,3.1661382788900804e-05,0.0049395016786735555,1.6444431756062891e-06,0.0006411072995688847,1.290452628918541e-09,2.0527008284008857e-09,8.493697942099192e-08,1.1841614770715957e-07,1.2483302035519465e-07,0.0005428625070617665,0.008185055682689232,5.121835887992052e-07,0.001577844638953103,5.22121552922576e-09,5.0105198617638424e-05,1.0161003118122484e-07,3.81668619266434e-06,2.1798576159086182e-10,1.4236970828964723e-10,3.5543590065362442e-06,9.126238877459197e-08,8.804949773832735e-12,3.38159697130301e-11,2.797567489848613e-11
5.103691466034215e-06,0.16628943999999996,0.8585084662769803,0.0,0.0,0.43640002785985327,0.06973775431999438,0.0048204423059197326,9.181997208743993e-06,0.0026758921691331,0.08000952260652791,0.0332910629981791,3.3548019943796246e-05,5.353613752978781e-10,0.001709068469047733,4.708258115046717e-11,0.000573358746923649,2.9379529192565015e-09,3.091954809381606e-06,3.4710905510685048e-09,1.6124603320631447e-10,7.645098962289635e-06,3.169472465174618e-05,0.004937547551200948,1.6395698796596968e-06,0.0006412925216495951,1.287171491319816e-09,2.049590060413974e-09,8.509025426892448e-08,1.1839311663240254e-07,1.251313763487439e-07,0.0005439847119726527,0.00819933184809601,5.123512055482251e-07,0.0015788541580844878,5.219477308864557e-09,5.015796395309998e-05,1.0164385360645025e-07,3.8125964423231945e-06,2.181274145210912e-10,1.4237923659038075e-10,3.5579700326436944e-06,9.120409266136582e-08,8.813926412688125e-12,3.376642249201475e-11,2.7973628836709073e-11
5.107765846967853e-06,0.16628943999999996,0.8585084662769803,0.0,0.0,0.4363853855060979,0.06971250258234854,0.004814578922414056,9.18198479171034e-06,0.002675461296062373,0.0800633160632921,0.03330324206774165,3.352772175397247e-05,5.362623762504307e-10,0.001708556947456397,4.7079448151428225e-11,0.0005734501878773252,2.938711687533574e-09,3.087529181971045e-06,3.4729135056652463e-09,1.6126432286007024e-10,7.636888437503542e-06,3.1728121916289223e-05,0.004935594175060694,1.6347154998551856e-06,0.0006414775759226719,1.2839019321645642e-09,2.046484331671239e-09,8.524377347677267e-08,1.1837008088807529e-07,1.2543003114002488e-07,0.0005451076180237218,0.008213611271619894,5.125185789853242e-07,0.001579863174515941,5.217740052303527e-09,5.021081696515234e-05,1.0167762699986408e-07,3.808510858161598e-06,2.1826895949237433e-10,1.4238869458206978e-10,3.5615868958953912e-06,9.114584811025854e-08,8.822917753364862e-12,3.3716960041762014e-11,2.7971585793496534e-11
5.1118402279014915e-06,0.16628943999999996,0.8585084662769803,0.0,0.0,0.4363707391041619,0.06968726042380086,0.004808723029585939,9.18197220712178e-06,0.002675030313798864,0.08011708841759133,0.033315406225419945,3.350744146418247e-05,5.371638195690173e-10,0.001708045722917202,4.707636884927332e-11,0.0005735415655835245,2.9394738918748637e-09,3.0831110317232303e-06,3.47473492621763e-09,1.6128251471244803e-10,7.628687782694841e-06,3.176157478970649e-05,0.004933641550202518,1.6298799432182067e-06,0.0006416624625855354,1.2806438981340667e-09,2.0433836336582558e-09,8.539753694737384e-08,1.1834704049634513e-07,1.257289844248103e-07,0.0005462312238538053,0.008227893937395358,5.126857094437401e-07,0.0015808716884323413,5.216003759317743e-09,5.02637579816624e-05,1.0171135142857901e-07,3.8044294369877006e-06,2.184103965528441e-10,1.4239808242229888e-10,3.5652096188745773e-06,9.108765507930942e-08,8.831923852005607e-12,3.366758217315009e-11,2.7969545755004255e-11
5.11591460883513e-06,0.16628943999999996,0.8585084662769803,0.0,0.0,0.43635608867098796,0.06966202784116102,0.0048028746175606705,9.181959455572463e-06,0.0026745992227158013,0.08017083967505538,0.03332755549071347,3.348717905893119e-05,5.380657042948813e-10,0.0017075347953055917,4.707334334065077e-11,0.000573632880107035,2.940239541498684e-09,3.078700341892985e-06,3.4765548139910353e-09,1.613006089467934e-10,7.620496985390828e-06,3.179508347952404e-05,0.0049316896765756795,1.6250631173363717e-06,0.0006418471818353392,1.2773973362189503e-09,2.040287957875066e-09,8.555154458307637e-08,1.1832399547931962e-07,1.2602823589855397e-07,0.000547355528102265,0.008242179829579255,5.128525972563067e-07,0.0015818797000186138,5.214268429681229e-09,5.031678733105185e-05,1.0174502695962249e-07,3.8003521756079125e-06,2.185517257507627e-10,1.4240740026835373e-10,3.568838224201099e-06,9.102951352656979e-08,8.840944764842542e-12,3.361828869775236e-11,2.7967508707472315e-11
5.119988989768768e-06,0.16628943999999996,0.8585084662769803,0.0,0.0,0.4363414342234949,0.06963680483123981,0.004797033676476356,9.181946537653916e-06,0.0026741680231854408,0.08022456984131142,0.03333968988309643,3.3466934522731844e-05,5.389680294697549e-10,0.0017070241644969093,4.707037172240159e-11,0.0005737241315125164,2.941008645642182e-09,3.074297095797552e-06,3.4783731702502975e-09,1.613186057461657e-10,7.6123160331392615e-06,3.182864819361837e-05,0.004929738554128961,1.6202649303552507e-06,0.0006420317338692495,1.2741621937151867e-09,2.037197295835948e-09,8.570579628604546e-08,1.1830094585906254e-07,1.2632778525677648e-07,0.0005484805294096512,0.00825646893235012,5.13019242755486e-07,0.0015828872094597426,5.21253406316739e-09,5.036990534229545e-05,1.0177865365994656e-07,3.7962790708269206e-06,2.1869294713467565e-10,1.4241664827723673e-10,3.572472734531373e-06,9.097142341010371e-08,8.84998054819709e-12,3.356907942783773e-11,2.7965474637221654e-11
5.124063370702406e-06,0.16628943999999996,0.8585084662769803,0.0,0.0,0.4363267757785801,0.06961159139084891,0.004791200196483895,9.181933453955034e-06,0.002673736715579083,0.08027827892198472,0.03335180942201772,3.3446707840105965e-05,5.398707941358613e-10,0.0017065138303663993,4.706745409155924e-11,0.00057381531986451,2.94178121356222e-09,3.0699012768162247e-06,3.480189996259772e-09,1.6133650529333794e-10,7.604144913508276e-06,3.186226914021692e-05,0.004927788182810673,1.615485290974571e-06,0.0006422161188838053,1.2709384182233213e-09,2.0341116390695293e-09,8.586029195782128e-08,1.1827789165759037e-07,1.266276321945091e-07,0.0005496062264166523,0.008270761229909185,5.131856462732911e-07,0.001583894216940753,5.21080065954921e-09,5.042311234492036e-05,1.018122315964226e-07,3.7922101194477084e-06,2.1883406075312797e-10,1.4242582660564417e-10,3.576113172558372e-06,9.091338468798731e-08,8.859031258481148e-12,3.3519954176363835e-11,2.7963443530658622e-11
5.128137751636044e-06,0.16628943999999996,0.8585084662769803,0.0,0.0,0.4363121133531176,0.06958638751680124,0.004785374167746982,9.181920205062124e-06,0.0026733053002670633,0.08033196692269912,0.03336391412690101,3.342649899558345e-05,5.40773997335917e-10,0.0017060037927892082,4.706459054534926e-11,0.0005739064452274393,2.942557254536402e-09,3.065512868390007e-06,3.4820052932833826e-09,1.6135430777079763e-10,7.595983614086298e-06,3.189594652789443e-05,0.004925838562568664,1.6107241084443127e-06,0.000642400337074944,1.267725957649873e-09,2.0310309791191234e-09,8.601503149899326e-08,1.1825483289683929e-07,1.2692777640588754e-07,0.0005507326177634976,0.00828505670648096,5.13351808141273e-07,0.0015849007226467087,5.20906821859815e-09,5.047640866900893e-05,1.0184576083582358e-07,3.7881453182715796e-06,2.1897506665458047e-10,1.4243493540994968e-10,3.579759561011581e-06,9.08553973183086e-08,8.868096952196437e-12,3.347091275696535e-11,2.7961415374277248e-11
5.132212132569682e-06,0.16628943999999996,0.8585084662769803,0.0,0.0,0.4362974469639591,0.06956119320591055,0.00477955558044208,9.1819067915589e-06,0.0026728737776187668,0.08038563384907549,0.03337600401714478,3.340630797370244e-05,5.416776381131323e-10,0.0017054940516403817,4.706178118118906e-11,0.0005739975076656004,2.9433367778606876e-09,3.0611318540212465e-06,3.4838190625845196e-09,1.613720133607467e-10,7.587832122481964e-06,3.192968056557401e-05,0.004923889693350305,1.6059812925602385e-06,0.0006425843886386407,1.2645247601983875e-09,2.027955307542174e-09,8.617001481018124e-08,1.182317695986959e-07,1.272282175853718e-07,0.000551859702092088,0.008299355346311075,5.135177286906988e-07,0.0015859067267627318,5.20733674008446e-09,5.052979464519747e-05,1.018792414448477e-07,3.784084664098175e-06,2.191159648878319e-10,1.424439748462663e-10,3.5834119226569847e-06,9.079746125916835e-08,8.877177685932125e-12,3.342195498396147e-11,2.7959390154645703e-11
5.1362865135033205e-06,0.16628943999999996,0.8585084662769803,0.0,0.0,0.43628277662793374,0.06953600845499187,0.004773744424758412,9.181893214026508e-06,0.0026724421480026294,0.08043927970673194,0.0333880791121223,3.338613475900945e-05,5.425817155112146e-10,0.0017049846067948675,4.705902609668765e-11,0.0005740885072431613,2.944119792848701e-09,3.056758217273296e-06,3.4856313054259873e-09,1.6138962224510212e-10,7.57969042632404e-06,3.196347146253301e-05,0.004921941575102509,1.6012567536600466e-06,0.0006427682737705497,1.2613347743641129e-09,2.024884615909799e-09,8.632524179216473e-08,1.1820870178504989e-07,1.2752895542790701e-07,0.0005529874780460326,0.008313657133666188,5.136834082524674e-07,0.0015869122294740001,5.205606223779367e-09,5.0583270604669444e-05,1.0191267349014202e-07,3.7800281537254958e-06,2.1925675550196667e-10,1.4245294507044492e-10,3.587070280297027e-06,9.073957646868034e-08,8.88627351636733e-12,3.337308067236169e-11,2.7957367858407865e-11
5.140360894436959e-06,0.16628943999999996,0.8585084662769803,0.0,0.0,0.4362681023618476,0.06951083326086102,0.0047679406908979404,9.181879473043537e-06,0.002672010411786138,0.08049290450128567,0.03340013943118171,3.336597933605925e-05,5.434862285743686e-10,0.0017044754581275153,4.70563253896453e-11,0.0005741794440241818,2.944906308836906e-09,3.052391941770149e-06,3.487442023070162e-09,1.6140713460549624e-10,7.571558513261341e-06,3.199731942839678e-05,0.004919994207771718,1.596550402620336e-06,0.0006429519926659665,1.2581559489510023e-09,2.021818895808183e-09,8.648071234396709e-08,1.181856294776944e-07,1.278299896265668e-07,0.0005541159442668483,0.008327962052837794,5.138488471567784e-07,0.0015879172309657165,5.203876669453014e-09,5.063683687916173e-05,1.0194605703823634e-07,3.7759757839499215e-06,2.1939743854584275e-10,1.4246184623794242e-10,3.5907346567705943e-06,9.068174290496994e-08,8.895384500274512e-12,3.3324289637830836e-11,2.7955348472308784e-11
5.144435275370597e-06,0.16628943999999996,0.8585084662769803,0.0,0.0,0.43625342418248453,0.06948566762033503,0.004762144369075361,9.18186556918603e-06,0.0026715785693358384,0.08054650823835209,0.033412184993645996,3.334584168941496e-05,5.443911763472996e-10,0.001703966605513076,4.7053679158053115e-11,0.0005742703180726018,2.9456963351828683e-09,3.048033011196113e-06,3.489251216778991e-09,1.6142455062327684e-10,7.5634363709626545e-06,3.203122467312874e-05,0.004918047591303909,1.5918621508521432e-06,0.0006431355455200301,1.2549882330632262e-09,2.0187581388386055e-09,8.663642636363362e-08,1.1816255269827656e-07,1.2813131987350364e-07,0.00055524509939588,0.008342270088140253,5.14014045733527e-07,0.001588921731423125,5.202148076871042e-09,5.069049380097353e-05,1.0197939215553466e-07,3.7719275515662317e-06,2.1953801406833045e-10,1.424706785039115e-10,3.5944050749529733e-06,9.06239605261746e-08,8.904510694511515e-12,3.327558169668456e-11,2.7953331983173323e-11
5.148509656304235e-06,0.16628943999999996,0.8585084662769803,0.0,0.0,0.436238742106607,0.06946051153023196,0.0047563554495180784,9.181851503027499e-06,0.0026711466210173392,0.08060009092354233,0.033424215818813094,3.3325721803648004e-05,5.452965578752142e-10,0.0017034580488262006,4.705108750009323e-11,0.0005743611294522241,2.9464898812560114e-09,3.04368140929545e-06,3.491058887813811e-09,1.6144187047950783e-10,7.555323987116651e-06,3.206518740704993e-05,0.004916101725644593,1.58719191029585e-06,0.000643318932526343,1.2518315760633648e-09,2.0157023366143023e-09,8.679238375154039e-08,1.1813947146854619e-07,1.2843294586397536e-07,0.0005563749420802679,0.0083565812239048,5.141790043127741e-07,0.001589925731031549,5.20042044580127e-09,5.074424170294665e-05,1.0201267890846446e-07,3.767883453367628e-06,2.1967848211881604e-10,1.424794420234302e-10,3.5980815577558387e-06,9.056622929044556e-08,8.91365215601915e-12,3.3226956665953087e-11,2.795131837786312e-11
5.152584037237873e-06,0.16628943999999996,0.8585084662769803,0.0,0.0,0.43622405615095344,0.06943536498737082,0.004750573922466203,9.181837275138943e-06,0.002670714567195317,0.08065365256246625,0.03343623192595583,3.33056196633381e-05,5.462023722038223e-10,0.001702949787941445,4.704855051413807e-11,0.0005744518782267384,2.947286956449055e-09,3.0393371198720394e-06,3.4928650374353542e-09,1.6145909435496953e-10,7.547221349431823e-06,3.2099207840844936e-05,0.004914156610738828,1.5825395934193733e-06,0.0006435021538797384,1.24868592762596e-09,2.012651480763126e-09,8.694858440603122e-08,1.1811638581025711e-07,1.2873486729107278e-07,0.0005575054709642993,0.008370895444488158,5.143437232233324e-07,0.0015909292299763403,5.198693776016242e-09,5.0798080918458956e-05,1.0204591736336396e-07,3.7638434861457484e-06,2.1981884274683197e-10,1.4248813695107384e-10,3.6017641281272124e-06,9.050854915594655e-08,8.922808941842811e-12,3.317841436331887e-11,2.794930764336441e-11
5.156250980078148e-06,0.16628943999999996,0.8585084662769803,0.0,0.0,0.4362108354874726,0.06941274125905944,0.004745376860655311,9.181824332229988e-06,0.0026703256288506372,0.08070184004757594,0.03344703385438229,3.328754289668679e-05,5.470179743558486e-10,0.0017024926059522176,4.704631405280033e-11,0.0005745334986489868,2.948007349304091e-09,3.035433498220705e-06,3.4944892723281183e-09,1.6147451392851365e-10,7.539937298340244e-06,3.212987573903747e-05,0.004912406649172135,1.578367761053617e-06,0.0006436669116256163,1.2458642150100415e-09,2.0099099327402774e-09,8.708937290192345e-08,1.1809560494907017e-07,1.2900684891783862e-07,0.0005585235325380528,0.008383780867624396,5.144917655977053e-07,0.001591831951112459,5.197140594910263e-09,5.084661456150299e-05,1.020757907326002e-07,3.7602110449782018e-06,2.1994507550647556e-10,1.4249590386736512e-10,3.6050836653283285e-06,9.045668069188047e-08,8.931063198585847e-12,3.313479687326488e-11,2.7947500426173044e-11
5.1599179229184225e-06,0.16628943999999996,0.8585084662769803,0.0,0.0,0.4361976117070854,0.06939012525912094,0.004740185771781456,9.181811259192942e-06,0.0026699366056072765,0.08075001049383976,0.03345782389081441,3.326948048014234e-05,5.478339256089064e-10,0.001702035663369429,4.704412202760313e-11,0.0005746150684588604,2.9487306152479167e-09,3.031535774881429e-06,3.4961122768155437e-09,1.6148985603522696e-10,7.532661122766305e-06,3.2160590699103127e-05,0.004910657295630221,1.5742103133148025e-06,0.0006438315354901241,1.2430513425180002e-09,2.007172378428553e-09,8.723035828547842e-08,1.1807482053380694e-07,1.2927906937429612e-07,0.0005595421478476372,0.008396668765438473,5.146396143464294e-07,0.0015927342669963711,5.195588192078809e-09,5.0895222682844555e-05,1.0210562508222312e-07,3.756581944960728e-06,2.2007122132970643e-10,1.4250361546158617e-10,3.608408168857502e-06,9.040485355545116e-08,8.939329955994059e-12,3.309124611379265e-11,2.7945695514455932e-11
5.163584865758697e-06,0.16628943999999996,0.8585084662769803,0.0,0.0,0.43618438482194755,0.06936751698523848,0.004735000648756007,9.18179805643889e-06,0.002669547497729159,0.08079816390534243,0.033468602049250125,3.3251432402480626e-05,5.486502252683706e-10,0.001701578960101427,4.704197451065448e-11,0.0005746965877025383,2.9494567611671795e-09,3.0276439381697615e-06,3.497734051815651e-09,1.6150512080631017e-10,7.5253928137903445e-06,3.219135287535742e-05,0.004908908550072078,1.5700671874711605e-06,0.000643996025614756,1.240247274054498e-09,2.0044388117537404e-09,8.737154048191737e-08,1.1805403258025329e-07,1.295515284364564e-07,0.0005605613159063359,0.008409559126571767,5.147872697083471e-07,0.0015936361777632972,5.194036567355698e-09,5.094390552665646e-05,1.0213542046044135e-07,3.7529561837512702e-06,2.2019728025297332e-10,1.4251127184582206e-10,3.611737655519251e-06,9.035306771618626e-08,8.947609255839412e-12,3.304776195335936e-11,2.794389289888637e-11
5.166885114314944e-06,0.16628943999999996,0.8585084662769803,0.0,0.0,0.4361724779807961,0.06934717614260799,0.004730339132981421,9.181786063390662e-06,0.0026691972284937832,0.08084148741434947,0.03347829224771145,3.323520138305747e-05,5.493851922755279e-10,0.001701168131698565,4.70400798596505e-11,0.0005747699118258601,2.950112760579985e-09,3.0241463085695156e-06,3.4991925988625834e-09,1.6151879308660948e-10,7.5188580542914715e-06,3.22190793315292e-05,0.004907335198861729,1.566350567856096e-06,0.0006441439524966883,1.2377311102151946e-09,2.00198200616523e-09,8.749877267028933e-08,1.1803532040960967e-07,1.2979694541335025e-07,0.0005614790389426294,0.008421162548355196,5.149199943857002e-07,0.0015944475511902789,5.192640770241232e-09,5.0987784175922796e-05,1.0216220301997805e-07,3.7496958514071134e-06,2.2031065901439642e-10,1.4251811547953288e-10,3.6147384680012702e-06,9.030649574474429e-08,8.955071384047927e-12,3.300868304272315e-11,2.7942272500418404e-11
5.170185362871191e-06,0.16628943999999996,0.8585084662769803,0.0,0.0,0.4361605686434726,0.06932684155451894,0.004725682438653039,9.181773965900745e-06,0.002668846891109097,0.08088479713148435,0.0334879728465022,3.321898196086752e-05,5.501204404235901e-10,0.0017007574969994848,4.703822137157747e-11,0.000574843195061469,2.9507711034035588e-09,3.020653429240067e-06,3.5006501514369835e-09,1.6153240292655547e-10,7.512329653037988e-06,3.224684427078147e-05,0.00490576234005444,1.5626454531774577e-06,0.0006442917712653551,1.2352220225026251e-09,1.999528421236742e-09,8.762616416044512e-08,1.180166053969347e-07,1.300425553146392e-07,0.0005623972081869235,0.008432767947979291,5.150525627872781e-07,0.0015952585966806472,5.191245603127095e-09,5.10317237270022e-05,1.0218895408665297e-07,3.7464382198908683e-06,2.2042396744250895e-10,1.4252491456528515e-10,3.617743342735566e-06,9.025995717712617e-08,8.962543736032389e-12,3.296965787576604e-11,2.794065394757353e-11
5.173485611427438e-06,0.16628943999999996,0.8585084662769803,0.0,0.0,0.4361486568188084,0.06930651321928391,0.004721030560620467,9.181761764265483e-06,0.0026684964857662512,0.08092809305972187,0.03349764385579291,3.32027741277397e-05,5.508559692068727e-10,0.0017003470559372384,4.703639909925989e-11,0.0005749164374428692,2.9514317946856906e-09,3.017165291742607e-06,3.502106710207422e-09,1.61545950421409e-10,7.505807603553975e-06,3.227464780607226e-05,0.004904189973619692,1.5589517983983785e-06,0.0006444394820236084,1.2327199849915976e-09,1.9970780525602817e-09,8.775371489675586e-08,1.1799788755356223e-07,1.3028835797606026e-07,0.0005633158229201094,0.008444375317194108,5.151849750867852e-07,0.0015960693143330313,5.18985106588689e-09,5.1075724358657306e-05,1.0221567369545244e-07,3.7431832874931697e-06,2.2053720556392628e-10,1.4253166918438706e-10,3.620752292021994e-06,9.021345199113472e-08,8.97002634236103e-12,3.293068635745203e-11,2.7939037233655507e-11
5.176785859983685e-06,0.16628943999999996,0.8585084662769803,0.0,0.0,0.436136742515625,0.06928619113521581,0.004716383493738738,9.181749458780166e-06,0.0026681460126560096,0.08097137520203618,0.03350730528574338,3.3186577875506524e-05,5.515917781199122e-10,0.0016999368084448382,4.703461309560338e-11,0.0005749896390035145,2.952094839483489e-09,3.013681887663086e-06,3.5035622758422177e-09,1.6155943566630965e-10,7.499291899371844e-06,3.230249005050908e-05,0.0049026180995267584,1.555269558699023e-06,0.0006445870848736578,1.2302249718720836e-09,1.994630895733703e-09,8.78814248236046e-08,1.179791668908199e-07,1.305343532334956e-07,0.0005642348824236623,0.008455984647758775,5.153172314578208e-07,0.0015968797042460777,5.1884571583940775e-09,5.11197862498871e-05,1.0224236188133735e-07,3.739931052504036e-06,2.206503734052362e-10,1.4253837941804758e-10,3.6237653281759753e-06,9.016698016457811e-08,8.977519233639205e-12,3.2891768393024614e-11,2.793742235199729e-11
5.1800861085399324e-06,0.16628943999999996,0.8585084662769803,0.0,0.0,0.4361248257427351,0.06926587530062805,0.004711741232868308,9.181737049739047e-06,0.0026677954719687416,0.08101464356140058,0.03351695714650269,3.3170393196004126e-05,5.523278666574679e-10,0.0016995267544552526,4.703286341359468e-11,0.0005750627997768098,2.9527602428616246e-09,3.0102032086120963e-06,3.5050168490094957e-09,1.6157285875627616e-10,7.492782534032293e-06,3.233037111734912e-05,0.004901046717744725,1.551598689474954e-06,0.000644734579917461,1.227736957453228e-09,1.992186946360873e-09,8.800929388509152e-08,1.1796044342001412e-07,1.307805409225704e-07,0.0005651543859790066,0.008467595931442135,5.154493320738126e-07,0.001597689766518449,5.1870638805218314e-09,5.11639095799264e-05,1.0226901867923518e-07,3.736681513212875e-06,2.2076347099301926e-10,1.4254504534735035e-10,3.6267824635284916e-06,9.01205416752702e-08,8.985022440510512e-12,3.285290388800126e-11,2.7935809295962835e-11
5.1833863570961795e-06,0.16628943999999996,0.8585084662769803,0.0,0.0,0.4361129065089411,0.06924556571383446,0.004707103772875053,9.181724537435349e-06,0.00266744486389443,0.08105789814078734,0.03352659944820931,3.3154220081072156e-05,5.530642343145212e-10,0.0016991168939014091,4.7031150106301513e-11,0.0005751359197961083,2.9534280098932075e-09,3.006729246224763e-06,3.5064704303771624e-09,1.6158621978620607e-10,7.486279501084295e-06,3.2358291119998656e-05,0.004899475828242479,1.5479391463358472e-06,0.0006448819672568167,1.2252559161613068e-09,1.989746200051707e-09,8.813732202518489e-08,1.1794171715242921e-07,1.3102692087889115e-07,0.0005660743328680263,0.008479209160022216,5.155812771080137e-07,0.0015984995012488256,5.185671232142961e-09,5.1208094528246276e-05,1.0229564412403795e-07,3.73343466790849e-06,2.2087649835391106e-10,1.4255166705325443e-10,3.6298037104260665e-06,9.007413650103015e-08,8.992535993656578e-12,3.281409274817132e-11,2.7934198058949082e-11
5.1866866056524265e-06,0.16628943999999996,0.8585084662769803,0.0,0.0,0.43610098482303633,0.06922526237314938,0.004702471108630257,9.181711922161252e-06,0.0026670941886226705,0.08110113894316762,0.033536232200990924,3.3138058522553875e-05,5.538008805862763e-10,0.0016987072267161945,4.702947322687248e-11,0.000575208999094712,2.9540981456599006e-09,3.0032599921606273e-06,3.507923020612873e-09,1.6159951885087622e-10,7.479782794085062e-06,3.23862501720131e-05,0.0048979054309887145,1.5442908851043865e-06,0.0006450292469935744,1.2227818225410257e-09,1.9873086524221526e-09,8.826550918765639e-08,1.1792298809932774e-07,1.3127349293793358e-07,0.0005669947223728202,0.008490824325286474,5.157130667335044e-07,0.0015993089085359073,5.184279213129947e-09,5.125234127455378e-05,1.0232223825060283e-07,3.7301905148790842e-06,2.209894555146443e-10,1.42558244616594e-10,3.632829081230762e-06,9.00277646196828e-08,9.000059923797111e-12,3.277533487959518e-11,2.7932588634384802e-11
5.189986854208674e-06,0.16628943999999996,0.8585084662769803,0.0,0.0,0.43608906069380443,0.06920496527688755,0.004697843235010614,9.181699204207923e-06,0.002666743446342672,0.08114436597151176,0.03354585541496462,3.31219085122961e-05,5.545378049681616e-10,0.0016982977528324544,4.702783282853692e-11,0.000575282037705873,2.954770655251621e-09,2.9997954381035373e-06,3.509374620384053e-09,1.616127560449429e-10,7.473292406600024e-06,3.2414248387096906e-05,0.004896335525951925,1.5406538618150733e-06,0.0006451764192293236,1.2203146512533736e-09,1.984874299094173e-09,8.839385531606671e-08,1.1790425627195072e-07,1.315202569350427e-07,0.0005679155537757125,0.008502441419031764,5.158447011231923e-07,0.00160011798847841,5.182887823354934e-09,5.1296649998791856e-05,1.0234880109375232e-07,3.726949052412271e-06,2.2110234250196115e-10,1.4256477811807864e-10,3.6358585883201593e-06,8.998142600905863e-08,9.007594261689851e-12,3.273663018860292e-11,2.7930981015730676e-11
5.193287102764921e-06,0.16628943999999996,0.8585084662769803,0.0,0.0,0.4360771341300196,0.06918467442336411,0.004693220146898221,9.181686383865495e-06,0.0026663926372432604,0.08118757922878919,0.0335554691002368,3.3105770042149256e-05,5.552750069558291e-10,0.0016978884721829913,4.702622896460487e-11,0.0005753550356627933,2.95544554376665e-09,2.9963355757615385e-06,3.5108252303579144e-09,1.6162593146294153e-10,7.4668083322028e-06,3.2442285879103544e-05,0.004894766113100417,1.5370280327129147e-06,0.0006453234840655019,1.21785437707556e-09,1.9824431356957458e-09,8.852236035376568e-08,1.1788552168151752e-07,1.3176721270541867e-07,0.0005688368263592129,0.008514060433064389,5.159761804498125e-07,0.0016009267411750698,5.181497062689722e-09,5.134102088113919e-05,1.0237533268827408e-07,3.7237102787950783e-06,2.212151593426404e-10,1.4257126763829365e-10,3.6388922440873564e-06,8.993512064699357e-08,9.015139038130537e-12,3.269797858179312e-11,2.792937519647906e-11
5.196587351321168e-06,0.16628943999999996,0.8585084662769803,0.0,0.0,0.4360652051404461,0.06916438981089473,0.0046886018391805685,9.181673461423087e-06,0.002666041761512876,0.08123077871796817,0.03356507326690323,3.3089643103967324e-05,5.560124860451566e-10,0.0016974793847005676,4.702466168846697e-11,0.0005754279929986243,2.9561228163116592e-09,2.992880396866761e-06,3.512274851201431e-09,1.6163904519928723e-10,7.460330564475186e-06,3.247036276203534e-05,0.004893197192402298,1.5334133542522409e-06,0.0006454704416034393,1.2154009749001478e-09,1.9800151578608575e-09,8.865102424392865e-08,1.1786678433922573e-07,1.3201436008417386e-07,0.0005697585394061392,0.008525681359199934,5.16107504885926e-07,0.001601735166724636,5.180106931005773e-09,5.138545410201012e-05,1.0240183306892095e-07,3.720474192313957e-06,2.2132790606351883e-10,1.425777132577e-10,3.6419300609409537e-06,8.988884851132921e-08,9.022694283952881e-12,3.265937996603158e-11,2.792777117015379e-11
5.203187848433662e-06,0.16628943999999996,0.8585084662769803,0.0,0.0,0.43604133991894467,0.0691238393023829,0.004679379544506421,9.181647311389744e-06,0.0026653398109110463,0.08131713640389977,0.03358425308474861,3.3057423790932027e-05,5.574882735134271e-10,0.0016966617889676836,4.702163711353821e-11,0.0005755737859393734,2.957484533960044e-09,2.9859840564671565e-06,3.5151711281641593e-09,1.6166508800407888e-10,7.447393923396621e-06,3.2526635157427745e-05,0.00489006082733769,1.52621727611223e-06,0.0006457640351892643,1.2105146867009394e-09,1.975168741447617e-09,8.890882835332737e-08,1.1782930144375015e-07,1.3250922900661617e-07,0.0005716032840226379,0.008548928915089073,5.163696897760182e-07,0.0016033510367775836,5.177328554065861e-09,5.147450828215738e-05,1.0245474032742785e-07,3.714010073902875e-06,2.215531892534447e-10,1.4259047311531066e-10,3.6480182276191936e-06,8.979640383059693e-08,9.037836307267157e-12,3.2582341336445626e-11,2.7924568470534298e-11
5.209788345546156e-06,0.16628943999999996,0.8585084662769803,0.0,0.0,0.4360174650992267,0.069083313737886,0.0046701763101958714,9.181620756400654e-06,0.002664637596037098,0.08140343905303411,0.03360339494905419,3.302525050809367e-05,5.589651633445097e-10,0.0016958449650950767,4.7018759532482905e-11,0.0005757194167923302,2.9588558492172102e-09,2.9791063512393087e-06,3.5180634566033576e-09,1.6169088521223384e-10,7.434482432181041e-06,3.25830664882676e-05,0.004886926430499095,1.5190652831712054e-06,0.0006460572007948202,1.205655588082445e-09,1.9703350150461458e-09,8.916726718570957e-08,1.1779180767467716e-07,1.330048623808253e-07,0.0005734497818924843,0.008572184021411045,5.166312571705146e-07,0.001604965599427602,5.1745526915002085e-09,5.1563813987255895e-05,1.0250752314660188e-07,3.7075566834593133e-06,2.2177819228734303e-10,1.4260305833212005e-10,3.6541231879332997e-06,8.970409178970688e-08,9.053020579060887e-12,3.2505513560070784e-11,2.79213728656866e-11
5.21638884265865e-06,0.16628943999999996,0.8585084662769803,0.0,0.0,0.4359935807510673,0.06904281310394521,0.0046609920955426555,9.181593798732573e-06,0.0026639351183848923,0.08148968668908355,0.03362249894020362,3.299312319041298e-05,5.604431515135752e-10,0.001695028912543367,4.701602937531575e-11,0.0005758648858209084,2.9602368032372465e-09,2.972247215896199e-06,3.5209518418464386e-09,1.6171643757474878e-10,7.421596039774254e-06,3.263965767192555e-05,0.004883794001624429,1.5119570344787677e-06,0.0006463499392257526,1.2008234822778124e-09,1.9655139439437324e-09,8.942634027933967e-08,1.1775430312081862e-07,1.3350125888328297e-07,0.0005752980272866762,0.008595446613027111,5.168922084437045e-07,0.0016065788554653188,5.17177934226848e-09,5.165337266908983e-05,1.0256018180321722e-07,3.701114007254731e-06,2.2200291538145164e-10,1.4261546954736034e-10,3.6602450417090233e-06,8.961191221159445e-08,9.068247347368106e-12,3.242889590133187e-11,2.7918184304918026e-11
5.222989339771144e-06,0.16628943999999996,0.8585084662769803,0.0,0.0,0.43596968694409005,0.06900233738710869,0.004651826859926385,9.181566440646403e-06,0.0026632323794422838,0.08157587933574464,0.033641565138411114,3.296104177290799e-05,5.619222339994458e-10,0.0016942136307725214,4.7013447073330563e-11,0.0005760101932877279,2.961627437307862e-09,2.965406585525769e-06,3.5238362892170458e-09,1.6174174584070416e-10,7.408734695250384e-06,3.2696409628146636e-05,0.004880663540448531,1.504892192320763e-06,0.0006466422512856439,1.1960181743073115e-09,1.960705493523012e-09,8.968604716939044e-08,1.1771678787064777e-07,1.3399841718861903e-07,0.0005771480144801874,0.008618716624947382,5.171525449671273e-07,0.0016081908056816234,5.169008505325008e-09,5.174318578320095e-05,1.0261271657349444e-07,3.6946820315519628e-06,2.2222735875273982e-10,1.4262770739829179e-10,3.6663838890190846e-06,8.951986491928592e-08,9.083516860827736e-12,3.235248762881481e-11,2.7915002738023334e-11
5.229589836883638e-06,0.16628943999999996,0.8585084662769803,0.0,0.0,0.4359457837477679,0.06896188657393185,0.004642680562812387,9.18153868438731e-06,0.0026625293806911547,0.08166201701669833,0.03366059362372177,3.2929006190654e-05,5.634024067846146e-10,0.001693399119241855,4.701101305909684e-11,0.0005761553394546177,2.963027792850291e-09,2.958584395587534e-06,3.5267168040350195e-09,1.6176681075726848e-10,7.395898347811104e-06,3.27533232790477e-05,0.004877535046703177,1.4978704221825855e-06,0.0006469341377759677,1.1912394709583864e-09,1.9559096292617148e-09,8.994638738796586e-08,1.1767926201230043e-07,1.344963359696313e-07,0.0005789997377519834,0.008641993992330493,5.174122681095755e-07,0.0016098014508676608,5.166240179618816e-09,5.183325478888444e-05,1.0266512773310139e-07,3.6882607426054287e-06,2.2245152261888594e-10,1.4263977252020728e-10,3.6725398301828056e-06,8.9427949735899e-08,9.09882936868266e-12,3.227628801522923e-11,2.7911828115279214e-11
5.236190333996132e-06,0.16628943999999996,0.8585084662769803,0.0,0.0,0.43592187123142245,0.0689214606509771,0.004633553163751546,9.181510532184882e-06,0.002661826123607456,0.08174809975560991,0.033679584476011895,3.2897016378783645e-05,5.648836658552616e-10,0.001692585377410033,4.70087277664564e-11,0.0005763003245826196,2.9644379114192436e-09,2.951780581909225e-06,3.5295933916163994e-09,1.6179163306970214e-10,7.3830869467848865e-06,3.281039954911462e-05,0.0048744085201170954,1.4908913927129075e-06,0.0006472255994959997,1.1864871807663088e-09,1.951126316732421e-09,9.020736046403673e-08,1.1764172563357735e-07,1.349950138972114e-07,0.0005808531913848764,0.008665278650483416,5.176713792370987e-07,0.001611410791814834,5.163474364093626e-09,5.192358114918459e-05,1.0271741555715376e-07,3.6818501266613383e-06,2.2267540719823246e-10,1.4265166554643817e-10,3.6787129657657453e-06,8.933616648464304e-08,9.11418512077878e-12,3.2200296337371253e-11,2.7908660387439e-11
5.242790831108626e-06,0.16628943999999996,0.8585084662769803,0.0,0.0,0.4358979494642258,0.06888105960481405,0.004624444622380141,9.181481986253256e-06,0.0026611226096612487,0.08183412757612901,0.03369853777498931,3.2865072272486896e-05,5.663660072012724e-10,0.0016917724047350762,4.7006591630519983e-11,0.0005764451489319928,2.965857834702838e-09,2.9449950806834655e-06,3.532466057273398e-09,1.6181621352136082e-10,7.370300441626246e-06,3.286763936519959e-05,0.004871283960415974,1.4839547756879022e-06,0.0006475166372428564,1.1817611139946986e-09,1.9463555216023156e-09,9.046896592350719e-08,1.1760417882194616e-07,1.3549444964042083e-07,0.000582708369665655,0.008688570534861046,5.179298797130095e-07,0.001613018829314799,5.160711057687905e-09,5.201416633089043e-05,1.0276958032021642e-07,3.675450169957892e-06,2.2289901270979683e-10,1.426633871083592e-10,3.684903396579323e-06,8.924451498881963e-08,9.129584367564083e-12,3.2124511876086905e-11,2.7905499505727328e-11
5.2493913282211205e-06,0.16628943999999996,0.8585084662769803,0.0,0.0,0.4358740185151993,0.06884068342201934,0.004615354898419685,9.181453048791254e-06,0.002660418840316742,0.0819201005018894,0.03371745360019368,3.283317380701107e-05,5.678494268162562e-10,0.0016909602006743595,4.700460508766384e-11,0.0005765898127622151,2.9672876045225257e-09,2.9382278284644885e-06,3.5353348063143646e-09,1.6184055285369986e-10,7.357538781915008e-06,3.292504365651831e-05,0.004868161367322469,1.4770602459759646e-06,0.0006478072518115632,1.1770610826168751e-09,1.9415972096329388e-09,9.073120328921979e-08,1.1756662166454298e-07,1.359946418665e-07,0.0005845652668851002,0.008711869581065856,5.18187770897886e-07,0.001614625564159459,5.157950259334857e-09,5.210501180453131e-05,1.0282162229630377e-07,3.669060858725484e-06,2.231223393732826e-10,1.4267493783539362e-10,3.691111223680449e-06,8.915299507182315e-08,9.145027360087656e-12,3.204893391623571e-11,2.7902345421834908e-11
5.262592322446109e-06,0.16628943999999996,0.8585084662769803,0.0,0.0,0.4358261293469963,0.06876000559287712,0.00459723174204291,9.181394007995639e-06,0.0026590105412606325,0.08209188176359045,0.03375517314660305,3.2769513539798364e-05,5.708194848462949e-10,0.0016893380962219452,4.700108253300412e-11,0.0005768786598992383,2.970176851722223e-09,2.924747819052471e-06,3.5410605757621853e-09,1.6188851111675956e-10,7.332089797776227e-06,3.304034939352018e-05,0.004861922079833878,1.4633961632176246e-06,0.0006483872145839665,1.1677383823719009e-09,1.9321178986928407e-09,9.125757181542323e-08,1.1749147665932036e-07,1.3699729042710793e-07,0.0005882841953229924,0.008758488902103071,5.187017308232054e-07,0.0016178351290516834,5.1524361824934995e-09,5.2287489528410175e-05,1.0292533898086483e-07,3.6563141175575305e-06,2.2356815703813817e-10,1.4269752929276925e-10,3.7035794721981363e-06,8.89703492683545e-08,9.176045589545706e-12,3.189839466012437e-11,2.7896057456570272e-11
5.275793316671097e-06,0.16628943999999996,0.8585084662769803,0.0,0.0,0.43577820427599945,0.06867942705630567,0.004579183374092009,9.18133342708733e-06,0.002657601238037206,0.08226344372946688,0.033792743748206226,3.270603506027205e-05,5.737938079693637e-10,0.0016877190596990082,4.6998163618666034e-11,0.0005771668680540341,2.973105990253893e-09,2.911340053216608e-06,3.5467707423486856e-09,1.6193551375265565e-10,7.3067395934858376e-06,3.315632424100753e-05,0.004855690655372459,1.4498966039175077e-06,0.0006489654941310287,1.1585176093048661e-09,1.922688111882264e-09,9.178646216436327e-08,1.1741629130844352e-07,1.380029488807621e-07,0.0005920099311047247,0.00880513610135473,5.192132698431687e-07,0.0016210394928314993,5.146932124930983e-09,5.247102615969093e-05,1.0302856779198088e-07,3.643609792852092e-06,2.2401286196362923e-10,1.4271944491511763e-10,3.716118524669332e-06,8.878822766326328e-08,9.20724182953089e-12,3.174867292682936e-11,2.788979611429795e-11
5.288994310896085e-06,0.16628943999999996,0.8585084662769803,0.0,0.0,0.4357302438490161,0.06859894770517358,0.004561209475391358,9.181271323118978e-06,0.0026561909421533264,0.08243478658801778,0.03383016603529926,3.264273785247776e-05,5.767723642701142e-10,0.0016861030867416171,4.699585188086466e-11,0.0005774544392746725,2.9760753594817e-09,2.8980040360815895e-06,3.5524653483995784e-09,1.6198156662499692e-10,7.281487770120303e-06,3.327297571749918e-05,0.004849467091611612,1.4365590748491483e-06,0.0006495420967369625,1.1493973188703555e-09,1.913307578665389e-09,9.231787040933324e-08,1.1734106629726368e-07,1.3901160650069703e-07,0.0005957424287010059,0.00885181066892149,5.197223987444216e-07,0.0016242386618425982,5.141438077926033e-09,5.2655633596796424e-05,1.0313131090204746e-07,3.63094777419157e-06,2.2445645593096427e-10,1.4274068966809653e-10,3.7287291983477047e-06,8.860662884708883e-08,9.23861810997609e-12,3.1599763136099844e-11,2.788356102480476e-11
5.302195305121073e-06,0.16628943999999996,0.8585084662769803,0.0,0.0,0.4356822486104848,0.06851856743246248,0.004543309728113839,9.18120771291062e-06,0.002654779665025828,0.08260591052748613,0.033867440635518144,3.257962140138119e-05,5.797551218944015e-10,0.0016844901729757735,4.69941508757289e-11,0.0005777413755970532,2.979085300895859e-09,2.8847392782543314e-06,3.5581444361767437e-09,1.6202667556734804e-10,7.256333930693213e-06,3.339031137904988e-05,0.004843251386177349,1.4233811290295719e-06,0.0006501170286527541,1.1403760921396316e-09,1.9039760299926544e-09,9.285179257555865e-08,1.1726580230600714e-07,1.4002325253207756e-07,0.0005994816426476283,0.008898512097234607,5.202291282702789e-07,0.0016274326424322188,5.135954032675294e-09,5.284132379755123e-05,1.0323357047473872e-07,3.618327951052351e-06,2.2489894073158123e-10,1.4276126848663282e-10,3.7414123143773878e-06,8.842555141189871e-08,9.270176470336768e-12,3.145165976854779e-11,2.7877351824855583e-11
5.3153962993460614e-06,0.16628943999999996,0.8585084662769803,0.0,0.0,0.43563421910248556,0.06843828613126718,0.00452548381577578,9.181142613053676e-06,0.0026533674179826596,0.0827768157358576,0.033904568173848945,3.251668519286902e-05,5.827420490498114e-10,0.0016828803140174922,4.699306417918806e-11,0.0005780276790450062,2.9821361581099552e-09,2.8715452957271135e-06,3.563808047877543e-09,1.620708463833514e-10,7.231277680133764e-06,3.350833881915234e-05,0.004837043536648645,1.4103603646964018e-06,0.0006506902960963403,1.1314525352499244e-09,1.8946931982930185e-09,9.338822464056114e-08,1.1719050000983104e-07,1.4103787619242034e-07,0.000603227527545985,0.008945239881045666,5.207334691208611e-07,0.0016306214409510119,5.130479980293992e-09,5.302810877902666e-05,1.0333534866503488e-07,3.6057502128109236e-06,2.2534031816694442e-10,1.4278118627508496e-10,3.754168697780041e-06,8.82449939513037e-08,9.301918959558071e-12,3.1304357364577773e-11,2.7871168158041498e-11
5.32859729357105e-06,0.16628943999999996,0.8585084662769803,0.0,0.0,0.43558615586475075,0.06835810369479525,0.004507731423231876,9.181076039914829e-06,0.0026519542122640165,0.08294750240085948,0.033941549272637914,3.2453928713749875e-05,5.857331140061811e-10,0.0016812735054728817,4.699259538685721e-11,0.000578313351630395,2.9852282768581536e-09,2.8584216097827096e-06,3.5694562256341624e-09,1.6211408484684875e-10,7.206318625265759e-06,3.362706566863712e-05,0.004830843540557794,1.3974944243109833e-06,0.0006512619052528987,1.122625278868299e-09,1.885458817466239e-09,9.392716253445983e-08,1.1711516007887973e-07,1.420554666719483e-07,0.0006069800380634823,0.008991993517416462,5.212354319532326e-07,0.0016338050637529225,5.125015911816584e-09,5.321600061738238e-05,1.0343664761925011e-07,3.59321444874991e-06,2.2578059004836694e-10,1.428004479074053e-10,3.766999177441695e-06,8.806495506047335e-08,9.333847636041369e-12,3.115785052333922e-11,2.7865009674631858e-11
5.341798287796038e-06,0.16628943999999996,0.8585084662769803,0.0,0.0,0.4355380594346749,0.06827802001636694,0.004490052236670156,9.181008009639844e-06,0.002650540059023453,0.08311797070995929,0.03397838455160148,3.2391351451755355e-05,5.887282850961112e-10,0.0016796697429382296,4.6992748113921725e-11,0.0005785983953532156,2.9883620049922757e-09,2.845367746901498e-06,3.5750890115129285e-09,1.6215639670200228e-10,7.181456374787083e-06,3.374649959557042e-05,0.004824651395390742,1.3847809935876503e-06,0.0006518318622750851,1.1138929776685439e-09,1.8762726228752027e-09,9.446860214035897e-08,1.1703978317833871e-07,1.4307601313404164e-07,0.0006107391289341166,0.009038772505708706,5.217350273815367e-07,0.0016369835171950588,5.1195618181973885e-09,5.34050114477045e-05,1.0353746947505953e-07,3.5807205480640025e-06,2.262197581968356e-10,1.4281905822730165e-10,3.7799045860993615e-06,8.78854333361509e-08,9.365964567610224e-12,3.1012133901700126e-11,2.7858876031430044e-11
5.354999282021026e-06,0.16628943999999996,0.8585084662769803,0.0,0.0,0.43548993034732464,0.0681980349894151,0.004472445943606944,9.180938538157293e-06,0.00264912496932896,0.08328822085036394,0.03401507462783636,3.232895289554128e-05,5.917275307154685e-10,0.001678069022000085,4.699352599502062e-11,0.0005788828122016959,2.9915376924787745e-09,2.832383238670556e-06,3.580706447513667e-09,1.621977876634165e-10,7.1566905392496936e-06,3.386664830514946e-05,0.004818467098587438,1.3722178005473819e-06,0.0006524001732833159,1.105254309821682e-09,1.8671343513382824e-09,9.501253929465999e-08,1.1696436996848813e-07,1.4409950471559808e-07,0.0006145047549588814,0.009085576347573983,5.222322659771331e-07,0.0016401568076375586,5.114117690311254e-09,5.3595153463840144e-05,1.0363781636152683e-07,3.568268399865824e-06,2.2665782444283727e-10,1.4283702204839836e-10,3.792885760327406e-06,8.770642737666897e-08,9.398271831475772e-12,3.086720221324322e-11,2.7852766891632778e-11
5.368200276246014e-06,0.16628943999999996,0.8585084662769803,0.0,0.0,0.43544176913544913,0.06811814850748485,0.004454912232881822,9.180867641182228e-06,0.002647708954164035,0.08345825300901859,0.03405162011582952,3.226673253468877e-05,5.947308193238823e-10,0.0016764713382353429,4.6994932684128955e-11,0.0005791666041523941,2.994755691395574e-09,2.8194676216947365e-06,3.5863085755690607e-09,1.622382634162587e-10,7.1320207310400735e-06,3.398751953959578e-05,0.00481229064754217,1.359802614595979e-06,0.0006529668443659859,1.0967079764987963e-09,1.8580437411217283e-09,9.555896978741399e-08,1.1688892110475549e-07,1.4512593052744512e-07,0.0006182768710062796,0.009132404546943638,5.227271582687336e-07,0.0016433249414434694,5.10868351895419e-09,5.378643891822855e-05,1.0373769039913173e-07,3.5558578931916994e-06,2.2709479062617952e-10,1.428543441543965e-10,3.8059435405236856e-06,8.75279357819648e-08,9.430771514201586e-12,3.072305022728391e-11,2.784668192469318e-11
5.381401270471002e-06,0.16628943999999996,0.8585084662769803,0.0,0.0,0.4353935763294899,0.06803836046423362,0.00443745079465262,9.180795334219738e-06,0.002646292024428722,0.08362806737260553,0.034088021627468185,3.2204689859705445e-05,5.977381194452309e-10,0.0016748766872113291,4.699697185443892e-11,0.0005794497731702959,2.9980163559287943e-09,2.8066204375096325e-06,3.591895437544022e-09,1.6227782961638042e-10,7.107446564360183e-06,3.410912107804623e-05,0.004806122039603909,1.3475332456251256e-06,0.0006535318815797417,1.0882527013864464e-09,1.849000531932096e-09,9.610788936265587e-08,1.1681343723776686e-07,1.461552796547187e-07,0.0006220554320127506,0.009179256610018786,5.2321971474254e-07,0.0016464879249786237,5.1032592948440155e-09,5.397888012172852e-05,1.0383709369979734e-07,3.543488917007335e-06,2.275306585958236e-10,1.4287102929923368e-10,3.819078770895454e-06,8.734995715359546e-08,9.463465711667886e-12,3.0579672767909125e-11,2.7840620806186914e-11
5.394602264695991e-06,0.16628943999999996,0.8585084662769803,0.0,0.0,0.4353453524575908,0.0679586707534307,0.004420061320390409,9.180721632568475e-06,0.0026448741909406354,0.08379766412754332,0.034124279772049786,3.214282436202668e-05,6.007493996681215e-10,0.0016732850644858865,4.69996471982403e-11,0.0005797323212089093,3.001320042369353e-09,2.793841232496407e-06,3.5974670752350677e-09,1.6231649189043797e-10,7.082967655208828e-06,3.423146073644184e-05,0.004799961272076634,1.3354075431370145e-06,0.0006540952909497055,1.0798872302141287e-09,1.8400044649087065e-09,9.665929371874794e-08,1.1673791901339757e-07,1.471875411572663e-07,0.0006258403929831663,0.009226132045260273,5.237099458423793e-07,0.0016496457646115144,5.0978450086210134e-09,5.417248944344256e-05,1.0393602836691766e-07,3.5311613602134296e-06,2.2796543020971125e-10,1.4288708220724304e-10,3.832292299445043e-06,8.717249009475333e-08,9.496356529035293e-12,3.0437064713037034e-11,2.7834583217682012e-11
5.407803258920979e-06,0.16628943999999996,0.8585084662769803,0.0,0.0,0.4352970980456079,0.06787907926895742,0.004402743502874507,9.180646551324073e-06,0.0026434554644359605,0.08396704345998574,0.03416039515629188,3.208113553401699e-05,6.037646286463614e-10,0.001671696465607462,4.700296242679959e-11,0.0005800142502103606,3.0046671091094543e-09,2.7811295577983962e-06,3.6030235303697183e-09,1.6235425583601332e-10,7.058583621363484e-06,3.4354546367414477e-05,0.004793808342219679,1.3234233953900175e-06,0.0006546570784697405,1.0716103302933083e-09,1.831055282616143e-09,9.721317850870642e-08,1.1666236707282195e-07,1.4822270407001204e-07,0.0006296317089912291,0.009273030363378804,5.241978619698402e-07,0.0016527984667131746,5.09244065084856e-09,5.4367279310537565e-05,1.0403449649538483e-07,3.518875111651188e-06,2.2839910733459892e-10,1.429025075733117e-10,3.845584977955306e-06,8.699553321028161e-08,9.529446080707943e-12,3.029522099349625e-11,2.7828568846611566e-11
5.421004253145967e-06,0.16628943999999996,0.8585084662769803,0.0,0.0,0.4352488136171196,0.06779958590480666,0.0043854970361874935,9.180570105382528e-06,0.0026420358555704383,0.08413620555582103,0.034196368384342056,3.201962286897125e-05,6.067837750994204e-10,0.0016701108861151925,4.7006921270238156e-11,0.0005802955621054879,3.0080579166389545e-09,2.7684849692395132e-06,3.6085648446058966e-09,1.623911270217343e-10,7.034294082362544e-06,3.447838586017137e-05,0.004787663247248054,1.3115787285672493e-06,0.0006552172501026649,1.063420790068102e-09,1.8221527290367797e-09,9.776953934054493e-08,1.1658678205256189e-07,1.4926075740335955e-07,0.0006334293351799606,0.009319951077325,5.246834734844103e-07,0.0016559460376570593,5.087046212013792e-09,5.4563262208061964e-05,1.0413250017161663e-07,3.5066300601077665e-06,2.2883169184588836e-10,1.429173100630389e-10,3.85895766197485e-06,8.681908510668942e-08,9.562736490296107e-12,3.015413659212508e-11,2.7822577386150013e-11
5.434205247370955e-06,0.16628943999999996,0.8585084662769803,0.0,0.0,0.43520049969343577,0.06772019055508284,0.004368321615710241,9.180492309443478e-06,0.0026406153749203316,0.0843051506006709,0.03423220005778784,3.19582858611161e-05,6.098068078128878e-10,0.0016685283215389923,4.70115274774095e-11,0.0005805762588139341,3.011492827541606e-09,2.7559070272443808e-06,3.6140910595313464e-09,1.6242711098739505e-10,7.010098659487971e-06,3.460298714037747e-05,0.004781525984332778,1.2998715059638067e-06,0.0006557758117805159,1.0553174186762907e-09,1.8132965495633453e-09,9.832837177760175e-08,1.1651116458453508e-07,1.503016901435522e-07,0.0006372332267620881,0.009366893702279609,5.251667907036116e-07,0.0016590884838189237,5.08166168252822e-09,5.476045067875966e-05,1.0423004147358384e-07,3.4944260943216323e-06,2.292631856274661e-10,1.429314943128927e-10,3.872411210803029e-06,8.664314439216725e-08,9.596229890578243e-12,3.001380654288994e-11,2.7816608535091846e-11
5.447406241595943e-06,0.16628943999999996,0.8585084662769803,0.0,0.0,0.4351521567936086,0.06764089311400168,0.004351216938116945,9.180413178013459e-06,0.0026391940329833653,0.08447387877988977,0.03426789077566652,3.1897124005611345e-05,6.128336956389203e-10,0.001666948767399641,4.7016784815775324e-11,0.0005808563422442388,3.014972206491186e-09,2.7433952967601563e-06,3.619602216663054e-09,1.624622132440762e-10,6.985996975748376e-06,3.4728358170035646e-05,0.004775396550601207,1.2882997271975622e-06,0.0006563327694047587,1.0472990455224085e-09,1.8044864909915142e-09,9.888967133887629e-08,1.1643551529610173e-07,1.513454912530707e-07,0.0006410433390205213,0.009413857755643656,5.256478239031379e-07,0.0016622258115767125,5.0762870527284014e-09,5.495885732288034e-05,1.0432712247083786e-07,3.4822631029878474e-06,2.296935905715368e-10,1.4294506493036692e-10,3.885946487474717e-06,8.646770967660235e-08,9.629928423462507e-12,2.9874225930022536e-11,2.7810661997734155e-11
5.460607235820932e-06,0.16628943999999996,0.8585084662769803,0.0,0.0,0.43510378543444067,0.0675616934758901,0.004334182701370183,9.180332725409038e-06,0.002637771840179661,0.08464239027856393,0.03430344113447495,3.183613679855134e-05,6.158644074966806e-10,0.0016653722192088716,4.7022697071280734e-11,0.0005811358142939295,3.018496420247509e-09,2.730949347180019e-06,3.625098357446685e-09,1.6249643927426437e-10,6.961988655862471e-06,3.48545069473648e-05,0.004769274943137352,1.2768614274343949e-06,0.0006568881288465458,1.039364519858835e-09,1.7957223015125438e-09,9.945343349935415e-08,1.1635983481011095e-07,1.52392149670982e-07,0.0006448596273087106,0.009460842757028753,5.261265833169887e-07,0.0016653580273104365,5.07092231287655e-09,5.515849479798661e-05,1.0442374522453738e-07,3.470140974763271e-06,2.301229085784658e-10,1.4295802649413666e-10,3.899564358744867e-06,8.629277957159375e-08,9.663834239947712e-12,2.973538988717541e-11,2.7804737483760756e-11
5.47380823004592e-06,0.16628943999999996,0.8585084662769803,0.0,0.0,0.4350553861304963,0.06748259153518595,0.004317218604715975,9.180250965759945e-06,0.0026363488068526417,0.0848106852815109,0.034338851728179416,3.1775323736966406e-05,6.188989123727727e-10,0.0016637986724694596,4.702926804822842e-11,0.000581414676849611,3.0220658376523102e-09,2.7185687522682797e-06,3.6305795232560315e-09,1.6252979453197255e-10,6.93807332624289e-06,3.4981441506675806e-05,0.004763161158982207,1.2655546766410387e-06,0.0006574418959469163,1.0315127103812543e-09,1.787003730705935e-09,1.0001965369034201e-07,1.1628412374494617e-07,1.5344165431334056e-07,0.0006486820470511317,0.009507848228247351,5.266030791376077e-07,0.001668485137402064,5.065567453161199e-09,5.5359375818757675e-05,1.0451991178747659e-07,3.458059598271687e-06,2.3055114155661614e-10,1.4297038355421403e-10,3.913265695072837e-06,8.611835269046747e-08,9.697949500083783e-12,2.9597293596595565e-11,2.779883470813107e-11
5.487009224270908e-06,0.16628943999999996,0.8585084662769803,0.0,0.0,0.4350069593941099,0.06740358718643787,0.004300324348678847,9.180167913012084e-06,0.0026349249432699247,0.0849787639732785,0.03437412314822536,3.1714684318824326e-05,6.219371793216646e-10,0.001662228122675312,4.703650156915173e-11,0.0005816929317870546,3.0256808296250175e-09,2.706253090087068e-06,3.636045755392462e-09,1.6256228444285917e-10,6.91425061498042e-06,3.5109169918245366e-05,0.004757055195134076,1.2543775788421722e-06,0.0006579940765170603,1.0237425048264305e-09,1.778330529532127e-09,1.0058832729979195e-07,1.162083827145696e-07,1.544939940735247e-07,0.0006525105537436096,0.009554873693303116,5.270773215160185e-07,0.0016716071482354084,5.060222463697827e-09,5.5561513156789724e-05,1.0461562420411175e-07,3.4460188621088566e-06,2.3097829142219695e-10,1.4298214063210258e-10,3.927051370606517e-06,8.59444276482919e-08,9.732276372931649e-12,2.945993228831546e-11,2.7792953390968684e-11
5.500210218495896e-06,0.16628943999999996,0.8585084662769803,0.0,0.0,0.4349585057353958,0.06732468032430507,0.004283499635056933,9.180083580930539e-06,0.002633500259624204,0.08514662653814438,0.03440925598354712,3.1654218043031756e-05,6.249791774661078e-10,0.0016606605653115536,4.7044401474686985e-11,0.0005819705809712869,3.02934176915842e-09,2.694001942924579e-06,3.6414970950843955e-09,1.6259391440434742e-10,6.890520151828548e-06,3.5237700288187866e-05,0.004750957048548873,1.2433282714203272e-06,0.0006585446763385006,1.0160528095930794e-09,1.769702450325228e-09,1.0115944967262685e-07,1.1613261232856651e-07,1.5554915782263734e-07,0.0006563451029538085,0.009601918678381277,5.27549320561957e-07,0.0016747240661960127,5.054887334529497e-09,5.576491964039306e-05,1.0471088451058914e-07,3.434018654847501e-06,2.3140436009909958e-10,1.4299330222095097e-10,3.940922263166206e-06,8.577100306189265e-08,9.766817036522646e-12,2.932330123936139e-11,2.7787093257457572e-11
5.513411212720884e-06,0.16628943999999996,0.8585084662769803,0.0,0.0,0.4349100256622579,0.06724587084355725,0.004266744166917053,9.179997983102487e-06,0.0026320747660341036,0.08531427316011528,0.034444250820577664,3.1593924409435725e-05,6.280248759975472e-10,0.001659095995854621,4.7052971623444584e-11,0.0005822476262566764,3.033049031314183e-09,2.6818148972248343e-06,3.646933583486776e-09,1.6262468978574457e-10,6.866881568188382e-06,3.5367040758324947e-05,0.004744866716140449,1.2324049243892113e-06,0.0006590937011633668,1.0084425493473374e-09,1.7611192467857794e-09,1.0173301611107056e-07,1.1605681319218781e-07,1.5660713440983025e-07,0.0006601856503215202,0.009648982711839135,5.280190863440159e-07,0.0016778358976710429,5.049562055627486e-09,5.596960815438576e-05,1.0480569473477171e-07,3.422058865042198e-06,2.3182934951875422e-10,1.4300387278570695e-10,3.9548792542283215e-06,8.559807754986741e-08,9.80157367781733e-12,2.9187395772978556e-11,2.7781254037732147e-11
5.5238297817394325e-06,0.16628943999999996,0.8585084662769803,0.0,0.0,0.43487174560591807,0.0671837410327445,0.004253569011131943,9.179929542191103e-06,0.0026309491640397115,0.08544643190131487,0.034471772608326505,3.154646066753527e-05,6.304312132163847e-10,0.0016578633034666848,4.706021117902029e-11,0.000582465852449985,3.036007852988942e-09,2.6722415528623007e-06,3.6512137431443997e-09,1.6264837864889143e-10,6.848290012075534e-06,3.546969697109756e-05,0.004740065582087275,1.2238716871603174e-06,0.0006595258976060114,1.0024917239164588e-09,1.7543766823568992e-09,1.0218741223408976e-07,1.1599697063176111e-07,1.5744409580850636e-07,0.0006632209164289088,0.00968614001569272,5.283882675377155e-07,0.0016802882491206278,5.045366154768904e-09,5.61320673426304e-05,1.0488020498158992e-07,3.4126483505885566e-06,2.3216400151628634e-10,1.430118009710057e-10,3.965955846593777e-06,8.54619516913758e-08,9.829158458457567e-12,2.908064489076525e-11,2.7776660165286565e-11
5.534248350757981e-06,0.16628943999999996,0.8585084662769803,0.0,0.0,0.43483344965928816,0.06712167176152929,0.004240436657836302,9.17986032774919e-06,0.002629823068713763,0.08557845634112843,0.034499209089742244,3.149910390467015e-05,6.328398210951967e-10,0.0016566324671250883,4.706787254187003e-11,0.0005826837045385449,3.0389959491585666e-09,2.6627076812306498e-06,3.6554846980153875e-09,1.6267154115406254e-10,6.829755277380752e-06,3.5572866905666296e-05,0.0047352693118081,1.2154149172322019e-06,0.0006599571193840443,9.965892057101739e-10,1.7476617975758993e-09,1.0264332541091165e-07,1.1593711083132607e-07,1.5828279680140078e-07,0.0006662598693290347,0.009723308662043354,5.287560688391264e-07,0.0016827374394317658,5.041176378137041e-09,5.6295339525218645e-05,1.0495443712946254e-07,3.403262887050556e-06,2.3249798343220583e-10,1.430193659535665e-10,3.977087055764102e-06,8.532613515845873e-08,9.856880217742437e-12,2.8974340815229626e-11,2.7772079026230304e-11
5.544666919776529e-06,0.16628943999999996,0.8585084662769803,0.0,0.0,0.43479513806915576,0.06705966297832651,0.004227346962722429,9.179790346228162e-06,0.002628696484934776,0.08571034656965329,0.034526560549833406,3.145185387621369e-05,6.352506845803536e-10,0.0016554034845948338,4.7075957632254215e-11,0.0005829011834200928,3.0420135069185633e-09,2.653213084348707e-06,3.6597464682329918e-09,1.6269417990395435e-10,6.811277185042729e-06,3.567655461127009e-05,0.00473047790373105,1.2070337564588173e-06,0.0006603873692868864,9.90734489342191e-10,1.7409744731495912e-09,1.0310075327658962e-07,1.1587723408280168e-07,1.5912323187877808e-07,0.0006693024873109393,0.00976048842187837,5.291224951439239e-07,0.001685183471746214,5.036992720708674e-09,5.6459431110261804e-05,1.0502839216440695e-07,3.393902419630182e-06,2.328312962255666e-10,1.4302656989147845e-10,3.988273319849161e-06,8.519062727440468e-08,9.884740042442857e-12,2.8868481306493528e-11,2.7767510494194377e-11
5.555085488795077e-06,0.16628943999999996,0.8585084662769803,0.0,0.0,0.43475681108146313,0.06699771463159364,0.00421429978196806,9.179719604014299e-06,0.0026275694175536776,0.08584210267688089,0.0345538272726515,3.140471033790617e-05,6.376637886454233e-10,0.001654176353637679,4.708446837722495e-11,0.0005831182899883481,3.0450607141605517e-09,2.643757565754753e-06,3.6639990739012633e-09,1.6271629749051943e-10,6.792855556619493e-06,3.5780764150814016e-05,0.004725691356268374,1.1987273584519389e-06,0.0006608166500928083,9.849270760220986e-10,1.7343145903049773e-09,1.0355969345004962e-07,1.1581734067648313e-07,1.5996539552291467e-07,0.0006723487486922591,0.009797679067014602,5.294875513319888e-07,0.001687626349206209,5.032815177433608e-09,5.662434852749835e-05,1.0510207106926509e-07,3.384566893528965e-06,2.3316394085812303e-10,1.430334149321e-10,3.999515078353976e-06,8.505542736321033e-08,9.912739022735338e-12,2.8763064141585763e-11,2.7762954444595303e-11
5.565504057813625e-06,0.16628943999999996,0.8585084662769803,0.0,0.0,0.4347184689413112,0.06693582666983067,0.004201294972234911,9.179648107429545e-06,0.0026264418713940426,0.08597372475269646,0.03458100954129388,3.135767304585518e-05,6.400791182912893e-10,0.0016529510720121596,4.7093406710585334e-11,0.0005833350251330396,3.048137759570759e-09,2.6343409304868656e-06,3.6682425350949032e-09,1.6273789649500295e-10,6.774490214284223e-06,3.588549960082679e-05,0.004720909667816519,1.1904948883779998e-06,0.000661244964569036,9.791664734478073e-10,1.7276820307870792e-09,1.0402014353419393e-07,1.1575743090105387e-07,1.6080928220817871e-07,0.000675398631819264,0.009834880370095589,5.298512422674751e-07,0.001690066074954437,5.028643743234856e-09,5.679009822822653e-05,1.0517547482371171e-07,3.375256253949388e-06,2.3349591829430016e-10,1.4303990321210628e-10,4.010812772173459e-06,8.49205347495852e-08,9.940878252188744e-12,2.865808711422556e-11,2.77584107546055e-11
5.575922626832173e-06,0.16628943999999996,0.8585084662769803,0.0,0.0,0.4346801118929615,0.06687399904157997,0.004188332390667173,9.179575862732324e-06,0.0026253138512523392,0.08610521288687928,0.034608107637906727,3.1310741756536175e-05,6.424966585462627e-10,0.0016517276374736199,4.710277457284848e-11,0.0005835513897399289,3.051244832628434e-09,2.624962985063849e-06,3.6724768718591116e-09,1.6275897948797881e-10,6.756180980821179e-06,3.599076505141747e-05,0.004716132836756229,1.1823355227736469e-06,0.0006616723154718782,9.734521957083213e-10,1.7210766768567998e-09,1.0448210111601432e-07,1.1569750504359751e-07,1.6165488640111342e-07,0.0006784521150668947,0.009872092104588797,5.302135727988708e-07,0.0016925026521340005,5.0244784130088415e-09,5.695668668523555e-05,1.0524860440426135e-07,3.3659704460962634e-06,2.338272295011756e-10,1.430460368575327e-10,4.0221668435870475e-06,8.478594875895544e-08,9.969158827750777e-12,2.8553548034612278e-11,2.775387930312668e-11
5.586341195850722e-06,0.16628943999999996,0.8585084662769803,0.0,0.0,0.4346417401798394,0.06681223169542638,0.0041754118948900505,9.17950287611833e-06,0.0026241853618981545,0.08623656716910214,0.034635121843687965,3.1263916226792897e-05,6.449163944661961e-10,0.0016505060477742383,4.7112573911196325e-11,0.0005837673846908369,3.054382123604245e-09,2.6156235374662283e-06,3.6767021042094495e-09,1.627795490293854e-10,6.737927679621651e-06,3.6096564606231656e-05,0.004711360861452645,1.1742484493629437e-06,0.0006620987055466652,9.677837631751679e-10,1.7144984112887527e-09,1.0494556376666699e-07,1.1563756338961012e-07,1.6250220256061008e-07,0.000681509176839047,0.009909314044782583,5.305745477589748e-07,0.0016949360838883886,5.020319181625589e-09,5.712412039273698e-05,1.0532146078427853e-07,3.3567094151781136e-06,2.341578754483843e-10,1.4305181798382088e-10,4.033577736253344e-06,8.465166871746885e-08,9.997581849734426e-12,2.8449444729215265e-11,2.7749359970758988e-11
5.59675976486927e-06,0.16628943999999996,0.8585084662769803,0.0,0.0,0.43460335404453715,0.06675052457999713,0.0041625333430082715,9.179429153721296e-06,0.0026230564080744353,0.08636778768893144,0.034662052438890194,3.1217196213837776e-05,6.473383111345932e-10,0.0016492863006630572,4.712280667943815e-11,0.0005839830108636692,3.0575498235587404e-09,2.606322397117754e-06,3.680918252131721e-09,1.627996076685618e-10,6.719730134680013e-06,3.62029023824073e-05,0.004706593740255388,1.1662328668751703e-06,0.0006625241375278162,9.621607024057048e-10,1.7079471173690804e-09,1.0541052904154662e-07,1.1557760622301203e-07,1.633512251379695e-07,0.0006845697955686029,0.009946545965783465,5.309341719649538e-07,0.0016973663733614464,5.016166043928901e-09,5.729240586629457e-05,1.0539404493398646e-07,3.3474731064085157e-06,2.344878571080637e-10,1.4305724869586782e-10,4.045045895204661e-06,8.451769395199931e-08,1.002614842180442e-11,2.834577504057046e-11,2.7744852639774943e-11
5.607178333887818e-06,0.16628943999999996,0.8585084662769803,0.0,0.0,0.4345649537288157,0.06668887764396159,0.004149696593604615,9.179354701613778e-06,0.002621926994497714,0.08649887453582704,0.03468889970282359,3.11705814752525e-05,6.497623936627187e-10,0.001648068393886008,4.7133474837969147e-11,0.0005841982691324396,3.060748124340687e-09,2.597059374866999e-06,3.6851253355818017e-09,1.6281915794428383e-10,6.701588170589814e-06,3.630978251053064e-05,0.0047018314714986536,1.1582879848673097e-06,0.0006629486141391139,9.565825460616219e-10,1.7014226788933614e-09,1.0587699448044713e-07,1.1551763382615858e-07,1.6420194857695864e-07,0.0006876339497173559,0.009983787643513454,5.312924502184919e-07,0.0016997935236973427,5.01201899473655e-09,5.7461549642753374e-05,1.0546635782047204e-07,3.338261465007452e-06,2.3481717545492023e-10,1.4306233108806925e-10,4.056571766841561e-06,8.438402379015073e-08,1.0054859650963442e-11,2.8242536827078108e-11,2.774035719409827e-11
5.617596902906366e-06,0.16628943999999996,0.8585084662769803,0.0,0.0,0.4345265394736086,0.06662729083603147,0.00413690150573845,9.179279525807914e-06,0.0026207971258583296,0.08662982779914197,0.03471566391385883,3.1124071768988344e-05,6.521886271897066e-10,0.0016468523251859399,4.714458035372835e-11,0.0005844131603672937,3.063977218585303e-09,2.5878342829694594e-06,3.689323374485494e-09,1.6283820238479978e-10,6.68350161253995e-06,3.64172091345904e-05,0.00469707405350131,1.1504130235500333e-06,0.0006633721380935622,9.510488327972584e-10,1.6949249801645101e-09,1.0634495760766994e-07,1.1545764647985248e-07,1.6505436731406833e-07,0.0006907016177764602,0.01002103885470691,5.316493873057166e-07,0.001702217538040539,5.007878028840485e-09,5.763155828016889e-05,1.0553840040769583e-07,3.3290744362026218e-06,2.351458314661209e-10,1.4306706724435833e-10,4.068155798927298e-06,8.425065756026142e-08,1.0083716647537962e-11,2.8139727962803892e-11,2.7735873519271042e-11
5.628015471924914e-06,0.16628943999999996,0.8585084662769803,0.0,0.0,0.43448811151902406,0.0665657641049606,0.0041241479389442625,9.179203632256161e-06,0.002619666806820658,0.0867606475681226,0.03474234534942999,3.107766685336675e-05,6.546169968826644e-10,0.0016456380923026489,4.715612520015678e-11,0.0005846276854345358,3.067237299712673e-09,2.578646935069798e-06,3.693512388738458e-09,1.6285674350786616e-10,6.665470286310897e-06,3.65251864119321e-05,0.004692321484566982,1.1426072136169346e-06,0.0006637947120932943,9.455591071524224e-10,1.6884539059905352e-09,1.0681441593195638e-07,1.1539764446335568e-07,1.6590847577848912e-07,0.0006937727782663853,0.010058299376907895,5.320049879971283e-07,0.001704638419535761,5.0037431410070195e-09,5.780243835773525e-05,1.056101736565053e-07,3.3199119652307575e-06,2.3547382612108925e-10,1.4307145923826177e-10,4.079798440582271e-06,8.411759459140887e-08,1.0112720525164556e-11,2.803734633728339e-11,2.7731401502423305e-11
5.6384340409434625e-06,0.16628943999999996,0.8585084662769803,0.0,0.0,0.43444967010434776,0.06650429739954483,0.00411143575323018,9.179127026852043e-06,0.002618536042023327,0.08689133393190852,0.0347689442860374,3.1031366487079645e-05,6.570474879367789e-10,0.0016444256929729012,4.716811135715505e-11,0.0005848418451966531,3.0705285619261376e-09,2.5694971461845233e-06,3.6976923982060452e-09,1.6287478382078364e-10,6.647494018271028e-06,3.663371851321309e-05,0.0046875737629841355,1.1348697960768672e-06,0.0006642163388301122,9.401129195037342e-10,1.6820093416824535e-09,1.0728536694667801e-07,1.1533762805439862e-07,1.6676426839206663e-07,0.0006968474097366022,0.010095568988467779,5.323592570479485e-07,0.001707056171327973,4.9996143259769524e-09,5.797419647571085e-05,1.0568167852463608e-07,3.3107739973389107e-06,2.358011604017185e-10,1.4307550913294692e-10,4.091500142278369e-06,8.39848342134139e-08,1.014187240077592e-11,2.7935389855333708e-11,2.7726941032264208e-11
5.648852609962011e-06,0.16628943999999996,0.8585084662769803,0.0,0.0,0.4344112154680456,0.06644289066862212,0.004098764809076527,9.179049715430853e-06,0.0026174048360794316,0.08702188697953196,0.03479546099925063,3.098517042919004e-05,6.594800855754182e-10,0.0016432151249304644,4.718054081104091e-11,0.0005850556405123324,3.0738512002102557e-09,2.5603847326848327e-06,3.7018634227230825e-09,1.6289232582043272e-10,6.629572635372961e-06,3.674280962235556e-05,0.004682830887026182,1.1272000220892085e-06,0.0006646370209853298,9.347098259667338e-10,1.6755911730523774e-09,1.0775780813024003e-07,1.1527759752919192e-07,1.676217395698979e-07,0.0006999254907665318,0.010132847468541631,5.327121991981246e-07,0.0017094707965623374,4.995491578465847e-09,5.814683925534558e-05,1.0575291596671654e-07,3.301660477785729e-06,2.361278352924372e-10,1.430792189812454e-10,4.103261355833311e-06,8.385237575684421e-08,1.0171173394585978e-11,2.7833856436862062e-11,2.772249199905304e-11
5.659271178980559e-06,0.16628943999999996,0.8585084662769803,0.0,0.0,0.43437274784776714,0.06638154386107241,0.004086134967434355,9.178971703770394e-06,0.0026162731935767476,0.08715230679991831,0.03482189576371128,3.0939078439132295e-05,6.619147750502329e-10,0.0016420063859061333,4.719341555450664e-11,0.0005852690722364939,3.0772054103290504e-09,2.551309512279835e-06,3.7060254820938787e-09,1.6290937199330938e-10,6.6117059651499935e-06,3.685246393649779e-05,0.004678092854951558,1.1195971528021672e-06,0.0006650567612293028,9.293493882355261e-10,1.669199286411194e-09,1.0823173694570161e-07,1.1521755316243994e-07,1.6848088372013257e-07,0.0007030069999653284,0.010170134597085758,5.330638191718275e-07,0.0017118822983841926,4.9913748931642284e-09,5.8320373338808264e-05,1.0582388693429221e-07,3.2925713518427173e-06,2.364538517795979e-10,1.4308259082570975e-10,4.11508253440491e-06,8.372021855301911e-08,1.0200624630075678e-11,2.773274401667788e-11,2.7718054294548176e-11
5.669689747999107e-06,0.16628943999999996,0.8585084662769803,0.0,0.0,0.43433426748034687,0.06632025692581749,0.004073546089723989,9.178892997591657e-06,0.002615141119077945,0.08728259348188627,0.0348482488531359,3.089309027671272e-05,6.643515416412554e-10,0.0016407994736277573,4.720673758657602e-11,0.0005854821412203146,3.080591388824709e-09,2.542271303999956e-06,3.710178596092139e-09,1.6292592481556043e-10,6.593893835712573e-06,3.696268566594895e-05,0.0046733596650038196,1.112060459194925e-06,0.000665475562222361,9.240311735687662e-10,1.6628335685662806e-09,1.0870715084057608e-07,1.1515749522734842e-07,1.6934169524334617e-07,0.0007060919159706775,0.01020743015485625,5.334141216779902e-07,0.0017142906799390318,4.987264264737617e-09,5.8494805389108696e-05,1.0589459237582837e-07,3.2835065647954796e-06,2.367792108516777e-10,1.4308562669868898e-10,4.1269641324853215e-06,8.358836193401452e-08,1.0230227233979698e-11,2.7632050544316437e-11,2.7713627812012373e-11
5.680108317017655e-06,0.16628943999999996,0.8585084662769803,0.0,0.0,0.43429577460180774,0.06625902981182107,0.004060998037833577,9.178813602559521e-06,0.0026140086171207912,0.08741274711414647,0.03487452054031886,3.0847205702109925e-05,6.667903706569988e-10,0.001639594385820268,4.7220508912561234e-11,0.0005856948483112366,3.0840093330153344e-09,2.5332699281807116e-06,3.714322784460597e-09,1.6294198675301935e-10,6.576136075744844e-06,3.707347903414268e-05,0.004668631315411724,1.1045892219214723e-06,0.0006658934266147744,9.18754754780409e-10,1.6564939068199817e-09,1.0918404724823034e-07,1.1509742399563269e-07,1.7020416853412805e-07,0.0007091802174511498,0.010244733923403967,5.337631114109734e-07,0.0017166959443724588,4.983159687826794e-09,5.867014209002065e-05,1.059650332366923e-07,3.2744660619449535e-06,2.371039135001241e-10,1.4308832862232508e-10,4.138906605895207e-06,8.3456805232666e-08,1.0259982336270517e-11,2.753177398386069e-11,2.7709212446215645e-11
5.690526886036203e-06,0.16628943999999996,0.8585084662769803,0.0,0.0,0.43425726944736437,0.06619786246808847,0.004048490674117635,9.178733524283453e-06,0.002612875692218359,0.08754276778530237,0.034900711097135204,3.08014244758753e-05,6.692312474345525e-10,0.0016383911202057077,4.7234731544019776e-11,0.0005859071943530023,3.0874594409924815e-09,2.524305206446658e-06,3.7184580669109973e-09,1.6295756026124172e-10,6.558432514501251e-06,3.718484827758347e-05,0.004663907804389318,1.097182731157567e-06,0.000666310357045578,9.135197099638532e-10,1.6501801889674292e-09,1.0966242358747238e-07,1.1503733973753554e-07,1.710682979810947e-07,0.0007122718831061877,0.010282045685071918,5.341107930491815e-07,0.0017190980948301627,4.9790611570482165e-09,5.884639014601173e-05,1.0603521045919308e-07,3.2654497886086295e-06,2.374279607181853e-10,1.430906986085779e-10,4.150910411777891e-06,8.332554778257211e-08,1.0289891070142681e-11,2.7431912313751423e-11,2.7704808093337573e-11
5.7009454550547515e-06,0.16628943999999996,0.8585084662769803,0.0,0.0,0.43421875225142514,0.06613675484366703,0.004036023861395602,9.178652768318148e-06,0.002611742348859225,0.08767265558385136,0.034926820794543526,3.075574635893343e-05,6.71674157339677e-10,0.0016371896745032536,4.7249407498710744e-11,0.0005861191801856953,3.0909419116205036e-09,2.51537696169569e-06,3.7225844631243205e-09,1.6297264778554033e-10,6.540782981803183e-06,3.7296797645799004e-05,0.004659189130136042,1.0898402864521008e-06,0.0006667263561441572,9.083256224205359e-10,1.643892303293511e-09,1.1014227726032073e-07,1.1497724272183668e-07,1.7193407796402188e-07,0.0007153668916618846,0.010319365222996858,5.344571712550616e-07,0.0017214971344579047,4.974968666993854e-09,5.9023556282162993e-05,1.0610512498261344e-07,3.2564576901217404e-06,2.3775135350005553e-10,1.43092738659373e-10,4.162976008593431e-06,8.319458891810086e-08,1.0319954572001268e-11,2.7332463526623294e-11,2.7700414650955908e-11
5.7113640240733e-06,0.16628943999999996,0.8585084662769803,0.0,0.0,0.4341802232475933,0.06607570688764541,0.0040235974629504,9.178571340164208e-06,0.0026106085915076713,0.08780241059818225,0.03495284990258882,3.071017111258251e-05,6.741190857668978e-10,0.0016359900464292475,4.726453880055106e-11,0.0005863308066457198,3.094456944534797e-09,2.506485018083521e-06,3.726701992750239e-09,1.6298725176102068e-10,6.52318730803568e-06,3.740933140129982e-05,0.004654475290836789,1.0825611965791877e-06,0.0006671414265304636,9.031720809264208e-10,1.6376301385717425e-09,1.1062360565522035e-07,1.1491713321584963e-07,1.7280150285714663e-07,0.000718465221876145,0.01035669232110148,5.34802250677848e-07,0.0017238930664014763,4.9708822122312434e-09,5.9201647244081544e-05,1.0617477774314045e-07,3.2474897118384515e-06,2.3807409284357166e-10,1.430944507666007e-10,4.175103856112686e-06,8.306392797439341e-08,1.035017398144631e-11,2.7233425629151104e-11,2.7696032018153318e-11
5.721782593091848e-06,0.16628943999999996,0.8585084662769803,0.0,0.0,0.43414168266867387,0.06601471854915412,0.004011211342526988,9.178489245268807e-06,0.0026094744246038808,0.08793203291657525,0.03497879869040528,3.066469849849478e-05,6.765660181395975e-10,0.0016347922336972238,4.7280127479571724e-11,0.0005865420745658409,3.098004740137504e-09,2.4976292010084855e-06,3.730810675406748e-09,1.6300137461261646e-10,6.505645324144209e-06,3.7522453819520474e-05,0.0046497662846620175,1.0753447793918519e-06,0.0006675555708124252,8.980586793661133e-10,1.6313935840632736e-09,1.1110640614908483e-07,1.1485701148544434e-07,1.7367056703191235e-07,0.0007215668525413331,0.01039402676408917,5.351460359515413e-07,0.001726285893806669,4.966801787304385e-09,5.938066979783528e-05,1.0624416967389098e-07,3.2385457991330454e-06,2.38396179749688e-10,1.43095836912e-10,4.187294415411302e-06,8.293356428736497e-08,1.0380550441252132e-11,2.713479664185159e-11,2.7691660095372065e-11
5.732201162110396e-06,0.16628943999999996,0.8585084662769803,0.0,0.0,0.434103130746672,0.06595378977736509,0.003998865364330927,9.178406489026296e-06,0.002608339852564129,0.08806152262720639,0.03500466742621923,3.0619328278716974e-05,6.790149399101051e-10,0.0016335962340179335,4.729617557187396e-11,0.0005867529847752592,3.101585499597065e-09,2.488809337096526e-06,3.734910530680946e-09,1.630150187551243e-10,6.488156861631463e-06,3.763616918875967e-05,0.004645062109767819,1.0681903616842591e-06,0.0006679687915890411,8.929850162331743e-10,1.6251825295122493e-09,1.1159067609939482e-07,1.1479687779507161e-07,1.7454126484835348e-07,0.0007246717624722544,0.010431368337453423,5.354885316915182e-07,0.001728675619819263,4.962727386733608e-09,5.9560630729880216e-05,1.0631330170505134e-07,3.2296258974010606e-06,2.3871761521759865e-10,1.4309689906741313e-10,4.199548148863665e-06,8.280349719371057e-08,1.0411085097358013e-11,2.7036574598909764e-11,2.7687298784253824e-11
5.741577874227089e-06,0.16628943999999996,0.8585084662769803,0.0,0.0,0.4340684245096443,0.06589900477030936,0.0039877881936947876,9.17833144737266e-06,0.0026073183949680474,0.08817795005992751,0.03502788106494925,3.057858243168561e-05,6.81220658438435e-10,0.0016325213825723742,4.731101334099564e-11,0.0005869424988034992,3.1048365340928705e-09,2.4809020572141244e-06,3.738592869179412e-09,1.6302689117479978e-10,6.472462867332324e-06,3.773902354882548e-05,0.004640832481572441,1.0618038459910699e-06,0.0006683399028322395,8.884523683903651e-10,1.619614292141204e-09,1.1202777324367633e-07,1.1474274746536458e-07,1.7532628497953832e-07,0.0007274689676987347,0.010464981673290309,5.357956791120495e-07,0.0017308237241398649,4.959065572495491e-09,5.9723403507504655e-05,1.0637529908525908e-07,3.221618470112005e-06,2.3900635098777024e-10,1.430975796177519e-10,4.210630906066478e-06,8.268668984917048e-08,1.0438702495352633e-11,2.6948521083888467e-11,2.7683382597195075e-11
5.750954586343782e-06,0.16628943999999996,0.8585084662769803,0.0,0.0,0.43403370944001207,0.06584426793415002,0.003976743330292998,9.178255878214451e-06,0.002606296615955995,0.0882942702158213,0.03505103027235117,3.053791915866723e-05,6.834279660546028e-10,0.0016314479961702828,4.732622638177507e-11,0.0005871317243541831,3.1081145806089886e-09,2.473023635252867e-06,3.742268087572515e-09,1.6303837953409583e-10,6.456811967259978e-06,3.784236482735869e-05,0.004636606763844945,1.0554665332463296e-06,0.0006687102700138884,8.839513027417049e-10,1.614066541121017e-09,1.1246605655352331e-07,1.1468860785187788e-07,1.7611261967136933e-07,0.0007302687966031049,0.010498600456325426,5.361017890874548e-07,0.00173296932117368,4.955408629499177e-09,5.9886946860847455e-05,1.0643708737148526e-07,3.2136304077256035e-06,2.392945606406545e-10,1.4309800074899494e-10,4.221765548792125e-06,8.25701217261848e-08,1.046644980293195e-11,2.686079419838992e-11,2.7679474857548848e-11
5.760331298460475e-06,0.16628943999999996,0.8585084662769803,0.0,0.0,0.4339989857052592,0.0657895792319194,0.003965730676082673,9.178179785376957e-06,0.002605274518698523,0.08841048315894566,0.03507411524208691,3.0497338286973517e-05,6.856368522138492e-10,0.0016303760731371264,4.734181619096432e-11,0.0005873206620243858,3.1114197873780584e-09,2.4651739473155386e-06,3.7459362000730785e-09,1.6304948557247824e-10,6.441204039725238e-06,3.7946196177060855e-05,0.004632384955211629,1.0491779507062812e-06,0.0006690798950075362,8.794815363631583e-10,1.6085391970747906e-09,1.1290552407411667e-07,1.1463445914447043e-07,1.7690026480125408e-07,0.0007330712338031314,0.010532224531799634,5.364068649478511e-07,0.0017351124132138323,4.95175655370226e-09,6.005126577926534e-05,1.0649866723559707e-07,3.205661670483895e-06,2.3958224490796616e-10,1.4309816387784797e-10,4.23295241678548e-06,8.245379234283758e-08,1.0494327861988883e-11,2.677339253709067e-11,2.7675575496174077e-11
5.768770339365499e-06,0.16628943999999996,0.8585084662769803,0.0,0.0,0.43396772707331127,0.06574040052388899,0.003955846745360302,9.17811085721235e-06,0.0026043543616751643,0.08851498319372461,0.03509483695123165,3.046088581305374e-05,6.876261907117368e-10,0.0016294125922023024,4.7356170396410945e-11,0.0005874904602813623,3.1144178184085263e-09,2.4581336939815633e-06,3.749231437516339e-09,1.630591555550202e-10,6.427193546175981e-06,3.8040066015089515e-05,0.004628588668574384,1.0435595044768377e-06,0.0006694119244753413,8.754852771011871e-10,1.6035819700401847e-09,1.1330205571712191e-07,1.1458571768864156e-07,1.776102624292766e-07,0.0007355956446818861,0.010562490597258488,5.366805518052748e-07,0.0017370390561755895,4.948473843585212e-09,6.019982004826114e-05,1.0655391146602271e-07,3.198506297118616e-06,2.3984071215100277e-10,1.4309809126794178e-10,4.243065532056928e-06,8.234929962233867e-08,1.0519530605136827e-11,2.6695007954128815e-11,2.7672073178280846e-11
5.77636547618002e-06,0.16628943999999996,0.8585084662769803,0.0,0.0,0.4339395885194788,0.06569617297398826,0.003946973387763398,9.17804846408331e-06,0.0026035260040313704,0.088608959057647,0.03511344225138762,3.042813543037498e-05,6.894176749590834e-10,0.0016285464706452461,4.736935205779291e-11,0.000587643080109973,3.1171350490660204e-09,2.451817206687867e-06,3.752192248398367e-09,1.63067596003601e-10,6.414613705675527e-06,3.81248923664357e-05,0.004625174716048053,1.0385360488820582e-06,0.000669710239409264,8.719099608721801e-10,1.5991344963335619e-09,1.1365975177277077e-07,1.1454184432453326e-07,1.7825016249220704e-07,0.0007378694009723439,0.010589733521950848,5.369261581062677e-07,0.0017387713029774015,4.9455227699931185e-09,6.033406249369952e-05,1.0660348779698894e-07,3.192079793260762e-06,2.400729697688584e-10,1.4309784906285908e-10,4.252203945943561e-06,8.225542088988443e-08,1.0542304719984368e-11,2.662468525940387e-11,2.7668926807138563e-11
5.783960612994541e-06,0.16628943999999996,0.8585084662769803,0.0,0.0,0.4339114445765577,0.06565197693911735,0.003938120989271539,9.177985734061883e-06,0.0026026974431743923,0.08870286469293238,0.035132005747620244,3.0395438804969733e-05,6.912101762027172e-10,0.0016276813062214381,4.738278359084746e-11,0.0005877955121142126,3.11987036476649e-09,2.44551935400288e-06,3.755148422307407e-09,1.6307578868276772e-10,6.402061844260551e-06,3.8210045886354193e-05,0.004621763325805822,1.0335437426034479e-06,0.0006700080707052218,8.683546886174012e-10,1.5947002715284367e-09,1.1401822128232146e-07,1.144979653284222e-07,1.7889091498973774e-07,0.0007401448412890151,0.01061697964549685,5.371710918237764e-07,0.0017405019103298109,4.942574882530838e-09,6.046882270165624e-05,1.0665292857020782e-07,3.1856658979955933e-06,2.4030488399018373e-10,1.4309744008083798e-10,4.261377231642712e-06,8.216169793937006e-08,1.0565166124472972e-11,2.6554573473693826e-11,2.7665785813352014e-11
5.791555749809062e-06,0.16628943999999996,0.8585084662769803,0.0,0.0,0.4338832953325663,0.06560781239968201,0.003929289498352348,9.177922669118274e-06,0.002601868680760225,0.08879670013348734,0.035150527541722654,3.0362795845538906e-05,6.930036888757443e-10,0.0016268170980376253,4.7396465798381196e-11,0.0005879477566069661,3.1226238452428612e-09,2.439240071540735e-06,3.75809996675678e-09,1.630837345043854e-10,6.389537897943799e-06,3.829552826624372e-05,0.00461835449710008,1.0285823448324863e-06,0.0006703054193458874,8.648193163958104e-10,1.5902792540377467e-09,1.1437746318933327e-07,1.1445408079943748e-07,1.795325177235619e-07,0.0007424219574981813,0.010644228886618175,5.374153547125861e-07,0.0017422308794512906,4.939630179020341e-09,6.060410334883627e-05,1.0670223413890364e-07,3.179264590227886e-06,2.405364552077363e-10,1.430968650626375e-10,4.270585571307095e-06,8.206813051569565e-08,1.0588115269916142e-11,2.6484671866470445e-11,2.7662650161964894e-11
5.798391372942132e-06,0.16628943999999996,0.8585084662769803,0.0,0.0,0.43385795655312764,0.06556809122660244,0.003921358990010774,9.177865625927876e-06,0.002601122623619604,0.0888810920414909,0.035167161585023296,3.0333462991086478e-05,6.946187104592847e-10,0.0016260401275185246,4.740899477667153e-11,0.0005880846165859322,3.125117574625053e-09,2.433604541907564e-06,3.7607524047756e-09,1.6309067543204182e-10,6.378290160904313e-06,3.837274498420573e-05,0.004615288740757577,1.0241433164098473e-06,0.0006705726212634199,8.616543778932149e-10,1.5863115962853756e-09,1.1470144042934537e-07,1.1441458007436664e-07,1.801106853181799e-07,0.0007444727882593609,0.010668755802151243,5.376346192001629e-07,0.0017437855519801962,4.936982666334537e-09,6.072630312364164e-05,1.0674649384213828e-07,3.1735141581186597e-06,2.40744576360222e-10,1.43096206195336e-10,4.278903198980282e-06,8.198405259918171e-08,1.0608844893036184e-11,2.6421939521656308e-11,2.7659832614819918e-11
5.805226996075201e-06,0.16628943999999996,0.8585084662769803,0.0,0.0,0.43383261361479225,0.06552839553469601,0.003913445337776945,9.1778083144523e-06,0.0026003764057520775,0.08896542714387674,0.03518376200570181,3.0304173465800507e-05,6.962345427517038e-10,0.0016252639301774798,4.7421728040411293e-11,0.0005882213251599568,3.127626140654523e-09,2.427983955771218e-06,3.763401104474767e-09,1.6309741780224925e-10,6.367064936953729e-06,3.8450230689634305e-05,0.004612225058100443,1.0197289582828073e-06,0.0006708394337383732,8.585053395078851e-10,1.5823545727497859e-09,1.1502604167682662e-07,1.1437507501937977e-07,1.8068953821783427e-07,0.0007465249639950823,0.010693285118311196,5.378533430060923e-07,0.0017453388994171331,4.9343377292838975e-09,6.0848928586072866e-05,1.0679064457148805e-07,3.1677738894351064e-06,2.409524202846194e-10,1.43095413972651e-10,4.287249501484182e-06,8.190010026731685e-08,1.0629646282811104e-11,2.6359376304998305e-11,2.765701934190023e-11
5.812062619208271e-06,0.16628943999999996,0.8585084662769803,0.0,0.0,0.43380726658126884,0.06548872530970265,0.0039055485043476552,9.177750736099538e-06,0.002599630028351658,0.08904970546529979,0.03520032887744516,3.02749272033455e-05,6.978511817120988e-10,0.0016244885053617983,4.743466617820708e-11,0.0005883578825551148,3.1301496018968454e-09,2.422378266852182e-06,3.766046071312564e-09,1.631039622739656e-10,6.355862179758971e-06,3.852798662288077e-05,0.0046091634485756205,1.0153390995594315e-06,0.0006711058574814247,8.553720989444663e-10,1.5784081533891992e-09,1.1535126615346766e-07,1.1433556570594252e-07,1.8126907481665227e-07,0.0007485784787938055,0.010717816776293508,5.380715274008689e-07,0.001746890922650233,4.931695366267487e-09,6.097198169903565e-05,1.068346865827105e-07,3.162043768816204e-06,2.411599872682074e-10,1.4309448892893443e-10,4.295624612342278e-06,8.181627333460795e-08,1.065051977003475e-11,2.6296981691284355e-11,2.7654210318428518e-11
5.81889824234134e-06,0.16628943999999996,0.8585084662769803,0.0,0.0,0.4337819155161216,0.06544908053736984,0.0038976684525026685,9.17769289226881e-06,0.0025988834926082274,0.08913392703039448,0.03521686227377688,3.0245724137456e-05,6.994686233050689e-10,0.0016237138524183145,4.744780977971504e-11,0.0005884942889968423,3.132688017055793e-09,2.4167874290753698e-06,3.76868731074129e-09,1.631103095043287e-10,6.3446818430853e-06,3.860601402659117e-05,0.00460610391162753,1.0109735707877362e-06,0.0006713718932025858,8.522545546015365e-10,1.574472308248303e-09,1.1567711307850357e-07,1.1429605220527479e-07,1.8184929350798012e-07,0.0007506333267498526,0.01074235071743407,5.382891736513135e-07,0.0017484416225675872,4.9290555756804435e-09,6.10954644290769e-05,1.0687862013103161e-07,3.1563237809066895e-06,2.4136727759829494e-10,1.4309343159673527e-10,4.304028665308262e-06,8.173257161571406e-08,1.0671465686059927e-11,2.6234755157575232e-11,2.765140551980559e-11
5.82573386547441e-06,0.16628943999999996,0.8585084662769803,0.0,0.0,0.4337565604827712,0.06540946120345266,0.0038898051451045543,9.177634784350603e-06,0.0025981367997075645,0.08921809186377536,0.03523336226805719,3.0216564201936656e-05,7.010868635007257e-10,0.0016229399706933969,4.7461159435635336e-11,0.0005886305447099447,3.135241444972893e-09,2.4112113965685587e-06,3.771324828207131e-09,1.6311646014866043e-10,6.333523880795976e-06,3.8684314145702064e-05,0.004603046446698089,1.006632203941402e-06,0.0006716375416100526,8.49152605653964e-10,1.5705470074579367e-09,1.1600358166858964e-07,1.1425653458834846e-07,1.8243019268415493e-07,0.0007526895019632629,0.010766886883209066,5.385062830212737e-07,0.0017499910000572292,4.926418355913831e-09,6.121937874637164e-05,1.0692244547113511e-07,3.1506139103571826e-06,2.4157429156222696e-10,1.4309224250682631e-10,4.312461794365238e-06,8.164899492544519e-08,1.0692484362797211e-11,2.6172696183194738e-11,2.7648604921632245e-11
5.8325694886074795e-06,0.16628943999999996,0.8585084662769803,0.0,0.0,0.43373120154449646,0.06536986729371383,0.0038819585450985154,9.17757641372677e-06,0.0025973899508313593,0.08930219999003766,0.03524982893348347,3.018744733066226e-05,7.02705898274702e-10,0.0016221668595329498,4.747471573770654e-11,0.0005887666499186058,3.137809944628486e-09,2.405650123660863e-06,3.7739586291503275e-09,1.631224148604706e-10,6.3223882468519395e-06,3.8762888227441494e-05,0.0045999910532267055,1.0023148324052669e-06,0.0006719028034091211,8.460661522765936e-10,1.5666322212347484e-09,1.1633067113781402e-07,1.1421701292587991e-07,1.8301177073628327e-07,0.0007547469985397595,0.010791425215234665,5.387228567733479e-07,0.0017515390560071344,4.923783705354381e-09,6.13437266247053e-05,1.0696616285713061e-07,3.144914141824307e-06,2.417810294483581e-10,1.4309092218825516e-10,4.32092413372493e-06,8.156554307876234e-08,1.0713576132715028e-11,2.6110804249730883e-11,2.764580849979509e-11
5.839405111740549e-06,0.16628943999999996,0.8585084662769803,0.0,0.0,0.4337058387644328,0.06533029879392344,0.003874128615512217,9.177517781770566e-06,0.00259664294715724,0.08938625143375636,0.035266262343090556,3.0158373457577788e-05,7.043257236081604e-10,0.0016213945182824156,4.7488479278700015e-11,0.0005889026048463804,3.140393575140459e-09,2.4001035648812153e-06,3.7765887190051794e-09,1.6312817429146177e-10,6.31127489531147e-06,3.884173752131171e-05,0.004596937730650303,9.980212909613673e-07,0.0006721676793042602,8.429950952987141e-10,1.562727919881152e-09,1.1665838069779829e-07,1.141774872883438e-07,1.835940260546698e-07,0.0007568058105907563,0.010815965655266734,5.389388961663592e-07,0.0017530857913052329,4.921151622384997e-09,6.146851004147321e-05,1.0700977254260127e-07,3.1392244599708178e-06,2.419874915449424e-10,1.430894711682782e-10,4.3294158178269054e-06,8.148221589077979e-08,1.073474132883472e-11,2.6049078840992714e-11,2.7643016230350517e-11
5.8462407348736185e-06,0.16628943999999996,0.8585084662769803,0.0,0.0,0.43368047220557265,0.06529075568985938,0.003866315319455617,9.177458889846719e-06,0.002595895789858785,0.08947024621948602,0.03528266256975108,3.012934251669843e-05,7.059463354878025e-10,0.0016206229462867798,4.750245065241432e-11,0.0005890384097161963,3.1429923957632695e-09,2.394571674956867e-06,3.7792151031998136e-09,1.6313373909153284e-10,6.300183780329879e-06,3.892086327908354e-05,0.00459388647840332,9.937514157751503e-07,0.0006724321699985761,8.399393362371005e-10,1.558834073785023e-09,1.1698670955781829e-07,1.1413795774597235e-07,1.8417695702893501e-07,0.0007588659322338375,0.01084050814520005,5.391544024556946e-07,0.0017546312068393954,4.918522105384654e-09,6.159373097766925e-05,1.0705327478059982e-07,3.1335448494657175e-06,2.4219367814001147e-10,1.430878899723776e-10,4.33793698133776e-06,8.139901317676468e-08,1.0755980284728892e-11,2.5987519442997183e-11,2.7640228089524197e-11
5.853076358006688e-06,0.16628943999999996,0.8585084662769803,0.0,0.0,0.4336551019307678,0.0652512379673069,0.0038585186201207933,9.177399739311524e-06,0.00259514848010555,0.0895541843717621,0.035299029686175834,3.010035444210968e-05,7.075677299058781e-10,0.0016198521428905728,4.7516630453669554e-11,0.0005891740647503668,3.1456064658894563e-09,2.389054408811902e-06,3.781837787156326e-09,1.6313910990878354e-10,6.289114856159182e-06,3.900026675480113e-05,0.004590837295917725,9.895050443813854e-07,0.0006726962761922355,8.368987776607595e-10,1.5549506534192914e-09,1.1731565692448436e-07,1.1409842436874234e-07,1.8476056204731054e-07,0.0007609273575921564,0.010865052627068588,5.393693768960488e-07,0.001756175303497419,4.915895152727947e-09,6.171939141786353e-05,1.0709666982359784e-07,3.1278752949843824e-06,2.4239958952298773e-10,1.430861791243414e-10,4.346487759150329e-06,8.131593475213643e-08,1.0777293334522617e-11,2.592612554398141e-11,2.7637444053843767e-11
5.859911981139758e-06,0.16628943999999996,0.8585084662769803,0.0,0.0,0.4336297280027271,0.06521174561205889,0.00385073848078178,9.177340331512865e-06,0.002594401019063085,0.08963806591510017,0.03531536376491402,3.007140916796732e-05,7.091899028601931e-10,0.0016190821074378728,4.753101927830164e-11,0.0005893095701705885,3.1482358450485554e-09,2.3835517215657664e-06,3.784456776290892e-09,1.6314428738951844e-10,6.278068077147785e-06,3.907994920476275e-05,0.0045877901826230265,9.852820156708041e-07,0.0006729599985842785,8.338733227666346e-10,1.5510776293419474e-09,1.176452220018085e-07,1.140588872263926e-07,1.8534483949706429e-07,0.0007629900807941549,0.010889599043045508,5.395838207383267e-07,0.0017577180821670443,4.9132707627857235e-09,6.184549335020398e-05,1.0713995792354389e-07,3.122215781208678e-06,2.42605225983098e-10,1.4308433914617976e-10,4.355068286382886e-06,8.12329804324683e-08,1.0798680812887897e-11,2.5864896634354305e-11,2.7634664100004013e-11
5.866747604272827e-06,0.16628943999999996,0.8585084662769803,0.0,0.0,0.43360435048401813,0.06517227860991567,0.0038429748647943913,9.177280667790313e-06,0.002593653407892953,0.08972189087399504,0.035331664878353694,3.0042506628497504e-05,7.108128503541188e-10,0.0016183128392723118,4.754561772315679e-11,0.0005894449261979336,3.150880592905439e-09,2.3780635685318127e-06,3.787072076013501e-09,1.6314927217825132e-10,6.2670433977401705e-06,3.9159911887511975e-05,0.004584745137946279,9.810821698767263e-07,0.0006732233378726069,8.308628753246053e-10,1.5472149721957756e-09,1.179754039917966e-07,1.1401934638842568e-07,1.859297877652115e-07,0.0007650540959749886,0.010914147335441434,5.397977352293555e-07,0.0017592595437359493,4.9106489339250905e-09,6.197203876640753e-05,1.0718313933187112e-07,3.116566292827077e-06,2.428105878088314e-10,1.4308237055812582e-10,4.363678698378319e-06,8.115015003348834e-08,1.082014305504124e-11,2.5803832206677283e-11,2.7631888204831307e-11
5.873583227405897e-06,0.16628943999999996,0.8585084662769803,0.0,0.0,0.43357896943706753,0.06513283694668519,0.0038352277355960564,9.177220749475171e-06,0.00259290564775275,0.08980565927292235,0.03534793309872199,3.00136467579968e-05,7.124365683966001e-10,0.0016175443377370745,4.756042638608575e-11,0.0005895801330528673,3.153540769262242e-09,2.3725899052158656e-06,3.789683691728002e-09,1.63154064917709e-10,6.256040772476586e-06,3.924015606384809e-05,0.004581702161312096,9.769053485613538e-07,0.0006734862947523943,8.2786734023178e-10,1.5433626527078485e-09,1.1830620209375389e-07,1.1397980192408826e-07,1.865154052372908e-07,0.000767119397275476,0.010938697446705198,5.400111216159813e-07,0.0017607996890917322,4.908029664508685e-09,6.209902966173242e-05,1.07226214299422e-07,3.11092681453478e-06,2.4301567529066896e-10,1.4308027387875383e-10,4.372319130703345e-06,8.106744337107828e-08,1.08416803967463e-11,2.5742931755690968e-11,2.7629116345474654e-11
5.880418850538966e-06,0.16628943999999996,0.8585084662769803,0.0,0.0,0.4335535849241611,0.06509342060818284,0.0038274970567056454,9.17716057789054e-06,0.0025921577397961257,0.0898893711363382,0.03536416849808557,2.9984829490832178e-05,7.140610530021644e-10,0.001616776602174904,4.757544586593809e-11,0.000589715190955248,3.156216434057683e-09,2.3671306873147937e-06,3.792291628832335e-09,1.631586662488359e-10,6.2450601559927405e-06,3.932068299680466e-05,0.004578661252142657,9.727513946030871e-07,0.0006737488699174302,8.248866230114544e-10,1.5395206416895894e-09,1.1863761550410393e-07,1.1394025390239149e-07,1.8710169029755753e-07,0.0007691859788411232,0.010963249319424512,5.402239811414072e-07,0.001762338519121915,4.905412952895453e-09,6.222646803498124e-05,1.0726918307651591e-07,3.1052973310338312e-06,2.4322048871899256e-10,1.430780496248778e-10,4.3809897191476765e-06,8.098486026127442e-08,1.0863293174307815e-11,2.5682194778261764e-11,2.7626348499256893e-11
5.887254473672036e-06,0.16628943999999996,0.8585084662769803,0.0,0.0,0.43352819700744366,0.06505402958023156,0.0038197827917233087,9.177100154351393e-06,0.002591409685172802,0.08997302648867796,0.03538037114835085,2.995605476144112e-05,7.156863001909293e-10,0.0016160096319281058,4.7590676762556555e-11,0.0005898501001243176,3.1589076473645243e-09,2.361685870715102e-06,3.794895892718274e-09,1.6316307681079786e-10,6.234101503019498e-06,3.9401493951635844e-05,0.004575622409857721,9.68620152183483e-07,0.00067401106406029,8.219206295989304e-10,1.535688910036579e-09,1.1896964341766088e-07,1.1390070239211863e-07,1.8768864133049638e-07,0.0007712538348246198,0.010987802896323175,5.404363150437972e-07,0.0017638760347139573,4.902798797440854e-09,6.235435588849706e-05,1.0731204591297824e-07,3.0996778270332315e-06,2.434250283824947e-10,1.4307569831152288e-10,4.389690599723221e-06,8.090240052026918e-08,1.0884981724567872e-11,2.5621620773351455e-11,2.7623584643582194e-11
5.894090096805105e-06,0.16628943999999996,0.8585084662769803,0.0,0.0,0.4335028057489201,0.06501466384866175,0.0038120849043302993,9.177039480164608e-06,0.002590661485028591,0.09005662535435732,0.03539654112126441,2.9927322504331627e-05,7.173123059886103e-10,0.0016152434263385497,4.76061196767714e-11,0.0005899848607787133,3.1616144693918002e-09,2.3562554114915382e-06,3.797496488771346e-09,1.631672972409862e-10,6.223164768382571e-06,3.94825901958338e-05,0.004572585633874638,9.645114667738708e-07,0.0006742728778711945,8.189692671470986e-10,1.5318674287279144e-09,1.1930228502661573e-07,1.1386114746179541e-07,1.8827625671914324e-07,0.0007733229593846439,0.011012358120261979,5.406481245621455e-07,0.001765412236755232,4.900187196495768e-09,6.248269522812831e-05,1.0735480305803205e-07,3.094068287249056e-06,2.4362929457260687e-10,1.4307322045209363e-10,4.3984219086632534e-06,8.08200639644105e-08,1.0906746384910376e-11,2.556120924206255e-11,2.7620824756198937e-11
5.900925719938175e-06,0.16628943999999996,0.8585084662769803,0.0,0.0,0.43347741121045535,0.06497532339931131,0.003804403358288809,9.17697855662907e-06,0.0025899131405054156,0.09014016775777302,0.0354126784884133,2.9898632654082263e-05,7.189390664265306e-10,0.0016144779847476717,4.762177521039444e-11,0.0005901194731364773,3.1643369604848833e-09,2.3508392659057154e-06,3.800093422371134e-09,1.631713281750225e-10,6.2122499070022305e-06,3.95639729991061e-05,0.004569550923608344,9.60425185123425e-07,0.0006745343120389294,8.160324434753562e-10,1.5280561688263218e-09,1.1963553951984934e-07,1.1382158917971336e-07,1.8886453484480392e-07,0.0007753933466839154,0.011036914934240348,5.40859410932228e-07,0.0017669471261330225,4.897578148407374e-09,6.26114880632329e-05,1.0739745476037236e-07,3.088468696404568e-06,2.4383328758117174e-10,1.4307061655825944e-10,4.407183782421598e-06,8.073785041020166e-08,1.0928587493254706e-11,2.550095968758169e-11,2.7618068815050083e-11
5.9077613430712444e-06,0.16628943999999996,0.8585084662769803,0.0,0.0,0.4334520134537743,0.06493600821802561,0.0037967381174418015,9.176917385035694e-06,0.002589164652741327,0.090223653723301,0.03542878332122534,2.986998514534219e-05,7.205665775416276e-10,0.0016137133064964794,4.763764396621356e-11,0.000590253937415042,3.1670751811218743e-09,2.3454373904047453e-06,3.80268669889111e-09,1.631751702467618e-10,6.2013568738930025e-06,3.96456436333543e-05,0.00456651827847139,9.563611552463935e-07,0.0006747953672506948,8.131100665956589e-10,1.5242551014780818e-09,1.199694060850251e-07,1.1378202761394623e-07,1.8945347408947203e-07,0.000777464990892568,0.011061473281392672,5.410701753834158e-07,0.0017684807037345377,4.8949716515197055e-09,6.274073640668154e-05,1.0744000126822855e-07,3.082879039230326e-06,2.4403700769681886e-10,1.430678871398772e-10,4.415976357671795e-06,8.065575967430308e-08,1.0950505388049962e-11,2.5440871615131186e-11,2.7615316798095283e-11
5.914596966204314e-06,0.16628943999999996,0.8585084662769803,0.0,0.0,0.4334266125404629,0.06489671829065752,0.0037890891457128405,9.1768559666675e-06,0.002588416022870521,0.09030708327529731,0.03544485569096951,2.98413799128312e-05,7.221948353764609e-10,0.0016129493909255545,4.7653726547986907e-11,0.0005903882538312402,3.1698291919159272e-09,2.3400497416198875e-06,3.8052763236984205e-09,1.6317882408829746e-10,6.190485624163383e-06,3.9727603372699996e-05,0.004563487697873936,9.523192264089746e-07,0.000675056044191692,8.102020458361778e-10,1.5204641979122177e-09,1.2030388390739505e-07,1.1374246283230844e-07,1.900430728338391e-07,0.0007795378861872187,0.011086033104988931,5.412804191467834e-07,0.001770012970446902,4.892367704172084e-09,6.287044227481409e-05,1.0748244282921555e-07,3.0772993004643076e-06,2.44240455211676e-10,1.4306503270522385e-10,4.4247997713062825e-06,8.05737915735324e-08,1.0972500408281717e-11,2.538094453203752e-11,2.761256868365777e-11
5.9214325893373835e-06,0.16628943999999996,0.8585084662769803,0.0,0.0,0.43340120853196734,0.06485745360306733,0.0037814564071059265,9.176794302799688e-06,0.0025876672520233636,0.0903904564380991,0.0354608956687562,2.9812816891339795e-05,7.238238359792211e-10,0.0016121862373750548,4.767002356043695e-11,0.0005905224226013167,3.17259905361647e-09,2.3346762763652116e-06,3.807862302154177e-09,1.6318229032996495e-10,6.1796361130155415e-06,3.980985349346301e-05,0.004560459181223773,9.482992491181684e-07,0.0006753163435459296,8.07308291298255e-10,1.5166834294406366e-09,1.206389721683917e-07,1.1370289490237896e-07,1.9063332945638142e-07,0.0007816120267480827,0.011110594348437315,5.414901434510438e-07,0.001771543927157137,4.889766304700051e-09,6.300060768744248e-05,1.0752477969040663e-07,3.0717294648520045e-06,2.4444363041950235e-10,1.4306205376087742e-10,4.4336541604355614e-06,8.049194592486383e-08,1.0994572893465749e-11,2.5321177947675586e-11,2.7609824450296156e-11
5.928268212470453e-06,0.16628943999999996,0.8585084662769803,0.0,0.0,0.433375801489596,0.06481821414112286,0.0037738398657053266,9.17673239469966e-06,0.0025869183413264,0.09047377323602314,0.03547690332553765,2.9784296015729162e-05,7.254535754037365e-10,0.0016114238451847187,4.7686535609244877e-11,0.0005906564439409165,3.1753848271043948e-09,2.3293169516362806e-06,3.810444639613454e-09,1.631855696003459e-10,6.168808295745033e-06,3.989239527412827e-05,0.0045574327279263235,9.443010751093045e-07,0.0006755762659953056,8.044287129833298e-10,1.512912767458241e-09,1.209746700485623e-07,1.1366332389153205e-07,1.9122424233664316e-07,0.0007836874067626948,0.011135156955280176,5.416993495166433e-07,0.0017730735747521782,4.887167451436431e-09,6.31312346678654e-05,1.075670120984472e-07,3.066169517146545e-06,2.4464653360863677e-10,1.430589508115662e-10,4.442539662387358e-06,8.041022254542945e-08,1.1016723183639448e-11,2.526157137339265e-11,2.760708407650509e-11
5.935103835603523e-06,0.16628943999999996,0.8585084662769803,0.0,0.0,0.43335039147451787,0.06477899989069924,0.0037662394856754077,9.176670243627116e-06,0.0025861692919023804,0.09055703369336603,0.03549287873210818,2.9755817220931262e-05,7.270840497094805e-10,0.001610662213693868,4.7703263301044866e-11,0.0005907903180650912,3.1781865733941053e-09,2.3239717246088367e-06,3.813023341424959e-09,1.6318866252627247e-10,6.158002127740512e-06,3.9975229995382144e-05,0.004554408337384656,9.403245573331003e-07,0.0006758358122198909,8.01563222300148e-10,1.509152183441903e-09,1.2131097672633794e-07,1.1362374986688062e-07,1.918158098530598e-07,0.0007857640204254918,0.011159720869194157,5.419080385665603e-07,0.0017746019141188715,4.884571142709219e-09,6.326232524281425e-05,1.0760914029935728e-07,3.0606194421087992e-06,2.4484916507143515e-10,1.430557243604779e-10,4.451456414705787e-06,8.032862125252009e-08,1.1038951619371171e-11,2.5202124322604422e-11,2.760434754115423e-11
5.941939458736592e-06,0.16628943999999996,0.8585084662769803,0.0,0.0,0.4333249785477641,0.06473981083767923,0.003758655231260469,9.176607850834088e-06,0.0025854201048702732,0.09064023783440522,0.03550882195910456,2.972738044194884e-05,7.287152549615799e-10,0.0016099013422414099,4.772020724341805e-11,0.0005909240451883076,3.181004353636404e-09,2.3186405526375078e-06,3.81559841293125e-09,1.6319156973283128e-10,6.1472175644834576e-06,4.005835894009435e-05,0.004551386008999486,9.363695499452181e-07,0.0006760949828990266,7.987117316367544e-10,1.5054016489505972e-09,1.2164789137583305e-07,1.1358417289529758e-07,1.924080303814311e-07,0.0007878418619345472,0.011184286033993187,5.421162118229236e-07,0.0017761289461439569,4.881977376842408e-09,6.339388144245212e-05,1.0765116453858925e-07,3.055079224507484e-06,2.4505152510419195e-10,1.4305237490915628e-10,4.460404555150516e-06,8.024714186358443e-08,1.1061258541754717e-11,2.514283631074746e-11,2.760161482341679e-11
5.948775081869662e-06,0.16628943999999996,0.8585084662769803,0.0,0.0,0.4332995627702276,0.0647006469679528,0.0037510870667845793,9.176545217565006e-06,0.0025846707813452843,0.09072338568339837,0.03552473307700637,2.9698985613855463e-05,7.303471872308226e-10,0.001609141230165842,4.7737368044886814e-11,0.0005910576255244433,3.1838382291124354e-09,2.3133233932545283e-06,3.818169859468883e-09,1.6319429184336738e-10,6.136454561547886e-06,4.014178339326855e-05,0.004548365742169203,9.324359082942173e-07,0.0006763537787094974,7.958741529022605e-10,1.5016611356257838e-09,1.219854131705613e-07,1.1354459304346701e-07,1.9300090229895155e-07,0.0007899209254949039,0.01120885239362483,5.423238704971388e-07,0.0017776546717140692,4.879386152157833e-09,6.352590530040423e-05,1.0769308506121592e-07,3.0495488491192756e-06,2.4525361399483e-10,1.4304890295724004e-10,4.469384221695916e-06,8.016578419622997e-08,1.1083644292396857e-11,2.5083706855162788e-11,2.7598885902305084e-11
5.955610705002731e-06,0.16628943999999996,0.8585084662769803,0.0,0.0,0.4332741442026648,0.06466150826741754,0.003743534956651404,9.176482345056757e-06,0.002583921322438876,0.09080647726458292,0.03554061215613622,2.9670632671795584e-05,7.319798425936624e-10,0.0016083818768052537,4.775474631490911e-11,0.0005911910592867915,3.1866882612349058e-09,2.3080202041684687e-06,3.820737686368077e-09,1.631968294794887e-10,6.125713074600076e-06,4.022550464208964e-05,0.004545347536289856,9.285234889087665e-07,0.0006766122003261925,7.930503994689647e-10,1.4979306151901328e-09,1.2232354128218157e-07,1.1350501037781102e-07,1.935944239818217e-07,0.0007920012053185222,0.011233419892170056,5.425310158037581e-07,0.0017791790917157544,4.876797466972411e-09,6.365839885369327e-05,1.0773490211167834e-07,3.0440283007289106e-06,2.454554320351645e-10,1.4304530900286157e-10,4.47839555253021e-06,8.008454806822406e-08,1.1106109213429515e-11,2.5024735475223073e-11,2.7596160757201324e-11
5.962446328135801e-06,0.16628943999999996,0.8585084662769803,0.0,0.0,0.4332487229056929,0.06462239472197835,0.0037359988653440463,9.17641923453873e-06,0.002583171729258781,0.0908895126021768,0.03555645926666024,2.964232155098451e-05,7.336132171322298e-10,0.0016076232814973299,4.777234266387243e-11,0.0005913243466880619,3.1895545115532107e-09,2.302730943262982e-06,3.823301898952768e-09,1.631991832610696e-10,6.114993059398292e-06,4.030952397591458e-05,0.004542331390755184,9.24632149487668e-07,0.0006768702484237288,7.902403860384095e-10,1.494210059447578e-09,1.2266227487759766e-07,1.1346542496450197e-07,1.941885938032803e-07,0.0007940826956216347,0.011257988473845591,5.427376489589322e-07,0.0017807022070354449,4.874211319598659e-09,6.37913641427285e-05,1.0777661593380669e-07,3.038517564129294e-06,2.4565697952482284e-10,1.4304159354259048e-10,4.4874386860546425e-06,8.00034332974935e-08,1.112865364750606e-11,2.4965921692305298e-11,2.7593439367895547e-11
5.96928195126887e-06,0.16628943999999996,0.8585084662769803,0.0,0.0,0.4332232989397932,0.06458330631754752,0.0037284787574248766,9.17635588723289e-06,0.002582422002909026,0.09097249172037827,0.03557227447858827,2.9614052186708556e-05,7.352473069343367e-10,0.0016068654435793547,4.7790157703087886e-11,0.0005914574879403834,3.192437041746232e-09,2.2974555685955592e-06,3.825862502540877e-09,1.632013538062556e-10,6.104294471792518e-06,4.039384268620053e-05,0.004539317304956615,9.20761748888462e-07,0.0006771279236740034,7.874440263579211e-10,1.4904994402840846e-09,1.230016131234642e-07,1.1342583686954278e-07,1.947834101383627e-07,0.0007961653906271098,0.01128255808300127,5.429437711649753e-07,0.0017822240185594532,4.871627708347629e-09,6.392480321135895e-05,1.0781822677111115e-07,3.0330166241216057e-06,2.458582567513844e-10,1.4303775707101635e-10,4.4965137608826016e-06,7.992243970212481e-08,1.1151277937783582e-11,2.4907265029617808e-11,2.7590721713905386e-11
5.97611757440194e-06,0.16628943999999996,0.8585084662769803,0.0,0.0,0.43319787236531104,0.06454424304004483,0.003720974597535366,9.176292304353805e-06,0.0025816721444899427,0.09105541464336606,0.035588057861774235,2.9585824514324914e-05,7.368821080934829e-10,0.001606108362388214,4.780819204478473e-11,0.0005915904832553123,3.1953359136219576e-09,2.2921940383963064e-06,3.828419502444066e-09,1.6320334173146672e-10,6.093617267724172e-06,4.047846206656305e-05,0.0045363052782832715,9.169121471148309e-07,0.0006773852267468244,7.846612356128278e-10,1.486798729666103e-09,1.233415551846962e-07,1.1338624615867626e-07,1.9537887136106098e-07,0.0007982492845640864,0.011307128664120104,5.431493836274613e-07,0.0017837445271739981,4.869046631525448e-09,6.405871810679744e-05,1.0785973486647394e-07,3.0275254655153986e-06,2.460592640049229e-10,1.4303380008124435e-10,4.505620915838782e-06,7.984156710036517e-08,1.1173982427938027e-11,2.484876501235964e-11,2.7588007775084844e-11
5.982269635221702e-06,0.16628943999999996,0.8585084662769803,0.0,0.0,0.4331749862677029,0.06450910756218446,0.003714234460039956,9.17623487934546e-06,0.0025809971598999525,0.09112999724711472,0.035602235750676024,2.9560455202377557e-05,7.383540341228507e-10,0.0016054276357692467,4.782461096267588e-11,0.0005917100544366603,3.197958921644167e-09,2.2874704638525796e-06,3.8307177255912665e-09,1.632049752321627e-10,6.084026030646228e-06,4.055487765272451e-05,0.004533596214322601,9.1346517372328e-07,0.0006776164818542586,7.821682568343139e-10,1.4834765388113475e-09,1.2364801860733581e-07,1.1335061233641671e-07,1.9591533649369092e-07,0.0008001258094284974,0.011329242972378596,5.433340000138513e-07,0.0017851118716718643,4.866725827918088e-09,6.4179650039322e-05,1.0789700450813192e-07,3.0225917733200084e-06,2.4623993995795054e-10,1.430301361537794e-10,4.513844898717181e-06,7.976888505822839e-08,1.1194485324437924e-11,2.4796248537862303e-11,2.7585568390432418e-11
5.988421696041464e-06,0.16628943999999996,0.8585084662769803,0.0,0.0,0.4331520981497095,0.06447399241548275,0.0037075071862068317,9.176177265375814e-06,0.002580322070019072,0.09120453436990694,0.03561638796545694,2.9535119561535332e-05,7.398265303519605e-10,0.0016047475210776072,4.784120845981715e-11,0.0005918295077330184,3.2005952618507586e-09,2.282758039423702e-06,3.833013037914354e-09,1.6320646175553386e-10,6.074452046629582e-06,4.063153877725978e-05,0.004530888817308154,9.100348344404942e-07,0.0006778474365269718,7.79686140270226e-10,1.480162330913939e-09,1.239549698273206e-07,1.1331497649593917e-07,1.96452321479312e-07,0.0008020032965587678,0.011351357982782478,5.435182053599202e-07,0.0017864781621766874,4.864407074582966e-09,6.430097054967892e-05,1.0793419130139376e-07,3.017665980700601e-06,2.464203976899842e-10,1.430263753618359e-10,4.522095080617002e-06,7.969630074155455e-08,1.1215053712889339e-11,2.4743858219721192e-11,2.7583131984666862e-11
5.994573756861226e-06,0.16628943999999996,0.8585084662769803,0.0,0.0,0.43312920805504007,0.06443889758969043,0.0037007927504233164,9.176119463315176e-06,0.002579646875641841,0.09127902602932836,0.035630514556717875,2.9509817544821244e-05,7.412995939448199e-10,0.0016040680178290695,4.7857984984407455e-11,0.0005919488432974219,3.203244979569548e-09,2.2780567350132333e-06,3.835305443272649e-09,1.6320780174738244e-10,6.06489528374446e-06,4.0708446387600946e-05,0.00452818308678986,9.066210295489104e-07,0.000678078091249366,7.772148244853365e-10,1.476856085705229e-09,1.2426240823260417e-07,1.1327933868473318e-07,1.9698982513247004e-07,0.0008038817417600633,0.011373473655136327,5.437020005328733e-07,0.0017878433993342732,4.8620903702789264e-09,6.442268113729571e-05,1.0797129542234912e-07,3.012748076601152e-06,2.466006374032378e-10,1.4302251806128572e-10,4.530371563177027e-06,7.962381401818044e-08,1.1235687844883234e-11,2.4691593715703933e-11,2.7580698543189574e-11
6.000725817680988e-06,0.16628943999999996,0.8585084662769803,0.0,0.0,0.4331063160273126,0.0644038230745631,0.0036940911271282216,9.176061474029151e-06,0.002578971577560416,0.09135347224295123,0.035644615574958204,2.948454910530494e-05,7.427732220691865e-10,0.0016033891255391528,4.7874940985232985e-11,0.0005920680612825277,3.205908120222029e-09,2.2733665206349933e-06,3.8375949455211984e-09,1.6320899565238904e-10,6.055355710120424e-06,4.0785601432640706e-05,0.004525479022316164,9.032236600556582e-07,0.0006783084465066491,7.747542512234406e-10,1.4735577829680139e-09,1.245703332045928e-07,1.1324369895004848e-07,1.9752784626238248e-07,0.0008057611408408898,0.011395589949332154,5.438853864164478e-07,0.0017892075837903586,4.859775713759091e-09,6.45447833037138e-05,1.0800831704640221e-07,3.0078380499713834e-06,2.467806593278748e-10,1.4301856460741675e-10,4.538674448172521e-06,7.955142475604942e-08,1.1256387972358946e-11,2.463945468500169e-11,2.7578268052301068e-11
6.005640562826247e-06,0.16628943999999996,0.8585084662769803,0.0,0.0,0.4330880267335295,0.06437581740838691,0.0036887465378983033,9.176015013720805e-06,0.0025784320228920553,0.09141291303139079,0.035655862224652515,2.9464386803761158e-05,7.43950874685995e-10,0.0016028472121978898,4.788861602119364e-11,0.000592163217507073,3.208045319756129e-09,2.269627560857884e-06,3.839421894740075e-09,1.632098447645382e-10,6.047747085891731e-06,4.084741731858433e-05,0.004523320001911486,9.005213204241977e-07,0.00067849225736648,7.72796232620517e-10,1.470928535434714e-09,1.2481667684960596e-07,1.1321522580481804e-07,1.9795803046008427e-07,0.0008072632337414803,0.0114132585869637,5.440315958282057e-07,0.0017902966445638227,4.857928056508979e-09,6.464261039415286e-05,1.0803783364203117e-07,3.003921191321876e-06,2.469243185139261e-10,1.4301533742771548e-10,4.545326478687835e-06,7.94936645191888e-08,1.1272972435382523e-11,2.4597891898094162e-11,2.757632849767383e-11
6.0105553079715056e-06,0.16628943999999996,0.8585084662769803,0.0,0.0,0.43306973625599404,0.06434782469284203,0.003683410096409043,9.17596843491048e-06,0.0025778924029447544,0.09147232483621036,0.03566709261131143,2.9444245877576086e-05,7.451288843444921e-10,0.0016023056882173714,4.790240611608978e-11,0.0005922582988664905,3.210191138160739e-09,2.265895644551848e-06,3.841246995596786e-09,1.632106011519552e-10,6.040149395454498e-06,4.090939221027149e-05,0.004521162044265418,8.97829357451174e-07,0.0006786758776599513,7.708450003688024e-10,1.4683043337072666e-09,1.2506333031728421e-07,1.131867514861419e-07,1.983885435523578e-07,0.0008087659306089375,0.011430927575548566,5.441775450183811e-07,0.00179138503423825,4.856081704735801e-09,6.474068911987006e-05,1.0806729778890568e-07,3.0000093474423344e-06,2.47067838939966e-10,1.4301204928796741e-10,4.551995476450447e-06,7.943596633122184e-08,1.1289599306848796e-11,2.4556408799433997e-11,2.7574390809670778e-11
6.015470053116764e-06,0.16628943999999996,0.8585084662769803,0.0,0.0,0.43305144461682304,0.06431984492271202,0.0036780817896986937,9.175921738033106e-06,0.0025773527181191433,0.09153170766635167,0.03567830676054284,2.942412630288659e-05,7.463072496058309e-10,0.0016017645533502407,4.791631149953395e-11,0.0005923533054381036,3.2123455987103115e-09,2.2621707565784324e-06,3.843070250051213e-09,1.6321126503982254e-10,6.032562622640882e-06,4.09715265933928e-05,0.004519005149145703,8.951477216471451e-07,0.0006788593076327637,7.689005255706762e-10,1.4656851675498392e-09,1.2531029328984573e-07,1.1315827601790029e-07,1.9881938493097915e-07,0.0008102692293111852,0.011448596894757268,5.443232344369156e-07,0.001792472753142754,4.854236657800301e-09,6.48390202494145e-05,1.0809670957595585e-07,2.996102512706847e-06,2.4721122072481135e-10,1.4300870036788946e-10,4.55868149353679e-06,7.937833012496614e-08,1.1306268715662533e-11,2.4515005216957072e-11,2.7572454981499947e-11
6.020384798262023e-06,0.16628943999999996,0.8585084662769803,0.0,0.0,0.43303315183809754,0.06429187809278242,0.0036727616048263436,9.175874923521744e-06,0.0025768129688148963,0.09159106153075054,0.03568950469791362,2.9404028055848543e-05,7.47485969032697e-10,0.0016012238073490408,4.7930332401372746e-11,0.0005924482372990801,3.214508724717956e-09,2.2584528818431003e-06,3.844891660061512e-09,1.6321183665286928e-10,6.0249867513069815e-06,4.103382095417475e-05,0.004516849316319488,8.924763638101779e-07,0.0006790425475302674,7.669627786104606e-10,1.4630710267484047e-09,1.2555756544959786e-07,1.1312979942395138e-07,1.9925055398884186e-07,0.0008117731277191552,0.011466266524294038,5.444686645263856e-07,0.0017935598016064172,4.852392915063724e-09,6.493760455223857e-05,1.0812606909208648e-07,2.992200681491931e-06,2.4735446398543384e-10,1.4300529084656273e-10,4.565384582078139e-06,7.932075583328319e-08,1.1322980790854954e-11,2.4473680979026454e-11,2.7570521006258357e-11
6.024808068892756e-06,0.16628943999999996,0.8585084662769803,0.0,0.0,0.4330166873811465,0.06426671900540896,0.0036679803719338105,9.175832690240878e-06,0.002576327139641403,0.0916444552503813,0.03569956900150442,2.9385957848964442e-05,7.485471181416983e-10,0.0016007374682237292,4.794305017141128e-11,0.000592533612160025,3.2164629663795443e-09,2.255112778459437e-06,3.846529353688156e-09,1.6321227239501355e-10,6.018177774547957e-06,4.109002306205306e-05,0.0045149099748439,8.900808889827853e-07,0.0006792073011256742,7.652245329396748e-10,1.4607225882820237e-09,1.2578037448887233e-07,1.13104169546627e-07,1.9963888580763137e-07,0.000813127147275948,0.011482169439461813,5.445993302376934e-07,0.001794537572268744,4.8507346611635085e-09,6.5026547524635e-05,1.0815244803849783e-07,2.988693306762754e-06,2.4748326455779397e-10,1.4300217061076056e-10,4.571432000989933e-06,7.926899185227312e-08,1.1338058245026045e-11,2.4436556862925475e-11,2.756878200667676e-11
6.029231339523489e-06,0.16628943999999996,0.8585084662769803,0.0,0.0,0.4330002220350595,0.06424157039157705,0.003663205697860113,9.17579036233883e-06,0.0025758412588532047,0.09169782552150213,0.03570962021274456,2.936790488082413e-05,7.496085519161549e-10,0.0016002514436987642,4.795586186559986e-11,0.0005926189266237888,3.218424263007859e-09,2.251778332664924e-06,3.848165556325022e-09,1.632126337394074e-10,6.011377603195032e-06,4.114635550135313e-05,0.0045129714934663626,8.876936642158715e-07,0.0006793719011361547,7.634916910798226e-10,1.4583782046815142e-09,1.260034334817612e-07,1.1307853879407436e-07,2.0002748211322294e-07,0.0008144816493199878,0.01149807257483921,5.44729786569791e-07,0.0017955148003803534,4.8490774626794694e-09,6.511569675354359e-05,1.0817878478203985e-07,2.9851899762361336e-06,2.4761195309092216e-10,1.4299900156255505e-10,4.5774933281314885e-06,7.921727791883708e-08,1.1353170457835062e-11,2.4399496752813622e-11,2.7567044497171173e-11
6.0336546101542225e-06,0.16628943999999996,0.8585084662769803,0.0,0.0,0.432983755815859,0.06421643224748948,0.0036584375732144755,9.175747940127451e-06,0.0025753553267396888,0.09175117235061661,0.03571965835018723,2.9349869134084794e-05,7.506702693114534e-10,0.001599765733593544,4.796876765197865e-11,0.0005927041807463179,3.2203926316670463e-09,2.24844953354601e-06,3.849800269396141e-09,1.632129208489393e-10,6.0045862255288674e-06,4.1202818627672705e-05,0.004511033872015894,8.853146542287832e-07,0.0006795363477394979,7.61764231305552e-10,1.4560378685448626e-09,1.2622674219681703e-07,1.1305290718357575e-07,2.0041634246372826e-07,0.0008158366323022071,0.011513975915703672,5.448600338412218e-07,0.0017964914861810714,4.84742131914441e-09,6.520505280173187e-05,1.0820507938729081e-07,2.9816906858176656e-06,2.477405296618246e-10,1.4299578383153383e-10,4.583568601619757e-06,7.916561398412177e-08,1.1368317523618354e-11,2.4362500524551366e-11,2.756530847264476e-11
6.037635553721882e-06,0.16628943999999996,0.8585084662769803,0.0,0.0,0.4329689354852901,0.06419381686630458,0.0036541518530438673,9.17570967975951e-06,0.0025749179441930613,0.0917991644592766,0.03572868151110139,2.9333651671993442e-05,7.516260566004818e-10,0.0015993288631784065,4.798046344754899e-11,0.0005927808579109991,3.2221702241672205e-09,2.2454584332493553e-06,3.851270238757503e-09,1.632131159111003e-10,5.998481494558024e-06,4.125374747296034e-05,0.004509290747806481,8.83180539864633e-07,0.0006796842186662125,7.602141015494525e-10,1.4539350204967617e-09,1.2642793336083153e-07,1.1302983801482874e-07,2.007665421718761e-07,0.0008170565269088543,0.011528289086023435,5.449770779030535e-07,0.0017973700399241013,4.845931691557342e-09,6.528565054116955e-05,1.0822870855705296e-07,2.9785447753508095e-06,2.4785615291391444e-10,1.4299284635672416e-10,4.589048303417953e-06,7.911915915143013e-08,1.1381979760155843e-11,2.4329258435765386e-11,2.756374731607141e-11
6.041616497289542e-06,0.16628943999999996,0.8585084662769803,0.0,0.0,0.4329541144721056,0.06417120995977141,0.0036498714234877187,9.175671343478277e-06,0.002574480520516928,0.09184713758991293,0.03573769411073355,2.9317448132574012e-05,7.525820720169715e-10,0.0015988922471651713,4.799223571674149e-11,0.0005928574862851656,3.2239535713225896e-09,2.2424718900266265e-06,3.852739003759752e-09,1.6321325109305316e-10,5.992383868471965e-06,4.130478272281413e-05,0.004507548319873985,8.810530255795132e-07,0.0006798319656061789,7.58668298608458e-10,1.4518354395331248e-09,1.2662932644176295e-07,1.130067681776409e-07,2.0111695507507762e-07,0.0008182768086934929,0.011542602400180771,5.45093953118438e-07,0.0017982481547643425,4.844442917757967e-09,6.536641667158059e-05,1.0825230369392279e-07,2.97540213107391e-06,2.4797168560060337e-10,1.4298986964773509e-10,4.5945393604978015e-06,7.907274474258068e-08,1.1395670372979963e-11,2.429606790096359e-11,2.7562187354653648e-11
6.045597440857202e-06,0.16628943999999996,0.8585084662769803,0.0,0.0,0.4329392927879374,0.06414861152512437,0.0036455962777283517,9.175632931508602e-06,0.002574043055920969,0.0918950917472596,0.03574669616255336,2.9301258503209564e-05,7.535383148014955e-10,0.0015984558854220455,4.800408458236943e-11,0.0005929340659094011,3.2257426856196653e-09,2.239489895980346e-06,3.854206565438721e-09,1.632133265129304e-10,5.9862933387596276e-06,4.135592463721585e-05,0.004505806588092955,8.789320860319537e-07,0.000679979588688346,7.571268068751617e-10,1.4497391202865416e-09,1.26830921270035e-07,1.1298369768453085e-07,2.014675808508918e-07,0.0008194974765289307,0.011556915847490584,5.452106597187532e-07,0.0017991258308765752,4.8429549974044334e-09,6.544735160440982e-05,1.0827586484478808e-07,2.9722627500055698e-06,2.480871277781217e-10,1.429868537984516e-10,4.600041800720238e-06,7.902637072201916e-08,1.1409389431040666e-11,2.426292883030511e-11,2.7560628584738134e-11
6.0495783844248616e-06,0.16628943999999996,0.8585084662769803,0.0,0.0,0.4329244704444018,0.06412602155959875,0.003641326408956967,9.175594444074557e-06,0.002573605550614465,0.09194302693604839,0.03575568768001305,2.928508277129135e-05,7.544947841952912e-10,0.001598019777817193,4.801601016734385e-11,0.0005930105968242243,3.2275375795587022e-09,2.236512443231356e-06,3.85567292482951e-09,1.6321334228867148e-10,5.9802098969201305e-06,4.140717347638954e-05,0.004504065552337686,8.768176959980372e-07,0.0006801270880416583,7.555896111036522e-10,1.4476460573985113e-09,1.270327176753426e-07,1.1296062654798316e-07,2.01818419176333e-07,0.0008207185292887083,0.011571229417282699,5.453271979369957e-07,0.0018000030684355672,4.841467930154146e-09,6.552845575146895e-05,1.0829939205644438e-07,2.969126629165485e-06,2.482024795058001e-10,1.4298379890262568e-10,4.6055556519693485e-06,7.898003705421025e-08,1.1423137003345337e-11,2.4229841134173037e-11,2.7559071002735153e-11
6.053559327992521e-06,0.16628943999999996,0.8585084662769803,0.0,0.0,0.4329096474530995,0.06410344006043066,0.003637061810373637,9.17555588139943e-06,0.0025731680048062954,0.09199094316100881,0.035764668676547325,2.926892092421883e-05,7.554514794402577e-10,0.0015975839242187387,4.8028012594673045e-11,0.0005930870790700915,3.229338265655147e-09,2.2335395239187514e-06,3.8571380829664995e-09,1.6321329853802304e-10,5.9741335344627536e-06,4.145852950079803e-05,0.0045023252124822225,8.747098303711452e-07,0.0006802744637948232,7.540566962068592e-10,1.4455562455194992e-09,1.2723471548691656e-07,1.1293755478045438e-07,2.0216946972813593e-07,0.0008219399658469757,0.011585543098901984,5.454435680064484e-07,0.001800879867616067,4.839981715664003e-09,6.560972952493898e-05,1.0832288537561563e-07,2.9659937655744546e-06,2.483177408440903e-10,1.4298070505384053e-10,4.611080942152295e-06,7.893374370363746e-08,1.1436913158958036e-11,2.419680472316186e-11,2.7557514605116086e-11
6.057540271560181e-06,0.16628943999999996,0.8585084662769803,0.0,0.0,0.43289482382561656,0.06408086702485705,0.0036328024751872915,9.175517243705745e-06,0.0025727304187049362,0.09203884042686822,0.03577363916557338,2.92527729493997e-05,7.564083997789595e-10,0.0015971483244947638,4.804009198746219e-11,0.0005931635126873959,3.2311447564398293e-09,2.230571130199802e-06,3.85860204088334e-09,1.6321319537853924e-10,5.9680642429069234e-06,4.1509992971127596e-05,0.004500585568400354,8.726084641620392e-07,0.0006804217160762168,7.525280466988074e-10,1.4434696793091408e-09,1.274369145345609e-07,1.1291448239439093e-07,2.0252073218377433e-07,0.0008231617850786107,0.011599856881708196,5.455597701570804e-07,0.0018017562285928047,4.8384963535910775e-09,6.5691173337384e-05,1.083463448490209e-07,2.9628641562543835e-06,2.4843291184841746e-10,1.4297757234541338e-10,4.616617699199267e-06,7.888749063480336e-08,1.1450717966996223e-11,2.416381950803949e-11,2.755595938827051e-11
6.061521215127841e-06,0.16628943999999996,0.8585084662769803,0.0,0.0,0.4328799995735229,0.06405830245011575,0.003628548396615712,9.175478531215253e-06,0.0025722927925184657,0.09208671873835157,0.03578259916049106,2.9236638834249832e-05,7.573655444546245e-10,0.00159671297851331,4.805224846891296e-11,0.0005932398977164666,3.2329570644570718e-09,2.227607254249884e-06,3.8600647996129575e-09,1.6321303292758174e-10,5.962002013782196e-06,4.156156414830543e-05,0.004498846619965623,8.705135724971383e-07,0.0006805688450141886,7.510036474858448e-10,1.441386353435932e-09,1.276393146473023e-07,1.1289140940220435e-07,2.0287220622011715e-07,0.0008243839858591977,0.011614170755075998,5.456758046206897e-07,0.0018026321515404958,4.8370118435916666e-09,6.577278760173255e-05,1.0836977052328496e-07,2.9597377982282876e-06,2.485479925775791e-10,1.4297440087053548e-10,4.622165951063414e-06,7.884127781222958e-08,1.1464551496634377e-11,2.413088539979706e-11,2.7554405348644748e-11
6.065502158695501e-06,0.16628943999999996,0.8585084662769803,0.0,0.0,0.43286517470837393,0.06403574633344535,0.0036242995678855148,9.175439744148933e-06,0.00257185512645456,0.09213457810018172,0.03579154867468271,2.9220518566193338e-05,7.583229127111444e-10,0.0015962778861423773,4.806448216232311e-11,0.0005933162341975703,3.2347752022660377e-09,2.224647888262406e-06,3.861526360187546e-09,1.6321281130232048e-10,5.955946838628242e-06,4.161324329349999e-05,0.004497108367051321,8.684251306180541e-07,0.0006807158507369596,7.494834837868841e-10,1.4393062625772274e-09,1.2784191565346268e-07,1.128683358162734e-07,2.0322389151352452e-07,0.0008256065670650028,0.011628484708394952,5.457916716303565e-07,0.0018035076366338415,4.835528185321373e-09,6.585457273127585e-05,1.0839316244494253e-07,2.956614688520306e-06,2.4866298309326784e-10,1.4297119072225686e-10,4.627725725720795e-06,7.879510520045667e-08,1.1478413817104007e-11,2.4098002309644874e-11,2.755285248278376e-11
6.06948310226316e-06,0.16628943999999996,0.8585084662769803,0.0,0.0,0.4328503492417094,0.06401319867208534,0.0036200559822321438,9.175400882727007e-06,0.002571417420720503,0.0921824185170792,0.03580048772151335,2.920441213266252e-05,7.592805037930766e-10,0.0015958430472499236,4.807679319108607e-11,0.0005933925221709111,3.23659918244163e-09,2.2216930244487428e-06,3.862986723638581e-09,1.6321253061973338e-10,5.949898708994829e-06,4.166503066809804e-05,0.004495370809530492,8.663431138819501e-07,0.0006808627333723843,7.479675402500114e-10,1.4372294014195687e-09,1.2804471738221704e-07,1.128452616489723e-07,2.0357578774138239e-07,0.000826829527573014,0.011642798731069466,5.45907371414747e-07,0.0018043826840475228,4.8340453784361815e-09,6.593652913968935e-05,1.0841652066054269e-07,2.9534948241556974e-06,2.48777883450287e-10,1.4296794199333286e-10,4.6332970511703084e-06,7.87489727640443e-08,1.149230499768889e-11,2.406517014895378e-11,2.755130078712631e-11
6.07346404583082e-06,0.16628943999999996,0.8585084662769803,0.0,0.0,0.4328355231850539,0.06399065946327603,0.003615817632899859,9.175361947168942e-06,0.002570979675523177,0.09223023999376237,0.035809416314330565,2.9188319521097913e-05,7.602383169456433e-10,0.0015954084617038691,4.8089181678690523e-11,0.0005934687616766301,3.2384290175721183e-09,2.2187426550381595e-06,3.8644458909968055e-09,1.632121909966071e-10,5.943857616441807e-06,4.171692653372492e-05,0.0044936339472759265,8.642674977597837e-07,0.0006810094930482318,7.464558019182061e-10,1.4351557646583189e-09,1.2824771966194662e-07,1.1282218691264048e-07,2.0392789458043913e-07,0.0008280528662608585,0.011657112812518864,5.460229042043897e-07,0.0018052572939562046,4.832563422591309e-09,6.601865724101139e-05,1.0843984521654137e-07,2.950378202160857e-06,2.4889269370672417e-10,1.4296465477639454e-10,4.638879955433636e-06,7.87028804675712e-08,1.1506225107729191e-11,2.4032388829315035e-11,2.7549750258151093e-11
6.07744498939848e-06,0.16628943999999996,0.8585084662769803,0.0,0.0,0.4328206965499168,0.06396812870425854,0.0036115845131417276,9.175322937693433e-06,0.0025705418910690727,0.09227804253494726,0.0358183344664646,2.9172240718948265e-05,7.611963514147323e-10,0.0015949741293720906,4.8101647748720064e-11,0.0005935449527548057,3.240264720260134e-09,2.2157967722777465e-06,3.865903863292227e-09,1.632117925495369e-10,5.937823552539088e-06,4.1768931152250944e-05,0.004491897780160166,8.621982578356674e-07,0.0006811561298922008,7.44948254358913e-10,1.4330853469975764e-09,1.284509223199815e-07,1.1279911161957803e-07,2.042802117065893e-07,0.0008292765820068846,0.011671426942177276,5.461382702324533e-07,0.0018061314665345348,4.831082317441023e-09,6.610095744963498e-05,1.0846313615927965e-07,2.9472648195633147e-06,2.4900741392602624e-10,1.4296132916396958e-10,4.644474466555186e-06,7.86568282756352e-08,1.1520174216622705e-11,2.3999658262550598e-11,2.7548200892481632e-11
6.08142593296614e-06,0.16628943999999996,0.8585084662769803,0.0,0.0,0.4328058693477921,0.06394560639227484,0.0036073566162196074,9.175283854518439e-06,0.002570104067564281,0.09232582614534775,0.03582724219122838,2.915617571367053e-05,7.621546064468974e-10,0.0015945400501224268,4.811419152485271e-11,0.000593621095445454,3.242106303124402e-09,2.212855368432348e-06,3.867360641554134e-09,1.6321133539492728e-10,5.931796508866642e-06,4.182104478575888e-05,0.0044901623080555115,8.601353698074977e-07,0.0006813026440316376,7.434448823493917e-10,1.4310181431506553e-09,1.2865432518488153e-07,1.1277603578208729e-07,2.0463273879714883e-07,0.0008305006736902137,0.011685741109493568,5.462534697262928e-07,0.0018070052019571448,4.829602062640228e-09,6.618343018033942e-05,1.0848639353513673e-07,2.9441546733917438e-06,2.491220441623809e-10,1.4295796524825355e-10,4.650080612602023e-06,7.861081615285315e-08,1.15341523938182e-11,2.3966978360627295e-11,2.7546652686609356e-11
6.0854068765337995e-06,0.16628943999999996,0.8585084662769803,0.0,0.0,0.432791041590159,0.06392309252456777,0.003603133935404142,9.17524469786116e-06,0.0025696662052145055,0.09237359082967544,0.03583613950191751,2.9140124492729916e-05,7.631130812893585e-10,0.001594106223822675,4.8126813130860537e-11,0.0005936971897885294,3.2439537787970387e-09,2.209918435784492e-06,3.868816226811081e-09,1.6321081964899186e-10,5.92577647701447e-06,4.1873267696566124e-05,0.0044884275308340075,8.580788094851218e-07,0.0006814490355937619,7.419456710094329e-10,1.4289541478396737e-09,1.2885792808449122e-07,1.1275295941243797e-07,2.0498547552886043e-07,0.0008317251401905417,0.01170005530393153,5.463685029148114e-07,0.0018078785003986457,4.828122657843134e-09,6.626607584826656e-05,1.0850961739040685e-07,2.9410477606759686e-06,2.49236584472488e-10,1.4295456312131075e-10,4.6556984216638174e-06,7.856484406386118e-08,1.1548159708819924e-11,2.3934349035726036e-11,2.754510563703316e-11
6.089387820101459e-06,0.16628943999999996,0.8585084662769803,0.0,0.0,0.4327762132884811,0.06390058709838092,0.0035989164639747486,9.175205467938048e-06,0.002569228304225052,0.09242133659263971,0.03584502641181029,2.9124087043599807e-05,7.640717751900025e-10,0.0015936726503405934,4.8139512690609323e-11,0.0005937732358239229,3.2458071599238937e-09,2.2069859666343226e-06,3.870270620090894e-09,1.6321024542775394e-10,5.919763448582588e-06,4.192560014724101e-05,0.004486693448367457,8.560285527895115e-07,0.0006815953047057313,7.404506062994335e-10,1.426893355795328e-09,1.2906173084507013e-07,1.1272988252285058e-07,2.0533842157706512e-07,0.0008329499803882796,0.011714369514969713,5.4648337003157e-07,0.0018087513620336341,4.826644102702639e-09,6.634889486890318e-05,1.085328077712335e-07,2.9379440784469665e-06,2.4935103492209973e-10,1.429511228751573e-10,4.661327921852784e-06,7.851891197331452e-08,1.156219623119076e-11,2.3901770200276298e-11,2.7543559740457597e-11
6.093368763669119e-06,0.16628943999999996,0.8585084662769803,0.0,0.0,0.4327613844542072,0.0638780901109588,0.003594704195219603,9.17516616496481e-06,0.0025687903648008376,0.09246906343894765,0.035853902934167785,2.9108063353761862e-05,7.650306873973832e-10,0.0015932393295439013,4.815229032805808e-11,0.0005938492335914647,3.247666459167225e-09,2.2040579532995312e-06,3.87172382242067e-09,1.6320961284704665e-10,5.913757415181022e-06,4.197804240055827e-05,0.00448496006052742,8.53984575753739e-07,0.0006817414514943737,7.389596731397844e-10,1.424835761757564e-09,1.292657332945351e-07,1.1270680512555563e-07,2.0569157661898127e-07,0.0008341751931646788,0.011728683732101274,5.465980713027198e-07,0.0018096237870366882,4.825166396872561e-09,6.643188765812401e-05,1.0855596472382396e-07,2.934843623736876e-06,2.494653955650229e-10,1.4294764460143503e-10,4.666969141303616e-06,7.847301984588755e-08,1.1576262030543257e-11,2.3869241766835343e-11,2.7542014993434967e-11
6.097349707236779e-06,0.16628943999999996,0.8585084662769803,0.0,0.0,0.4327465550987707,0.06385560155954673,0.0035904971224356356,9.17512678915642e-06,0.0025683523871463864,0.09251677137330423,0.03586276908223375,2.9092053410705917e-05,7.65989817160721e-10,0.0015928062613002768,4.816514616725861e-11,0.0005939251831309222,3.249531689202893e-09,2.2011343881152916e-06,3.873175834826768e-09,1.632089220225133e-10,5.907758368429783e-06,4.2030594719520954e-05,0.004483227367185203,8.519468545210137e-07,0.0006818874760863862,7.374728566480422e-10,1.4227813604751532e-09,1.2946993526033418e-07,1.126837272327556e-07,2.0604494033149588e-07,0.000835400777401531,0.011742997944834278,5.467126069550686e-07,0.001810495775582366,4.8236895400062e-09,6.651505463216893e-05,1.0857908829431962e-07,2.9317463935790058e-06,2.495796664556249e-10,1.4294412839163112e-10,4.672622108173419e-06,7.842716764627396e-08,1.1590357176544063e-11,2.3836763648162218e-11,2.7540471392470653e-11
6.1013306508044386e-06,0.16628943999999996,0.8585084662769803,0.0,0.0,0.4327317252335901,0.0638331214413908,0.0035862952389285174,9.175087340727105e-06,0.002567914371465836,0.09256446040041211,0.03587162486923477,2.907605720193008e-05,7.669491637299056e-10,0.0015923734454773603,4.817808033235524e-11,0.0005940010844820022,3.2514028627197534e-09,2.198215263434187e-06,3.8746266583348225e-09,1.6320817306960743e-10,5.901766299958856e-06,4.208325736739148e-05,0.004481495368211873,8.499153653436106e-07,0.0006820333786083904,7.359901432295122e-10,1.4207301467052393e-09,1.2967433656757343e-07,1.1266064885659052e-07,2.0639851238930463e-07,0.0008366267319813087,0.01175731214269153,5.468269772229153e-07,0.0018113673278452097,4.82221353175503e-09,6.65983962076099e-05,1.0860217852866159e-07,2.9286523850078325e-06,2.4969384766261117e-10,1.4294057433726227e-10,4.678286850641671e-06,7.838135533918645e-08,1.1604481738919931e-11,2.3804335757290225e-11,2.753892893435108e-11
6.105311594372098e-06,0.16628943999999996,0.8585084662769803,0.0,0.0,0.4327168948700686,0.06381064975373806,0.003582098538012646,9.175047819890366e-06,0.0025674763179629333,0.0926121305249717,0.03588047030838022,2.906007471494065e-05,7.679087263554929e-10,0.0015919408819427526,4.8191092947584287e-11,0.0005940769376843486,3.2532799924232694e-09,2.1953005716261484e-06,3.876076293969746e-09,1.6320736610359327e-10,5.895781201408181e-06,4.21360306076331e-05,0.004479764063478249,8.478900845843136e-07,0.0006821791591866775,7.345115179848345e-10,1.418682115214254e-09,1.29878937043456e-07,1.126375700092182e-07,2.0675229246945372e-07,0.0008378530557873815,0.011771626315210325,5.469411823314568e-07,0.0018122384439997424,4.820738371771741e-09,6.668191280140847e-05,1.086252354728809e-07,2.925561595059017e-06,2.4980793923996077e-10,1.4293698252942594e-10,4.683963396910141e-06,7.833558288935724e-08,1.1618635787446077e-11,2.3771958007363192e-11,2.7537387615702535e-11
6.109292537939758e-06,0.16628943999999996,0.8585084662769803,0.0,0.0,0.43270206401959455,0.06378818649383623,0.0035779070130111403,9.175008226858965e-06,0.0025670382268410375,0.09265978175168127,0.035889305412862234,2.9044105937252184e-05,7.688685042887087e-10,0.001591508570564015,4.820418413727363e-11,0.0005941527427775447,3.255163091032939e-09,2.1923903050783843e-06,3.877524742755694e-09,1.6320650123954601e-10,5.889803064427642e-06,4.218891470392747e-05,0.004478033452854913,8.458709887143109e-07,0.0006823248179474333,7.330369659190933e-10,1.4166372607775264e-09,1.3008373651521932e-07,1.1261449070277777e-07,2.0710628024917484e-07,0.0008390797477036487,0.01178594045194282,5.470552225047466e-07,0.0018131091242204697,4.819264059708864e-09,6.676560483089708e-05,1.0864825917297812e-07,2.922474020769401e-06,2.499219412383364e-10,1.4293335305901715e-10,4.689651775202832e-06,7.82898502615376e-08,1.1632819391949785e-11,2.3739630311705065e-11,2.7535847433020788e-11
6.113273481507418e-06,0.16628943999999996,0.8585084662769803,0.0,0.0,0.4326872326935411,0.06376573165893398,0.0035737206572558273,9.174968561844942e-06,0.0025666000983031218,0.0927074140852368,0.03589813019585586,2.902815085638745e-05,7.698284967814462e-10,0.0015910765112086712,4.821735402584249e-11,0.0005942284998011122,3.2570521712804462e-09,2.1894844561953164e-06,3.8789720057161106e-09,1.6320557859235196e-10,5.88383188067705e-06,4.224190992022698e-05,0.0044763035362121945,8.43858054311712e-07,0.0006824703550167612,7.315664739354626e-10,1.4145955781785014e-09,1.3028873480674057e-07,1.1259141094932747e-07,2.0746047540243304e-07,0.0008403068066146616,0.011800254542455889,5.471690979781748e-07,0.0018139793686818772,4.8177905952163996e-09,6.684947271372488e-05,1.0867124967468761e-07,2.919389659177018e-06,2.5003585373004893e-10,1.429296860170655e-10,4.695352013765929e-06,7.824415742049821e-08,1.164703262232041e-11,2.370735258394934e-11,2.753430838317124e-11
6.117254425075078e-06,0.16628943999999996,0.8585084662769803,0.0,0.0,0.4326724009032665,0.06374328524628077,0.003569539464087231,9.174928825059606e-06,0.0025661619325517736,0.092755027530332,0.035906944670518914,2.9012209459877475e-05,7.707887030862693e-10,0.001590644703744206,4.8230602737800836e-11,0.0005943042087945119,3.2589472459141055e-09,2.186583017398513e-06,3.880418083873709e-09,1.6320459827670887e-10,5.877867641826128e-06,4.2295016520680746e-05,0.0044745743134201885,8.41851258063632e-07,0.0006826157705204062,7.301000273887065e-10,1.4125570622099374e-09,1.3049393174437705e-07,1.1256833076095068e-07,2.0781487760596177e-07,0.0008415342314058971,0.011814568576330824,5.472828089764507e-07,0.0018148491775584327,4.816317977945831e-09,6.693351686793045e-05,1.0869420702385544e-07,2.916308507321097e-06,2.501496767703292e-10,1.4292598149413918e-10,4.701064140867729e-06,7.819850433102906e-08,1.1661275548494841e-11,2.367512473782475e-11,2.7532770462873472e-11
6.120837274285971e-06,0.16628943999999996,0.8585084662769803,0.0,0.0,0.43265905190448556,0.06372309067364315,0.00356578079875008,9.174893000762397e-06,0.0025657675517252046,0.0927978634851618,0.03591486889495424,2.8997873892842825e-05,7.716530709527253e-10,0.0015902562922833338,4.824259407554168e-11,0.0005943723058553432,3.2606579488327782e-09,2.183975486855337e-06,3.881718542053805e-09,1.6320366678075205e-10,5.8725057578725165e-06,4.234290791302463e-05,0.004473018606042174,8.400503703803901e-07,0.000682746540638918,7.287836718151695e-10,1.4107251010107624e-09,1.3067877868779138e-07,1.1254755822953204e-07,2.081340163507161e-07,0.0008426392256248539,0.011827451149793533,5.473850084313498e-07,0.0018156316332664658,4.814993346489282e-09,6.700930766455947e-05,1.0871484033059329e-07,2.913538212529335e-06,2.5025204106356436e-10,1.4292261545190805e-10,4.706215243341456e-06,7.815745050901383e-08,1.1674119629806646e-11,2.3646162253924368e-11,2.7531387297449967e-11
6.124420123496865e-06,0.16628943999999996,0.8585084662769803,0.0,0.0,0.4326457025471321,0.06370290291879602,0.003562026304878503,9.174857118654034e-06,0.0025653731410666836,0.09284068414755753,0.0359227847898538,2.8983549390964027e-05,7.725176108581497e-10,0.0015898680846500475,4.825464945204912e-11,0.0005944403640723325,3.262373526854245e-09,2.1813715168566823e-06,3.883018042115921e-09,1.6320268874945375e-10,5.867149486489289e-06,4.2390889933564814e-05,0.004471463460482773,8.382544189592925e-07,0.0006828772124825857,7.274705713543697e-10,1.40889569678756e-09,1.308637862656256e-07,1.1252678536434495e-07,2.0845332230729132e-07,0.0008437445144927845,0.011840333661377699,5.474870750114172e-07,0.0018164137364192333,4.8136694007445095e-09,6.708524188515726e-05,1.0873544685414171e-07,2.91077051307015e-06,2.503543329911699e-10,1.4291921918920764e-10,4.711376019085328e-06,7.811642883162511e-08,1.1686987872471738e-11,2.36172400418356e-11,2.7530005041835833e-11
6.1280029727077585e-06,0.16628943999999996,0.8585084662769803,0.0,0.0,0.4326323528394554,0.06368272197973594,0.00355827597763577,9.174821178887063e-06,0.0025649787007231005,0.09288348952093635,0.03593069236477412,2.896923594516829e-05,7.733823222590526e-10,0.0015894800807476654,4.8266768958278025e-11,0.0005945083834741209,3.2640939893009205e-09,2.1787711019132407e-06,3.884316584804103e-09,1.6320166426603774e-10,5.861798821624204e-06,4.243896277535649e-05,0.004469908876646774,8.364633870259054e-07,0.0006830077861426825,7.26160716227561e-10,1.4070688457621217e-09,1.310489543494843e-07,1.1250601217412466e-07,2.0877279523853756e-07,0.00084485009719869,0.011853216103518414,5.475890088846009e-07,0.0018171954871438818,4.812346140455771e-09,6.716131983519602e-05,1.0875602662771075e-07,2.90800540678765e-06,2.504565526037338e-10,1.4291579277181812e-10,4.716546488752637e-06,7.807543927323498e-08,1.1699880327588633e-11,2.3588358039113928e-11,2.752862369387329e-11
6.131585821918652e-06,0.16628943999999996,0.8585084662769803,0.0,0.0,0.4326190027896944,0.06366254785446004,0.0035545298121908305,9.174785181613572e-06,0.0025645842308410927,0.09292627960871391,0.03593859162926059,2.8954933546388252e-05,7.742472046123831e-10,0.0015890922804794785,4.8278952685241715e-11,0.0005945763640893085,3.2658193455064307e-09,2.1761742365467858e-06,3.885614170861894e-09,1.6320059341360498e-10,5.8564537572314946e-06,4.2487126631542764e-05,0.004468354854438822,8.346772578759657e-07,0.0006831382617104908,7.248540945039887e-10,1.4052445441628073e-09,1.3123428281453704e-07,1.1248523866765864e-07,2.0909243491111818e-07,0.0008459559729318658,0.011866098468660479,5.476908102052032e-07,0.001817976885567545,4.8110235653696636e-09,6.723754182044152e-05,1.0877657968473219e-07,2.905242891526738e-06,2.5055869992238963e-10,1.4291233626503974e-10,4.721726673011023e-06,7.803448180822824e-08,1.1712797046279566e-11,2.3559516183296573e-11,2.752724325084233e-11
6.135168671129546e-06,0.16628943999999996,0.8585084662769803,0.0,0.0,0.43260565240607807,0.06364238054096598,0.003550787803718306,9.174749126985177e-06,0.002564189731567049,0.09296905441430452,0.03594648259284738,2.894064218556193e-05,7.751122573755307e-10,0.0015887046837487562,4.8291200724011903e-11,0.0005946443059464556,3.267549604810677e-09,2.173580915290143e-06,3.886910801032341e-09,1.6319947627513335e-10,5.85111428727184e-06,4.2535381695478025e-05,0.004466801393763388,8.328960148713283e-07,0.0006832686392773153,7.235506973617435e-10,1.4034227882226191e-09,1.3141977153068206e-07,1.1246446485362458e-07,2.0941224108631162e-07,0.0008470621408819615,0.011878980749258361,5.477924791467871e-07,0.0018187579318173462,4.80970167522902e-09,6.731390814682851e-05,1.087971060582679e-07,2.9024829651331228e-06,2.5066077500386224e-10,1.4290884973458343e-10,4.726916592542454e-06,7.799355641100244e-08,1.1725738079713602e-11,2.3530714412232855e-11,2.7525863710466844e-11
6.13839323541935e-06,0.16628943999999996,0.8585084662769803,0.0,0.0,0.43259363678217105,0.06362423578124034,0.0035474235463208445,9.174716628906108e-06,0.002563834657211006,0.09300753867588683,0.035953577370677225,2.892778939078333e-05,7.758909501146444e-10,0.0015883560206356687,4.830227902081719e-11,0.0005947054205033374,3.2691110380619938e-09,2.17124995186331e-06,3.888076951515831e-09,1.6319843134442808e-10,5.846313542562116e-06,4.2578889395563393e-05,0.00446540375918673,8.312970601267031e-07,0.0006833858953717232,7.223803886444381e-10,1.401785381306454e-09,1.315868482839099e-07,1.124457681652144e-07,2.0970020880816125e-07,0.000848057941213391,0.011890574723282227,5.478838681463616e-07,0.0018194605724385711,4.808512559519204e-09,6.738276150530278e-05,1.0881555700745492e-07,2.9000012430805314e-06,2.507525808533723e-10,1.4290568624094986e-10,4.7315958608843485e-06,7.79567509503018e-08,1.173740584122686e-11,2.35048270394165e-11,2.7524622894141343e-11
6.141295343280174e-06,0.16628943999999996,0.8585084662769803,0.0,0.0,0.4325828225000828,0.0636079102123946,0.0035443985873356222,9.174687341109306e-06,0.002563515070124236,0.09304216393205134,0.035959956934262835,2.8916229508091533e-05,7.765918908952594e-10,0.0015880423646684406,4.831229414513455e-11,0.0005947603967995653,3.270519735744871e-09,2.169154532192322e-06,3.8891258259126376e-09,1.6319745895863304e-10,5.841996738938531e-06,4.26181097422055e-05,0.00446414627683309,8.298613633377306e-07,0.0006834913581038328,7.213293301048716e-10,1.4003134732109158e-09,1.317373281790693e-07,1.1242894094392531e-07,2.0995949476433672e-07,0.000848954362838187,0.011901009231597934,5.479660267749115e-07,0.0018200927052642736,4.807442829408693e-09,6.744482988806109e-05,1.088321444250739e-07,2.8977694833647743e-06,2.5083515613805805e-10,1.4290281838821983e-10,4.735813971366263e-06,7.792364821107944e-08,1.1747923732087477e-11,2.3481556084169782e-11,2.752350678155113e-11
6.144197451140998e-06,0.16628943999999996,0.8585084662769803,0.0,0.0,0.43257200801355206,0.06359158910920051,0.003541376347178907,9.17465801595e-06,0.0025631954640128163,0.09307677916763872,0.03596633106854359,2.890467685130645e-05,7.772929425184207e-10,0.00158772884207007,4.8322351626546476e-11,0.0005948153477172947,3.2719316669906202e-09,2.167061428127024e-06,3.8901740744713754e-09,1.6319645635170297e-10,5.837683595105516e-06,4.2657390274485894e-05,0.004462889162730587,8.28428842991902e-07,0.0006835967566991813,7.202803693308763e-10,1.3988432286439214e-09,1.318879129869677e-07,1.1241211353628996e-07,2.1021888954232063e-07,0.0008498509747474613,0.011911443671059006,5.480480988424725e-07,0.0018207246072546902,4.806373548235491e-09,6.750699351780291e-05,1.0884871439455243e-07,2.895539418377098e-06,2.5091768410516384e-10,1.4289993095299757e-10,4.7400385059807665e-06,7.789056646604799e-08,1.1758457666937019e-11,2.3458311318293106e-11,2.7522391257062447e-11
6.147099559001822e-06,0.16628943999999996,0.8585084662769803,0.0,0.0,0.4325611933269334,0.06357527247059494,0.003538356823297167,9.174628653507883e-06,0.0025628758389540664,0.09311138438446076,0.03597269977856491,2.889313141562257e-05,7.779941046966091e-10,0.0015874154527891029,4.833245151356318e-11,0.0005948702732716285,3.273346836781315e-09,2.1649706367829988e-06,3.891221697586011e-09,1.6319542356750028e-10,5.833374107865899e-06,4.269673109543749e-05,0.004461632416828152,8.269994903786423e-07,0.0006837020912059048,7.192335009991408e-10,1.3973746456146585e-09,1.3203860263929147e-07,1.1239528594691168e-07,2.104783930163733e-07,0.0008507477765116143,0.01192187803767357,5.481300844361048e-07,0.0018213562784773526,4.805304715863235e-09,6.756925255756524e-05,1.0886526693344904e-07,2.8933110469741768e-06,2.5100016477954367e-10,1.4289702396984886e-10,4.744269475746453e-06,7.785750570162582e-08,1.1769007673033779e-11,2.343509270895604e-11,2.752127631955958e-11
6.150001666862646e-06,0.16628943999999996,0.8585084662769803,0.0,0.0,0.4325503784445771,0.06355896029551508,0.0035353400131392996,9.174599253862443e-06,0.002562556195025198,0.09314597958432844,0.03597906306936745,2.888159319623672e-05,7.786953771424945e-10,0.001587102196774074,4.8342593854719486e-11,0.0005949251734776517,3.2747652501041404e-09,2.162882155280513e-06,3.892268695650316e-09,1.6319436064983479e-10,5.8290682740252675e-06,4.2736132308129e-05,0.004460376039074658,8.255732968172716e-07,0.0006838073616720918,7.181887185941757e-10,1.3959077221351841e-09,1.3218939706967397e-07,1.1237845818042374e-07,2.107380050628525e-07,0.0008516447677012183,0.01193231232745387,5.482119836352657e-07,0.0018219877189997891,4.804236332156843e-09,6.763160717051137e-05,1.0888180205943939e-07,2.891084368013039e-06,2.510825981709043e-10,1.4289409747308596e-10,4.748506891688005e-06,7.782446590423668e-08,1.1779573777645817e-11,2.3411900223305915e-11,2.7520161967733128e-11
6.15290377472347e-06,0.16628943999999996,0.8585084662769803,0.0,0.0,0.4325395633708294,0.06354265258289832,0.003532325914156634,9.174569817092976e-06,0.0025622365323033146,0.09318056476905223,0.03598542094598703,2.8870062188348038e-05,7.793967595689378e-10,0.0015867890739735084,4.8352778698574824e-11,0.000594980048350433,3.2761869119483054e-09,2.1607959807445063e-06,3.893315069057833e-09,1.631932676424638e-10,5.824766090391974e-06,4.2775594015726306e-05,0.004459120029418903,8.241502536527576e-07,0.0006839125681461914,7.171460185300654e-10,1.394442456219145e-09,1.3234029620705058e-07,1.1236163024136523e-07,2.109977255531525e-07,0.0008525419478866893,0.011942746536416594,5.482937965384632e-07,0.001822618928889522,4.803168396977973e-09,6.769405751986929e-05,1.0889831978991266e-07,2.888859380351066e-06,2.5116498431606263e-10,1.4289115149749367e-10,4.752750764836186e-06,7.779144706030997e-08,1.1790156008062945e-11,2.3388733828704026e-11,2.7519048200225832e-11
6.155515671798211e-06,0.16628943999999996,0.8585084662769803,0.0,0.0,0.43252982964440556,0.06352797945607107,0.0035296155410225066,9.174543292324774e-06,0.0025619488198492368,0.09321168287385136,0.035991138409976496,2.8859690443112273e-05,7.800280975489451e-10,0.0015865073773088142,4.836198143800632e-11,0.0005950294140884548,3.2774691892214185e-09,2.158920393745957e-06,3.894256271368149e-09,1.6319225824525474e-10,5.820897243413604e-06,4.281116136101876e-05,0.004457989935409921,8.228722012661525e-07,0.0006840071992991733,7.162093640411154e-10,1.3931251324721458e-09,1.3247619489926263e-07,1.1234648495246724e-07,2.1123156661070952e-07,0.0008533495712906479,0.01195213725209464,5.483673544367449e-07,0.0018231868206551223,4.802207638695556e-09,6.775034482391776e-05,1.089131708886786e-07,2.8868583365719847e-06,2.512390914691151e-10,1.4288848349341664e-10,4.756575780703035e-06,7.776174800477458e-08,1.179969382556651e-11,2.3367906354380287e-11,2.7518046308241157e-11
6.158127568872953e-06,0.16628943999999996,0.8585084662769803,0.0,0.0,0.4325200957696343,0.06351330994220411,0.0035269073600232644,9.174516737607709e-06,0.0025616610922912482,0.09324279286916881,0.03599685149621734,2.8849324531805876e-05,7.806595241717171e-10,0.0015862257884685924,4.8371218679411144e-11,0.0005950787593297038,3.27875410548623e-09,2.157046670975861e-06,3.895196968311689e-09,1.6319122454261015e-10,5.817031348197344e-06,4.2846777866067744e-05,0.004456860139481167,8.215966874494587e-07,0.000684101778692165,7.152743865873811e-10,1.391809148301028e-09,1.3261217830110653e-07,1.1233133953088314e-07,2.114654953167898e-07,0.0008541573471213488,0.011961527896188403,5.48440842558578e-07,0.001823754525712135,4.801247243511705e-09,6.780670992591532e-05,1.0892800792415319e-07,2.8848586609875202e-06,2.5131316037707695e-10,1.4288579976413975e-10,4.76040604389705e-06,7.773206590067071e-08,1.1809244746997072e-11,2.3347099963472384e-11,2.751704488791117e-11
6.160739465947694e-06,0.16628943999999996,0.8585084662769803,0.0,0.0,0.4325103617496748,0.06349864404052319,0.0035242013693059576,9.174490152999162e-06,0.0025613733496853393,0.093273894756323,0.03600256020837073,2.8838964450933864e-05,7.812910392283232e-10,0.001585944307415297,4.8380490458239755e-11,0.0005951280840851296,3.2800416643884617e-09,2.155174810347957e-06,3.896137160174917e-09,1.6319016656632012e-10,5.813168402422197e-06,4.288244360619974e-05,0.004455730641595178,8.203237059523442e-07,0.000684196306360591,7.143410838300084e-10,1.390494502262809e-09,1.3274824636037804e-07,1.1231619397990122e-07,2.1169951157727804e-07,0.0008549652750658367,0.011970918465802723,5.485142609776584e-07,0.0018243220441097722,4.8002872113251826e-09,6.786315294507174e-05,1.089428309089815e-07,2.8828603527654418e-06,2.5138719106458997e-10,1.4288310033497559e-10,4.764241562472242e-06,7.770240073811686e-08,1.1818808792277705e-11,2.332631463229937e-11,2.7516043938028953e-11
6.163351363022435e-06,0.16628943999999996,0.8585084662769803,0.0,0.0,0.4325006275876843,0.06348398175025438,0.003521497567019229,9.17446353855641e-06,0.0025610855920874306,0.09330498853663209,0.03600826455009481,2.8828610197002775e-05,7.819226425099579e-10,0.001585662934111374,4.8389796809958524e-11,0.000595177388365671,3.281331869576621e-09,2.153304809779014e-06,3.897076847244163e-09,1.6318908434814039e-10,5.8093084037689845e-06,4.2918158656793146e-05,0.004454601441714444,8.190532505453926e-07,0.0006842907823391454,7.134094515967549e-10,1.3891811929164429e-09,1.3288439902750372e-07,1.1230104830286027e-07,2.1193361530101982e-07,0.0008557733548119796,0.011980308958044429,5.485876097543813e-07,0.0018248893758972412,4.799327542036493e-09,6.791967400065047e-05,1.0895763985591244e-07,2.8808634110737496e-06,2.514611835497848e-10,1.4288038523083812e-10,4.768082344486579e-06,7.767275250723498e-08,1.182838598134176e-11,2.330555033713329e-11,2.751504345794547e-11
6.165702070389702e-06,0.16628943999999996,0.8585084662769803,0.0,0.0,0.43249186672306345,0.06347078877613013,0.0035190660145404456,9.17443956009692e-06,0.002560826597477315,0.09333296600864675,0.03601339472395024,2.881929634761319e-05,7.824911607233509e-10,0.0015854097902325145,4.839820211565222e-11,0.0005952217447211643,3.2824953198384827e-09,2.1516233978980247e-06,3.897922134244174e-09,1.6318808965118133e-10,5.805836922854986e-06,4.295034442509129e-05,0.004453585416585247,8.179119953528409e-07,0.0006843757665537646,7.125724069968726e-10,1.3880003561866836e-09,1.330070087273776e-07,1.1228741708851228e-07,2.1214438335889388e-07,0.000856500756115897,0.011988760332519463,5.486535641564988e-07,0.0018253998149949369,4.7984641498725605e-09,6.797060977044897e-05,1.0897095591633177e-07,2.8790673312472496e-06,2.515277441311364e-10,1.4287792825550769e-10,4.771543555203039e-06,7.764608356785973e-08,1.1837016705914551e-11,2.328688043765607e-11,2.7514143426901824e-11
6.168052777756969e-06,0.16628943999999996,0.8585084662769803,0.0,0.0,0.43248310574824983,0.06345759872605883,0.0035166362318447045,9.174415557559576e-06,0.0025605675908095885,0.0933609369161445,0.036018521363380754,2.880998721267272e-05,7.830597500779416e-10,0.0015851567335728378,4.840663548000479e-11,0.0005952660845088121,3.283660919213237e-09,2.1499434894654082e-06,3.898767012801422e-09,1.6318707536708754e-10,5.802367825544515e-06,4.298257025094105e-05,0.004452569632782489,8.167727767464926e-07,0.0006844607089533716,7.117367096844448e-10,1.3868205999630798e-09,1.3312968688253022e-07,1.1227378577716888e-07,2.1235522212085017e-07,0.0008572282798985628,0.011997211639876501,5.487194622457737e-07,0.0018259101030141194,4.797601051502149e-09,6.802160893345874e-05,1.0898426062564522e-07,2.877272357030439e-06,2.5159427379282825e-10,1.428754586218494e-10,4.775009041715168e-06,7.761942832794475e-08,1.1845658107647759e-11,2.326822754091639e-11,2.7513243774986745e-11
6.170403485124236e-06,0.16628943999999996,0.8585084662769803,0.0,0.0,0.43247434466553913,0.06344441159947649,0.0035142082175856587,9.174391530985866e-06,0.002560308572124874,0.09338890126008537,0.03602364447104658,2.880068278963783e-05,7.836284104217702e-10,0.0015849037641049537,4.841509692890404e-11,0.0005953104077365657,3.28482867036615e-09,2.1482650829687618e-06,3.899611483124359e-09,1.6318604151893764e-10,5.798901110150627e-06,4.301483618937066e-05,0.004451554090278738,8.156355902233897e-07,0.0006845456095633369,7.109023566915789e-10,1.3856419231984393e-09,1.3325243345669964e-07,1.1226015437125343e-07,2.1256613152036114e-07,0.0008579559259325574,0.012005662878012108,5.487853040667648e-07,0.0018264202399906522,4.7967382468525695e-09,6.807267157676377e-05,1.0899755399313257e-07,2.875478487817281e-06,2.516607725458179e-10,1.4287297634797643e-10,4.778478809905415e-06,7.759278678029659e-08,1.1854310201091549e-11,2.3249591629685267e-11,2.7512344501604136e-11
6.172754192491503e-06,0.16628943999999996,0.8585084662769803,0.0,0.0,0.4324655834772253,0.06343122739581927,0.003511781970417996,9.174367480417187e-06,0.0025600495414637454,0.09341685904142913,0.036028764049605935,2.8791383075965964e-05,7.841971416029578e-10,0.0015846508818014684,4.842358648824806e-11,0.0005953547144123694,3.285998575964253e-09,2.1465881768976523e-06,3.900455545421345e-09,1.631849881297879e-10,5.79543677498755e-06,4.304714229543473e-05,0.004450538789046535,8.14500431292406e-07,0.0006846304684090577,7.100693452648776e-10,1.3844643248465734e-09,1.3337524841330225e-07,1.1224652287318034e-07,2.1277711149055233e-07,0.0008586836939904906,0.012014114044824643,5.48851089665433e-07,0.0018269302259603974,4.795875735850897e-09,6.81237977874905e-05,1.0901083602805341e-07,2.873685723001894e-06,2.517272404022159e-10,1.4287048145202056e-10,4.781952865658806e-06,7.756615891772417e-08,1.1862973000802353e-11,2.3230972686764987e-11,2.751144560612716e-11
6.17510489985877e-06,0.16628943999999996,0.8585084662769803,0.0,0.0,0.43245682218560044,0.06341804611452345,0.003509357488997445,9.174343405894865e-06,0.0025597904988667384,0.09344481026113527,0.036033880101714946,2.8782088069115582e-05,7.847659434697086e-10,0.0015843980866349823,4.8432104183945265e-11,0.0005953990045441608,3.2871706386762417e-09,2.144912769743616e-06,3.901299199900651e-09,1.6318391522267215e-10,5.791974818370697e-06,4.3079488624214487e-05,0.0044495237290583895,8.133672954744408e-07,0.0006847152855159058,7.09237672659087e-10,1.3832878038623271e-09,1.334981317157152e-07,1.1223289128536145e-07,2.1298816196454196e-07,0.0008594115838450592,0.01202256513821422,5.489168190877138e-07,0.0018274400609592136,4.795013518424146e-09,6.817498765280739e-05,1.0902410673965926e-07,2.87189406197855e-06,2.5179367737416294e-10,1.428679739520921e-10,4.785431214862934e-06,7.753954473303874e-08,1.187164652134286e-11,2.3212370694980453e-11,2.751054708792168e-11
6.177455607226037e-06,0.16628943999999996,0.8585084662769803,0.0,0.0,0.4324480607929547,0.06340486775502538,0.0035069347719807703,9.174319307460134e-06,0.0025595314443743393,0.09347275492016308,0.036038992630027744,2.8772797766546144e-05,7.853348158703079e-10,0.0015841453785780933,4.844065004191425e-11,0.0005954432781398695,3.288344861172497e-09,2.143238860000152e-06,3.902142446770463e-09,1.6318282282060167e-10,5.7885152386166495e-06,4.311187523081775e-05,0.004448508910286784,8.12236178302378e-07,0.0006848000609092363,7.084073361352094e-10,1.3821123592015882e-09,1.336210833272926e-07,1.1221925961020547e-07,2.1319928287544221e-07,0.0008601395952690433,0.012031016156082692,5.489824923795049e-07,0.0018279497450229588,4.794151594499302e-09,6.822624125992487e-05,1.0903736613719529e-07,2.87010350414168e-06,2.5186008347377894e-10,1.428654538662805e-10,4.788913863407967e-06,7.751294421905402e-08,1.1880330777281952e-11,2.3193785637178418e-11,2.7509648946359084e-11
6.1821570219605715e-06,0.16628943999999996,0.8585084662769803,0.0,0.0,0.4324305377137534,0.06337851979916849,0.0035020946257912837,9.174271039017982e-06,0.0025590132998650882,0.09352862456001916,0.03604920712587095,2.8754231264092965e-05,7.864727716666043e-10,0.0015836402236834703,4.845782634839309e-11,0.0005955317757547234,3.2906997962078382e-09,2.1398955267287182e-06,3.903827718513877e-09,1.631805796235302e-10,5.781603202969194e-06,4.317676949805832e-05,0.004446479996282976,8.099799820872097e-07,0.0006849694866566602,7.067506604128935e-10,1.3797646946793618e-09,1.3386719133121635e-07,1.1219199600750375e-07,2.1362173574039631e-07,0.0008615959819168224,0.012047917956872444,5.491136707550404e-07,0.0018289686604886497,4.792428626863039e-09,6.832894004861317e-05,1.0906385102700328e-07,2.8665256956058616e-06,2.519928031045485e-10,1.428603760092589e-10,4.795892082094205e-06,7.745978417445344e-08,1.1897731553662407e-11,2.3156666255019067e-11,2.750785379065502e-11
6.186858436695106e-06,0.16628943999999996,0.8585084662769803,0.0,0.0,0.43241301425790785,0.0633521835237414,0.003497261521124357,9.174222675418983e-06,0.0025584951082589917,0.093584467968666,0.03605940755832761,2.8735683548302184e-05,7.876110077797706e-10,0.001583135416898289,4.8475115615237353e-11,0.0005956202073202284,3.293063402467224e-09,2.136558165070437e-06,3.905511362315251e-09,1.631782587222167e-10,5.7747006546013705e-06,4.324182553854826e-05,0.0044444520468144046,8.077318071483147e-07,0.000685138745853757,7.050992963259988e-10,1.3774213229477244e-09,1.3411357213134886e-07,1.1216473208428946e-07,2.1404446955019524e-07,0.000863052852117809,0.012064819430443562,5.492446251585363e-07,0.0018299869726442724,4.79070683235709e-09,6.843189485207709e-05,1.0909029077129846e-07,2.8629522925530135e-06,2.521253993915854e-10,1.42855248025246e-10,4.802887568890034e-06,7.74066787264797e-08,1.1915175446618577e-11,2.3119614403500764e-11,2.7506060134017784e-11
6.191559851429641e-06,0.16628943999999996,0.8585084662769803,0.0,0.0,0.43239549044367614,0.06332585892423866,0.0034924354472713535,9.174174216990081e-06,0.00255797686987833,0.09364028515376781,0.0360695939485572,2.8717154598885624e-05,7.887495229990431e-10,0.0015826309580031723,4.849251805016184e-11,0.0005957085728995671,3.2954357013746073e-09,2.133226763043539e-06,3.907193379836808e-09,1.6317586029994695e-10,5.76780758008813e-06,4.330704379410169e-05,0.00444242506165991,8.054916181764627e-07,0.0006853078387026258,7.034532222124067e-10,1.3750822356910626e-09,1.3436022543352328e-07,1.1213746785973208e-07,2.1446748376952156e-07,0.0008645102040573593,0.012081720560073552,5.493753559559406e-07,0.0018310046817765883,4.7889862103957715e-09,6.853510636950662e-05,1.0911668544379138e-07,2.859383290144227e-06,2.5225787243197194e-10,1.4285007005819407e-10,4.809900371008769e-06,7.735362781772832e-08,1.1932662572923984e-11,2.308262994618746e-11,2.7504267971478987e-11
6.1962612661641755e-06,0.16628943999999996,0.8585084662769803,0.0,0.0,0.4323779662892877,0.06329954599615628,0.0034876163935401517,9.17412566405692e-06,0.0025574585850446706,0.09369607612298465,0.03607976631768665,2.8698644395571183e-05,7.898883161149706e-10,0.0015821268467786742,4.851003386104246e-11,0.0005957968725558082,3.2978167143808905e-09,2.129901308697257e-06,3.908873772739335e-09,1.631733845396496e-10,5.760923966023154e-06,4.337242470695373e-05,0.004440399040597875,8.032593800505912e-07,0.0006854767654050404,7.018124165191929e-10,1.3727474246102904e-09,1.3460715094313402e-07,1.1211020335295613e-07,2.148907778629636e-07,0.0008659680359222074,0.012098621329067707,5.495058635126514e-07,0.0018320217881723172,4.787266760392717e-09,6.863857530075803e-05,1.0914303511808193e-07,2.8558186835431306e-06,2.523902223228141e-10,1.428448422517176e-10,4.81693053570438e-06,7.73006313908333e-08,1.1950193049450438e-11,2.3045712746991634e-11,2.7502477298099243e-11
6.20096268089871e-06,0.16628943999999996,0.8585084662769803,0.0,0.0,0.43236044181294325,0.06327324473499193,0.003482804349255121,9.174077016943848e-06,0.002556940254078869,0.09375184088397223,0.03608992468681034,2.8680152918102812e-05,7.910273859194153e-10,0.0015816230830052807,4.852766325591522e-11,0.000595885106351907,3.3002064629638627e-09,2.1265817901116854e-06,3.9105525426821795e-09,1.6317083162389721e-10,5.7540497990188315e-06,4.343796871975923e-05,0.004438373983406243,8.010350578366256e-07,0.0006856455261624495,7.0017685780197e-10,1.3704168814228103e-09,1.3485434836513715e-07,1.1208293858304143e-07,2.1531435129501527e-07,0.0008674263459004654,0.012115521720759057,5.496361481935171e-07,0.0018330382921181373,4.7855484817608815e-09,6.874230234635176e-05,1.091693398676593e-07,2.8522584679158925e-06,2.525224491612406e-10,1.428395647490941e-10,4.823978110271349e-06,7.724768938846682e-08,1.1967766993167645e-11,2.3008862670172716e-11,2.75006881089677e-11
6.205664095633245e-06,0.16628943999999996,0.8585084662769803,0.0,0.0,0.43234291703281535,0.0632469551362449,0.0034779993037571005,9.174028275973923e-06,0.0025564218773010674,0.09380757944438212,0.03610006907699026,2.8661680146240522e-05,7.921667312055535e-10,0.0015811196664634144,4.854540644297521e-11,0.0005959732743507047,3.302604968628139e-09,2.1232681953976527e-06,3.912229691323249e-09,1.6316820173490642e-10,5.7471850657062105e-06,4.3503676275591415e-05,0.004436349889862504,7.988186167863003e-07,0.0006858141211759776,6.985465247242304e-10,1.3680905978624914e-09,1.3510181740405273e-07,1.1205567356902326e-07,2.1573820353007887e-07,0.000868885132181625,0.012132421718508334,5.497662103628392e-07,0.0018340541939006832,4.783831373912559e-09,6.884628820747038e-05,1.091955997659026e-07,2.848702638431242e-06,2.52654553044403e-10,1.4283423769326516e-10,4.831043142044514e-06,7.719480175333954e-08,1.1985384521142864e-11,2.2972079580335737e-11,2.7498900399201955e-11
6.215066925102314e-06,0.16628943999999996,0.8585084662769803,0.0,0.0,0.4323078666337564,0.06319441090800758,0.003468410166567642,9.173930513749339e-06,0.0025553849875865,0.09391897799405328,0.0361203160046045,2.862479063845472e-05,7.944462434021883e-10,0.0015801138741956097,4.8581235027227746e-11,0.0005961494132071992,3.3074283373528993e-09,2.116658730180413e-06,3.91557913132448e-09,1.6316271176430132e-10,5.733483846773474e-06,4.363558379071364e-05,0.004432304592826432,7.944092401055357e-07,0.0006861508147742707,6.953014506766474e-10,1.3634507766409143e-09,1.3559756914852534e-07,1.1200114288459506e-07,2.1658674226639575e-07,0.0008718041264175126,0.012166220465761903,5.500256686213218e-07,0.0018360841921222812,4.7804006682122704e-09,6.905503918431193e-05,1.0924798530135177e-07,2.8416041185774668e-06,2.5291839233364955e-10,1.42823435492079e-10,4.845225766749762e-06,7.708918935583773e-08,1.2020750798622101e-11,2.289871382174704e-11,2.7495329398379467e-11
6.2244697545713835e-06,0.16628943999999996,0.8585084662769803,0.0,0.0,0.43227281523692146,0.06314191327547,0.003458848897026924,9.173832379942112e-06,0.0025543479184479845,0.09403027183312507,0.03614050726837756,2.8587975710615492e-05,7.967268430765871e-10,0.0015791094682173078,4.86175212825081e-11,0.0005963252896257694,3.3122869931265276e-09,2.1100728185418218e-06,3.918922105977474e-09,1.631569160784755e-10,5.719820202645592e-06,4.376815080522672e-05,0.004428263147700667,7.900309756939086e-07,0.0006864868478024545,6.920770258171233e-10,1.3588278951444925e-09,1.3609440380403518e-07,1.1194661145106541e-07,2.1743638978533731e-07,0.0008747250041734122,0.012200017438266809,5.502842411915731e-07,0.0018381117851293347,4.776974638576848e-09,6.926483385391047e-05,1.0930019230925945e-07,2.8345230853831942e-06,2.531817409681944e-10,1.4281243678499143e-10,4.859478789300576e-06,7.698379374078308e-08,1.2056292820363609e-11,2.2825614394921853e-11,2.749176425713456e-11
6.233872584040453e-06,0.16628943999999996,0.8585084662769803,0.0,0.0,0.4322377629866681,0.06308946220268323,0.0034493154104520414,9.173733877090935e-06,0.002553310672421294,0.09414146102265644,0.03616064303564139,2.855123520138183e-05,7.99008520621524e-10,0.0015781064467695134,4.865426688000971e-11,0.0005965009041050979,3.3171811089459234e-09,2.1035103664615084e-06,3.922258628493597e-09,1.631508161224163e-10,5.706194027039935e-06,4.390138087864986e-05,0.004424225552689131,7.856835521358952e-07,0.0006868222218579225,6.888730832710383e-10,1.3542218878334904e-09,1.3659231899117495e-07,1.118920794191216e-07,2.1828714179894007e-07,0.000877647751014982,0.012233812503902045,5.505419309683462e-07,0.001840136975213368,4.773553280280738e-09,6.947567784935885e-05,1.093522213726995e-07,2.8274595002914595e-06,2.534445997260083e-10,1.4280124270349873e-10,4.87380258981386e-06,7.687861445124812e-08,1.2092011526380499e-11,2.2752780228993225e-11,2.7488204937413707e-11
6.243275413509522e-06,0.16628943999999996,0.8585084662769803,0.0,0.0,0.43220271002690175,0.06303705765372361,0.0034398096224212693,9.173635007714494e-06,0.002552273252031026,0.09425254562363859,0.036180723473213064,2.8514568949670063e-05,8.012912664508504e-10,0.0015771048080922077,4.8691473493380884e-11,0.0005966762571420808,3.3221108582316453e-09,2.0969712803983515e-06,3.925588712061112e-09,1.6314441333547558e-10,5.692605213969613e-06,4.403527757707408e-05,0.004420191805988693,7.813667008784939e-07,0.0006871569385329496,6.856894578281579e-10,1.349632689428483e-09,1.3709131232369442e-07,1.118375469387478e-07,2.191389940178995e-07,0.0008805723525300237,0.012267605530985893,5.507987408376933e-07,0.001842159764665198,4.770136588587907e-09,6.968757681414984e-05,1.0940407307299369e-07,2.8204133247873016e-06,2.537069693853755e-10,1.4278985437378254e-10,4.888197549038275e-06,7.677365103092397e-08,1.2127907858211852e-11,2.268021025848576e-11,2.7484651401601446e-11
6.26208107244766e-06,0.16628943999999996,0.8585084662769803,0.0,0.0,0.43213260255219943,0.06293238798371736,0.0034208808056064776,9.173436179361494e-06,0.002550197898202634,0.09447440130358208,0.036220719023983175,2.8441458575764565e-05,8.058599247235775e-10,0.0015751056720039332,4.876727647441531e-11,0.0005970261808677236,3.33207795299119e-09,2.0839628345311696e-06,3.932229614987759e-09,1.631307049982931e-10,5.6655392529603176e-06,4.4305085145899266e-05,0.00441213585027358,7.728236551523196e-07,0.0006878244060853322,6.793825056134886e-10,1.3405044595142437e-09,1.3809252384593303e-07,1.1172848122915238e-07,2.2084598190823124e-07,0.0008864270620425888,0.01233518494496113,5.513097323549581e-07,0.0018461981508319258,4.76331718601613e-09,7.0114562277336e-05,1.0950724670070047e-07,2.8063730486940313e-06,2.5423024452339183e-10,1.4276649944796324e-10,4.9172024697455945e-06,7.656436997577331e-08,1.22002371730338e-11,2.2535858668525388e-11,2.7477561533398525e-11
6.2790061654919844e-06,0.16628943999999996,0.8585084662769803,0.0,0.0,0.4320695048328822,0.06283834403233075,0.003403938757895792,9.173256005191323e-06,0.0025483295085337782,0.09467371433317408,0.03625652745515072,2.837591158925416e-05,8.099752749655836e-10,0.0015733111609225069,4.8837092670836334e-11,0.0005973402230366116,3.341171953091462e-09,2.0723342162951737e-06,3.938184538248566e-09,1.6311734613807661e-10,5.641306610683218e-06,4.455022772345362e-05,0.004404898633121988,7.652368344981757e-07,0.000688422894511115,6.73774109100697e-10,1.3323458894607047e-09,1.3899727739581551e-07,1.1163032204725495e-07,2.2238599065566198e-07,0.0008917024994582244,0.012395998133609858,5.517666442126667e-07,0.0018498245111865017,4.757195635761521e-09,7.050251401548123e-05,1.0959950217979425e-07,2.793795955490095e-06,2.5469952724459147e-10,1.4274482687560676e-10,4.943554093612534e-06,7.637675073385924e-08,1.226595051300759e-11,2.2406835205877818e-11,2.7471200064402132e-11
6.295931258536309e-06,0.16628943999999996,0.8585084662769803,0.0,0.0,0.4320064070322345,0.06274445026061092,0.0033870851523980765,9.17307468175422e-06,0.0025464605926852207,0.09487268944131919,0.03629215918908397,2.831060270370974e-05,8.140939383304274e-10,0.0015715211026001619,4.890842869620561e-11,0.0005976534257793902,3.3503841218207233e-09,2.0607798706849353e-06,3.944118803362056e-09,1.631030282350226e-10,5.617193388127483e-06,4.479758592182246e-05,0.004397673856138021,7.577450186701045e-07,0.0006890192775558932,6.682290446416123e-10,1.3242407768278578e-09,1.3990548671790402e-07,1.1153216371322995e-07,2.2392949730459177e-07,0.0008969837228920424,0.012456802689377358,5.522207496590018e-07,0.0018534431290861864,4.751089131177226e-09,7.089397209026389e-05,1.0969119196343254e-07,2.7812746723224705e-06,2.5516723740354304e-10,1.4272254221275608e-10,4.9701422214810264e-06,7.618982384008286e-08,1.233225407193913e-11,2.2278651407892198e-11,2.7464856769725106e-11
6.312856351580633e-06,0.16628943999999996,0.8585084662769803,0.0,0.0,0.43194330997333524,0.06265070645996014,0.00337031950610925,9.172892223039584e-06,0.0025445911649844537,0.09507132698128613,0.03632761518024316,2.8245530989004005e-05,8.182158596760201e-10,0.0015697354867371322,4.89812943959493e-11,0.0005979657919305978,3.359715485633397e-09,2.049299268975689e-06,3.950032486404562e-09,1.630877594821351e-10,5.593198977744704e-06,4.504718077056769e-05,0.004390461508556099,7.50346740381647e-07,0.0006896135643238465,6.627464063445672e-10,1.316188750185744e-09,1.4081713765426096e-07,1.1143400707681724e-07,2.2547647679715026e-07,0.0009022706490959487,0.012517597860007527,5.52672065213875e-07,0.0018570540178642033,4.7449976442753515e-09,7.128896978186625e-05,1.0978231937915005e-07,2.7688089761368873e-06,2.556333795486791e-10,1.4269965183796668e-10,4.996969096095031e-06,7.600358665578772e-08,1.2399153394508377e-11,2.21513012499201e-11,2.745853144512982e-11
6.329781444624958e-06,0.16628943999999996,0.8585084662769803,0.0,0.0,0.4318802144746188,0.06255711242204273,0.0033536413387064107,9.17270864284127e-06,0.0025427212396465205,0.09526962730564366,0.036362896377803516,2.8180695517715322e-05,8.223409840827842e-10,0.001567954303023947,4.905569963880351e-11,0.0005982773243067483,3.36916707527664e-09,2.037891887164316e-06,3.955925663208575e-09,1.6307154801474855e-10,5.569322775015619e-06,4.529903336488572e-05,0.004383261579539755,7.430405596779535e-07,0.0006902057638672773,6.573253042687132e-10,1.3081894407570702e-09,1.4173221597880073e-07,1.113358529806478e-07,2.2702690406490497e-07,0.000907563195056199,0.012578382897752082,5.531206073076978e-07,0.0018606571908456027,4.738921146964793e-09,7.168754047433826e-05,1.0987288773645765e-07,2.7563986443473976e-06,2.5609795823060084e-10,1.4267616207570712e-10,5.024036966449876e-06,7.581803654891026e-08,1.2466654040469794e-11,2.2024778760504592e-11,2.7452223890559915e-11
6.346706537669282e-06,0.16628943999999996,0.8585084662769803,0.0,0.0,0.43181712134989836,0.062463667938784356,0.0033370501725336404,9.172523954760903e-06,0.0025408508307751165,0.09546759076626325,0.03639800372568331,2.811609536512838e-05,8.264692568539023e-10,0.001566177541141676,4.9131654316228e-11,0.000598588025706501,3.3787399257527615e-09,2.0265572059004776e-06,3.961798409362455e-09,1.6305440191087598e-10,5.545564178432963e-06,4.5553164864799624e-05,0.004376074058182359,7.358250633346038e-07,0.0006907958851870427,6.519648640871233e-10,1.3002424823985878e-09,1.4265070739814905e-07,1.1123770226030541e-07,2.2858075402967644e-07,0.0009128612779938155,0.012639157059346432,5.535663922818108e-07,0.001864252661347105,4.73285961105287e-09,7.208971765431867e-05,1.0996290032692968e-07,2.7440434548424723e-06,2.565609780018238e-10,1.4265207919675536e-10,5.05134808770088e-06,7.563317089400325e-08,1.2534761584425754e-11,2.189907802062187e-11,2.744593391004794e-11
6.363631630713607e-06,0.16628943999999996,0.8585084662769803,0.0,0.0,0.43175403140838886,0.0623703728023712,0.003320545532587869,9.17233817221111e-06,0.002538979952363686,0.09566521771432233,0.03643293816257155,2.805172960923481e-05,8.306006235155478e-10,0.0015644051907621802,4.92091683418183e-11,0.0005988978989108215,3.3884350762812407e-09,2.015294710419394e-06,3.967650800210143e-09,1.6303632919155627e-10,5.521922589484589e-06,4.5809596494345475e-05,0.004368898933507826,7.286988642731662e-07,0.0006913839372329818,6.466642267586131e-10,1.2923475115826133e-09,1.4357259755249654e-07,1.1113955574438803e-07,2.301380016043447e-07,0.0009181648153649833,0.012699919605985759,5.540094363889114e-07,0.0018678404426769354,4.726813008246927e-09,7.249553490974797e-05,1.1005236042429193e-07,2.731743185990958e-06,2.5702244341652954e-10,1.4262740941859237e-10,5.078904721071476e-06,7.54489870722572e-08,1.2603481615598632e-11,2.1774193162940657e-11,2.7439661311625202e-11
6.380556723757931e-06,0.16628943999999996,0.8585084662769803,0.0,0.0,0.43169094545473075,0.06227722680524904,0.003304126946504794,9.1721513084187e-06,0.002537108618296487,0.09586250850030698,0.0364677006219559,2.7987597330733604e-05,8.347350298170993e-10,0.0015626372415483514,4.928825165071659e-11,0.0005992069466831473,3.3982535702603914e-09,2.0041038904761523e-06,3.973482910850987e-09,1.6301733782119889e-10,5.498397412636839e-06,4.60683495407537e-05,0.004361736194471341,7.216606009883208e-07,0.0006919699289043215,6.414225482060793e-10,1.2845041673785919e-09,1.444978720164551e-07,1.1104141425456865e-07,2.3169862169364983e-07,0.0009234737248614541,0.012760669803301193,5.544497557934834e-07,0.0018714205481346567,4.720781310155752e-09,7.290502592857266e-05,1.1014127128450472e-07,2.719497616647886e-06,2.574823590303103e-10,1.4260215890579474e-10,5.106709133760899e-06,7.526548247152023e-08,1.2672819737601874e-11,2.165011837109798e-11,2.743340590723358e-11
6.397481816802256e-06,0.16628943999999996,0.8585084662769803,0.0,0.0,0.431627864289012,0.0621842297401226,0.0032877939445448644,9.171963376427771e-06,0.0025352368423496433,0.09605946347401513,0.036502292032150094,2.792369761303148e-05,8.388724217313384e-10,0.0015608736831543573,4.9368914199021284e-11,0.0005995151717695472,3.4081964552286727e-09,1.992984240281594e-06,3.979294816139526e-09,1.62997435707928e-10,5.474988055318162e-06,4.632944535362531e-05,0.00435458582996006,7.147089369914516e-07,0.0006925538690500948,6.362389990041374e-10,1.276712091434822e-09,1.454265162999033e-07,1.109432786056534e-07,2.3326258919498614e-07,0.0009287879244109309,0.012821406921336221,5.548873665722187e-07,0.0018749929910110204,4.714764488291173e-09,7.331822449744114e-05,1.102296361458489e-07,2.7073065261601414e-06,2.5794072939992574e-10,1.425763337704221e-10,5.134763598851397e-06,7.508265448631898e-08,1.2742781568209999e-11,2.1526847878992713e-11,2.7427167512640023e-11
6.41440690984658e-06,0.16628943999999996,0.8585084662769803,0.0,0.0,0.4315647887067918,0.06209138139995457,0.0032715460595793273,9.171774389102768e-06,0.0025333646381921824,0.0962560829845597,0.03653671331632158,2.786002954224311e-05,8.430127454546305e-10,0.0015591145052258823,4.9451165963195434e-11,0.0005998225768988799,3.4182647828256245e-09,1.981935258439671e-06,3.9850865906852325e-09,1.6297663070392462e-10,5.451693927902975e-06,4.659290534410271e-05,0.004347447828793811,7.078425602687906e-07,0.0006931357664695583,6.311127640739765e-10,1.2689709279603525e-09,1.4635851584882877e-07,1.1084514960564095e-07,2.3482987899919283e-07,0.0009341073321774314,0.012882130234523219,5.553222847144447e-07,0.0018785577845878104,4.7087625140696744e-09,7.373516450039212e-05,1.1031745822901439e-07,2.6951696943719936e-06,2.583975590830694e-10,1.4254994007240447e-10,5.163070395214999e-06,7.490050051787918e-08,1.2813372739127432e-11,2.140437597009563e-11,2.7420945947352637e-11
6.431332002890905e-06,0.16628943999999996,0.8585084662769803,0.0,0.0,0.4315017194991222,0.0619986815779649,0.003255382827076323,9.171584359131456e-06,0.0025314920193870516,0.09645236738037176,0.03657096539251876,2.779659220719121e-05,8.471559474070923e-10,0.0015573596974003648,4.953501693947401e-11,0.000600129164782953,3.4284596087524562e-09,1.970956447886265e-06,3.990858308852415e-09,1.62954930605767e-10,5.428514443695739e-06,4.685875098403587e-05,0.0043403221797257835,7.010601827513556e-07,0.00069371562991258,6.260430423851619e-10,1.261280323706884e-09,1.4729385604616774e-07,1.1074702805578064e-07,2.3640046599132982e-07,0.0009394318665616562,0.01294283902166016,5.557545261225478e-07,0.0018821149421376848,4.702775358813724e-09,7.415587991753484e-05,1.1040474073718145e-07,2.683086901630486e-06,2.588528526381232e-10,1.4252298381992648e-10,5.191631807419873e-06,7.471901797414328e-08,1.28845988957564e-11,2.128269697677413e-11,2.7414741034539022e-11
6.448257095935229e-06,0.16628943999999996,0.8585084662769803,0.0,0.0,0.4314386574525716,0.0619061300676299,0.00323930378508706,9.17139329902785e-06,0.002529618999392126,0.09664831700920376,0.036605049173698376,2.7733384699406588e-05,8.513019742327404e-10,0.0015556092493072353,4.962047714327009e-11,0.0006004349381166776,3.4387819927323264e-09,1.960047315829391e-06,3.9966100447600655e-09,1.6293234315476995e-10,5.4054490189152704e-06,4.712700380514375e-05,0.004333208871443217,6.943605397995293e-07,0.0006942934680800445,6.210290466658545e-10,1.2536399279508351e-09,1.482325222126342e-07,1.1064891475062857e-07,2.379743250514485e-07,0.000944761446201333,0.01300353256588748,5.561841066123938e-07,0.0018856644769240348,4.696802993753327e-09,7.458040482372158e-05,1.1049148685610584e-07,2.671057928790707e-06,2.5930661462392536e-10,1.4249547096980817e-10,5.220450125636228e-06,7.453820426978955e-08,1.295646569696388e-11,2.1161805279633352e-11,2.7408552600947045e-11
6.4651821889795535e-06,0.16628943999999996,0.8585084662769803,0.0,0.0,0.43137560334924635,0.06181372666268149,0.0032233084742320293,9.171201221135087e-06,0.002527745591561184,0.09684393221813276,0.03663896556775252,2.7670406113128004e-05,8.554507727996272e-10,0.0015538631505681506,4.9707556608580035e-11,0.000600739899578222,3.449232998470212e-09,1.9492073736907607e-06,4.00234187228165e-09,1.6290887603732253e-10,5.382497072679246e-06,4.739768539817041e-05,0.0043261078925680915,6.877423897002015e-07,0.0006948692896242599,6.160700031187315e-10,1.2460493924756133e-09,1.491744996075567e-07,1.1055081047810382e-07,2.3955143105537277e-07,0.0009500959899715636,0.013064210154665102,5.566110419137489e-07,0.0018892064022008387,4.690845390027663e-09,7.500877338721278e-05,1.1057769975420775e-07,2.659082557220905e-06,2.5975884959954893e-10,1.424674074278833e-10,5.249527645541844e-06,7.435805682625123e-08,1.3028978814847433e-11,2.104169530687239e-11,2.740238047682674e-11
6.482107282023878e-06,0.16628943999999996,0.8585084662769803,0.0,0.0,0.431312557966813,0.06172147115710635,0.00320739643768729,9.171008137628223e-06,0.0025258718091448924,0.09703921335356401,0.03667271547753572,2.760765554530198e-05,8.596022901999593e-10,0.0015521213907972288,4.979626538738767e-11,0.0006010440518291649,3.4598136936124784e-09,1.9384361370486756e-06,4.008053865045051e-09,1.6288453688522364e-10,5.359658026988935e-06,4.767081741203678e-05,0.0043190192316577974,6.812045131761694e-07,0.0006954431031493314,6.111651511444107e-10,1.2385083715538508e-09,1.501197734297006e-07,1.1045271601954516e-07,2.411317588754498e-07,0.0009554354169851495,0.013124871079749632,5.570353476707011e-07,0.001892740731212517,4.684902518686329e-09,7.544101986833447e-05,1.106633825826516e-07,2.647160568807506e-06,2.6020956212406956e-10,1.4243879904937784e-10,5.278866668227163e-06,7.41785730717327e-08,1.3102143934500082e-11,2.0922361533653485e-11,2.7396224495854464e-11
6.4990323750682024e-06,0.16628943999999996,0.8585084662769803,0.0,0.0,0.4312495220785203,0.061629363345145086,0.0031915672211708106,9.170814060517011e-06,0.0025239976652917506,0.09723416076123415,0.036706299800891795,2.754513209558248e-05,8.637564737502028e-10,0.0015503839596012797,4.9886613549067535e-11,0.0006013473975146446,3.4705251497061322e-09,1.9277331255822076e-06,4.013746096432517e-09,1.6285933327601685e-10,5.336931306714111e-06,4.794642155298791e-05,0.004311942877205806,6.747457129079021e-07,0.0006960149172115519,6.063137430722799e-10,1.2310165219297997e-09,1.5106832881807433e-07,1.1035463214976427e-07,2.427152833812917e-07,0.0009607796465928941,0.0131855146371717,5.574570394420738e-07,0.0018962674771937854,4.678974350690826e-09,7.587717861812821e-05,1.1074853847542897e-07,2.6352917459599696e-06,2.606587567563385e-10,1.4240965163928236e-10,5.308469500100006e-06,7.399975044122615e-08,1.3175966753774414e-11,2.0803798481486597e-11,2.7390084495059556e-11
6.515957468112527e-06,0.16628943999999996,0.8585084662769803,0.0,0.0,0.4311864964532212,0.06153740302129147,0.003175820372928873,9.170619001648584e-06,0.0025221231730490363,0.09742877478621478,0.03673971943068068,2.7482834866330455e-05,8.679132709911727e-10,0.0015486508465800343,4.9978611179787336e-11,0.0006016499392635094,3.481368442157695e-09,1.9170978630166334e-06,4.0194186395804605e-09,1.6283327273332317e-10,5.314316339578152e-06,4.822451958373509e-05,0.0043048788176423365,6.683648130670476e-07,0.0006965847403197964,6.015150438961057e-10,1.2235735028019732e-09,1.5202015085276863e-07,1.1025655963709973e-07,2.4430197944055424e-07,0.0009661285983839434,0.01324614012721346,5.578761327018464e-07,0.0018997866533695344,4.673060856916245e-09,7.631728407699439e-05,1.1083317054944945e-07,2.62347587161555e-06,2.611064380547775e-10,1.4237997095272316e-10,5.338338452789896e-06,7.382158637652962e-08,1.3250452983045627e-11,2.0686000717628414e-11,2.7383960314751634e-11
6.532882561156851e-06,0.16628943999999996,0.8585084662769803,0.0,0.0,0.43112348185539445,0.06144558998029157,0.00316015544372253,9.170422972710098e-06,0.0025202483453637342,0.0976230557729159,0.03677297525480509,2.742076296261335e-05,8.720726296881083e-10,0.0015469220413263753,5.007226838190947e-11,0.0006019516796884641,3.4923446501917564e-09,1.9065298770700807e-06,4.025071567379479e-09,1.6280636272717252e-10,5.291812556143353e-06,4.850513332259401e-05,0.004297827041335021,6.620606588614576e-07,0.0006971525809358861,5.967683310168592e-10,1.2161789758057245e-09,1.5297522455576349e-07,1.1015849924347209e-07,2.458918219196656e-07,0.0009714821921860719,0.01330674685438624,5.582926428395722e-07,0.00190329827295468,4.667162008152426e-09,7.676137077332794e-05,1.109172819046188e-07,2.6117127292439106e-06,2.6155261057715885e-10,1.423497626953337e-10,5.368475843052007e-06,7.364407832626187e-08,1.3325608344973644e-11,2.0568962854492376e-11,2.737785179844996e-11
6.549807654201176e-06,0.16628943999999996,0.8585084662769803,0.0,0.0,0.43106047904516603,0.061353924017142944,0.003144571986814131,9.170225985231345e-06,0.0025183731950834433,0.09781700406508961,0.03680606815623699,2.7358915492204453e-05,8.762344978307342e-10,0.0015451975334265604,5.016759527339195e-11,0.0006022526213862163,3.5034548568092712e-09,1.8960286994013572e-06,4.030704952474354e-09,1.6277861067433337e-10,5.269419389796382e-06,4.878828464261862e-05,0.00429078753658955,6.558321160912932e-07,0.0006977184474749647,5.920728939927994e-10,1.2088326049959427e-09,1.5393353489170026e-07,1.1006045172443457e-07,2.474847856845281e-07,0.0009768403480659334,0.013367334127408408,5.587065851607828e-07,0.0019068023491540336,4.66127777510535e-09,7.720947332214688e-05,1.1100087562391883e-07,2.600002102851637e-06,2.619972788803819e-10,1.4231903252361982e-10,5.398883992670766e-06,7.346722374587663e-08,1.3401438574264528e-11,2.0452679549072904e-11,2.737175879281558e-11
6.5667327472455e-06,0.16628943999999996,0.8585084662769803,0.0,0.0,0.430997488778331,0.061262404927093846,0.003129069557953905,9.170028050587278e-06,0.0025164977349572807,0.09801062000583367,0.03683899901304414,2.7297291565582153e-05,8.803988236333062e-10,0.0015434773124604491,5.0264601987188527e-11,0.0006025527669376195,3.51470014874545e-09,1.8855938655589307e-06,4.0363188672639075e-09,1.6275002393864108e-10,5.247136276733935e-06,4.907399547073002e-05,0.004283760291650328,6.496780707160529e-07,0.0006982823483058771,5.874280342932299e-10,1.2015340568300768e-09,1.548950667687313e-07,1.0996241782922462e-07,2.4908084560130196e-07,0.0009822029863294013,0.013427901259183287,5.591179748874101e-07,0.0019102988951621817,4.655408128398902e-09,7.766162642371502e-05,1.1108395477350048e-07,2.5883437769866145e-06,2.624404475202825e-10,1.4228778604532248e-10,5.429565228363066e-06,7.329102009767949e-08,1.3477949417431006e-11,2.0337145502383848e-11,2.7365681147583645e-11
6.583657840289825e-06,0.16628943999999996,0.8585084662769803,0.0,0.0,0.4309345118063736,0.061171032505642375,0.003113647715366593,9.16982918000053e-06,0.002514621977636763,0.09820390393759519,0.03687176869841627,2.7235890295929084e-05,8.84565555534646e-10,0.0015417613680017248,5.036329867064814e-11,0.0006028521189078178,3.526081616427352e-09,1.8752249149310218e-06,4.041913383901041e-09,1.627206098313249e-10,5.224962655948541e-06,4.936228778684174e-05,0.004276745294701121,6.435974284320553e-07,0.0006988442917515268,5.828330650588534e-10,1.1942830001510552e-09,1.5585980503931985e-07,1.098643983008177e-07,2.5067997653712147e-07,0.0009875700275218285,0.013488447566777284,5.595268271581975e-07,0.0019137879241633525,4.649553038575953e-09,7.81178648621572e-05,1.1116652240276066e-07,2.5767375367423008e-06,2.628821210514279e-10,1.4225602881978333e-10,5.460521881681163e-06,7.311546485084141e-08,1.3555146632551973e-11,2.0222355458905856e-11,2.735961871549736e-11
6.600582933334149e-06,0.16628943999999996,0.8585084662769803,0.0,0.0,0.4308715488764898,0.061079806548535724,0.003098306019738154,9.169629384543831e-06,0.0025127459356766783,0.0983968562021743,0.03690437808069141,2.7174710799131252e-05,8.887346421981588e-10,0.0015400496896181178,5.046369548491389e-11,0.0006031506798463848,3.5376003539312474e-09,1.8649213906967873e-06,4.047488574292828e-09,1.6269037561133264e-10,5.202897969214537e-06,4.965318362298094e-05,0.004269742533865682,6.375891142602913e-07,0.0006994042860892409,5.782873108699001e-10,1.187079106170263e-09,1.56827734500962e-07,1.0976639387597575e-07,2.522821533607417e-07,0.0009929413924282331,0.013548972371398241,5.599331570291014e-07,0.0019172694493312856,4.643712476099614e-09,7.85782235040677e-05,1.1124858154441827e-07,2.565183167761873e-06,2.6332230402689564e-10,1.4222376635830255e-10,5.491756288915227e-06,7.294055548141114e-08,1.3633035989031493e-11,2.0108304206046948e-11,2.7353571352245414e-11
6.617508026378474e-06,0.16628943999999996,0.8585084662769803,0.0,0.0,0.4308086007316073,0.060988726851769315,0.0030830440342025237,9.169428675142431e-06,0.002510869621535948,0.09858947714072805,0.03693682802338186,2.7113752193776927e-05,8.929060325118401e-10,0.0015383422668716219,5.056580260432133e-11,0.0006034484522874648,3.5492574589395797e-09,1.8546828397785551e-06,4.053044510100408e-09,1.6265932848565458e-10,5.180941661074192e-06,4.99467050624049e-05,0.004262751997208396,6.316520721440753e-07,0.000699962339551128,5.737901075164843e-10,1.1799220484509478e-09,1.5779883989705212e-07,1.0966840528529609e-07,2.5388735094333183e-07,0.0009983170020736436,0.013609474998373797,5.603369794737062e-07,0.0019207434838291238,4.637886411355121e-09,7.904273729711323e-05,1.1133013521461023e-07,2.5536804562422726e-06,2.637610009980932e-10,1.4219100412449344e-10,5.523270790995551e-06,7.276628947233031e-08,1.3711623267356952e-11,1.999498657361736e-11,2.734753891639879e-11
6.634433119422798e-06,0.16628943999999996,0.8585084662769803,0.0,0.0,0.4307456681104066,0.06089779321158597,0.003067861324328431,9.169227062576445e-06,0.002508993047578474,0.0987817670937741,0.036969119385200214,2.7053013601155534e-05,8.970796755882669e-10,0.001536639089318715,5.0669630215796375e-11,0.00060374543874991,3.5610540326976103e-09,1.8445088127950894e-06,4.058581262739043e-09,1.6262747560964564e-10,5.159093178823987e-06,5.024287423871399e-05,0.004255773672734905,6.257852645565933e-07,0.0007005184603244331,5.693408017749973e-10,1.1728115028914901e-09,1.5877310591768783e-07,1.095704332532643e-07,2.5549554415918943e-07,0.0010036967777233377,0.013669954777129945,5.607383093836377e-07,0.001924210040809291,4.63207481465085e-09,7.951144126862908e-05,1.1141118641296749e-07,2.54222918893813e-06,2.6419821651457374e-10,1.421577475346417e-10,5.555067733394473e-06,7.259266431344623e-08,1.3790914258856199e-11,1.9882397433311185e-11,2.7341521269348967e-11
6.6513582124671226e-06,0.16628943999999996,0.8585084662769803,0.0,0.0,0.4306827517473414,0.06080700542447519,0.0030527574581062787,9.169024557483156e-06,0.0025071162260739657,0.09897372640119474,0.03700125302008519,2.6992494145256436e-05,9.012555207645793e-10,0.0015349401465105741,5.077518851825275e-11,0.0006040416417374182,3.572991179969906e-09,1.834398864015849e-06,4.06409890337829e-09,1.625948240873456e-10,5.137351972501043e-06,5.054171333496118e-05,0.004248807548392729,6.199876721176167e-07,0.0007010726565518935,5.649387511928662e-10,1.1657471477086321e-09,1.5975051720033076e-07,1.0947247849830068e-07,2.5710670788632736e-07,0.001009080640882972,0.01373041104116989,5.611371615689535e-07,0.0019276691334133612,4.626277656219369e-09,7.998437052420858e-05,1.1149173812268586e-07,2.5308291531655816e-06,2.646339551238144e-10,1.4212400195805697e-10,5.587149466027954e-06,7.241967750152202e-08,1.3870914765454305e-11,1.9770531698200097e-11,2.7335518275250117e-11
6.668283305511447e-06,0.16628943999999996,0.8585084662769803,0.0,0.0,0.4306198523726597,0.060716363287172205,0.0030377320059350767,9.16882117035929e-06,0.0025052391691987724,0.09916535540224065,0.03703322977722735,2.6932192952767614e-05,9.054335176024448e-10,0.0015332454279932922,5.088248772198895e-11,0.0006043370637386673,3.5850700089964154e-09,1.8243525513162184e-06,4.069597502941964e-09,1.6256138097179843e-10,5.115717494869675e-06,5.0843244582756664e-05,0.004241853612071885,6.142582932197542e-07,0.0007016249363320721,5.605833238745986e-10,1.1587286634212755e-09,1.6073105833068008e-07,1.0937454173280615e-07,2.5872081700726207e-07,0.0010144685132989107,0.013790843128052852,5.615335507585571e-07,0.0019311207747719611,4.620494906219495e-09,8.046156024628758e-05,1.1157179331062503e-07,2.5194801368059833e-06,2.650682213710419e-10,1.4208977271741834e-10,5.619518343156887e-06,7.224732654025035e-08,1.39516305994296e-11,1.965938432224177e-11,2.7329529800960374e-11
6.6852083985557715e-06,0.16628943999999996,0.8585084662769803,0.0,0.0,0.4305569707124237,0.060625866596657356,0.003022784540609443,9.168616911563222e-06,0.0025033618890366862,0.099356654435535,0.037065050501094675,2.687210915307421e-05,9.09613615888014e-10,0.0015315549233080863,5.0991538048085016e-11,0.0006046317072274492,3.59729163144818e-09,1.8143694361336822e-06,4.075077132108163e-09,1.6252715326536927e-10,5.0941892014081e-06,5.114749026136946e-05,0.004234911851605497,6.085961436630366e-07,0.0007021753077197109,5.562738982721719e-10,1.151755732834106e-09,1.6171471384350154e-07,1.0927662366321482e-07,2.6033784640974974e-07,0.0010198603169584589,0.013851250379373042,5.619274916006086e-07,0.00193456497800466,4.6147265347372744e-09,8.094304569272264e-05,1.1165135492738575e-07,2.5081819283095123e-06,2.6550101979907375e-10,1.420550650891279e-10,5.652176723288105e-06,7.207560894026546e-08,1.403306758316864e-11,1.9548950299793274e-11,2.7323555715983507e-11
6.702133491600096e-06,0.16628943999999996,0.8585084662769803,0.0,0.0,0.4304941074885301,0.06053551515015508,0.003007914637306656,9.168411791317165e-06,0.0025014843975797417,0.0995476238390773,0.037096716031458164,2.6812241878257075e-05,9.13795765631861e-10,0.0015298686219915145,5.1102349727798916e-11,0.0006049255746628025,3.609657162382998e-09,1.8044490834249152e-06,4.080537861309546e-09,1.6249214792006088e-10,5.072766550295265e-06,5.145447269682587e-05,0.00422798225477041,6.030002562991237e-07,0.000702723778726082,5.52009862985943e-10,1.1448280410210536e-09,1.6270146822322664e-07,1.091787249900385e-07,2.61957770987313e-07,0.001025255974089959,0.013911632140738994,5.623189986629097e-07,0.0019380017562198415,4.608972511786752e-09,8.142886219536276e-05,1.1173042590737294e-07,2.49693431669867e-06,2.6593235494809656e-10,1.4201988430365625e-10,5.685126969075103e-06,7.190452221915137e-08,1.4115231548920908e-11,1.9439224665134607e-11,2.7317595892415827e-11
6.71905858464442e-06,0.16628943999999996,0.8585084662769803,0.0,0.0,0.4304312634187299,0.06044530874513328,0.002993121873573766,9.168205819709311e-06,0.002499606706729008,0.09973826395024765,0.03712822720341707,2.675259026309111e-05,9.179799170689135e-10,0.001528186513575684,5.121493300196273e-11,0.0006052186684891433,3.6221677202006603e-09,1.7945910616237655e-06,4.085979760733353e-09,1.6245637183782723e-10,5.051449002397801e-06,5.176421426100299e-05,0.004221064809287791,5.974696806824144e-07,0.0007032703573192944,5.47790616564501e-10,1.1379452753094643e-09,1.6369130590480867e-07,1.0908084640790925e-07,2.63580565639996e-07,0.0010306554071630657,0.013971987761752798,5.627080864333076e-07,0.0019414311225146072,4.603232807312233e-09,8.191904515861637e-05,1.118090091688982e-07,2.485737091571676e-06,2.663622313554888e-10,1.4198423554587888e-10,5.71837144721849e-06,7.173406390145352e-08,1.419812833855296e-11,1.933020249200843e-11,2.7311650204891445e-11
6.735983677688745e-06,0.16628943999999996,0.8585084662769803,0.0,0.0,0.43036843921664925,0.06035524717930241,0.0029784058293147743,9.167999006695916e-06,0.0024977288282953644,0.09992857510581057,0.03715958484742429,2.6693153445043652e-05,9.221660206583693e-10,0.0015265085875884577,5.132929812037862e-11,0.0006055109911363958,3.6348244265977546e-09,1.7847949426001033e-06,4.091402900321422e-09,1.6241983187088714e-10,5.030236021257111e-06,5.2076737370719646e-05,0.004214159502823714,5.920034827319113e-07,0.0007038150514246449,5.436155673089437e-10,1.1311071252641226e-09,1.6468421127459606e-07,1.0898298860563221e-07,2.6520620527514746e-07,0.0010360585388889787,0.01403231659598956,5.630947693201141e-07,0.0019448530899746838,4.597507391189305e-09,8.2413630058013e-05,1.1188710761426038e-07,2.4745900431057656e-06,2.6679065355569595e-10,1.4194812395542403e-10,5.7519125283661965e-06,7.156423151869051e-08,1.4281763803301428e-11,1.9221878893162772e-11,2.7305718530527386e-11
6.752908770733069e-06,0.16628943999999996,0.8585084662769803,0.0,0.0,0.4303056355918081,0.06026533025061469,0.0029637660867778623,9.16779136210336e-06,0.0024958507740002597,0.10011855764191945,0.037190789789311465,2.6633930564272615e-05,9.263540270836014e-10,0.0015248348335536628,5.1445455341214705e-11,0.0006058025450201188,3.6476284065225396e-09,1.7750603016195161e-06,4.096807349770524e-09,1.6238253482203476e-10,5.009127073076568e-06,5.239206448682457e-05,0.0042072663229897715,5.866007443967375e-07,0.0007043578689249624,5.394841330862923e-10,1.1243132826708923e-09,1.6568016867089098e-07,1.0888515226622854e-07,2.668346648079039e-07,0.0010414652922205564,0.014092618000977082,5.634790616524777e-07,0.0019482676716743033,4.591796233225204e-09,8.29126524387581e-05,1.1196472412979847e-07,2.463492962060392e-06,2.672176260800083e-10,1.4191155462701287e-10,5.785752587013404e-06,7.139502260936093e-08,1.4366143803525826e-11,1.911424901990141e-11,2.729980074887395e-11
6.769833863777394e-06,0.16628943999999996,0.8585084662769803,0.0,0.0,0.4302428532496408,0.06017555775726337,0.0029492022305426784,9.167582895630174e-06,0.0024939725554764744,0.1003082118941204,0.037221842850313984,2.6574920763624695e-05,9.305438872520529e-10,0.0015231652409912954,5.156341493040079e-11,0.0006060933325416347,3.660580788129399e-09,1.7653867173038193e-06,4.1021931785324815e-09,1.6234448744494983e-10,4.988121626708827e-06,5.271021811327972e-05,0.004200385257343651,5.812605633370936e-07,0.0007048988176609014,5.353957411470794e-10,1.1175634415212538e-09,1.6667916238474183e-07,1.0878733806697357e-07,2.6846591916186624e-07,0.0010468755903524866,0.014152891338175641,5.638609776807792e-07,0.0019516748806761007,4.58609930316132e-09,8.341614791428418e-05,1.1204186158599718e-07,2.452445639780322e-06,2.676431534563716e-10,1.41874532610786e-10,5.819894001402241e-06,7.122643471895232e-08,1.4451274208461069e-11,1.9007308061652696e-11,2.729389674186562e-11
6.786758956821718e-06,0.16628943999999996,0.8585084662769803,0.0,0.0,0.4301800928915149,0.06008592949768189,0.002934713847507693,9.167373616849024e-06,0.0024920941842688673,0.10049753819735663,0.03725274484709592,2.6516123188633378e-05,9.34735552295117e-10,0.0015214997994177249,5.1683187161024084e-11,0.000606383356088154,3.6736827027327633e-09,1.7557737715923693e-06,4.1075604558141375e-09,1.623056964445054e-10,4.967219153643254e-06,5.30312207962409e-05,0.004193516293389721,5.759820525988946e-07,0.0007054379054312766,5.31349827933743e-10,1.1108572979967708e-09,1.676811766608769e-07,1.0868954667945092e-07,2.700999432699537e-07,0.0010522893567215168,0.014213135972957848,5.642405315770592e-07,0.001955074730031032,4.5804165706743495e-09,8.392415216479665e-05,1.1211852283757434e-07,2.441447868198639e-06,2.6806724020930435e-10,1.4183706291264548e-10,5.8543391534212626e-06,7.105846539995272e-08,1.4537160895968703e-11,1.890105124553956e-11,2.728800639376611e-11
6.803684049866043e-06,0.16628943999999996,0.8585084662769803,0.0,0.0,0.430117355214751,0.059996445270543014,0.0029203005268776026,9.167163535208633e-06,0.002490215671835102,0.10068653688597269,0.037283496591774885,2.6457536987516953e-05,9.389289735680104e-10,0.001519838498345895,5.180478231272492e-11,0.0006066726180329001,3.686935284761219e-09,1.7462210497041505e-06,4.112909250577772e-09,1.6226616847707488e-10,4.946419127993463e-06,5.335509512313679e-05,0.004186659418579609,5.707643403215424e-07,0.0007059751399934014,5.273458389202333e-10,1.104194550452864e-09,1.6868619569826402e-07,1.0859177876959435e-07,2.7173671207487174e-07,0.001057706515006632,0.014273351274588675,5.646177374353769e-07,0.001958467232778274,4.5747480053761515e-09,8.443670093581341e-05,1.1219471072352028e-07,2.4304994398396558e-06,2.6848989085967516e-10,1.417991504945914e-10,5.889090428504669e-06,7.089111221185652e-08,1.462380975228796e-11,1.8795473835953874e-11,2.7282129591127018e-11
6.818916633605935e-06,0.16628943999999996,0.8585084662769803,0.0,0.0,0.4300609112713176,0.05991603244765184,0.002907392378992925,9.166973782998652e-06,0.002488524899296422,0.1008563558710836,0.037311045364008845,2.640498942933943e-05,9.42704514265459e-10,0.0015183468588400824,5.19157850477033e-11,0.0006069323045639508,3.6989923693135094e-09,1.7376747511705267e-06,4.117707420112547e-09,1.622299686622649e-10,4.927786264908992e-06,5.364905597394505e-05,0.004180498557055195,5.661196732637007e-07,0.000706457072984467,5.237776428100492e-10,1.098234933657363e-09,1.6959326880687532e-07,1.085038082699945e-07,2.7321213001354596e-07,0.0010625847946673964,0.014327519448030549,5.649552267216131e-07,0.0019615142146685157,4.569658384388415e-09,8.490190998990578e-05,1.1226287742709678e-07,2.4206878717719936e-06,2.688690523107058e-10,1.4176465485877973e-10,5.920630285638662e-06,7.074101912306534e-08,1.470245024884067e-11,1.8701031175640854e-11,2.7276851958157693e-11
6.834149217345827e-06,0.16628943999999996,0.8585084662769803,0.0,0.0,0.43000448676403985,0.059835735981725494,0.0028945444045232645,9.166783394744764e-06,0.002486834029806523,0.10102591000159242,0.03733847367187152,2.6352611779059176e-05,9.464814031409368e-10,0.001516858556994075,5.2028280181930184e-11,0.0006071913778192744,3.711173247142282e-09,1.7291766027563707e-06,4.122490724398462e-09,1.6219318204161962e-10,4.909235580679306e-06,5.394537770731177e-05,0.004174347468309948,5.615229437587412e-07,0.0007069375167241236,5.202425714064771e-10,1.092310008155068e-09,1.7050275135493221e-07,1.0841585779974985e-07,2.746897326170287e-07,0.0010674657048598483,0.01438166289949828,5.652908356159793e-07,0.001964555265847395,4.564580191919387e-09,8.537085525867352e-05,1.123306650391271e-07,2.410915953729421e-06,2.6924705746769177e-10,1.4172980815986687e-10,5.952421781215569e-06,7.059142135993394e-08,1.478171717892711e-11,1.8607131628045988e-11,2.727158512734791e-11
6.8478585427117295e-06,0.16628943999999996,0.8585084662769803,0.0,0.0,0.4299537217387189,0.0597635685266986,0.0028830324321470454,9.16661150698675e-06,0.0024853121711295714,0.10117828246880828,0.03736305663356066,2.630561665641171e-05,9.498817268925321e-10,0.0015155219327079692,5.2130808006970334e-11,0.0006074240208047981,3.7222425691081734e-09,1.7215691930907023e-06,4.126783029602885e-09,1.6215957629299862e-10,4.892609915367982e-06,5.421409949857885e-05,0.004168819836516791,5.574263732183177e-07,0.0007073686473840687,5.17089009464771e-10,1.0870070581662215e-09,1.713233361230858e-07,1.0833671989337924e-07,2.7602142776998407e-07,0.0010718607275659532,0.014430370495069041,5.655912842462382e-07,0.0019672871489861453,4.56001957166637e-09,8.579612210795884e-05,1.123913514507278e-07,2.402155004270809e-06,2.695862761947865e-10,1.4169814888785623e-10,5.981250721084357e-06,7.045720541806691e-08,1.48535965767073e-11,1.8523083605471998e-11,2.7266854150848463e-11
6.861567868077632e-06,0.16628943999999996,0.8585084662769803,0.0,0.0,0.42990297322443355,0.059691495095803994,0.0028715687476582228,9.166439114197154e-06,0.0024837902464647683,0.1013304407767602,0.037387542913875825,2.6258758213285653e-05,9.53283088906569e-10,0.0015141880001496302,5.223455622761102e-11,0.0006076561696495668,3.7334134473616285e-09,1.714000331329805e-06,4.131063370436901e-09,1.6212550252530605e-10,4.8760502343863126e-06,5.4484759089390204e-05,0.004163300106408638,5.533677065570595e-07,0.0007077985803047186,5.139616879381829e-10,1.0817318775017856e-09,1.7214585464871716e-07,1.0825759893765633e-07,2.7735486442965497e-07,0.0010762577962594136,0.014479057372227789,5.658902252906107e-07,0.0019700142428340913,4.555468174197198e-09,8.622445562164675e-05,1.124517339267271e-07,2.3934259407346765e-06,2.6992456338128623e-10,1.4166621066433482e-10,6.0102861765138285e-06,7.032338797749169e-08,1.4925990018179943e-11,1.8439470323814776e-11,2.7262131804777922e-11
6.873906260906944e-06,0.16628943999999996,0.8585084662769803,0.0,0.0,0.4298573139769137,0.05962670931067014,0.002861292541811645,9.166283532800152e-06,0.002482420462711176,0.10146720029344393,0.03740949825145271,2.6216702106618346e-05,9.563451815081061e-10,0.0015129897576623857,5.232897758928768e-11,0.0006078646821349624,3.743554572593643e-09,1.7072211382953326e-06,4.134905477459679e-09,1.6209443880768306e-10,4.861202712231198e-06,5.4730019537405405e-05,0.004158339099639227,5.497469596120175e-07,0.000708184499193211,5.11169307453308e-10,1.0770078293926416e-09,1.7288776765770262e-07,1.081864048518752e-07,2.7855643542829984e-07,0.0010802168743586427,0.014522857577965448,5.661579892834005e-07,0.001972464538157116,4.5513797884893855e-09,8.661259360375217e-05,1.12505819506621e-07,2.3855969560669893e-06,2.702282273595712e-10,1.4163722985418368e-10,6.036595711426485e-06,7.02032919414913e-08,1.4991586223500608e-11,1.836458806517517e-11,2.7257889026763378e-11
6.886244653736257e-06,0.16628943999999996,0.8585084662769803,0.0,0.0,0.4298116686577573,0.059561999521365164,0.002851055122214548,9.166127549583515e-06,0.0024810506345393814,0.10160378661224488,0.037431375923505816,2.6174756024375428e-05,9.594080762064525e-10,0.0015117936868860784,5.2424395898028195e-11,0.0006080727962530576,3.753778898117544e-09,1.700472842465311e-06,4.13873794877325e-09,1.6206300124904126e-10,4.846408217582283e-06,5.4976868230624064e-05,0.004153384482767969,5.461562583925393e-07,0.000708569454095658,5.083977621487236e-10,1.072306036210061e-09,1.736312339132407e-07,1.0811522501874829e-07,2.797593965999811e-07,0.0010841775482525009,0.01456664050120171,5.664245433528221e-07,0.001974910964771134,4.547298848143296e-09,8.700324506290405e-05,1.125596611590138e-07,2.377793631692614e-06,2.705311404711775e-10,1.4160802698050345e-10,6.063074487904649e-06,7.008351672348554e-08,1.5057603648953544e-11,1.8290054217328475e-11,2.7253653155174458e-11
6.898583046565569e-06,0.16628943999999996,0.8585084662769803,0.0,0.0,0.4297660375278471,0.059497365650442044,0.002840856334988018,9.165971167934228e-06,0.0024796807661909667,0.10174019986133552,0.03745317623427348,2.613291964279579e-05,9.62471754675785e-10,0.0015105997837514427,5.2520815146722216e-11,0.0006082805128916876,3.7640868703082545e-09,1.6937552904926757e-06,4.142560810526828e-09,1.620311923176684e-10,4.8316665527148726e-06,5.5225314008455814e-05,0.004148436250815103,5.425952978925166e-07,0.0007089534479232062,5.056468568539653e-10,1.0676263860306512e-09,1.7437624719326456e-07,1.0804405968345827e-07,2.80963738265143e-07,0.001088139788938226,0.01461040590648568,5.666898927807272e-07,0.0019773535276996065,4.543225341245253e-09,8.73964239878176e-05,1.1261325994780054e-07,2.370015888630379e-06,2.70833304457861e-10,1.4157860386605124e-10,6.089723437549565e-06,6.996406139435513e-08,1.512404459246842e-11,1.8215867029182035e-11,2.724942415101105e-11
6.910921439394881e-06,0.16628943999999996,0.8585084662769803,0.0,0.0,0.42972042084695905,0.059432807620519834,0.0028306960268804793,9.165814391207796e-06,0.0024783108618842468,0.10187644016872777,0.037474899486757286,2.609119263887203e-05,9.655361986531568e-10,0.0015094080441886283,5.261823932893726e-11,0.0006084878329349694,3.774478936329202e-09,1.687068329888558e-06,4.146374088801074e-09,1.6199901446873812e-10,4.816977520621983e-06,5.547536572015034e-05,0.004143494398787057,5.390637768158959e-07,0.0007093364835758903,5.029163986356645e-10,1.0629687675164256e-09,1.7512280126387397e-07,1.0797290908964377e-07,2.8216945074787086e-07,0.0010921035674814662,0.014654153559428406,5.669540428276605e-07,0.001979792231962479,4.539159255869717e-09,8.779214438278504e-05,1.1266661693266547e-07,2.3622636480710526e-06,2.7113472105988493e-10,1.415489623217729e-10,6.116543492766559e-06,6.9844925026968e-08,1.5190911353855275e-11,1.8142024759435403e-11,2.724520197583731e-11
6.923259832224194e-06,0.16628943999999996,0.8585084662769803,0.0,0.0,0.42967481887376724,0.059368325354283484,0.0028205740452651716,9.16565722272858e-06,0.0024769409258144043,0.10201250766227406,0.03749654598272699,2.6049574690349912e-05,9.686013899384629e-10,0.001508218464127239,5.2716672438794905e-11,0.0006086947572633264,3.784955544121866e-09,1.6804118090153116e-06,4.150177809607843e-09,1.6196647014437114e-10,4.802340925011904e-06,5.5727032224603794e-05,0.0041385589216765715,5.355613975214662e-07,0.0007097185639426546,5.002061967519617e-10,1.0583330699119717e-09,1.758708898799433e-07,1.0790177347943763e-07,2.833765243765347e-07,0.001096068855016402,0.014697883226698833,5.672169987330279e-07,0.0019822270825761747,4.5351005800785e-09,8.819042026737035e-05,1.1271973316910166e-07,2.354536831377822e-06,2.714353920162257e-10,1.4151910414689587e-10,6.1435355867441335e-06,6.972610669618493e-08,1.5258206234751628e-11,1.8068525676495337e-11,2.72409865917631e-11
6.935598225053506e-06,0.16628943999999996,0.8585084662769803,0.0,0.0,0.4296292318658465,0.059303918774483745,0.002810490238137693,9.165499665790153e-06,0.0024755709621536197,0.1021484024696678,0.037518116022725374,2.6008065475727808e-05,9.716673103943863e-10,0.0015070310394963695,5.2816118470846456e-11,0.000608901286753509,3.795517142395022e-09,1.6737855770802488e-06,4.153971998890328e-09,1.6193356177369523e-10,4.787756570305837e-06,5.598032239017135e-05,0.004133629814462791,5.320878659791317e-07,0.0007100996919013611,4.97516062630612e-10,1.0537191830377067e-09,1.7662050678593158e-07,1.078306530935451e-07,2.8458494948454195e-07,0.001100035622746562,0.014741594676019223,5.674787657151937e-07,0.001984658084553625,4.5310493019075796e-09,8.859126567609045e-05,1.1277260970813882e-07,2.346835360086716e-06,2.717353190648532e-10,1.4148903112910243e-10,6.17070065343273e-06,6.960760547886859e-08,1.5325931538566583e-11,1.7995368058339382e-11,2.7236777961431818e-11
6.9479366178828186e-06,0.16628943999999996,0.8585084662769803,0.0,0.0,0.42958366007967624,0.05923958780393689,0.002800444454113465,9.16534172365562e-06,0.0024742009750512175,0.10228412471844449,0.037539609906073246,2.596666467425616e-05,9.747339419463613e-10,0.0015058457662246475,5.291658141994974e-11,0.0006091074222786197,3.80616418061678e-09,1.6671894841286246e-06,4.1577566825238244e-09,1.6190029177290621e-10,4.7732242616354205e-06,5.623524509447199e-05,0.004128707072111393,5.286428917128481e-07,0.0007104798703189923,4.94845809869287e-10,1.0491269972877504e-09,1.77371645714622e-07,1.0775954817114847e-07,2.8579471640892927e-07,0.0011040038419442857,0.014785287676161765,5.677393489713365e-07,0.001987085242904205,4.527005409375366e-09,8.899469465811296e-05,1.128252475964657e-07,2.3391591559070695e-06,2.7203450394199117e-10,1.414587450444819e-10,6.198039627523899e-06,6.948942045387267e-08,1.5394089570434258e-11,1.7922550192483688e-11,2.7232576048038194e-11
6.960275010712131e-06,0.16628943999999996,0.8585084662769803,0.0,0.0,0.42953810377064505,0.05917533236552472,0.002790436542425329,9.165183399557949e-06,0.0024728309686337857,0.10241967453598345,0.03756102793087418,2.5925371965936862e-05,9.778012665825132e-10,0.001504662640240272,5.3018065281143487e-11,0.0006093131647081404,3.816897109005566e-09,1.6606233810378808e-06,4.161531886315265e-09,1.6186666254532663e-10,4.758743804840475e-06,5.649180922416828e-05,0.004123790689574684,5.252261877460045e-07,0.0007108591020518623,4.921952541835933e-10,1.044556403635917e-09,1.7812430038620562e-07,1.0768845894978216e-07,2.87005815489605e-07,0.001107973483949255,0.01482896199694639,5.679987536775638e-07,0.00198950856263366,4.522968890513265e-09,8.940072127696004e-05,1.1287764787712323e-07,2.331508140721911e-06,2.7233294838160804e-10,1.4142824765736638e-10,6.225553444428809e-06,6.937155070202926e-08,1.5462682637167424e-11,1.7850070376067933e-11,2.7228380815322763e-11
6.972613403541443e-06,0.16628943999999996,0.8585084662769803,0.0,0.0,0.4294925631930536,0.05911115238219422,0.0027804663529209877,9.165024696700349e-06,0.002471460947005321,0.10255505204950809,0.03758237039401955,2.5884187031522748e-05,9.808692663536257e-10,0.0015034816574710484,5.312057404952576e-11,0.0006095185149079492,3.827716378515177e-09,1.6540871195103625e-06,4.165297636001935e-09,1.6183267648146758e-10,4.744315006466469e-06,5.675002367479073e-05,0.00411888066179172,5.218374705613365e-07,0.0007112373899451692,4.895642133075055e-10,1.040007293626677e-09,1.7887846451238914e-07,1.0761738566565693e-07,2.882182370736382e-07,0.0011119445201704067,0.01487261740923487,5.682569849895442e-07,0.00199192804874419,4.518939733333184e-09,8.980935961019226e-05,1.129298115889732e-07,2.323882236588415e-06,2.726306541173795e-10,1.4139754072077246e-10,6.25324304025766e-06,6.92539953061804e-08,1.5531713047192053e-11,1.7777926915597464e-11,2.7224192227497103e-11
6.984951796370756e-06,0.16628943999999996,0.8585084662769803,0.0,0.0,0.4294470386001192,0.059047047776957545,0.002770533736060671,9.164865618256492e-06,0.002470090914247339,0.10269025738608552,0.0376036375911931,2.5843109552516825e-05,9.83937923373069e-10,0.00150230281384443,5.322411172012834e-11,0.0006097234737403403,3.838622440824046e-09,1.6475805520683436e-06,4.1690539572532455e-09,1.617983359590858e-10,4.729937673762383e-06,5.700989735058202e-05,0.004113976983688403,5.184764600468979e-07,0.0007116147368327956,4.869525070445257e-10,1.0354795593521936e-09,1.796341317974472e-07,1.0754632855386975e-07,2.8943197151569184e-07,0.0011159169220882276,0.014916253684925015,5.685140480422506e-07,0.0019943437062345222,4.514917925765129e-09,9.022062374904655e-05,1.12981739765237e-07,2.3162813657382597e-06,2.729276228830564e-10,1.4136662597687958e-10,6.28110935179779e-06,6.913675335119504e-08,1.5601183110482324e-11,1.7706118126587273e-11,2.7220010249254315e-11
6.997290189200068e-06,0.16628943999999996,0.8585084662769803,0.0,0.0,0.4294015302439778,0.058983018472891766,0.002760638542914521,9.164706167370975e-06,0.0024687208744190382,0.10282529067262972,0.037624829816876135,2.5802139211171953e-05,9.870072198167773e-10,0.0015011261052875553,5.332868228779606e-11,0.0006099280420640592,3.8496157483383866e-09,1.6411035320460665e-06,4.172800875673238e-09,1.6176364334324558e-10,4.715611614678071e-06,5.727143916425207e-05,0.004109079650177603,5.15142879443506e-07,0.0007119911455389465,4.843599573990882e-10,1.0309730934727155e-09,1.803912959280669e-07,1.0747528784753439e-07,2.9064700916770276e-07,0.0011198906612495953,0.014959870596951733,5.687699479487961e-07,0.0019967555400996688,4.510903455765761e-09,9.063452779819206e-05,1.1303343343550199e-07,2.308705450578053e-06,2.732238564072531e-10,1.4133550515597182e-10,6.309153316493573e-06,6.901982392389925e-08,1.567109513855243e-11,1.7634642334043328e-11,2.72158348459273e-11
7.0096285820293805e-06,0.16628943999999996,0.8585084662769803,0.0,0.0,0.42935603837568787,0.05891906439313879,0.0027507806251603835,9.164546347159468e-06,0.002467350831557381,0.10296015203590347,0.03764594736435189,2.5761275690489968e-05,9.900771379231516e-10,0.0014999515277272885,5.3434289747054855e-11,0.0006101322207343173,3.860696754176976e-09,1.634655913586088e-06,4.176538416795679e-09,1.6172860098637407e-10,4.701336637862335e-06,5.7534658036674136e-05,0.0041041886561592475,5.11836455306959e-07,0.0007123666188781643,4.817863882788166e-10,1.0264877892543624e-09,1.8114995057598215e-07,1.0740426377764236e-07,2.9186334038308284e-07,0.0011238657092659547,0.01500346791928568,5.690246898018506e-07,0.0019991635553308217,4.506896311431079e-09,9.105108587548002e-05,1.1308489362861902e-07,2.301154413689675e-06,2.735193564144838e-10,1.4130417997591822e-10,6.3373758724237225e-06,6.890320611306814e-08,1.5741451444411747e-11,1.7563497872940807e-11,2.7211665983365425e-11
7.021966974858693e-06,0.16628943999999996,0.8585084662769803,0.0,0.0,0.42931056324523803,0.05885518546090515,0.00274095983508105,9.164386160709238e-06,0.0024659807896772754,0.1030948416025152,0.037666990525710854,2.5720518674221236e-05,9.931476599930673e-10,0.0014987790770902567,5.3540938092001886e-11,0.0006103360106028036,3.871865912132114e-09,1.6282375516298906e-06,4.180266606080661e-09,1.616932112283275e-10,4.6871125526600015e-06,5.77995628968909e-05,0.004099303996520453,5.085569174559806e-07,0.0007127411596511474,4.792316251669698e-10,1.022023540490299e-09,1.819100894226126e-07,1.0733325657534345e-07,2.9308095554067706e-07,0.0011278420378247815,0.015047045426917255,5.692782786763044e-07,0.0020015677569158014,4.502896480677661e-09,9.147031211149753e-05,1.1313612136652132e-07,2.293628177830672e-06,2.7381412463788724e-10,1.412726521453039e-10,6.3657779582821915e-06,6.87868990095805e-08,1.5812254342409337e-11,1.749268308647211e-11,2.7207503627556232e-11
7.031049473112557e-06,0.16628943999999996,0.8585084662769803,0.0,0.0,0.42927709907816475,0.05880821107965718,0.002733754225050331,9.16426801253206e-06,0.0024649722817869004,0.10319387915230686,0.037682433387742575,2.5690584621413027e-05,9.95408298522543e-10,0.0014979173731921858,5.362011117588972e-11,0.0006104857758018735,3.880144310324183e-09,1.6235314981397517e-06,4.183005027903534e-09,1.616669396029782e-10,4.676674373189217e-06,5.799564635658342e-05,0.004095712361128772,5.061598189689373e-07,0.0007130162711302495,4.773629378104163e-10,1.018750724576418e-09,1.8247058509967531e-07,1.072809978934663e-07,2.939780773349139e-07,0.0011307698818782033,0.015079110770391367,5.694642159071245e-07,0.002003335096108719,4.49995680410654e-09,9.178062476188892e-05,1.1317368301565881e-07,2.288103791918281e-06,2.7403064188403624e-10,1.4124931547834968e-10,6.386800476489646e-06,6.870148140759824e-08,1.5864660263600757e-11,1.7440764830309367e-11,2.7204443785875985e-11
7.04013197136642e-06,0.16628943999999996,0.8585084662769803,0.0,0.0,0.4292436442146098,0.058761277346279485,0.0027265685951147565,9.164149668770447e-06,0.002463963778177613,0.1032928237299101,0.037697836215601424,2.5660707983368357e-05,9.97669247749071e-10,0.001497056817973372,5.369985203904986e-11,0.0006106353311185557,3.8884709031181824e-09,1.618841162354579e-06,4.185738406140065e-09,1.616404819174403e-10,4.6662635917728255e-06,5.819265180892587e-05,0.004092124153308301,5.037770391859703e-07,0.0007132908799060315,4.755042797062516e-10,1.015489218711947e-09,1.8303187904097734e-07,1.0722874856606616e-07,2.948758857915396e-07,0.001133698393265269,0.015111165166535814,5.696495331204805e-07,0.0020051003734966586,4.497021079173398e-09,9.209239651093567e-05,1.1321111966040916e-07,2.2825927724461263e-06,2.7424676421906537e-10,1.4122587059380217e-10,6.407921160026617e-06,6.861623131519127e-08,1.591731035772262e-11,1.7389023667342793e-11,2.7201387439006988e-11
7.047670167119145e-06,0.16628943999999996,0.8585084662769803,0.0,0.0,0.42921588483693895,0.05872235462957034,0.0027206198733515084,9.164051299400889e-06,0.0024631267554103228,0.10337487413511602,0.03771058977188014,2.563595479909007e-05,9.99545997388166e-10,0.0014963434546164302,5.376646683418954e-11,0.0006107592983112674,3.895418450058598e-09,1.6149602224157997e-06,4.188003203549493e-09,1.61618382211267e-10,4.657643713990663e-06,5.8356863035565344e-05,0.0040891486520257675,5.018102037426114e-07,0.0007135184158259553,4.739692180186803e-10,1.0127908276571335e-09,1.8349834023999748e-07,1.0718539039088282e-07,2.95621558062758e-07,0.001136129466882752,0.015137760957870975,5.69802871328151e-07,0.002006563935404203,4.494587514847425e-09,9.235226962669568e-05,1.132420962930103e-07,2.2780289235020513e-06,2.744258397406091e-10,1.4120633035447529e-10,6.425525497679118e-06,6.854560329594525e-08,1.5961194414986868e-11,1.7346214104694155e-11,2.7198853409175806e-11
7.055208362871869e-06,0.16628943999999996,0.8585084662769803,0.0,0.0,0.429188131992134,0.05868345987459612,0.0027146848414623084,9.163952796814708e-06,0.002462289737578966,0.10345686055994335,0.037723315895791476,2.5611241007001464e-05,1.0014229522421485e-09,0.001495630880477912,5.383347475094664e-11,0.0006108831213498408,3.902399424975061e-09,1.6110900378197675e-06,4.190264539392324e-09,1.615961554960231e-10,4.649042614481593e-06,5.8521713877087216e-05,0.004086175509233777,4.998531005040475e-07,0.0007137456068512887,4.724409801939049e-10,1.0101001748848895e-09,1.8396534813158044e-07,1.0714203877405481e-07,2.963676985102039e-07,0.0011385609860578407,0.015164349096494861,5.69955784958585e-07,0.002008026079541556,4.492156666388841e-09,9.261315496417192e-05,1.1327298732144586e-07,2.273474243438406e-06,2.7460464409776497e-10,1.4118671641329391e-10,6.443197929267082e-06,6.847509021133769e-08,1.600524783615732e-11,1.7303525712048995e-11,2.7196321770369925e-11
7.0627465586245935e-06,0.16628943999999996,0.8585084662769803,0.0,0.0,0.4291603857362589,0.0586445930639012,0.0027087634662919637,9.163854161691323e-06,0.0024614527255798243,0.10353878303313215,0.03773601465289836,2.558656653564477e-05,1.003300108330017e-09,0.0014949190946287607,5.3900876699515836e-11,0.0006110068004254373,3.909413931960654e-09,1.6072305761836494e-06,4.192522419417377e-09,1.6157380229428158e-10,4.640460250379644e-06,5.8687206376443965e-05,0.004083204723755202,4.97905670652777e-07,0.0007139724536132559,4.70919528259066e-10,1.0074172366809785e-09,1.844329012587093e-07,1.0709869376634549e-07,2.971143049372639e-07,0.0011409929443931754,0.015190929531999466,5.701082751500412e-07,0.002009486807042973,4.489728531114093e-09,9.287505575652937e-05,1.1330379297664698e-07,2.268928714796711e-06,2.7478317768033953e-10,1.4116702914922144e-10,6.460938669356847e-06,6.840469185580869e-08,1.6049471150188738e-11,1.7260958119974943e-11,2.719379251538336e-11
7.070284754377318e-06,0.16628943999999996,0.8585084662769803,0.0,0.0,0.42913264612523166,0.058605754180038855,0.0027028557147680526,9.16375539470634e-06,0.0024606157203061734,0.10362064158340271,0.03774868610860056,2.5561931313666114e-05,1.0051774616794234e-09,0.0014942080961399102,5.396867358994961e-11,0.0006111303357287493,3.916462075192074e-09,1.6033818052327667e-06,4.194776849359843e-09,1.6155132312690113e-10,4.631896578914443e-06,5.8853342577527395e-05,0.004080236294411188,4.959678557985527e-07,0.0007141989567402698,4.694048242096111e-10,1.0047419894321959e-09,1.8490099816881e-07,1.0705535541852339e-07,2.978613751549615e-07,0.0011434253355007563,0.01521750221411783,5.70260343039529e-07,0.0020109461190420345,4.487303106391581e-09,9.313797523856148e-05,1.1333451349064641e-07,2.264392320143169e-06,2.7496144088047385e-10,1.411472689396344e-10,6.478747932586186e-06,6.833440802404427e-08,1.609386488619271e-11,1.7218510960496746e-11,2.719126563691915e-11
7.07706913055477e-06,0.16628943999999996,0.8585084662769803,0.0,0.0,0.42910768620275125,0.05857082304759206,0.002697550359346412,9.163666392233545e-06,0.0024598624220460693,0.10369425964827128,0.037760067129953265,2.55397931132131e-05,1.0068672450763307e-09,0.0014935688699251226,5.403002921866964e-11,0.0006112413947336471,3.922834249261376e-09,1.599927025324524e-06,4.1968028912221756e-09,1.615309846047492e-10,4.624205221527324e-06,5.900341721373725e-05,0.0040775667215209276,4.942319953304416e-07,0.0007144025162634709,4.680473291449283e-10,1.002340823132453e-09,1.8532274912290256e-07,1.0701635664243795e-07,2.985341330831142e-07,0.0011456148522488976,0.015241410957443718,5.703968440080799e-07,0.0020122582905232255,4.485122539210684e-09,9.337547642667244e-05,1.1336208934238999e-07,2.2603173601257434e-06,2.7512164690987226e-10,1.411294226951522e-10,6.494835034231258e-06,6.827125032384647e-08,1.6133965396763205e-11,1.7180411182362814e-11,2.7188993472305918e-11
7.0838535067322225e-06,0.16628943999999996,0.8585084662769803,0.0,0.0,0.42908273174832956,0.05853591450904888,0.0026922559883629407,9.163577283984301e-06,0.002459109130601748,0.10376782597972967,0.03777142613745755,2.5517686595172755e-05,1.0085571821608378e-09,0.001492930280042333,5.4091706150525985e-11,0.0006113523375754077,3.929233829218657e-09,1.596480855438632e-06,4.198826147329003e-09,1.6151054484824125e-10,4.616528939563792e-06,5.915401639629591e-05,0.0040748990552816194,4.925038340773974e-07,0.0007146057984062655,4.666952425497201e-10,9.9994585022489e-10,1.8574493829954803e-07,1.0697736333929096e-07,2.992072633080644e-07,0.0011478047097360372,0.015265313343474071,5.705330046529521e-07,0.002013569317191132,4.482944163204578e-09,9.361380773494543e-05,1.1338959657777617e-07,2.2562497718629774e-06,2.752816345323562e-10,1.41111517944112e-10,6.510977970100619e-06,6.820818507261467e-08,1.6174204763730235e-11,1.714240838953398e-11,2.718672322178574e-11
7.090637882909675e-06,0.16628943999999996,0.8585084662769803,0.0,0.0,0.42905778280242546,0.058501028551709085,0.0026869725778789254,9.163488070443385e-06,0.0024583558466182284,0.10384134059867249,0.037782763178452555,2.5495611707743638e-05,1.0102472700550796e-09,0.0014922923258142461,5.415370504861182e-11,0.000611463164392065,3.935660891194283e-09,1.5930432722687836e-06,4.200846621841974e-09,1.6149000423354176e-10,4.6088677020419205e-06,5.930514161715931e-05,0.0040722332948303465,4.907833303431607e-07,0.0007148088036242969,4.6534853715907787e-10,9.975570536722461e-10,1.8616756463711508e-07,1.06938375545485e-07,2.9988076423631613e-07,0.0011499949033250893,0.015289209335855638,5.706688257975467e-07,0.00201487919987112,4.4807679765147e-09,9.385297152476039e-05,1.134170353662772e-07,2.2521895426970405e-06,2.754414040329748e-10,1.410935549580629e-10,6.527176896806974e-06,6.814521212125964e-08,1.6214583373148332e-11,1.7104502316594415e-11,2.7184454880151775e-11
7.096743821469381e-06,0.16628943999999996,0.8585084662769803,0.0,0.0,0.42903533349425954,0.058469650486540126,0.0026822268599283423,9.163407688630897e-06,0.00245767789794359,0.1039074595587787,0.037792947773022945,2.54757713104709e-05,1.011768475728233e-09,0.0014917187099339555,5.4209779885966156e-11,0.0006115628094394296,3.941468807060837e-09,1.5899567698515745e-06,4.202662674076359e-09,1.6147143175656195e-10,4.601985425713418e-06,5.944160531251289e-05,0.004069835739158875,4.892413899147915e-07,0.0007149912719233069,4.641410812242876e-10,9.954124034121723e-10,1.8654830123834328e-07,1.0690329127273373e-07,3.0048723070656526e-07,0.00115196636109764,0.015310710232454434,5.70790775232624e-07,0.002016057116855301,4.478811278486577e-09,9.406893265954104e-05,1.1344167188584628e-07,2.2485416180268972e-06,2.7558501032789086e-10,1.410773387056549e-10,6.541803932482971e-06,6.80886152583734e-08,1.6251043492998844e-11,1.7070469326107906e-11,2.7182415000557883e-11
7.102849760029088e-06,0.16628943999999996,0.8585084662769803,0.0,0.0,0.4290128887100482,0.058438290692613165,0.002677489983259899,9.16332722227286e-06,0.0024569999563005805,0.10397353666387397,0.037803114647340576,2.5455956454421587e-05,1.0132897991408088e-09,0.0014911456078916213,5.42661165361987e-11,0.0006116623607182091,3.947299100652822e-09,1.5868771869602705e-06,4.2044764796138415e-09,1.6145277816089726e-10,4.595115287839421e-06,5.9578497396597676e-05,0.004067439725845231,4.877055885014989e-07,0.000715173516611334,4.6293794299586375e-10,9.9327272978258e-10,1.8692939030264662e-07,1.0686821151915989e-07,3.0109399499059443e-07,0.0011539380839926925,0.015332205894450734,5.709124509333784e-07,0.002017234108478742,4.476856350622277e-09,9.428557174043508e-05,1.1346625321573742e-07,2.24489963478088e-06,2.757284403831988e-10,1.410610757006166e-10,6.556476561857391e-06,6.803209292938193e-08,1.6287616993525635e-11,1.7036514270500766e-11,2.7180376659385595e-11
7.1083451047328244e-06,0.16628943999999996,0.8585084662769803,0.0,0.0,0.4289926922964542,0.05841008249234858,0.002673234339222461,9.163254730552173e-06,0.002456389815219253,0.104032970284992,0.03781224971175274,2.5438144890627663e-05,1.0146590891550182e-09,0.0014906302549768957,5.4317043770732527e-11,0.0006117518767796151,3.952565543806962e-09,1.5841114646284356e-06,4.206106986169447e-09,1.6143592079307868e-10,4.588942523570044e-06,5.970206744467739e-05,0.00406528463205709,4.863285914214074e-07,0.0007153373459154723,4.6185879423751195e-10,9.913512683160528e-10,1.8727267117590435e-07,1.0683664362694546e-07,3.016403365172994e-07,0.001155712858495841,0.015351547492913465,5.710217255136023e-07,0.0020182926102531445,4.4750984277952425e-09,9.448112798148377e-05,1.134883293241967e-07,2.241626922178246e-06,2.7585737692041886e-10,1.410463991853168e-10,6.569721005339273e-06,6.798128647026125e-08,1.6320630317216492e-11,1.700602119564377e-11,2.717854346464275e-11
7.113840449436561e-06,0.16628943999999996,0.8585084662769803,0.0,0.0,0.42897249959230876,0.058381889077562386,0.002668985829961437,9.163182170884718e-06,0.002455779680550167,0.10409237002694502,0.037821370475486026,2.542035395735461e-05,1.016028471330033e-09,0.0014901153175110491,5.4368183817183534e-11,0.000611841317042215,3.957850198536109e-09,1.581351321216931e-06,4.207735677548299e-09,1.6141899813711457e-10,4.582779556915391e-06,5.982598616384701e-05,0.004063130786606647,4.849565211381145e-07,0.0007155009946012472,4.6078311313547736e-10,9.894338189115095e-10,1.8761623635087375e-07,1.0680507943638246e-07,3.021869174860409e-07,0.0011574878425704724,0.015370884810893505,5.711307792849581e-07,0.0020193503634101198,4.4733419364841355e-09,9.467723601148809e-05,1.1351036091246153e-07,2.2383590079872585e-06,2.7598617102425416e-10,1.4103168510298901e-10,6.583002555575845e-06,6.793054021700745e-08,1.6353735912671775e-11,1.6975590952051768e-11,2.7176711510387474e-11
7.119335794140297e-06,0.16628943999999996,0.8585084662769803,0.0,0.0,0.4289523106188838,0.058353710441519074,0.0026647444428833595,9.163109543522389e-06,0.0024551695526314806,0.10415173590080537,0.037830476963444944,2.5402583627235985e-05,1.0173979441500263e-09,0.0014896007951341519,5.441953702763555e-11,0.0006119306815786311,3.963153105436205e-09,1.5785967445055997e-06,4.209362555948531e-09,1.6140201039025688e-10,4.576626371559164e-06,5.9950254348438084e-05,0.0040609781890326765,4.835893561317484e-07,0.0007156644629091155,4.597108857016741e-10,9.875203726233524e-10,1.8796008525887025e-07,1.067735189664021e-07,3.027337370483898e-07,0.001159263033767362,0.015390217829290261,5.712396126800321e-07,0.0020204073683874764,4.471586875683108e-09,9.487389708761774e-05,1.1353234806916791e-07,2.23509588552011e-06,2.7611482284460744e-10,1.410169335955691e-10,6.596321295894988e-06,6.787985409084069e-08,1.638693398527864e-11,1.6945223400505148e-11,2.7174880794010736e-11
7.124831138844034e-06,0.16628943999999996,0.8585084662769803,0.0,0.0,0.4289321253974116,0.05832554657748563,0.0026605101654176883,9.163036848716053e-06,0.0024545594318005266,0.10421106791763973,0.037839569200488775,2.5384833872934556e-05,1.0187675061016045e-09,0.0014890866874862773,5.447110375410955e-11,0.0006120199704613555,3.96847430512411e-09,1.5758477223037186e-06,4.21098762356526e-09,1.6138495774928408e-10,4.57048295121162e-06,6.007487279309373e-05,0.004058826838873491,4.822270749951686e-07,0.0007158277510778104,4.586420980584163e-10,9.85610920495401e-10,1.8830421733454742e-07,1.0674196223645459e-07,3.0328079435915554e-07,0.0011610384296413094,0.0154095465290409,5.713482261306987e-07,0.002021463625622892,4.469833244272136e-09,9.507111246736142e-05,1.1355429088035698e-07,2.2318375480960233e-06,2.7624333253372687e-10,1.41002144805503e-10,6.6096773096408475e-06,6.782922801305844e-08,1.6420224740426986e-11,1.6914918401557525e-11,2.7173051312879747e-11
7.13032648354777e-06,0.16628943999999996,0.8585084662769803,0.0,0.0,0.42891194394908383,0.058297397478731465,0.0026562829850167685,9.162964086715577e-06,0.0024539493183938204,0.10427036608850952,0.03784864721143175,2.5367104667142286e-05,1.0201371556738083e-09,0.0014885729942075035,5.452288434856157e-11,0.0006121091837627528,3.97381383823885e-09,1.573104242449906e-06,4.212610882590392e-09,1.6136784041050242e-10,4.564349279609539e-06,6.01998422927062e-05,0.004056676735666938,4.808696564328188e-07,0.0007159908593456409,4.575767364114582e-10,9.837054535895181e-10,1.8864863201177572e-07,1.0671040926593969e-07,3.038280885728769e-07,0.001162814027749449,0.015428870891121993,5.714566200679777e-07,0.00202251913555389,4.468081041124128e-09,9.52688834085803e-05,1.1357618943172528e-07,2.2285839890412484e-06,2.763717002436638e-10,1.4098731887483993e-10,6.623070680173444e-06,6.777866190503075e-08,1.6453608383542703e-11,1.6884675816066483e-11,2.717122306438301e-11
7.1358218282515064e-06,0.16628943999999996,0.8585084662769803,0.0,0.0,0.4288917662950492,0.05826926313852857,0.0026520628891557874,9.162891257769817e-06,0.0024533392127470536,0.10432963042447023,0.037857711021042975,2.534939598258029e-05,1.021506891358107e-09,0.0014880597149379146,5.457487916288035e-11,0.0006121983215550561,3.97917174544724e-09,1.570366292812019e-06,4.2142323352139656e-09,1.6135065856974644e-10,4.558225340516183e-06,6.0325163642310303e-05,0.004054527878950399,4.795170792602607e-07,0.0007161537879521478,4.5651478696545137e-10,9.81803963031416e-10,1.8899332871979732e-07,1.0667886007346381e-07,3.0437561884099595e-07,0.0011645898256503295,0.015448190896550381,5.715647949220919e-07,0.002023573898617837,4.466330265263957e-09,9.546721116960529e-05,1.1359804381212221e-07,2.2253352016890755e-06,2.764999261233715e-10,1.4097245594400078e-10,6.636501490868309e-06,6.772815568821059e-08,1.64870851201278e-11,1.6854495505976757e-11,2.7169396045972568e-11
7.141317172955243e-06,0.16628943999999996,0.8585084662769803,0.0,0.0,0.428871592456418,0.05824114355015134,0.002647849865332731,9.162818362126632e-06,0.002452729115195103,0.1043888609365718,0.037866760654046656,2.533170779199887e-05,1.022876711648404e-09,0.0014875468493176004,5.462708854888541e-11,0.0006122873839103684,3.984548067436746e-09,1.567633861287054e-06,4.215851983623393e-09,1.6133341242238045e-10,4.5521111177212515e-06,6.045083763725311e-05,0.004052380268260799,4.781693224037362e-07,0.0007163165371349572,4.5545623603803746e-10,9.79906439930324e-10,1.893383068921377e-07,1.0664731467827693e-07,3.049233843190393e-07,0.0011663658209069248,0.015467506526380084,5.716727511226003e-07,0.0020246279152519543,4.464580915580076e-09,9.566609700905857e-05,1.1361985410734525e-07,2.2220911793798335e-06,2.766280103247575e-10,1.4095755615411534e-10,6.649969825116115e-06,6.767770928413294e-08,1.6520655155676466e-11,1.6824377332892498e-11,2.716757025506708e-11
7.146812517658979e-06,0.16628943999999996,0.8585084662769803,0.0,0.0,0.4288514224542598,0.05821303870687667,0.0026436439010683504,9.162745400032891e-06,0.002452119026072026,0.10444805763585888,0.03787579613512215,2.531404006817746e-05,1.0242466150410302e-09,0.0014870343969866585,5.4679512858324946e-11,0.0006123763709006671,3.989942844914834e-09,1.5649069358010557e-06,4.217469830002675e-09,1.6131610216329934e-10,4.546006595040849e-06,6.057686507315006e-05,0.0040502339031346,4.7682636489906566e-07,0.0007164791071309585,4.544010700527377e-10,9.780128754002643e-10,1.8968356596258693e-07,1.0661577309979262e-07,3.0547138416306145e-07,0.0011681420110847321,0.015486817761704137,5.717804890981997e-07,0.002025681185893323,4.462832990908399e-09,9.586554218588895e-05,1.1364162040184866e-07,2.2188519154608963e-06,2.767559530004349e-10,1.409426196462732e-10,6.663475766322314e-06,6.762732261440651e-08,1.6554318695704353e-11,1.679432115849389e-11,2.716574568909269e-11
7.152307862362716e-06,0.16628943999999996,0.8585084662769803,0.0,0.0,0.4288312563096011,0.058184948601983935,0.0026394449839061127,9.162672371734464e-06,0.0024515089457110713,0.10450722053337033,0.037884817488903925,2.529639278392464e-05,1.0256166000347447e-09,0.0014865223575851916,5.4732152442873537e-11,0.0006124652825977998,3.995356118617088e-09,1.5621855043090317e-06,4.219085876533666e-09,1.612987279869294e-10,4.539911756317444e-06,6.0703246745711385e-05,0.004048088783107808,4.7548818589113585e-07,0.0007166414981787121,4.533492754055834e-10,9.76123260636507e-10,1.9002910535847345e-07,1.0658423535631177e-07,3.0601961752448743e-07,0.001169918393750173,0.015506124583656149,5.718880092767595e-07,0.0020267337109788654,4.461086490300308e-09,9.606554795953568e-05,1.1366334278460013e-07,2.215617403286686e-06,2.7688375429845283e-10,1.40927646559419e-10,6.677019397906743e-06,6.757699560071838e-08,1.6588075945819455e-11,1.676432684585941e-11,2.7163922345560063e-11
7.157803207066452e-06,0.16628943999999996,0.8585084662769803,0.0,0.0,0.42881109404343043,0.05815687322875493,0.002635253101412166,9.162599277476242e-06,0.002450898874444671,0.10456634964013953,0.037893824739981846,2.527876591207812e-05,1.0269866651307344e-09,0.0014860107307533132,5.478500765412997e-11,0.0006125541190734836,4.000787929300078e-09,1.5594695547948637e-06,4.220700125395986e-09,1.6128129008722952e-10,4.533826585419823e-06,6.082998345095347e-05,0.004045944907715977,4.741547646334564e-07,0.0007168037105147022,4.523008386038805e-10,9.742375868145874e-10,1.903749245121495e-07,1.0655270146686298e-07,3.065680835595116e-07,0.00117169496647443,0.015525426973406396,5.719953120855321e-07,0.002027785490945357,4.459341412657389e-09,9.626611558970781e-05,1.1368502134125748e-07,2.2123876362186817e-06,2.7701141437024843e-10,1.4091263703334052e-10,6.690600803303257e-06,6.752672816483892e-08,1.662192711161317e-11,1.6734394257657342e-11,2.716210022194035e-11
7.162749017299814e-06,0.16628943999999996,0.8585084662769803,0.0,0.0,0.4287929513372982,0.05813161798287077,0.002631486411550667,9.162533436449826e-06,0.00245034981835486,0.10461953695426199,0.037901919228427644,2.5262919157597456e-05,1.0282197909677555e-09,0.0014855506190541803,5.483276199562981e-11,0.0006126340076464343,4.005692441732607e-09,1.5570298774150567e-06,4.2221514141640154e-09,1.6126554165398358e-10,4.528358184291753e-06,6.0944350696762366e-05,0.0040440164836419825,4.729587363177467e-07,0.0007169495490132302,4.5136010540146744e-10,9.72543842575693e-10,1.9068640047539381e-07,1.0652432427765126e-07,3.0706190123072835e-07,0.001173294042421191,0.015542795319117604,5.720916991146704e-07,0.0020287314561992856,4.457772058412925e-09,9.644710788555782e-05,1.137044946395296e-07,2.20948489744223e-06,2.771261878132262e-10,1.4089909742022837e-10,6.702856433738542e-06,6.748153834697875e-08,1.6652473628656052e-11,1.670750758896834e-11,2.7160461351609402e-11
7.167694827533177e-06,0.16628943999999996,0.8585084662769803,0.0,0.0,0.42877481180495114,0.058106374659300436,0.0026277254006849887,9.162467542370685e-06,0.0024498007701414617,0.1046726969148516,0.03791000233142806,2.5247088895427705e-05,1.0294529793863257e-09,0.0014850908409825656,5.488069153569969e-11,0.000612713835400107,4.010612031890097e-09,1.5545946220083146e-06,4.223601250167868e-09,1.6124974190230876e-10,4.5228975893349405e-06,6.105900674460182e-05,0.004042089067006509,4.7176653008931084e-07,0.0007170952431189908,4.5042207146164675e-10,9.708532769660255e-10,1.9099810216565016e-07,1.0649595023921273e-07,3.075559060671619e-07,0.0011748932685820455,0.015560160045853763,5.72187910729902e-07,0.0020296768185786526,4.4562038550946285e-09,9.662855722464948e-05,1.1372393257035726e-07,2.2065859920007773e-06,2.772408470949587e-10,1.4088552850534174e-10,6.715142789396366e-06,6.74363966669178e-08,1.668309653388174e-11,1.6680670706526507e-11,2.7158823465570083e-11
7.172640637766539e-06,0.16628943999999996,0.8585084662769803,0.0,0.0,0.42875667546160495,0.05808114325315155,0.002623970059797808,9.162401595415315e-06,0.00244925173004514,0.10472582952994021,0.037918074066816444,2.523127510582801e-05,1.0306862292988483e-09,0.0014846313962761305,5.492879653048932e-11,0.0006127936023865179,4.015546729533254e-09,1.5521637798745178e-06,4.2250496349912e-09,1.612338909726337e-10,4.517444788844274e-06,6.117395217514985e-05,0.004040162657470032,4.705781310466424e-07,0.0007172407930041945,4.494867270288933e-10,9.691658836254804e-10,1.9131002916602996e-07,1.0646757936480926e-07,3.080500974523511e-07,0.0011764926431916175,0.015577521139968612,5.722839472411166e-07,0.0020306215784015565,4.454636802006711e-09,9.68104645260901e-05,1.1374333519818161e-07,2.20369091506951e-06,2.7735539232351395e-10,1.4087193038890816e-10,6.727459931127644e-06,6.739130306778898e-08,1.67137959772543e-11,1.665388351142112e-11,2.7157186562042088e-11
7.177586447999901e-06,0.16628943999999996,0.8585084662769803,0.0,0.0,0.4287385423224505,0.05805592375953327,0.002620220379886583,9.162335595759574e-06,0.0024487026983060337,0.10477893480755629,0.03792613445239707,2.521547776907659e-05,1.0319195396193132e-09,0.001484172284672542,5.4977077236093606e-11,0.0006128733086576035,4.020496564428621e-09,1.5497373423322704e-06,4.226496570215312e-09,1.6121798900508275e-10,4.51199977113182e-06,6.128918756941696e-05,0.004038237254692736,4.6939352435755836e-07,0.0007173861988390321,4.485540625512856e-10,9.674816561199021e-10,1.9162218106626843e-07,1.0643921166910584e-07,3.085444747753208e-07,0.0011780921644874505,0.015594878587839959,5.723798089576186e-07,0.0020315657359859978,4.453070898148194e-09,9.69928307090104e-05,1.1376270258065976e-07,2.2007996618282548e-06,2.774698236131605e-10,1.4085830317326733e-10,6.739807919791574e-06,6.734625749277786e-08,1.6744572108674118e-11,1.662714590345074e-11,2.715555063917079e-11
7.182532258233264e-06,0.16628943999999996,0.8585084662769803,0.0,0.0,0.4287204124026496,0.058030716173556415,0.002616476351963526,9.162269543578695e-06,0.0024481536751637563,0.10483201275572483,0.0379341835059451,2.519969686547074e-05,1.0331529092633014e-09,0.0014837135059094751,5.502553390855115e-11,0.0006129529542652187,4.0254615663614095e-09,1.547315300718843e-06,4.2279420574193465e-09,1.6120203613947672e-10,4.506562524526798e-06,6.140471350835872e-05,0.0040363128583345035,4.682126952589902e-07,0.0007175314607962259,4.4762406838869434e-10,9.658005881188695e-10,1.9193455744598552e-07,1.064108471650831e-07,3.0903903741709625e-07,0.0011796918307058475,0.01561223237587389,5.724754961880431e-07,0.0020325092916498753,4.45150614284552e-09,9.717565669294635e-05,1.1378203478235867e-07,2.1979122274614734e-06,2.775841410707726e-10,1.4084464695780578e-10,6.7521868162553965e-06,6.730125988511879e-08,1.6775425078157076e-11,1.660045778424797e-11,2.7153915695217574e-11
7.18698348744329e-06,0.16628943999999996,0.8585084662769803,0.0,0.0,0.4287040982398872,0.05800803952317102,0.002613111551866122,9.16221005185122e-06,0.0024476595618836113,0.10487975954902848,0.03794141797991823,2.5185508086295994e-05,1.034262991769509e-09,0.0014833008893845548,5.506929557699199e-11,0.0006130245834875932,4.029943060550339e-09,1.545139214641159e-06,4.229241759150371e-09,1.6118763515791175e-10,4.501675637247035e-06,6.150893574937657e-05,0.004034581761819055,4.6715316676404383e-07,0.0007176620736834998,4.4678934880430977e-10,9.642903230650178e-10,1.9221588777367978e-07,1.0638532185135571e-07,3.09484301734094e-07,0.0011811316527568887,0.015627847644726387,5.725614657647666e-07,0.002033357977367954,4.4500988444903065e-09,9.73405939685174e-05,1.1379940373688473e-07,2.195316797692747e-06,2.7768692954596e-10,1.4083233165143076e-10,6.763354299554823e-06,6.726080300343719e-08,1.680325857121472e-11,1.6576480708526132e-11,2.715244508117971e-11
7.190989593732314e-06,0.16628943999999996,0.8585084662769803,0.0,0.0,0.42868941774255365,0.05798763877813234,0.002610087134450199,9.16215647314598e-06,0.0024472148661945597,0.1049227127463789,0.037947921181461404,2.5172749540332455e-05,1.0352621057081288e-09,0.0014829297646811155,5.510880327591383e-11,0.0006130890078422428,4.0339869478535605e-09,1.5431837703872085e-06,4.230410489925081e-09,1.6117463920557423e-10,4.4972828054927965e-06,6.160293773573002e-05,0.004033024471509666,4.662021882963745e-07,0.000717779525860293,4.460399381407601e-10,9.629332644050595e-10,1.9246923999537769e-07,1.0636235129725843e-07,3.0988516716780683e-07,0.0011824275906914673,0.015641898834511184,5.72638717942587e-07,0.0020341213780656646,4.448833070327824e-09,9.74893571428733e-05,1.138150115107644e-07,2.1929835494345194e-06,2.7777936048266065e-10,1.4082122792186234e-10,6.773426518562672e-06,6.722442495629572e-08,1.682836212340795e-11,1.6554935485818385e-11,2.715112220418463e-11
7.194995700021338e-06,0.16628943999999996,0.8585084662769803,0.0,0.0,0.4286747393843119,0.057967245837009324,0.002607066409371413,9.162102860288493e-06,0.002446770176570205,0.10496564802713552,0.03795441697956764,2.5160001741186178e-05,1.0362612566459842e-09,0.0014825588578879446,5.5148426881741724e-11,0.0006131533924875137,4.038040839256052e-09,1.54123119496052e-06,4.231578273457036e-09,1.6116161010663534e-10,4.492895051667272e-06,6.169713138193283e-05,0.0040314678409061385,4.652536622815675e-07,0.0007178968839429309,4.4529226251158365e-10,9.615782674339412e-10,1.927227387576555e-07,1.0633938286123101e-07,3.1028615309585065e-07,0.0011837236205828317,0.015655947598985556,5.727158561874951e-07,0.00203488438440821,4.447568048343085e-09,9.763842362822822e-05,1.1383059631303958e-07,2.1906527981928903e-06,2.7787171692877574e-10,1.4081010534301407e-10,6.7835191244271255e-06,6.718807827977534e-08,1.6853516355775434e-11,1.6533422557539318e-11,2.714979996632646e-11
7.199001806310362e-06,0.16628943999999996,0.8585084662769803,0.0,0.0,0.4286600631731697,0.05794686069720674,0.0026040493718815236,9.16204921337068e-06,0.002446325493136881,0.10500856539555634,0.037960905383627674,2.5147264678422952e-05,1.0372604440098183e-09,0.0014821881688656486,5.5188166530431435e-11,0.0006132177374508043,4.042104750615856e-09,1.5392814837930048e-06,4.23274511058245e-09,1.6114854793482062e-10,4.488512369600981e-06,6.179151699698462e-05,0.00402991186982716,4.6430758100513246e-07,0.0007180141480216926,4.4454631685840177e-10,9.60225328807316e-10,1.9297638383913615e-07,1.0631641655031717e-07,3.106872591917851e-07,0.0011850197414983437,0.015669993930972168,5.727928806627193e-07,0.002035646996564349,4.446303778148826e-09,9.77877939136543e-05,1.1384615817732237e-07,2.188324541417611e-06,2.779639989419538e-10,1.407989639675127e-10,6.793632149510012e-06,6.715176294380789e-08,1.6878721348056824e-11,1.651194187167565e-11,2.7148478366683525e-11
7.203007912599386e-06,0.16628943999999996,0.8585084662769803,0.0,0.0,0.4286453891171245,0.05792648335613005,0.0026010360172385996,9.161995532484194e-06,0.0024458808160206947,0.10505146485589767,0.03796738640301987,2.513453834161672e-05,1.0382596672270564e-09,0.0014818176974748351,5.522802235791208e-11,0.0006132820427594775,4.046178697795221e-09,1.537334632324513e-06,4.233911002137099e-09,1.6113545276372597e-10,4.484134753131788e-06,6.188609489002258e-05,0.0040283565580912966,4.6336393678156865e-07,0.0007181313181859822,4.4380209620357864e-10,9.588744451476553e-10,1.9323017502201565e-07,1.0629345237223213e-07,3.1108848513226835e-07,0.0011863159525069482,0.015684037823303645,5.728697915313049e-07,0.002036409214702797,4.445040259218401e-09,9.793746848822645e-05,1.1386169713417923e-07,2.185998776560433e-06,2.7805620658297566e-10,1.407878038489952e-10,6.8037656261762e-06,6.711547891834816e-08,1.6903977179957384e-11,1.6490493375616703e-11,2.7147157404295932e-11
7.20701401888841e-06,0.16628943999999996,0.8585084662769803,0.0,0.0,0.4286307172241593,0.057906113811185385,0.0025980263407070045,9.161941817720417e-06,0.0024454361453475327,0.1050943464124145,0.03797386004711014,2.5121822720349643e-05,1.0392589257258053e-09,0.0014814474435761171,5.526799450008579e-11,0.0006133463084408615,4.0502626966578546e-09,1.5353906360028097e-06,4.235075948955307e-09,1.6112232466681798e-10,4.479762196104888e-06,6.198086537015905e-05,0.0040268019055169895,4.624227219542177e-07,0.0007182483945284542,4.4305959557656735e-10,9.575256131295977e-10,1.9348411207918572e-07,1.0627049033354656e-07,3.1148983058600996e-07,0.0011876122526749233,0.015698079268826846,5.72946588955596e-07,0.002037171038992223,4.443777491215492e-09,9.808744784118274e-05,1.1387721321792224e-07,2.18367550107511e-06,2.78148339907449e-10,1.4077662503920455e-10,6.813919586793514e-06,6.707922617337356e-08,1.692928393126451e-11,1.6469077017788528e-11,2.7145837078285784e-11
7.211020125177434e-06,0.16628943999999996,0.8585084662769803,0.0,0.0,0.42861604750224885,0.05788575205977962,0.002595020337557389,9.161888069170474e-06,0.002444991481243057,0.1051372100693601,0.03798032632525199,2.5109117804212067e-05,1.0402582189348546e-09,0.0014810774070301116,5.530808309282707e-11,0.000613410534522248,4.054356763080909e-09,1.5334494902835652e-06,4.2362399518710315e-09,1.6110916371743384e-10,4.475394692372797e-06,6.207582874654153e-05,0.0040252479119225575,4.6148392889532503e-07,0.0007183653771382092,4.4231880994506735e-10,9.56178829428675e-10,1.937381947904604e-07,1.0624753044131419e-07,3.1189129522813886e-07,0.0011889086410728398,0.015712118260395824,5.730232730983254e-07,0.0020379324696012547,4.442515473754646e-09,9.823773246186262e-05,1.1389270646218532e-07,2.1813547124174005e-06,2.782403989731543e-10,1.4076542759049128e-10,6.824094063732653e-06,6.7043004678883e-08,1.6954641681730234e-11,1.6447692746458403e-11,2.7144517387738604e-11
7.214625620837555e-06,0.16628943999999996,0.8585084662769803,0.0,0.0,0.4286028466153639,0.05786743314484748,0.002592318071560584,9.161839666663452e-06,0.002444591289268934,0.10517577205999212,0.03798613968541449,2.5097692523976973e-05,1.041157612028749e-09,0.0014807445598600782,5.534426250380716e-11,0.0006134683041600277,4.058050043751518e-09,1.5317048926518107e-06,4.237286748147549e-09,1.610972908346304e-10,4.471468254505983e-06,6.216146096721336e-05,0.0040238498809651016,4.6064107947301604e-07,0.0007184705814188149,4.4165356512471953e-10,9.549684726272568e-10,1.939669935855953e-07,1.06226868379986e-07,3.1225271504592767e-07,0.0011900754653000876,0.015724751248779516,5.730921921053477e-07,0.002038617420691985,4.441380299298962e-09,9.837325002879902e-05,1.1390663087906885e-07,2.1792681267618687e-06,2.783231886918363e-10,1.4075533399461389e-10,6.83326866118969e-06,6.701043202822731e-08,1.6977507327312074e-11,1.642847429286284e-11,2.7143330208775678e-11
7.218231116497676e-06,0.16628943999999996,0.8585084662769803,0.0,0.0,0.42858964749927947,0.05784912053869247,0.0025896187737386445,9.161791236929284e-06,0.002444191102808345,0.1052143195585142,0.03799194709352639,2.5086275898894466e-05,1.0420570323604042e-09,0.0014804118885312408,5.538053644879549e-11,0.0006135260417637361,4.0617515035871535e-09,1.5299625970318039e-06,4.238332781145069e-09,1.6108539145390137e-10,4.4675459003632205e-06,6.224724990983228e-05,0.004022452383501459,4.5980018000735965e-07,0.0007185757099150326,4.409897018721032e-10,9.537597698255299e-10,1.9419591001903743e-07,1.0620620806835338e-07,3.12614230904015e-07,0.0011912423595625144,0.015737382238488935,5.731610196038038e-07,0.0020393020531610222,4.440245732095712e-09,9.850901561577295e-05,1.1392053684528123e-07,2.17718355152556e-06,2.784059183510386e-10,1.4074522538200595e-10,6.842459926692086e-06,6.69778846443416e-08,1.700041440495851e-11,1.6409281749459268e-11,2.71421435431319e-11
7.2218366121577974e-06,0.16628943999999996,0.8585084662769803,0.0,0.0,0.42857645015978546,0.05783081423942563,0.0025869224406569096,9.16174278003385e-06,0.0024437909219524336,0.10525285256802384,0.03799774855638074,2.50748679213929e-05,1.0429564795148231e-09,0.0014800793929419965,5.5416905026785625e-11,0.0006135837473531963,4.065461154172315e-09,1.5282226001270736e-06,4.239378051469883e-09,1.610734656284419e-10,4.46362762547818e-06,6.233319579987561e-05,0.004021055419398932,4.5896122499697315e-07,0.0007186807626922418,4.4032721656886153e-10,9.525527186135027e-10,1.9442494392871564e-07,1.0618554951141592e-07,3.129758425644886e-07,0.0011924093231835736,0.015750011224337578,5.732297557117618e-07,0.002039986367131209,4.439111771876328e-09,9.86450295796805e-05,1.1393442438544222e-07,2.1751009848578838e-06,2.784885879923201e-10,1.407351017904311e-10,6.851667883843766e-06,6.694536250540161e-08,1.702336297282943e-11,1.6390115078785463e-11,2.7140957390158812e-11
7.225442107817919e-06,0.16628943999999996,0.8585084662769803,0.0,0.0,0.42856325460266487,0.05781251424515843,0.002584229068884821,9.161694296042861e-06,0.002443390746792199,0.10529137109161782,0.03800354408076244,2.5063468583906005e-05,1.0438559530774546e-09,0.0014797470729907474,5.545336833675187e-11,0.0006136414209482095,4.069179007096364e-09,1.5264848986462895e-06,4.240422559727989e-09,1.6106151341136302e-10,4.4597134253893215e-06,6.241929886289664e-05,0.004019658988524735,4.5812420895900704e-07,0.0007187857398149012,4.3966610563012263e-10,9.513473165619372e-10,1.946540951556081e-07,1.0616489271464865e-07,3.1333754979215736e-07,0.00119357635548786,0.01576263820114534,5.732984005472805e-07,0.0020406703627253563,4.437978418283657e-09,9.878129227742629e-05,1.1394829352231837e-07,2.1730204249095696e-06,2.7857119765953435e-10,1.4072496325835708e-10,6.8608925562503375e-06,6.69128655895974e-08,1.7046353089056653e-11,1.637097424299946e-11,2.713977174917924e-11
7.22904760347804e-06,0.16628943999999996,0.8585084662769803,0.0,0.0,0.42855006083369196,0.05779422055400278,0.002581538654995924,9.161645785021847e-06,0.002442990577418494,0.1053298751323918,0.038009333673448345,2.5052077878872845e-05,1.044755452634195e-09,0.0014794149285758977,5.548992647764932e-11,0.0006136990625685543,4.072905073949376e-09,1.5247494893032544e-06,4.241466306524976e-09,1.6104953485569141e-10,4.455803295639885e-06,6.250555932450267e-05,0.004018263090746006,4.57289126429033e-07,0.0007188906413491369,4.3900636553415943e-10,9.501435612425468e-10,1.948833635373295e-07,1.0614423768333764e-07,3.136993523488606e-07,0.0011947434557987226,0.015775263163740897,5.733669542279546e-07,0.00204135404006625,4.436845670968219e-09,9.891780406594545e-05,1.1396214427858229e-07,2.1709418698326575e-06,2.786537473957394e-10,1.407148098239338e-10,6.870133967519085e-06,6.688039387513362e-08,1.7069384811792535e-11,1.635185920435979e-11,2.7138586619533125e-11
7.232653099138161e-06,0.16628943999999996,0.8585084662769803,0.0,0.0,0.42853686885863257,0.05777593316407104,0.002578851195567856,9.16159724703618e-06,0.002442590413922026,0.10536836469344035,0.03801511734120722,2.504069579873789e-05,1.0456549777713846e-09,0.0014790829595958547,5.552657954841336e-11,0.0006137566722339841,4.076639366324284e-09,1.5230163688168897e-06,4.242509292465724e-09,1.6103753001436984e-10,4.451897231777887e-06,6.25919774102603e-05,0.0040168677259298045,4.5645597196111965e-07,0.0007189954673617079,4.38347992721745e-10,9.489414502668324e-10,1.9511274890766398e-07,1.0612358442205909e-07,3.1406124999328375e-07,0.0011959106234396822,0.01578788610696027,5.734354168711269e-07,0.0020420373992766465,4.435713529714905e-09,9.905456530229586e-05,1.1397597667970944e-07,2.1688653177805086e-06,2.7873623724057305e-10,1.407046415241015e-10,6.87939214125888e-06,6.684794734022968e-08,1.7092458199236722e-11,1.6332769925848538e-11,2.7137402000607036e-11
7.236258594798282e-06,0.16628943999999996,0.8585084662769803,0.0,0.0,0.4285236786832492,0.05775765207347604,0.00257616668718235,9.16154868215105e-06,0.0024421902563933596,0.1054068397778572,0.03802089509079979,2.502932233595093e-05,1.0465545280758124e-09,0.0014787511659490296,5.556332764795941e-11,0.0006138142499642317,4.08038189582355e-09,1.5212855339112307e-06,4.243551518154584e-09,1.6102549894025701e-10,4.4479952293561155e-06,6.267855334575662e-05,0.004015472893943103,4.556247401277336e-07,0.0007191002179155421,4.376909835604271e-10,9.477409812399083e-10,1.9534225110861452e-07,1.0610293293605026e-07,3.144232424916076e-07,0.001197077857738262,0.015800507025642983,5.735037885947089e-07,0.002042720440479277,4.434581994234408e-09,9.919157634359724e-05,1.1398979075005299e-07,2.1667907669078003e-06,2.788186672367532e-10,1.4069445839671963e-10,6.888667101080181e-06,6.68155259631196e-08,1.711557330953794e-11,1.6313706370132735e-11,2.713621789174263e-11
7.239864090458403e-06,0.16628943999999996,0.8585084662769803,0.0,0.0,0.4285104903132937,0.05773937728033105,0.0025734851264252226,9.161500090431493e-06,0.002441790104922911,0.1054453003887352,0.03802666692897867,2.5017957482967137e-05,1.0474541031347124e-09,0.0014784195475338363,5.560017087518272e-11,0.000613871795779008,4.084132674048807e-09,1.5195569813154128e-06,4.244592984195688e-09,1.6101344168612795e-10,4.444097283932129e-06,6.276528735672801e-05,0.004014078594652803,4.5479542551945306e-07,0.0007192048930764977,4.3703533458970293e-10,9.465421517277086e-10,1.955718699790311e-07,1.0608228323087793e-07,3.147853296070221e-07,0.0011982451580192389,0.0158131259146388,5.735720695159004e-07,0.002043403163796841,4.433451064115535e-09,9.932883754690037e-05,1.1400358651089049e-07,2.164718215370525e-06,2.7890103742886315e-10,1.4068426048022395e-10,6.897958870594949e-06,6.678312972205177e-08,1.713873020083846e-11,1.629466849934244e-11,2.713503429226913e-11
7.243109036552512e-06,0.16628943999999996,0.8585084662769803,0.0,0.0,0.4284986223287223,0.057722935349261324,0.002571074239147714,9.161456334994048e-06,0.0024414299738538922,0.10547990256620496,0.03803185653465522,2.5007736470432185e-05,1.0482637415120233e-09,0.0014781212406992487,5.56334111955672e-11,0.0006139235597408488,4.087515436702811e-09,1.5180032326550404e-06,4.2455296546326575e-09,1.6100256781704527e-10,4.440592598116012e-06,6.284348330766286e-05,0.004012824180636878,4.5405067714325634e-07,0.0007192990363153058,4.364464105822998e-10,9.454646049775804e-10,1.9577862657794592e-07,1.0606370002274575e-07,3.15111288709731e-07,0.0011992957841292949,0.015824481175102146,5.736334448055553e-07,0.0020440173430923045,4.4324337443829e-09,9.945258681359591e-05,1.1401598706130131e-07,2.1628546268958153e-06,2.7897511950267454e-10,1.4067506974128237e-10,6.906335854962669e-06,6.675399457844161e-08,1.7159607173864674e-11,1.6277556345635505e-11,2.7133969487762078e-11
7.2463539826466215e-06,0.16628943999999996,0.8585084662769803,0.0,0.0,0.42848675581538265,0.0577064985162235,0.002568665734204695,9.161412557920373e-06,0.002441069847830833,0.10551449302486551,0.038037041362459424,2.499752242023928e-05,1.0490733993062941e-09,0.0014778230756459505,5.5666728721520605e-11,0.0006139752978814354,4.090904898688095e-09,1.5164513276441511e-06,4.246465710683145e-09,1.609916728231669e-10,4.43709119164277e-06,6.29218076470759e-05,0.004011570197900004,4.5330747343340926e-07,0.0007193931185865308,4.3585858289947475e-10,9.44388382560171e-10,1.959854774275519e-07,1.0604511826459319e-07,3.1543732408517737e-07,0.0012003464626483002,0.015835834783608775,5.736947467253912e-07,0.002044631265089626,4.4314169145825554e-09,9.957653926127052e-05,1.140283728185574e-07,2.1609926550481156e-06,2.7904915319847155e-10,1.406658670804143e-10,6.914726491524523e-06,6.672487976158516e-08,1.7180518079051426e-11,1.6260464939673657e-11,2.7132905094896933e-11
7.249598928740731e-06,0.16628943999999996,0.8585084662769803,0.0,0.0,0.4284748907774555,0.05769006677984304,0.002566259609114989,9.161368759257555e-06,0.002440709726919372,0.10554907176696975,0.03804222141729868,2.4987315326898476e-05,1.049883076217468e-09,0.0014775250522998913,5.570012352509767e-11,0.0006140270102150938,4.094301068471598e-09,1.514901263907961e-06,4.2474011527866685e-09,1.6098075674280635e-10,4.433593061282924e-06,6.300026053953413e-05,0.004010316646344995,4.525658104861532e-07,0.0007194871399368179,4.352718489711276e-10,9.43313482727638e-10,1.961924224115613e-07,1.0602653796031711e-07,3.157634355621212e-07,0.0012013971930862498,0.0158471867364162,5.737559753608355e-07,0.002045244929878205,4.430400574467697e-09,9.970069515035805e-05,1.1404074379945307e-07,2.1591322984856407e-06,2.7912313854799827e-10,1.4065665252520937e-10,6.923130797496284e-06,6.669578525565374e-08,1.7201462958791284e-11,1.624339425422114e-11,2.713184111319753e-11
7.25284387483484e-06,0.16628943999999996,0.8585084662769803,0.0,0.0,0.4284630272191134,0.057673640138745756,0.002563855861400937,9.161324939052529e-06,0.002440349611185025,0.10558363879476954,0.038047396704073415,2.4977115184924348e-05,1.050692771945871e-09,0.001477227170587025,5.573359567833601e-11,0.0006140786967561303,4.0977039545208395e-09,1.5133530390760557e-06,4.248335981382256e-09,1.6096981961420572e-10,4.430098203811098e-06,6.307884214964799e-05,0.004009063525874604,4.5182568440863093e-07,0.0007195811004140953,4.346862062792083e-10,9.422399037327987e-10,1.9639946141082084e-07,1.0600795911363282e-07,3.160896229667919e-07,0.0012024479749523198,0.015858537029789222,5.73817130796909e-07,0.0020458583375474117,4.4293847238007305e-09,9.982505474131534e-05,1.1405310002074736e-07,2.1572735558677793e-06,2.791970755821325e-10,1.4064742610296538e-10,6.9315487900950394e-06,6.666671104483074e-08,1.7222441855496966e-11,1.622634426213986e-11,2.713077754220147e-11
7.256088820928949e-06,0.16628943999999996,0.8585084662769803,0.0,0.0,0.42845116514452547,0.05765721859155768,0.0025614544885870236,9.161281097352144e-06,0.002439989500693233,0.10561819411051633,0.03805256722767984,2.496692198883441e-05,1.051502486192066e-09,0.001476929430433306,5.576714525326087e-11,0.0006141303575188375,4.101113565304399e-09,1.5118066507806983e-06,4.24927019690865e-09,1.609588614755623e-10,4.42660661600443e-06,6.315755264202527e-05,0.004007810836391537,4.510870913168008e-07,0.0007196750000664108,4.341016523020465e-10,9.411676438399316e-10,1.9660659430497182e-07,1.0598938172803409e-07,3.164158861244165e-07,0.001203498807756015,0.01586988565999625,5.738782131185003e-07,0.0020464714881866047,4.428369362382822e-09,9.994961829464103e-05,1.1406544149997582e-07,2.1554164258545825e-06,2.792709643306033e-10,1.406381878406001e-10,6.939980486538413e-06,6.663765711330759e-08,1.72434548115978e-11,1.6209314936513917e-11,2.7129714381461035e-11
7.259333767023058e-06,0.16628943999999996,0.8585084662769803,0.0,0.0,0.4284393045578579,0.05764080213690513,0.0025590554882000613,9.161237234203154e-06,0.0024396293955093523,0.10565273771646093,0.03805773299300956,2.49567357331492e-05,1.0523122186568698e-09,0.0014766318317646918,5.580077232188544e-11,0.0006141819925174965,4.104529909295654e-09,1.5102620966570425e-06,4.250203799804376e-09,1.6094788236502607e-10,4.423118294642773e-06,6.323639218126873e-05,0.004006558577798458,4.503500273408941e-07,0.0007197688389401506,4.335181844691387e-10,9.400967013182904e-10,1.9681382097716078e-07,1.0597080580723523e-07,3.167422248634847e-07,0.0012045496910085861,0.01588123262330823,5.739392224107805e-07,0.002047084381885126,4.4273544900023214e-09,0.00010007438607088203,1.1407776825465069e-07,2.153560907106864e-06,2.7934480482427224e-10,1.4062893776529043e-10,6.9484259040448015e-06,6.660862344528421e-08,1.7264501869501594e-11,1.6192306250394978e-11,2.7128651630514917e-11
7.2625787131171674e-06,0.16628943999999996,0.8585084662769803,0.0,0.0,0.42842744546326944,0.05762439077341484,0.0025566588577703724,9.16119334965217e-06,0.0024392692956986153,0.10568726961485346,0.03806289400494729,2.4946556412393886e-05,1.0531219690414845e-09,0.0014763343745071425,5.58344769562042e-11,0.0006142336017663688,4.107952994969474e-09,1.5087193743446023e-06,4.2511367905074e-09,1.6093688232067495e-10,4.419633236510083e-06,6.331536093204544e-05,0.004005306749997957,4.496144886207553e-07,0.0007198626170827671,4.3293580027416504e-10,9.390270744251816e-10,1.970211413092076e-07,1.0595223135503751e-07,3.1706863901129964e-07,0.0012056006242205047,0.01589257791600334,5.740001587585928e-07,0.0020476970187322916,4.426340106408408e-09,0.00010019935833058471,1.140900803012621e-07,2.1517069982865833e-06,2.7941859709451995e-10,1.406196759043585e-10,6.956885059833688e-06,6.657961002497268e-08,1.7285583071618602e-11,1.6175318176692213e-11,2.7127589288898692e-11
7.265823659211277e-06,0.16628943999999996,0.8585084662769803,0.0,0.0,0.4284155878649138,0.057607984499713785,0.002554264594831252,9.161149443745677e-06,0.002438909201326152,0.10572178980794328,0.03806805026837189,2.493638402109754e-05,1.0539317370474392e-09,0.0014760370585866214,5.586825922819541e-11,0.0006142851852796992,4.111382830803053e-09,1.5071784814865803e-06,4.2520691694553446e-09,1.6092586138052615e-10,4.416151438393787e-06,6.339445905902142e-05,0.004004055352892578,4.4888047130974083e-07,0.0007199563345414402,4.323544971974282e-10,9.379587614312706e-10,1.9722855518234263e-07,1.0593365837505823e-07,3.173951283947474e-07,0.0012066516069029192,0.015903921534364533,5.740610222466826e-07,0.0020483093988173944,4.425326211387233e-09,0.00010032453533434968,1.1410237765708053e-07,2.1498546980566654e-06,2.794923411717598e-10,1.4061040228477332e-10,6.965357971125434e-06,6.655061683659575e-08,1.7306698460370817e-11,1.6158350688540062e-11,2.7126527356160122e-11
7.269068605305386e-06,0.16628943999999996,0.8585084662769803,0.0,0.0,0.42840373176694047,0.05759158331442928,0.0025518726969184576,9.161105516530061e-06,0.002438549112457003,0.10575629829797914,0.038073201788157325,2.4926218553792507e-05,1.0547415223765314e-09,0.001475739883929094,5.590211920982374e-11,0.0006143367430717198,4.114819425275936e-09,1.5056394157292329e-06,4.253000937085567e-09,1.6091481958254638e-10,4.412672897084189e-06,6.347368672688305e-05,0.004002804386384806,4.4814797157286754e-07,0.0007200499913633223,4.3177427272920705e-10,9.368917606070005e-10,1.9743606247809373e-07,1.0591508687096394e-07,3.177216928410388e-07,0.0012077026385673092,0.015915263474678993,5.741218129597303e-07,0.0020489215222297074,4.424312804715309e-09,0.00010044991734280033,1.1411466033916824e-07,2.148004005080843e-06,2.7956603708670435e-10,1.4060111693355008e-10,6.973844655141092e-06,6.652164386438522e-08,1.732784807817777e-11,1.614140375906036e-11,2.712546583184584e-11
7.272313551399495e-06,0.16628943999999996,0.8585084662769803,0.0,0.0,0.42839187717349403,0.05757518721618891,0.002549483161570161,9.161061568051615e-06,0.002438189029156123,0.10579079508720922,0.03807834856917282,2.491606000501431e-05,1.055551324730827e-09,0.0014754428504605277,5.593605697304038e-11,0.000614388275156648,4.118262786869813e-09,1.504102174721806e-06,4.253932093835148e-09,1.6090375696465297e-10,4.409197609374419e-06,6.355304410033331e-05,0.0040015538503770905,4.474169855861083e-07,0.0007201435875955014,4.311951243663497e-10,9.358260702249933e-10,1.976436630779512e-07,1.0589651684641586e-07,3.1804833217741434e-07,0.001208753718725452,0.01592660373323802,5.741825309823323e-07,0.0020495333890584917,4.423299886168894e-09,0.00010057550461658504,1.1412692836456366e-07,2.146154918023643e-06,2.796396848700542e-10,1.4059181987765858e-10,6.98234512910237e-06,6.649269109258156e-08,1.734903196745995e-11,1.61244773614082e-11,2.7124404715503726e-11
7.275558497493604e-06,0.16628943999999996,0.8585084662769803,0.0,0.0,0.428380024088715,0.057558796203620505,0.002547095986327102,9.16101759835652e-06,0.0024378289514883802,0.10582528017788115,0.03808349061628254,2.4905908369301866e-05,1.056361143812674e-09,0.0014751459581068937,5.597007258978204e-11,0.0006144397815486881,4.1217129240685586e-09,1.5025667561167249e-06,4.254862640140873e-09,1.6089267356471084e-10,4.405725572060608e-06,6.36325313440921e-05,0.004000303744771821,4.4668750953693837e-07,0.0007202371232850202,4.3061704961276413e-10,9.34761688560261e-10,1.9785135686335901e-07,1.0587794830506907e-07,3.1837504623113565e-07,0.0012098048468894265,0.015937942306337355,5.742431763989971e-07,0.002050144999392989,4.422287455524295e-09,0.00010070129741637939,1.1413918175029048e-07,2.1443074355504307e-06,2.797132845524991e-10,1.4058251114402184e-10,6.990859410231647e-06,6.646375850543449e-08,1.7370250170638862e-11,1.610757146877567e-11,2.712334400668353e-11
7.2820483896818226e-06,0.16628943999999996,0.8585084662769803,0.0,0.0,0.4283563224616959,0.05752602943001253,0.002542328706333149,9.160929595500566e-06,0.0024371088133112876,0.1058942152725378,0.03809376052821472,2.4885625815247774e-05,1.0579808309698927e-09,0.0014745525964483162,5.603833767150972e-11,0.000614542717310846,4.128633559227401e-09,1.4995013767399988e-06,4.256721903166268e-09,1.6087044456986326e-10,4.398791235821175e-06,6.379189610150273e-05,0.0039978048243779546,4.452330720590287e-07,0.0007204240132240274,4.294641109846171e-10,9.326368444945886e-10,1.9826702351645268e-07,1.0584081568656873e-07,3.1902869779987534e-07,0.0012119072452849028,0.01596061438136303,5.743642497520887e-07,0.0020513674509359966,4.420264057045491e-09,0.00010095350063683824,1.1416364467073766e-07,2.1406172790218547e-06,2.7986033973738465e-10,1.405638587509657e-10,7.007929462887023e-06,6.640595382215798e-08,1.7412789688379084e-11,1.607382109152828e-11,2.7121223809816296e-11
7.288538281870041e-06,0.16628943999999996,0.8585084662769803,0.0,0.0,0.4283326269189098,0.057493282982634016,0.0025375708373157,9.16084150832951e-06,0.0024363886984427718,0.10596310359991738,0.03810401156276228,2.4865370848012038e-05,1.0596005814728261e-09,0.0014739597983611796,5.610691503019386e-11,0.0006146455504715312,4.135581398667954e-09,1.4964432588842444e-06,4.25857872964965e-09,1.608481328998339e-10,4.391869862797158e-06,6.395178231721886e-05,0.003995307624421351,4.4378462886841293e-07,0.0007206106615557948,4.2831543701712424e-10,9.305172146575143e-10,1.986830614882823e-07,1.0580368904458037e-07,3.1968264616612876e-07,0.001214009829857066,0.015983279670213135,5.744850336932558e-07,0.002052588877572291,4.418242607488368e-09,0.00010120652909012655,1.1418804923632813e-07,2.1369335248354755e-06,2.800072028866848e-10,1.4054515996881815e-10,7.0250549508991536e-06,6.634822968874621e-08,1.7455466970793094e-11,1.6040152413606786e-11,2.7119105237675705e-11
7.295028174058259e-06,0.16628943999999996,0.8585084662769803,0.0,0.0,0.42830893749330634,0.05746055685051833,0.0025328223596962386,9.160753337208941e-06,0.0024356686073983887,0.10603194517797833,0.038114243758650086,2.48451434240327e-05,1.061220392950787e-09,0.0014733675632533454,5.617580524077196e-11,0.0006147482811438488,4.142556510340782e-09,1.493392383887005e-06,4.2604331230738124e-09,1.6082573885558567e-10,4.384961427469433e-06,6.411219130961142e-05,0.003992812144119339,4.4234214987603084e-07,0.0007207970686550616,4.2717100799425094e-10,9.28402785334435e-10,1.9909946982922684e-07,1.0576656840812334e-07,3.2033688994936804e-07,0.0012161125967145633,0.016005938143417567,5.746055288952994e-07,0.002053809280015135,4.416223105061729e-09,0.00010146038486261649,1.1421239558258817e-07,2.1332561623455822e-06,2.8015387424556284e-10,1.4052641501126073e-10,7.042236012069434e-06,6.629058597954323e-08,1.749828235729124e-11,1.6006565221899e-11,2.7116988286719973e-11
7.301518066246478e-06,0.16628943999999996,0.8585084662769803,0.0,0.0,0.42828525421775987,0.057427851022703584,0.002528083253938424,9.160665082502755e-06,0.002434948540692207,0.1061007400246692,0.03812445715451987,2.4824943499803857e-05,1.062840263037749e-09,0.0014727758905327215,5.6245008877927536e-11,0.0006148509094406712,4.14955896223102e-09,1.490348733137846e-06,4.262285086916484e-09,1.6080326273721918e-10,4.378065904368252e-06,6.427312439730921e-05,0.003990318382688448,4.4090560517320997e-07,0.0007209832348958457,4.260308043108166e-10,9.262935428484674e-10,1.9951624758912946e-07,1.0572945380611916e-07,3.209914277696547e-07,0.0012182155419713232,0.016028589771578658,5.747257360295794e-07,0.0020550286589774884,4.4142055479737235e-09,0.00010171507004108835,1.1423668384475393e-07,2.1295851809203656e-06,2.803003540590184e-10,1.4050762409122335e-10,7.059472784207817e-06,6.623302256904615e-08,1.754123618729721e-11,1.5973059303888275e-11,2.7114872953433828e-11
7.308007958434696e-06,0.16628943999999996,0.8585084662769803,0.0,0.0,0.4282615771250683,0.057395165488232466,0.0025233535005479125,9.160576744573146e-06,0.0024342284988368174,0.10616948815792883,0.03813465178893053,2.480477103187549e-05,1.0644601893723346e-09,0.0014721847796072632,5.631452651608576e-11,0.0006149534354746405,4.156588822357907e-09,1.4873122880780603e-06,4.2641346246503405e-09,1.6078070484397673e-10,4.371183268073063e-06,6.443458289918977e-05,0.003987826339344405,4.394749650304325e-07,0.0007211691606514493,4.2489480647178217e-10,9.241894735603113e-10,1.9993339381730314e-07,1.0569234526739214e-07,3.216462582476432e-07,0.0012203186617465492,0.016051234525370883,5.748456557660175e-07,0.002056247015172013,4.412189934431853e-09,0.00010197058671271597,1.1426091415777189e-07,2.1259205699418988e-06,2.804466425718882e-10,1.404887874208871e-10,7.076765405131898e-06,6.617553933190502e-08,1.758432880024562e-11,1.5939634447650286e-11,2.7112759234328325e-11
7.3144978506229144e-06,0.16628943999999996,0.8585084662769803,0.0,0.0,0.4282379062479542,0.05736250023615235,0.0025186330800722606,9.160488323780636e-06,0.002433508482343338,0.10623818959568615,0.038144827700358395,2.4784625976853443e-05,1.0660801695978079e-09,0.001471594229884974,5.638435872940862e-11,0.0006150558593581683,4.16364615877436e-09,1.4842830302004817e-06,4.26598173974303e-09,1.6075806547424442e-10,4.364313493212414e-06,6.459656813437139e-05,0.003985336013302146,4.3805019989604975e-07,0.0007213548462944621,4.2376299509149336e-10,9.220905638681401e-10,2.0035090756253912e-07,1.0565524282066953e-07,3.2230138000458933e-07,0.0012224219521647251,0.01607387237554075,5.749652887731029e-07,0.002057464349311071,4.410176262642984e-09,0.00010222693696505418,1.1428508665629987e-07,2.1222623188061364e-06,2.805927400288477e-10,1.404699052116865e-10,7.0941140126660745e-06,6.611813614292264e-08,1.7627560535579984e-11,1.590629044185095e-11,2.711064712594065e-11
7.327477634999351e-06,0.16628943999999996,0.8585084662769803,0.0,0.0,0.4281905832709709,0.05729723053537796,0.002509220160264909,9.160311235040643e-06,0.0024320685274792316,0.10637545245636182,0.038165123507758414,2.474441793223096e-05,1.0693202823176935e-09,0.0014704148116821676,5.6524969176851824e-11,0.0006152604011223985,4.177843532853537e-09,1.4782460022201755e-06,4.269668715850247e-09,1.607125434945827e-10,4.350612426554105e-06,6.492212408226898e-05,0.003980360509978764,4.352181773277852e-07,0.0007217254987295263,4.2151185470711005e-10,9.179081690512687e-10,2.0118703379678084e-07,1.0558105631766248e-07,3.236124918434019e-07,0.001226629029454271,0.016119127248358938,5.752036972660125e-07,0.002059895954270738,4.40615473714856e-09,0.00010274214656391401,1.1433325874707539e-07,2.1149648537160354e-06,2.808843627529176e-10,1.4043200501870893e-10,7.128979738891374e-06,6.60035694094096e-08,1.7714442731213032e-11,1.583984413917371e-11,2.71064277275969e-11
7.340457419375788e-06,0.16628943999999996,0.8585084662769803,0.0,0.0,0.42814328554708037,0.0572320418328524,0.0024998443397320088,9.160133819133667e-06,0.0024306286801594927,0.10651252874993516,0.038185344882883596,2.4704319019899672e-05,1.0725605824363223e-09,0.0014692376311893534,5.666684480810536e-11,0.0006154645356280787,4.192151629549218e-09,1.472237502164434e-06,4.2733460428785464e-09,1.606666991682697e-10,4.33696250240111e-06,6.524980279845999e-05,0.003975391866422008,4.324093045654453e-07,0.0007220951951675825,4.1927723023249477e-10,9.137462503290211e-10,2.0202461867192845e-07,1.0550689452498397e-07,3.2492475226829515e-07,0.0012308367429414483,0.01616435415744137,5.754409668276358e-07,0.0020623234795493833,4.402140957132889e-09,0.00010326071554524549,1.1438120118858578e-07,2.107692701095698e-06,2.8117522418534935e-10,1.4039392518891474e-10,7.164071065582565e-06,6.588932136998607e-08,1.7801885489843184e-11,1.5773718716920792e-11,2.7102214731214925e-11
7.353437203752225e-06,0.16628943999999996,0.8585084662769803,0.0,0.0,0.42809601333534975,0.05716693404112181,0.0024905054643545293,9.159956078884261e-06,0.0024291889444203935,0.10664941861949175,0.03820549213058573,2.4664328894715227e-05,1.0758010512667569e-09,0.001468062683672443,5.6809990206495923e-11,0.0006156682637662872,4.2065709944534246e-09,1.4662573838149341e-06,4.277013748387805e-09,1.6062053485176638e-10,4.323363519542116e-06,6.557961484373889e-05,0.003970430076323098,4.2962335147322596e-07,0.0007224639385638831,4.170589704465039e-10,9.096047002257769e-10,2.028636545600217e-07,1.0543275766898303e-07,3.2623815027133536e-07,0.0012350450618122428,0.016209552871341116,5.756771027545251e-07,0.0020647469308350797,4.398134908228677e-09,0.00010378266062190576,1.1442891504774872e-07,2.1004457766133534e-06,2.814653262776068e-10,1.4035566738711898e-10,7.199389095492622e-06,6.57753910285763e-08,1.7889891527125677e-11,1.5707912505481997e-11,2.7098008110012465e-11
7.3664169881286614e-06,0.16628943999999996,0.8585084662769803,0.0,0.0,0.4280487668936463,0.05710190707280639,0.0024812033806759066,9.15977801709095e-06,0.002427749324274999,0.10678612220796521,0.03822556555441044,2.4624447212424434e-05,1.0790416701960877e-09,0.001466889964398252,5.6954409950676125e-11,0.0006158715864244894,4.2211021736556786e-09,1.4603055017619374e-06,4.280671859857563e-09,1.6057405288802805e-10,4.309815277543959e-06,6.591157078197656e-05,0.0039654751333608775,4.268600906438398e-07,0.0007228317318624616,4.148569258093457e-10,9.054834118558283e-10,2.0370413382523965e-07,1.0535864597447968e-07,3.2755267485459124e-07,0.0012392539553371467,0.016254723159751888,5.759121103205492e-07,0.002067166313811069,4.394136576059159e-09,0.00010430799851161988,1.1447640138691292e-07,2.0932239961599583e-06,2.8175467097847903e-10,1.4031723326639813e-10,7.234934931401373e-06,6.566177739154849e-08,1.797846355865681e-11,1.5642423844509933e-11,2.7093807837606533e-11
7.379396772505098e-06,0.16628943999999996,0.8585084662769803,0.0,0.0,0.4280015464786424,0.05703696084060005,0.002471937935899135,9.159599636526488e-06,0.002426309823713304,0.10692263965813849,0.03824556545660285,2.45846736296641e-05,1.0822824206853141e-09,0.001465719468634544,5.710010861447198e-11,0.0006160745044865606,4.235745713729085e-09,1.4543817113987046e-06,4.28432040468715e-09,1.6052725560657375e-10,4.296317576748858e-06,6.62456811798596e-05,0.003960527031201934,4.2411929736062174e-07,0.0007231985779961892,4.126709484403299e-10,9.013822789200893e-10,2.0454604882406358e-07,1.052845596647735e-07,3.2886831503026066e-07,0.0012434633928711384,0.016299864793503822,5.761459947769863e-07,0.00206958163415576,4.390145946238347e-09,0.0001048367459365683,1.1452366126387694e-07,2.086027275849297e-06,2.8204326023405787e-10,1.4027862446816007e-10,7.27070967608814e-06,6.554847946771364e-08,1.8067604299906592e-11,1.5577251082857502e-11,2.708961388800748e-11
7.392376556881535e-06,0.16628943999999996,0.8585084662769803,0.0,0.0,0.427954352345819,0.056972095257270323,0.0024627089778839427,9.159420939938145e-06,0.0024248704467023574,0.1070589711126452,0.03826549213811325,2.454500780395987e-05,1.0855232842692277e-09,0.0014645511916500692,5.724709076672976e-11,0.0006162770188328093,4.250502161716395e-09,1.4484858689160479e-06,4.287959410195835e-09,1.6048014532355384e-10,4.282870218271706e-06,6.658195660662939e-05,0.003955585763500712,4.214007495601588e-07,0.0007235644798868327,4.105008920959305e-10,8.973011957028321e-10,2.0538939190543688e-07,1.0521049896165165e-07,3.301850598207953e-07,0.001247673343853671,0.01634497754455937,5.763787613526173e-07,0.0020719928975427085,4.386163004371265e-09,0.00010536891962297383,1.1457069573190754e-07,2.0788555320180873e-06,2.8233109598771503e-10,1.4023984262221358e-10,7.306714432304307e-06,6.543549626832462e-08,1.815731646615127e-11,1.5512392578516583e-11,2.708542623561301e-11
7.405356341257972e-06,0.16628943999999996,0.8585084662769803,0.0,0.0,0.4279071847494697,0.05690731023565822,0.0024535163551440264,9.159241930047979e-06,0.0024234311971863937,0.10719511671397106,0.03828534589860245,2.4505449393725158e-05,1.088764242556304e-09,0.0014633851287146078,5.739536097116273e-11,0.0006164791303400006,4.2653720651160465e-09,1.4426178312970061e-06,4.291588903622954e-09,1.6043272434181657e-10,4.269473003997448e-06,6.692040763382115e-05,0.003950651323899627,4.1870422779562174e-07,0.0007239294404451138,4.083466121482336e-10,8.932400570684715e-10,2.062341554109337e-07,1.051364640853969e-07,3.315028982590348e-07,0.0012518837778086734,0.01639006118600924,5.766104152538109e-07,0.002074400109640613,4.382187736054203e-09,0.00010590453630068876,1.1461750583975743e-07,2.0717086812260956e-06,2.8261818018007935e-10,1.4020088934683673e-10,7.342950302745922e-06,6.53228268070751e-08,1.8247602772406034e-11,1.5447846698558247e-11,2.7081244855202405e-11
7.4183361256344085e-06,0.16628943999999996,0.8585084662769803,0.0,0.0,0.4278600439427045,0.0568426056886779,0.0024443599168442734,9.159062609553108e-06,0.002421992079086952,0.107331076604455,0.038305127036447284,2.446599805826011e-05,1.0920052772285906e-09,0.0014622212750990129,5.754492378619856e-11,0.0006166808398813786,4.280355971868209e-09,1.4367774563115604e-06,4.295208912128035e-09,1.6038499495097426e-10,4.2561257365784455e-06,6.72610448350033e-05,0.0039457237060291795,4.160295152005832e-07,0.0007242934625707694,4.0620796556366917e-10,8.891987584583547e-10,2.0708033167492182e-07,1.0506245525479552e-07,3.328218193883349e-07,0.0012560946643445472,0.016435115492068428,5.768409616646157e-07,0.002076803276113303,4.378220126874958e-09,0.00010644361270278246,1.1466409263168323e-07,2.0645866402562354e-06,2.829045147490165e-10,1.401617662488454e-10,7.3794183900263495e-06,6.521047010009871e-08,1.833846593335774e-11,1.5383611819073318e-11,2.707706972193082e-11
7.431315910010845e-06,0.16628943999999996,0.8585084662769803,0.0,0.0,0.42781293017745414,0.05677798152931665,0.0024352395127979778,9.15888298112597e-06,0.002420553096303007,0.10746685092629081,0.03832483584874612,2.4426653457750363e-05,1.0952463700415862e-09,0.00146105962607525,5.76957837648274e-11,0.0006168821483266901,4.295454430340798e-09,1.430964602511376e-06,4.298819462790961e-09,1.6033695942747031e-10,4.242828219431802e-06,6.760387878551666e-05,0.003940802903508069,4.1337639745349257e-07,0.0007246565491526088,4.0408481088211294e-10,8.851771958875578e-10,2.0792791302472366e-07,1.0498847268714535e-07,3.341418122626921e-07,0.0012603059731541527,0.016480140238072098,5.770704057468487e-07,0.002079202402619732,4.374260162413067e-09,0.00010698616556512859,1.1471045714746366e-07,2.057489326114653e-06,2.8319010162960615e-10,1.4012247492366125e-10,7.41611979664899e-06,6.509842516596767e-08,1.8429908663297738e-11,1.531968632511325e-11,2.7072900811323596e-11
7.444295694387282e-06,0.16628943999999996,0.8585084662769803,0.0,0.0,0.4277658437044734,0.056713437670634574,0.0024261549934640548,9.15870304741458e-06,0.002419114252711091,0.10760243982152827,0.0383444726313243,2.4387415253265955e-05,1.098487502824123e-09,0.0014599001769164393,5.784794545445033e-11,0.0006170830565422057,4.310667989315465e-09,1.42517912922459e-06,4.302420582612098e-09,1.602886200346458e-10,4.2295802567367125e-06,6.794892006221372e-05,0.0039358889099433015,4.107446627426338e-07,0.0007250187030685706,4.019770081962564e-10,8.811752659417012e-10,2.0877689178077988e-07,1.0491451659826353e-07,3.354628659468727e-07,0.0012645176740148042,0.01652513520047165,5.772987526401857e-07,0.002081597494813964,4.370307828240057e-09,0.00010753221162599234,1.147566004224176e-07,2.0504166560307928e-06,2.834749427541218e-10,1.4008301695537989e-10,7.453055624979967e-06,6.498669102569169e-08,1.8521933676054765e-11,1.5256068610631536e-11,2.7068738099270703e-11
7.457275478763719e-06,0.16628943999999996,0.8585084662769803,0.0,0.0,0.42771878477334624,0.05664897402576451,0.002417106209944277,9.158522811042801e-06,0.00241767555216542,0.1077378434320746,0.038364037678739665,2.4348283106760126e-05,1.1017286574782492e-09,0.0014587429228968968,5.8001413396727856e-11,0.0006172835653907437,4.32599719797357e-09,1.419420896550677e-06,4.306012298512444e-09,1.602399790228055e-10,4.216381653431802e-06,6.829617924319753e-05,0.003930981718930314,4.0813410173173095e-07,0.0007253799271857833,3.998844191313535e-10,8.771928657737818e-10,2.0962726025680998e-07,1.0484058720249476e-07,3.3678496951653716e-07,0.001268729736788256,0.016570100156830622,5.775260074622503e-07,0.0020839885583451715,4.366363109919686e-09,0.00010808176762561746,1.1480252348742202e-07,2.0433685474574623e-06,2.837590400520119e-10,1.4004339391683826e-10,7.490226977220833e-06,6.487526670271668e-08,1.8614543684927803e-11,1.519275707842592e-11,2.7064581562021398e-11
7.4702552631401555e-06,0.16628943999999996,0.8585084662769803,0.0,0.0,0.4276717536324881,0.05658459050791175,0.0024080930139805325,9.158342274610595e-06,0.0024162369984980095,0.10787306189969575,0.03838353128428784,2.430925668106817e-05,1.104969815979106e-09,0.001457587859292173,5.8156192127428564e-11,0.0006174836757316919,4.341442605882146e-09,1.413689765355372e-06,4.309594637333777e-09,1.601910386292834e-10,4.203232215212526e-06,6.864566690756096e-05,0.003926081324053069,4.055445075259977e-07,0.0007257402243606181,3.978069068252109e-10,8.732298931010258e-10,2.1047901075997302e-07,1.0476668471271836e-07,3.38108112058365e-07,0.0012729421314206936,0.016615034885820803,5.777521753087006e-07,0.002086375598857621,4.362425993008157e-09,0.00010863485030581345,1.1484822736892944e-07,2.036344918070892e-06,2.840423954498766e-10,1.4000360736968124e-10,7.527634955381297e-06,6.47641512229234e-08,1.8707741402619003e-11,1.512975014008124e-11,2.7060431176178706e-11
7.483235047516592e-06,0.16628943999999996,0.8585084662769803,0.0,0.0,0.42762475052915067,0.05652028703035393,0.0023991152579520927,9.158161440694271e-06,0.0024147985955188037,0.10800809536601778,0.038402953740007725,2.42703356399063e-05,1.1082109603748108e-09,0.0014564349813790973,5.831228617627835e-11,0.0006176833884210291,4.357004762979832e-09,1.4079855972656535e-06,4.313167625838787e-09,1.6014180107850826e-10,4.1901317485285395e-06,6.899739363512572e-05,0.003921187718884172,4.029756756388355e-07,0.0007260995974387487,3.9574433590855554e-10,8.692862462017632e-10,2.1133213559102805e-07,1.0469280934035664e-07,3.3943228267017954e-07,0.0012771548279427256,0.016659939167218266,5.779772612533197e-07,0.0020887586219906665,4.358496463054382e-09,0.0001091914764095427,1.1489371308898621e-07,2.0293456857707714e-06,2.843250108714498e-10,1.3996365886442882e-10,7.565280661251985e-06,6.465334361462622e-08,1.8801529541166785e-11,1.5067046215912926e-11,2.7056286918694185e-11
7.496214831893029e-06,0.16628943999999996,0.8585084662769803,0.0,0.0,0.42757777570942596,0.05645606350644083,0.002390172794872879,9.157980311846741e-06,0.002413360347015794,0.10814294397252827,0.038422305336686814,2.423151964787048e-05,1.1114520727863313e-09,0.001455284284435816,5.846970006680992e-11,0.0006178827043113479,4.372684219562804e-09,1.402308254664765e-06,4.316731290711233e-09,1.6009226858206865e-10,4.177080060581086e-06,6.935137000618157e-05,0.003916300896984986,4.0042740395892674e-07,0.000726458049255206,3.9369657248561484e-10,8.653618239123098e-10,2.1218662704449508e-07,1.0461896129538253e-07,3.4075747046107314e-07,0.0012813677964693723,0.016704812781899475,5.782012703481026e-07,0.0020911376333787434,4.354574505600204e-09,0.00010975166268050761,1.1493898166524997e-07,2.022370768680297e-06,2.846068882375799e-10,1.3992354994054245e-10,7.603165196377233e-06,6.454284290857191e-08,1.889591081187889e-11,1.5004643734910963e-11,2.7052148766862776e-11
7.5221744006459025e-06,0.16628943999999996,0.8585084662769803,0.0,0.0,0.4274839118994032,0.056327855973307396,0.0023723931627748175,9.157617179454165e-06,0.0024104843284812583,0.10841208717138012,0.038460797109847816,2.4154201473952162e-05,1.1179341305042107e-09,0.0014529894145780457,5.878850543518384e-11,0.0006182801490884984,4.4043972340724026e-09,1.3910334992144405e-06,4.323830755899693e-09,1.5999232753473847e-10,4.151122253443049e-06,7.006611400070073e-05,0.00390654757718559,3.953917444589332e-07,0.0007271722003903475,3.8964493979134606e-10,8.575702512794599e-10,2.1389967896648955e-07,1.0447134802028529e-07,3.434108540735319e-07,0.0012897944304185534,0.016794467140097316,5.786460780877246e-07,0.002095883643433078,4.34675325032401e-09,0.00011088278270017778,1.1502887143519094e-07,2.0084935537386938e-06,2.851684364723554e-10,1.3984285693981438e-10,7.679655159174153e-06,6.432275833833046e-08,1.9086463590972593e-11,1.4880736861407966e-11,2.704389069102481e-11
7.545538012523489e-06,0.16628943999999996,0.8585084662769803,0.0,0.0,0.4273995336455125,0.056212741767147724,0.0023565107341068582,9.157289376776451e-06,0.0024078964776645855,0.1086536852464057,0.03849520025952102,2.4084971038633025e-05,1.1237676951891676e-09,0.001450931443281497,5.90799893732495e-11,0.0006186365008199309,4.4333456387636746e-09,1.3809765972208752e-06,4.330188653826554e-09,1.599013938040216e-10,4.1279251314368485e-06,7.071718351833438e-05,0.003897792723329662,3.9092798673766487e-07,0.0007278118139221518,3.860477982534114e-10,8.50622580516585e-10,2.154460221213855e-07,1.0433859160939934e-07,3.4580226905461484e-07,0.001297379033150255,0.01687504900645001,5.790427724655571e-07,0.002100141388737821,4.3397398733431784e-09,0.0001119131344632069,1.1510903971627394e-07,1.9960864014969106e-06,2.8567132494421713e-10,1.397696998272125e-10,7.749323966430945e-06,6.41257221569803e-08,1.9260016786675674e-11,1.477023602616938e-11,2.7036479083176456e-11
7.568901624401075e-06,0.16628943999999996,0.8585084662769803,0.0,0.0,0.42731525080512406,0.05609788526649065,0.0023407403973878978,9.156960657180657e-06,0.0024053091852707263,0.10889468656986741,0.038529378291598,2.4016075786360845e-05,1.129600881507271e-09,0.0014488804649572498,5.937581964944337e-11,0.00061899158002957,4.462682666843184e-09,1.371004503646062e-06,4.336516754577772e-09,1.5980953826394697e-10,4.10488308820754e-06,7.137570641936071e-05,0.003889059746631246,3.8652780605349166e-07,0.000728448486175974,3.824966160092217e-10,8.437356493691473e-10,2.1699667302877514e-07,1.0420592693929394e-07,3.4819681084838733e-07,0.0013049640562623204,0.01695552815471498,5.79436055431955e-07,0.0021043862233898944,4.332750806108947e-09,0.00011295528155632439,1.1518852007935172e-07,1.9837567674033935e-06,2.8617185185555546e-10,1.3969604640143569e-10,7.819783697560336e-06,6.392966537607852e-08,1.9435533856392395e-11,1.4660687825113598e-11,2.7029086919692652e-11
7.592265236278661e-06,0.16628943999999996,0.8585084662769803,0.0,0.0,0.42723106477199674,0.05598328596857684,0.002325081317987494,9.156631034740975e-06,0.0024027224726129704,0.1091350919620901,0.03856333285740415,2.394751379271119e-05,1.1354335878057381e-09,0.0014468364521203455,5.967602240136371e-11,0.0006193453915701228,4.492411538705371e-09,1.3611164426176618e-06,4.3428152109386565e-09,1.5971677335671157e-10,4.08199502618709e-06,7.204174439058373e-05,0.0038803486091476976,3.8219010543914203e-07,0.0007290822333081632,3.7899066301153356e-10,8.369088876220353e-10,2.1855158654544802e-07,1.0407335518310946e-07,3.5059441636248176e-07,0.0013125493285158797,0.0170359033462418,5.798259556738265e-07,0.002108618180070412,4.325785964075887e-09,0.00011400932160117161,1.1526731830302838e-07,1.9715041820354685e-06,2.8667002830193834e-10,1.3962190524937362e-10,7.891040764285398e-06,6.373458243068577e-08,1.9613030577255873e-11,1.4552083402588266e-11,2.7021714079914008e-11
7.615628848156247e-06,0.16628943999999996,0.8585084662769803,0.0,0.0,0.42714697692801024,0.05586894337139006,0.002309532667723608,9.156300523304782e-06,0.0024001363607834593,0.10937490224205261,0.03859706559554991,2.3879283142398497e-05,1.1412657131864592e-09,0.001444799377302815,5.99806236897097e-11,0.000619697940260443,4.522535477370001e-09,1.3513116458230972e-06,4.349084174877938e-09,1.596231113948254e-10,4.0592598554913714e-06,7.27153591029247e-05,0.00387165927282682,3.7791381041408575e-07,0.0007297130713676888,3.755292232334638e-10,8.301417306749127e-10,2.201107174752093e-07,1.0394087749936725e-07,3.5299502263242385e-07,0.0013201346795570499,0.017116173353625638,5.802125016562712e-07,0.002112837291408283,4.3188452626425614e-09,0.00011507535219424922,1.1534544012123082e-07,1.959328178316447e-06,2.871658653471863e-10,1.3954728484700026e-10,7.963101573581677e-06,6.354046778127015e-08,1.979252271341558e-11,1.4444413989724875e-11,2.7014360446396795e-11
7.638992460033833e-06,0.16628943999999996,0.8585084662769803,0.0,0.0,0.42706298864323405,0.055754856973653816,0.002294093624812852,9.155969136496849e-06,0.0023975508706553066,0.10961411822741346,0.038630578132028706,2.381138192925276e-05,1.1470971575035173e-09,0.0014427692130544157,6.028964949549795e-11,0.000620049230885922,4.553057708213967e-09,1.341589352423833e-06,4.35532379755072e-09,1.5952856456229648e-10,4.036676493872027e-06,7.339661220650473e-05,0.0038629916995088186,3.7369786844590833e-07,0.0007303410162971415,3.721115943492238e-10,8.234336194861262e-10,2.2167402057178673e-07,1.0380849503210454e-07,3.553985668238366e-07,0.001327719939916589,0.01719633696063671,5.805957216241963e-07,0.002117043589980069,4.3119286171556246e-09,0.00011615347089913449,1.1542289122353249e-07,1.9472282915148414e-06,2.8765937402305557e-10,1.394721935605697e-10,8.035972527167842e-06,6.334731591367327e-08,1.9974026014785883e-11,1.4337670903470312e-11,2.7007025904827036e-11
7.66235607191142e-06,0.16628943999999996,0.8585084662769803,0.0,0.0,0.4269791012759967,0.05564102627482819,0.002278763373821093,9.15563688772346e-06,0.002394966022884706,0.10985274073453666,0.038663872080314306,2.374380825619601e-05,1.1529278213606845e-09,0.0014407459319433565,6.060312571729205e-11,0.0006203992681988737,4.583981458702696e-09,1.3319488089711952e-06,4.361534229301477e-09,1.5943314491580613e-10,4.014243866668573e-06,7.40855653257319e-05,0.003854345850928239,3.695412484283082e-07,0.0007309660839337203,3.687370874240202e-10,8.167840005172566e-10,2.2324145054170608e-07,1.0367620891100667e-07,3.5780498623460777e-07,0.0013353049410095026,0.0172763929621504,5.809756436039193e-07,0.0021212371083098596,4.3050359429138665e-09,0.00011724377523870547,1.154996772554745e-07,1.9352040592433053e-06,2.8815056532893397e-10,1.3939663964779575e-10,8.10966002099754e-06,6.315512133907515e-08,2.0157556215798338e-11,1.4231845545635392e-11,2.699971034393719e-11
7.685719683789006e-06,0.16628943999999996,0.8585084662769803,0.0,0.0,0.42689531617295295,0.05552745077510648,0.00226354110561441,9.15530379017646e-06,0.0023923818379130114,0.11009077057851736,0.038696949041457505,2.367656023521858e-05,1.1587576061088848e-09,0.0014387295065570202,6.092107816844547e-11,0.0006207480569189121,4.6153099581213914e-09,1.3223892693236398e-06,4.36771561966704e-09,1.5933686438587527e-10,3.99196090676075e-06,7.478228005439203e-05,0.003845721688715881,3.6544294016979765e-07,0.000731588290010192,3.654050266101976e-10,8.101923256781062e-10,2.2481296204718067e-07,1.0354402025154698e-07,3.602142182970791e-07,0.0013428895151347446,0.017356340164078093,5.813522954047554e-07,0.0021254178788692097,4.298167155172465e-09,0.00011834636268737408,1.1557580381888868e-07,1.9232550214573094e-06,2.8863945023154324e-10,1.3932063125902902e-10,8.184170444752552e-06,6.296387859395917e-08,2.0343129034156738e-11,1.4126929401958554e-11,2.6992413655425647e-11
7.709083295666592e-06,0.16628943999999996,0.8585084662769803,0.0,0.0,0.4268116346691508,0.05541412997541204,0.0022484260173104022,9.154969856837159e-06,0.0023897983359687856,0.11032820857320763,0.03872981060418201,2.3609635987355147e-05,1.1645864138436301e-09,0.0014367199095026797,6.124353257435773e-11,0.0006210956017333261,4.647046437305961e-09,1.3129099945654682e-06,4.373868117379608e-09,1.592397347780212e-10,3.96982655452111e-06,7.548681795074648e-05,0.0038371191744006996,3.614019538984723e-07,0.0007322076501558537,3.6211474885291315e-10,8.036580522722033e-10,2.263885097089644e-07,1.0341193015511713e-07,3.6262620058018495e-07,0.0013504734954748248,0.017436177383298626,5.817257046205996e-07,0.00212958593407702,4.29132216914697e-09,0.00011946133066332697,1.156512764722152e-07,1.911380720453542e-06,2.891260396646509e-10,1.3924417643841884e-10,8.259510181337232e-06,6.277358224007419e-08,2.0530760169595272e-11,1.4022914041185776e-11,2.698513573387761e-11
7.732446907544178e-06,0.16628943999999996,0.8585084662769803,0.0,0.0,0.4267280580880981,0.05530106337739515,0.0022334173122298554,9.15463510048021e-06,0.0023872155370698216,0.11056505553124216,0.03876245834497974,2.3543033642660697e-05,1.1704141474024254e-09,0.0014347171134082082,6.157051456974467e-11,0.0006214419072974503,4.6791941283736656e-09,1.3035102529269126e-06,4.379991870369839e-09,1.5914176777390555e-10,3.947839757767823e-06,7.619924053263588e-05,0.003828538269411681,3.5741731978098174e-07,0.0007328241798974894,3.5886560360327843e-10,7.971806429429802e-10,2.27968048109159e-07,1.0327993970915259e-07,3.6504087079154437e-07,0.0013580567160953428,0.017515903447590554,5.820958986315018e-07,0.0021337413062994196,4.28450090001712e-09,0.0001205887765207763,1.1572610073081658e-07,1.8995807008680693e-06,2.8961034452879634e-10,1.3916728312505806e-10,8.33568560637436e-06,6.258422686439537e-08,2.072046530264112e-11,1.391979111416578e-11,2.697787647668777e-11
7.755810519421764e-06,0.16628943999999996,0.8585084662769803,0.0,0.0,0.4266445877418289,0.05518825048342963,0.002218514199848741,9.154299533677388e-06,0.0023846334610251444,0.110801312264064,0.03879489382820534,2.347675134018619e-05,1.1762407103621483e-09,0.0014327210909227852,6.190204969592257e-11,0.0006217869782350295,4.711756264453728e-09,1.2941893197055555e-06,4.3860870257699236e-09,1.5904297493247282e-10,3.9259994717177245e-06,7.691960927258994e-05,0.003819978935079698,3.5348808745237025e-07,0.0007334378946602844,3.556569525381216e-10,7.907595656203526e-10,2.295515317940429e-07,1.0314804998726985e-07,3.674581667795774e-07,0.0013656390119446305,0.017595517195564885,5.824629046052211e-07,0.002137884027849717,4.277703262931041e-09,0.00012172879754222234,1.1580028206729504e-07,1.8878545096742514e-06,2.9009237569101977e-10,1.390899591541269e-10,8.412703087702442e-06,6.239580707908539e-08,2.0912260093380408e-11,1.381755235295899e-11,2.6970635783986772e-11
7.77917413129935e-06,0.16628943999999996,0.8585084662769803,0.0,0.0,0.4265612249309678,0.05507569079660998,0.002203715895750565,9.15396316880124e-06,0.002382052127436988,0.11103697958195036,0.03882711860617019,2.341078722795412e-05,1.1820660070364067e-09,0.0014307318147175937,6.223816339810622e-11,0.000622130819138579,4.744736079417768e-09,1.2849464771890282e-06,4.39215372991668e-09,1.5894336769108038e-10,3.904304658939571e-06,7.764798559294542e-05,0.003811441132639346,3.496133255603013e-07,0.0007340488097687579,3.5248816928847455e-10,7.843942934677642e-10,2.3113891527687448e-07,1.0301626204939356e-07,3.698780265355834e-07,0.0013732202188533197,0.017675017476598564,5.828267494987798e-07,0.002142014130988322,4.270929173009112e-09,0.00012288149093072742,1.1587382591180517e-07,1.8762016961804135e-06,2.9057214398460235e-10,1.3901221225802444e-10,8.490568984874494e-06,6.220831752145308e-08,2.1106160180227293e-11,1.3716189569960918e-11,2.6963413558568348e-11
7.802537743176936e-06,0.16628943999999996,0.8585084662769803,0.0,0.0,0.42647797094479534,0.05496338382074807,0.0021890216215790593,9.153626018028748e-06,0.0023794715557027427,0.11127205829403806,0.038859134219235585,2.3345139462933926e-05,1.1878899424728615e-09,0.0014287492574865167,6.257888102272198e-11,0.0006224734345697419,4.778136807610005e-09,1.2757810145789674e-06,4.3981921283547116e-09,1.588429573666193e-10,3.882754289307544e-06,7.838443086097315e-05,0.0038029248232307592,3.4579212132119007e-07,0.0007346569404476853,3.4935863917378136e-10,7.780843048299508e-10,2.3273015304063576e-07,1.0288457694187452e-07,3.7230038819576477e-07,0.001380800173533817,0.017754403150768695,5.831874600600102e-07,0.002146131647922625,4.264178545347557e-09,0.00012404695380220204,1.1594673765235995e-07,1.8646218120272931e-06,2.910496602088214e-10,1.3893405006747775e-10,8.569289648658422e-06,6.202175285391057e-08,2.1302181178698247e-11,1.3615694657039761e-11,2.695620970581723e-11
7.825901355054523e-06,0.16628943999999996,0.8585084662769803,0.0,0.0,0.42639482706131165,0.054851329060370095,0.0021744306049912136,9.153288093344816e-06,0.002376891765016884,0.11150654920834953,0.03889094219590519,2.3279806211017225e-05,1.1937124224505375e-09,0.0014267733919468247,6.292422781473509e-11,0.0006228148290596382,4.811961683577609e-09,1.2666922279161917e-06,4.404202365839562e-09,1.5874175515662626e-10,3.861347339954951e-06,7.912900638401182e-05,0.0037944299679014072,3.420235800878962e-07,0.0007352623018229745,3.462677589434299e-10,7.718290831810832e-10,2.3432519954079357e-07,1.0275299569762465e-07,3.747251900432646e-07,0.0013883787135798758,0.017833673088787198,5.835450628290737e-07,0.0021502366108069656,4.257451295022573e-09,0.0001252252831777066,1.1601902263514321e-07,1.8531144111852537e-06,2.915249351287036e-10,1.38855480112654e-10,8.648871420539065e-06,6.183610776393081e-08,2.1500338680190354e-11,1.3516059584686458e-11,2.6949024133642134e-11
7.849264966932109e-06,0.16628943999999996,0.8585084662769803,0.0,0.0,0.42631179454729967,0.05473952602071355,0.0021599420796106486,9.152949406545763e-06,0.0023743127743728757,0.11174045313181812,0.0389225440529171,2.3214785646992865e-05,1.199533353477099e-09,0.0014248041908398598,6.327422891499233e-11,0.0006231550071092147,4.846213941800955e-09,1.2576794200070627e-06,4.410184586340871e-09,1.5863977214038657e-10,3.84008279522815e-06,7.988177340461233e-05,0.003785956527607876,3.3830682492934553e-07,0.0007358649089225633,3.4321493652581106e-10,7.656281170732984e-10,2.3592400920805508e-07,1.0262151933624192e-07,3.771523705101842e-07,0.001395955677466127,0.017912826171936205,5.838995841399872e-07,0.0021543290517425807,4.250747337094138e-09,0.00012641657597576704,1.1609068616481669e-07,1.8416790499512796e-06,2.9199797947479e-10,1.3877650982426222e-10,8.729320632221866e-06,6.165137696400324e-08,2.1700648250762642e-11,1.3417276401177965e-11,2.6941856752408673e-11
7.872628578809695e-06,0.16628943999999996,0.8585084662769803,0.0,0.0,0.42622887465838866,0.05462797420772418,0.0021455552849813193,9.15260996924268e-06,0.0023717346025650516,0.11197377087031395,0.038953941295334964,2.3150075954521888e-05,1.2053526427861111e-09,0.001422841626931713,6.362890935757963e-11,0.0006234939731895872,4.880896816423773e-09,1.2487419003509958e-06,4.416138933045621e-09,1.5853701928002876e-10,3.818959646640705e-06,8.06427930956934e-05,0.0037775044632176267,3.346409962211886e-07,0.0007364647766773153,3.4019959078219006e-10,7.594809000860106e-10,2.3752653645105983e-07,1.024901488641204e-07,3.795818681795558e-07,0.001403530904547516,0.017991861292004138,5.84251050122143e-07,0.0021584090027775005,4.244066586609332e-09,0.00012762092900470536,1.1616173350481897e-07,1.8303152869457583e-06,2.9246880394292173e-10,1.3869714653462812e-10,8.810643605138353e-06,6.146755519158732e-08,2.190312542992334e-11,1.3319337231753959e-11,2.6934707474871954e-11
7.895992190687281e-06,0.16628943999999996,0.8585084662769803,0.0,0.0,0.4261460686391155,0.05451667312805296,0.002131269466521569,9.152269792864766e-06,0.0023691572681904752,0.11220650322866942,0.03898513541663857,2.308567532611235e-05,1.2111701983342755e-09,0.0014208856730139,6.39882940671954e-11,0.0006238317317423777,4.916013540983522e-09,1.2398789850690862e-06,4.4220655483613304e-09,1.5843350742160972e-10,3.797976892827735e-06,8.141212655570519e-05,0.0037690737355107295,3.310252512474269e-07,0.0007370619199218566,3.3722115126765295e-10,7.533869307755913e-10,2.3913273565906577e-07,1.0235888527458262e-07,3.820136217872915e-07,0.0014111042350587971,0.018070777351222297,5.845994867017942e-07,0.002162476495906515,4.237408958606405e-09,0.00012883843895498896,1.1623216987767191e-07,1.8190226831090537e-06,2.92937419194016e-10,1.3861739747877418e-10,8.892846649953432e-06,6.128463720906669e-08,2.2107785729421922e-11,1.3222234277804626e-11,2.6927576216115392e-11
7.919355802564867e-06,0.16628943999999996,0.8585084662769803,0.0,0.0,0.42606337772298714,0.054405622289053095,0.0021170838754784953,9.151928888662551e-06,0.0023665807896507724,0.11243865101070466,0.039016127898813716,2.3021581963093955e-05,1.2169859287986449e-09,0.001418936301904027,6.435240785653934e-11,0.0006241682871800505,4.951567348141864e-09,1.2310899968338187e-06,4.4279645739192926e-09,1.5832924729619215e-10,3.7771335395004944e-06,8.218983480380526e-05,0.003760664305181596,3.27458763812445e-07,0.0007376563533954405,3.342790579992181e-10,7.473457126253308e-10,2.4074256120464686e-07,1.0222772954800421e-07,3.844475702241331e-07,0.0014186755101140134,0.018149573262202085,5.849449196035501e-07,0.0021665315630711554,4.230774368118565e-09,0.00013006920239159731,1.1630200046528346e-07,1.8078008016978754e-06,2.9340383585385136e-10,1.385372697954939e-10,8.975936066074496e-06,6.110261780370213e-08,2.231464463204394e-11,1.3125959816070386e-11,2.6920462893489166e-11
7.942719414442453e-06,0.16628943999999996,0.8585084662769803,0.0,0.0,0.42598080313254133,0.05429482119877712,0.0021029977688826673,9.15158726771109e-06,0.0023640051851539557,0.11267021501925309,0.03904692021244153,2.295779407559265e-05,1.2227997435738184e-09,0.001416993486446456,6.472127542371724e-11,0.0006245036438862415,4.987561469415045e-09,1.2223742647998362e-06,4.433836150577859e-09,1.5822424952091225e-10,3.7564285994011593e-06,8.297597877504848e-05,0.00375227613284067,3.2394072386343484e-07,0.0007382480917428152,3.313727612278368e-10,7.413567539962522e-10,2.423559674463587e-07,1.0209668265191487e-07,3.868836525375977e-07,0.0014262445717059286,0.018228247947872835,5.852873743518719e-07,0.0021705742361596047,4.224162730177015e-09,0.00013131331574640505,1.1637123040923857e-07,1.7966492082814518e-06,2.9386806451288347e-10,1.3845677052839296e-10,9.059918141162524e-06,6.092149178758197e-08,2.252371759041248e-11,1.3030506197854598e-11,2.691336742654701e-11
7.96608302632004e-06,0.16628943999999996,0.8585084662769803,0.0,0.0,0.425898346079407,0.05418426936597397,0.0020890104095031606,9.15124494091306e-06,0.00236143047271621,0.11290119605618691,0.03907751381678703,2.2894309882505017e-05,1.2286115527691185e-09,0.0014150571995129638,6.50949213496619e-11,0.0006248378062160853,5.023999134904677e-09,1.2137311245357362e-06,4.43968041842573e-09,1.5811852460003976e-10,3.7358610922578144e-06,8.37706193155859e-05,0.003743909179016124,3.204703371225576e-07,0.0007388371495150289,3.2850172121666896e-10,7.354195680783126e-10,2.439729087313437e-07,1.0196574554112777e-07,3.893218079338336e-07,0.0014338112627054421,0.01830680034142028,5.856268762725257e-07,0.0021746045470066623,4.217573959814921e-09,0.00013257087531058786,1.1643986481110001e-07,1.7855674707375116e-06,2.943301157260464e-10,1.383759066269366e-10,9.144799150645153e-06,6.074125399757274e-08,2.2735020025795338e-11,1.2935865848246116e-11,2.6906289736990048e-11
7.989446638197626e-06,0.16628943999999996,0.8585084662769803,0.0,0.0,0.42581600776436446,0.054073966300086,0.00207512106580293,9.15090191900181e-06,0.002358856670163672,0.11313159492244237,0.039107910159887106,2.2831127611472583e-05,1.2344212672057453e-09,0.0014131274140033927,6.547337009557033e-11,0.0006251707784965363,5.060883573028721e-09,1.2051599179568634e-06,4.445497516785197e-09,1.5801208292602917e-10,3.71543004473966e-06,8.457381717787756e-05,0.003735563404155524,3.1704682472894466e-07,0.00073942354117026,3.256654080270797e-10,7.295336728417343e-10,2.455933393979435e-07,1.0183491915786636e-07,3.9176197577947876e-07,0.0014413754268609823,0.018385229386225516,5.859634504940452e-07,0.0021786225273937505,4.2110079720712795e-09,0.0001338419772270484,1.1650790873270721e-07,1.7745551592480765e-06,2.9479000001255146e-10,1.3829468494749978e-10,9.23058535723175e-06,6.056189929526996e-08,2.2948567326914582e-11,1.2842031265352489e-11,2.6899229748610978e-11
8.012810250075212e-06,0.16628943999999996,0.8585084662769803,0.0,0.0,0.4257337893774048,0.05396391151124624,0.0020613290118944986,9.150558212544343e-06,0.0023562837951341823,0.11336141241804519,0.039138110678637775,2.276824549885606e-05,1.2402287984139182e-09,0.0014112041028463034,6.585664600035782e-11,0.0006255025650266882,5.098218010252485e-09,1.1966599932590779e-06,4.4512875842155165e-09,1.5790493478056225e-10,3.6951344904124283e-06,8.538563301592212e-05,0.003727238768627476,3.1366942288975914e-07,0.0007400072810746528,3.228633013069916e-10,7.236985909892771e-10,2.4721721377837565e-07,1.0170420443185465e-07,3.94204095603614e-07,0.001448936908797985,0.018463534035804606,5.862971219492033e-07,0.0021826282090488466,4.2044646819936016e-09,0.0001351267174828608,1.1657536719645917e-07,1.7636118462950746e-06,2.952477278557323e-10,1.3821311225437375e-10,9.317283010430641e-06,6.038342256694542e-08,2.3164374848763243e-11,1.2748995019545933e-11,2.6892187387234108e-11
8.036173861952798e-06,0.16628943999999996,0.8585084662769803,0.0,0.0,0.4256516920977888,0.05385410451027543,0.0020476335274959784,9.150213831944224e-06,0.002353711865079021,0.11359064934213568,0.03916811679888095,2.2705661789709432e-05,1.2460340586299945e-09,0.0014092872389996176,6.624477327812846e-11,0.0006258331700780875,5.136005670820084e-09,1.1882307048534726e-06,4.457050758516226e-09,1.5779709033558237e-10,3.6749734696939984e-06,8.620612738049661e-05,0.0037189352327232604,3.1033738254069384e-07,0.0007405883835031002,3.200948900850925e-10,7.17913849908951e-10,2.4884448620125923e-07,1.0157360228044318e-07,3.9664810709952463e-07,0.0014564955540182127,0.01854171325374869,5.866279153764359e-07,0.002186621623646446,4.197944004641773e-09,0.0001364251919017411,1.1664224518560879e-07,1.7527371066557783e-06,2.957033097028744e-10,1.3813119522078111e-10,9.404898346068423e-06,6.020581872349493e-08,2.3382457911429175e-11,1.2656749752718086e-11,2.6885162580663855e-11
8.059537473830384e-06,0.16628943999999996,0.8585084662769803,0.0,0.0,0.4255697170941048,0.053744544808679316,0.0020340338978874135,9.149868787444457e-06,0.0023511408972646227,0.11381930649299413,0.03919792993549043,2.2643374737753933e-05,1.2518369607935766e-09,0.001407376795451257,6.663777601566273e-11,0.0006261625978950431,5.174249776486318e-09,1.1798714133020093e-06,4.462787176730456e-09,1.5768855965432055e-10,3.6549460298102196e-06,8.703536071441084e-05,0.0037106527566584504,3.0704996901474984e-07,0.0007411668626400408,3.173596725730384e-10,7.121789816266579e-10,2.5047511099409994e-07,1.0144311360874048e-07,3.9909395012644025e-07,0.001464051208899056,0.01861976601366486,5.869558553212683e-07,0.0021906028028075802,4.191445855092079e-09,0.00013773749613654135,1.1670854764455953e-07,1.741930517398067e-06,2.9615675596502277e-10,1.3804894042990382e-10,9.493437585811562e-06,6.002908270038672e-08,2.360283179892044e-11,1.2565288177543957e-11,2.6878155258634533e-11
8.08290108570797e-06,0.16628943999999996,0.8585084662769803,0.0,0.0,0.42548786552432705,0.05363523191864577,0.002020529413867436,9.14952308913027e-06,0.002348570908774268,0.11404738466806574,0.03922755149245725,2.2581382605352002e-05,1.2576374185445994e-09,0.001405472745219781,6.703567816992246e-11,0.0006264908526949359,5.212953546248576e-09,1.1715814852540557e-06,4.468496975148304e-09,1.5757935269231274e-10,3.6350512247509458e-06,8.787339334778204e-05,0.0037023913005745073,3.0380646172029606e-07,0.0007417427325802537,3.146571559694346e-10,7.064935227598631e-10,2.521090424860137e-07,1.0131273930969205e-07,4.015415647115135e-07,0.0014716037206930525,0.018697691299117223,5.872809661377649e-07,0.0021945717780997766,4.184970148439504e-09,0.000139063725661763,1.1677427947913904e-07,1.731191657875527e-06,2.9660807701685057e-10,1.3796635437585706e-10,9.582906936690167e-06,5.985320945760624e-08,2.38255117579982e-11,1.2474603076758695e-11,2.6871165352753208e-11
8.106264697585556e-06,0.16628943999999996,0.8585084662769803,0.0,0.0,0.42540613853587295,0.05352616535304213,0.0020071193717102562,9.149176746931872e-06,0.0023460019165097673,0.11427488466398582,0.03925698286297458,2.2519683663481047e-05,1.2634353462204055e-09,0.0014035750613550153,6.743850356557306e-11,0.0006268179386685174,5.2521201960793235e-09,1.1633602933838031e-06,4.474180289310251e-09,1.5746947929840958e-10,3.615288115226265e-06,8.872028549332109e-05,0.003694150824540365,3.006061538262958e-07,0.0007423160073296309,3.1198685626747404e-10,7.008570144718292e-10,2.537462350101921e-07,1.0118248026420032e-07,4.0399089105151946e-07,0.0014791529375271523,0.018775488103568792,5.876032719899259e-07,0.002198528581037024,4.17851679980142e-09,0.00014040397576610037,1.1683944555688694e-07,1.72052010972239e-06,2.970572831965269e-10,1.3788344346466938e-10,9.673312590624118e-06,5.967819397960099e-08,2.4050512997018663e-11,1.2384687302442375e-11,2.6864192796451865e-11
8.129628309463143e-06,0.16628943999999996,0.8585084662769803,0.0,0.0,0.4253245372656593,0.05341734462541234,0.001993803073122952,9.148829770627123e-06,0.002343433937193114,0.11450180727660467,0.03928622542952179,2.245827619170724e-05,1.2692306588528027e-09,0.0014016837169386794,6.784627589252338e-11,0.000627143859980213,5.291752938659164e-09,1.1552072163285333e-06,4.4798372540104715e-09,1.5735894921577748e-10,3.595655768622941e-06,8.957609724163304e-05,0.003685931288553995,2.974483519573412e-07,0.0007428867008059419,3.0934829807345184e-10,6.952690024255069e-10,2.553866429062142e-07,1.0105233734126531e-07,4.064418695144313e-07,0.0014866987084019014,0.018853155430324037,5.879227968530733e-07,0.002202473243079793,4.172085724321895e-09,0.00014175834154501126,1.1690405070735026e-07,1.7099154568483093e-06,2.9750438480552363e-10,1.3780021401529244e-10,9.764660723951561e-06,5.950403127522664e-08,2.4277850684775556e-11,1.2295533775312194e-11,2.685723752494357e-11
8.152991921340729e-06,0.16628943999999996,0.8585084662769803,0.0,0.0,0.4252430628401592,0.05330876924997436,0.00198057982520309,9.148482169844188e-06,0.002340866987368125,0.11472815330101245,0.03931528056394802,2.2397158478159157e-05,1.2750232721651096e-09,0.0013997986850850074,6.825901870348327e-11,0.0006274686207684154,5.3318549831100144e-09,1.1471216386277202e-06,4.4854680033002525e-09,1.5724777208289113e-10,3.5761532589610476e-06,9.044088855654213e-05,0.0036777326525439516,2.943323758936624e-07,0.0007434548268395834,3.067410144234624e-10,6.897290367385356e-10,2.570302205228239e-07,1.0092231139805072e-07,4.0889444064142535e-07,0.0014942408831909758,0.01893069229247151,5.882395645152839e-07,0.0022064057956350286,4.165676837173571e-09,0.00014312691789330684,1.1696809972234829e-07,1.6993772854329914e-06,2.979493921085037e-10,1.3771667226054316e-10,9.856957496959783e-06,5.9330716377689906e-08,2.4507539949350012e-11,1.220713548402789e-11,2.685029947516683e-11
8.176355533218315e-06,0.16628943999999996,0.8585084662769803,0.0,0.0,0.4251617163754573,0.053200438741617485,0.0019674489403966483,9.1481339540641e-06,0.00233830108340207,0.11495392353156404,0.039344149627555065,2.2336328819501346e-05,1.2808131025691911e-09,0.0013979199389413664,6.86767554115395e-11,0.0006277922251457763,5.372429534728914e-09,1.1391029506629497e-06,4.4910726704914495e-09,1.5713595743451914e-10,3.5567796668508214e-06,9.13147192704297e-05,0.003669554876370912,2.9125755828340966e-07,0.000744020399174342,3.0416454660579693e-10,6.842366719390167e-10,2.586769222203869e-07,1.007924032799951e-07,4.1134854514857763e-07,0.0015017793126404478,0.01900809771282735,5.885535985787571e-07,0.0022103262700561115,4.159290053561063e-09,0.00014450979949777622,1.170315973562514e-07,1.6889051839206726e-06,2.9839231533323557e-10,1.37632824348046e-10,9.95020905341858e-06,5.915824434449049e-08,2.473959587697192e-11,1.2119485484504577e-11,2.684337858574163e-11
8.199719145095901e-06,0.16628943999999996,0.8585084662769803,0.0,0.0,0.42508049897730543,0.0530923526158996,0.0019544097364562565,9.147785132623294e-06,0.002335736241487268,0.1151791187619037,0.03937283397117973,2.2275785520907827e-05,1.2866000671624733e-09,0.0013960474516888702,6.90995092877494e-11,0.0006281146771994966,5.413479794722587e-09,1.1311505485986266e-06,4.496651388159837e-09,1.5702351470270042e-10,3.5375340794496962e-06,9.219764907958547e-05,0.0036613979198291883,2.882232443543606e-07,0.0007445834314681344,3.0161844398968004e-10,6.787914669206024e-10,2.603267023729916e-07,1.0066261382096628e-07,4.1380412392823205e-07,0.0015093138483678497,0.019085370723879398,5.88864922461159e-07,0.0022142346976428825,4.152925288725735e-09,0.00014590708082984152,1.1709454832627804e-07,1.6784987430144585e-06,2.988331646703937e-10,1.3754867634122861e-10,1.0044421520116123e-05,5.898661025736502e-08,2.4974033510880867e-11,1.2032576899231025e-11,2.683647479693061e-11
8.223082756973487e-06,0.16628943999999996,0.8585084662769803,0.0,0.0,0.4249994117411769,0.05298451038904469,0.0019414615363997452,9.147435714716086e-06,0.002333172477642682,0.11540373978498969,0.039401334935275464,2.2215526896035594e-05,1.2923840837249523e-09,0.0013941811965429863,6.952730345875295e-11,0.0006284359809916088,5.455008959942197e-09,1.1232638343234616e-06,4.502204288148528e-09,1.5691045321771324e-10,3.5184155904195613e-06,9.308973753958755e-05,0.0036532617426482308,2.852287916466546e-07,0.0007451439372937096,2.9910226386268346e-10,6.733929848987331e-10,2.6197951537123893e-07,1.0053294384331463e-07,4.162611180509979e-07,0.0015168443428616638,0.019162510367731513,5.891735593970411e-07,0.0022181311096416616,4.1465824579471286e-09,0.00014731885613823218,1.1715695731275014e-07,1.6681575556705156e-06,2.992719502734557e-10,1.3746423422023452e-10,1.0139601006397368e-05,5.881580922222828e-08,2.5210867850193516e-11,1.1946402916601664e-11,2.6829588050587727e-11
8.246446368851073e-06,0.16628943999999996,0.8585084662769803,0.0,0.0,0.42491845575232146,0.05287691157794015,0.0019286036684690016,9.14708570939709e-06,0.0023306098077154887,0.11562778739311873,0.03942965384999346,2.2155551266997952e-05,1.2981650707161927e-09,0.0013923211467541437,6.996016090440401e-11,0.0006287561405592607,5.4970202226188115e-09,1.1154422153927146e-06,4.507731501571494e-09,1.5679678220903597e-10,3.499423299884194e-06,9.399104406069768e-05,0.003645146304494112,2.8227356972760414e-07,0.0007457019301394008,2.9661557125082977e-10,6.680407933679848e-10,2.6363531562477504e-07,1.0040339415796982e-07,4.187194687675252e-07,0.0015243706494806296,0.019239515696048398,5.894795324391817e-07,0.0022220155372452205,4.140261476545906e-09,0.0001487452194416974,1.1721882895936161e-07,1.6578812170921381e-06,2.997086822586801e-10,1.3737950388282278e-10,1.0235753603705116e-05,5.8645836369112595e-08,2.5450113848785782e-11,1.1860956790255967e-11,2.6822718290111282e-11
8.265093914447026e-06,0.16628943999999996,0.8585084662769803,0.0,0.0,0.42485393605149135,0.052791206494914804,0.0019184056030049554,9.146805938919953e-06,0.0023285652214922875,0.11580619888211553,0.039452126691813076,2.2107883987181303e-05,1.3027769073526167e-09,0.0013908409926871302,7.030929246971388e-11,0.0006290108558594485,5.530899375732634e-09,1.1092457496319564e-06,4.512124673158683e-09,1.567056250090366e-10,3.4843546622988676e-06,9.471707164079984e-05,0.003638683864721676,2.799426118550618e-07,0.0007461454949194477,2.9465170409515866e-10,6.638019002743462e-10,2.6495899712957854e-07,1.0030008160496155e-07,4.2068252290836223e-07,0.0015303746292850877,0.019300880087129747,5.897218469664e-07,0.002225107293943942,4.135232040284895e-09,0.00014989419488738894,1.1726782898834487e-07,1.6497254760907993e-06,3.0005579071817895e-10,1.3731167387809613e-10,1.031319966045659e-05,5.85107644692228e-08,2.564280736303419e-11,1.1793276235907783e-11,2.6817247378403576e-11
8.28374146004298e-06,0.16628943999999996,0.8585084662769803,0.0,0.0,0.42478950118683745,0.05270565592392504,0.001908264320983781,9.146525804396263e-06,0.0023265213500166192,0.11598424599219705,0.03947448506929211,2.2060395077004263e-05,1.3073867217126758e-09,0.0013893647610660079,7.066167560484466e-11,0.0006292648468340697,5.5650892906730796e-09,1.1030900821183372e-06,4.516501630541671e-09,1.5661408993550298e-10,3.469365396945647e-06,9.544903926395567e-05,0.0036322345901388963,2.7763594177873905e-07,0.000746587474161374,2.927061352340867e-10,6.59592007112511e-10,2.662845294322321e-07,1.001968465934973e-07,4.2264637423840385e-07,0.0015363757746673396,0.019362157843225872,5.89962490621021e-07,0.0022281914518077705,4.130216425920666e-09,0.00015105257071684218,1.1731649197479881e-07,1.641610585890734e-06,3.004016024796115e-10,1.3724366689662777e-10,1.0391272571516155e-05,5.837621460999594e-08,2.5837054244535482e-11,1.1726051725769897e-11,2.6811787224837613e-11
8.302389005638932e-06,0.16628943999999996,0.8585084662769803,0.0,0.0,0.4247251516962644,0.05262025962023745,0.0018981794879145979,9.146245310244134e-06,0.0023244782011142178,0.11616192912535764,0.039496729644813995,2.201308369488143e-05,1.311994473261804e-09,0.0013878924383395027,7.101732178663715e-11,0.0006295181155023628,5.59959158352035e-09,1.0969749192543087e-06,4.52086243939351e-09,1.56522181545277e-10,3.4544550550414714e-06,9.618697692631212e-05,0.0036257984601548985,2.753532548157816e-07,0.0007470278746092529,2.9077865373694764e-10,6.554108997370636e-10,2.6761188938449363e-07,1.0009368952049205e-07,4.2461099313763046e-07,0.001542374012259613,0.019423348495134697,5.902014748782516e-07,0.002231268026623175,4.125214590462568e-09,0.00015222039439995798,1.1736482023024354e-07,1.6335363437408177e-06,3.00746122635174e-10,1.3717548582646007e-10,1.0469975408361822e-05,5.824218434824003e-08,2.603286203168792e-11,1.1659279917524241e-11,2.6806337802651965e-11
8.321036551234885e-06,0.16628943999999996,0.8585084662769803,0.0,0.0,0.42466088811360525,0.052535017339384274,0.0018881507713675286,9.145964460828387e-06,0.0023224357825433416,0.1163392486833586,0.03951886107669764,2.1965949002620032e-05,1.3166001217367899e-09,0.0013864240109713964,7.137624242897128e-11,0.0006297706638738668,5.634407868096168e-09,1.090899969660092e-06,4.525207165096406e-09,1.5642990435567016e-10,3.439623190364184e-06,9.693091455838583e-05,0.003619375454155206,2.7309425080543953e-07,0.0007474667029739613,2.8886905159537675e-10,6.512583656771791e-10,2.6894105384896803e-07,9.999061077843515e-08,4.2657635006112194e-07,0.0015483692690460666,0.019484451577455632,5.904388111414159e-07,0.0022343370341548893,4.120226490943149e-09,0.0001533977133027859,1.1741281605175083e-07,1.6255025477927572e-06,3.0108935626179295e-10,1.3710713352356443e-10,1.0549311234546058e-05,5.810867125046185e-08,2.6230238242916658e-11,1.1592957494388929e-11,2.6800899085666442e-11
8.339684096830838e-06,0.16628943999999996,0.8585084662769803,0.0,0.0,0.424596710968639,0.0524499288371625,0.0018781778409607092,9.145683260461249e-06,0.002320394101995264,0.11651620506773616,0.03954088001922294,2.1918990165411302e-05,1.3212036271447998e-09,0.0013849594654407175,7.173844888202104e-11,0.0006300224939485075,5.6695397558789324e-09,1.0848649441557836e-06,4.529535872742704e-09,1.563372628447656e-10,3.4248693592389873e-06,9.768088202359176e-05,0.0036129655515022047,2.708586340164776e-07,0.0007479039659333722,2.869771236737077e-10,6.471341941219629e-10,2.70271999699583e-07,9.988761075545085e-08,4.2854241553926037e-07,0.0015543614723624415,0.01954546662857231,5.906745107423952e-07,0.002237398490145954,4.115252084419974e-09,0.00015458457468520156,1.1746048172204369e-07,1.6175089970989768e-06,3.0143130842094727e-10,1.370386128121843e-10,1.0629283105550382e-05,5.797567289284897e-08,2.6429190376310976e-11,1.1527081164910615e-11,2.6795471048269966e-11
8.358331642426791e-06,0.16628943999999996,0.8585084662769803,0.0,0.0,0.4245326207871068,0.05236499386963302,0.001868260368347611,9.145401713403058e-06,0.002318353167094749,0.11669279867980888,0.03956278712265594,2.187220635182171e-05,1.3258049497623783e-09,0.0013834987882419283,7.210395243152664e-11,0.0006302736077166838,5.704988855919085e-09,1.0788695557441343e-06,4.533848627136071e-09,1.5624426145171335e-10,3.4101931205250986e-06,9.843690911681856e-05,0.0036065687315355926,2.68646113077441e-07,0.0007483396701324684,2.851026676590096e-10,6.430381759084511e-10,2.7160470382376144e-07,9.978468983509682e-08,4.3050916017957827e-07,0.001560350549896139,0.019606393190635483,5.90908584942257e-07,0.0022404524103177615,4.110291327968757e-09,0.0001557810256985927,1.1750781950948808e-07,1.6095554916104956e-06,3.0177198415885605e-10,1.369699264849572e-10,1.0709894068642377e-05,5.7843186861247686e-08,2.6629725909270943e-11,1.1461647662778236e-11,2.6790053665369212e-11
8.376979188022744e-06,0.16628943999999996,0.8585084662769803,0.0,0.0,0.4244686180907287,0.05228021219311997,0.0018583980272041721,9.145119823862988e-06,0.0023163129854005342,0.11686902992068555,0.03958458303327406,2.1825596733784326e-05,1.3304040501344656e-09,0.0013820419658851126,7.247276429805822e-11,0.0006305240071593511,5.740756774754654e-09,1.0729135195929338e-06,4.538145492792944e-09,1.5615090457702892e-10,3.3955940356022483e-06,9.919902556296294e-05,0.0036001849735728363,2.6645640090733373e-07,0.0007487738221836928,2.832454840049861e-10,6.389701035102072e-10,2.729391431229737e-07,9.968184839647068e-08,4.3247655466717367e-07,0.001566336429685882,0.01966723080954602,5.911410449315351e-07,0.0022434988103699795,4.1053441786870065e-09,0.00015698711338355974,1.1755483166820352e-07,1.601641832174736e-06,3.021113885066858e-10,1.3690107730317734e-10,1.0791147162731542e-05,5.77112107511402e-08,2.6831852298172282e-11,1.1396653746619081e-11,2.678464691239315e-11
8.395626733618697e-06,0.16628943999999996,0.8585084662769803,0.0,0.0,0.42440470339722036,0.0521955835642099,0.001848590493216308,9.144837595999687e-06,0.0023142735644057946,0.11704489919127299,0.03960626839339073,2.177916048659001e-05,1.3350008890733957e-09,0.001380588984896167,7.284489563629928e-11,0.0006307736942481038,5.776845116328496e-09,1.0669965530181966e-06,4.542426533943242e-09,1.5605719658288426e-10,3.38107166835748e-06,9.996726101544621e-05,0.0035938142569096124,2.6428921463249803e-07,0.0007492064286672974,2.8140537590585737e-10,6.349297710202977e-10,2.7427529451059805e-07,9.9579086814715e-08,4.3444456976237266e-07,0.0015723190401210404,0.019727979034938826,5.913719018302674e-07,0.0022465377059805343,4.10041059371074e-09,0.00015820288466769026,1.176015204383379e-07,1.5937678205333737e-06,3.0244952647987857e-10,1.3683206799745199e-10,1.0873045418227985e-05,5.75797421676284e-08,2.7035576978018484e-11,1.1332096199780459e-11,2.6779250765360236e-11
8.41427427921465e-06,0.16628943999999996,0.8585084662769803,0.0,0.0,0.42434087722030966,0.05211110773975096,0.0018388374440671364,9.144555033922e-06,0.0023122349115386283,0.11722040689228366,0.03962784384138059,2.1732896788878727e-05,1.3395954276579098e-09,0.0013791398318169818,7.322035753431734e-11,0.0006310226709452614,5.8132554819029286e-09,1.0611183754667562e-06,4.546691814531166e-09,1.5596314179340336e-10,3.366625585171706e-06,0.00010074164505480788,0.0035874565608202645,2.621442755201428e-07,0.0007496374961311986,2.795821492722094e-10,6.309169741364137e-10,2.7561313491472745e-07,9.947640546059789e-08,4.364131763029927e-07,0.001578298309941657,0.019788637420165588,5.91601166688965e-07,0.0022495691128057754,4.095490530199918e-09,0.00015942838636321378,1.1764788804598138e-07,1.5859332593200692e-06,3.027864030779817e-10,1.3676290126780762e-10,1.0955591856899322e-05,5.744877872541643e-08,2.7240907362053695e-11,1.1267971830148529e-11,2.6773865200786184e-11
8.432921824810603e-06,0.16628943999999996,0.8585084662769803,0.0,0.0,0.42427714006975265,0.05202678447685221,0.0018291385594246938,9.144272141689594e-06,0.0023101970341625052,0.11739555342424303,0.039649310011703694,2.1686804822630773e-05,1.3441876272321526e-09,0.0013776944932056235,7.35991610128617e-11,0.000631270939203953,5.8499894699759165e-09,1.0552787084998864e-06,4.550941398217272e-09,1.558687444949486e-10,3.3522553549066595e-06,0.00010152220718736894,0.0035811118645582337,2.6002130890913523e-07,0.0007500670310911507,2.7777561262150657e-10,6.269315101579826e-10,2.7695264128380363e-07,9.937380469976295e-08,4.3838234520993174e-07,0.001584274168238436,0.01984920552227831,5.91828850489528e-07,0.0022525930464804647,4.090583945313671e-09,0.00016066366516468745,1.176939367029267e-07,1.5781379520582994e-06,3.031220232862363e-10,1.3669357978323442e-10,1.103878949173148e-05,5.73183180487791e-08,2.744785084144946e-11,1.1204277470003877e-11,2.6768490195541657e-11
8.451569370406557e-06,0.16628943999999996,0.8585084662769803,0.0,0.0,0.4242134924513501,0.05194261353288281,0.0018194935209292495,9.14398892331364e-06,0.0023081599395767464,0.11757033918749747,0.039670667534930516,2.164088377315811e-05,1.3487774494046798e-09,0.0013762529556365255,7.398131702464134e-11,0.0006315185009681915,5.887048676199746e-09,1.0494772757760977e-06,4.555175348379853e-09,1.5577400893641308e-10,3.337960548891479e-06,0.00010230897684363954,0.0035747801473564977,2.579200441367417e-07,0.0007504950400317016,2.759855770356339e-10,6.229731779711838e-10,2.7829379058019615e-07,9.927128489424009e-08,4.403520474809382e-07,0.0015902465444520546,0.019909682902012952,5.920549641441365e-07,0.002255609522617501,4.0856907962613645e-09,0.00016190876764686396,1.1773966860732999e-07,1.5703817031589852e-06,3.0345639207493066e-10,1.3662410618279918e-10,1.112264132678663e-05,5.71883577715412e-08,2.7656414785023804e-11,1.1141009975755333e-11,2.6763125727102503e-11
8.47021691600251e-06,0.16628943999999996,0.8585084662769803,0.0,0.0,0.4241499348669631,0.05185859466547133,0.0018099020121812553,9.143705382757428e-06,0.002306123635016966,0.11774476458222143,0.03969191703776569,2.1595132829095473e-05,1.3533648560474503e-09,0.0013748152057006752,7.436683645363427e-11,0.0006317653581729489,5.924434693297759e-09,1.0437138030352339e-06,4.559393728113808e-09,1.5567893932950203e-10,3.3237407409098705e-06,0.00010310198337682737,0.00356846138842801,2.5584021447391046e-07,0.0007509215294059552,2.742118562699717e-10,6.19041778015529e-10,2.796365597746608e-07,9.916884640331588e-08,4.423222541838496e-07,0.0015962153683733292,0.01997006912377319,5.922795184954488e-07,0.002258618556808114,4.080811040330271e-09,0.00016316374026253687,1.1778508594415817e-07,1.5626643179183283e-06,3.0378951439595084e-10,1.3655448307703737e-10,1.120715035706599e-05,5.70588955370771e-08,2.7866606538807397e-11,1.107816622770013e-11,2.6757771773673048e-11
8.488864461598463e-06,0.16628943999999996,0.8585084662769803,0.0,0.0,0.42408646781453035,0.05177472763250501,0.0018003637187287125,9.14342152393705e-06,0.002304088127655547,0.11791883000842582,0.03971305914307289,2.1549551182391724e-05,1.3579498092948354e-09,0.001373381230005775,7.475573011437393e-11,0.000632011512744261,5.962149110975624e-09,1.0379880180814054e-06,4.563596600232714e-09,1.5558353984902304e-10,3.309595507186679e-06,0.00010390125606178749,0.003562155566966127,2.537815570579474e-07,0.000751346505634653,2.7245426661790665e-10,6.1513711228834e-10,2.809809258656339e-07,9.906648957976075e-08,4.442929364756091e-07,0.0016021805701420897,0.020030363755614528,5.925025243205461e-07,0.0022616201646222973,4.075944634758601e-09,0.00016442862933989177,1.1783019088376771e-07,1.5549856025153285e-06,3.041213951863719e-10,1.364847130456866e-10,1.1292319568368798e-05,5.6929928998278605e-08,2.807843342560952e-11,1.1015743130014615e-11,2.6752428313512242e-11
8.50564725263482e-06,0.16628943999999996,0.8585084662769803,0.0,0.0,0.42402942528055876,0.05169937692138753,0.0017918244953644257,9.143165782081905e-06,0.002302256858512234,0.11807518144940826,0.0397319957246832,2.1508671784409647e-05,1.3620741384791497e-09,0.0013720938678012684,7.510862825889624e-11,0.0006322324526915668,5.996374180783291e-09,1.032866811362022e-06,4.567365977822313e-09,1.5549740169565608e-10,3.2969282095336505e-06,0.00010462598316938726,0.0035564913719722336,2.51946653462818e-07,0.0007517276957834479,2.7088607794475354e-10,6.116456085298066e-10,2.821922017084553e-07,9.897443855110185e-08,4.460669334046851e-07,0.0016075460973347887,0.020084550260819605,5.927019144261341e-07,0.0022643152749542003,4.071576248943479e-09,0.00016557554627243202,1.1787052001204819e-07,1.5481076618804018e-06,3.0441903046316235e-10,1.3642179650282503e-10,1.1369538773556657e-05,5.6814281000888745e-08,2.8270481696054513e-11,1.0959919458568764e-11,2.6747628153310552e-11
8.522430043671176e-06,0.16628943999999996,0.8585084662769803,0.0,0.0,0.42397245683513746,0.05162414882413079,0.0017833278967346383,9.142909788356588e-06,0.002300426245998849,0.11823124193116287,0.039750846264428624,2.1467928281025496e-05,1.3661964227173291e-09,0.001370809542158827,7.546427601867165e-11,0.0006324528264503037,6.030867694703801e-09,1.0277757173756287e-06,4.571122890297328e-09,1.5541100268865966e-10,3.2843206702195466e-06,0.00010535583073535645,0.003550837624262604,2.501285032345129e-07,0.0007521076700985343,2.6933067805083436e-10,6.08175458209547e-10,2.83404735673081e-07,9.88824542090571e-08,4.4784127134454894e-07,0.001612908583844927,0.02013866192148282,5.929000666583244e-07,0.002267004393834854,4.0672186112595464e-09,0.00016673056655604548,1.1791059940943632e-07,1.5412607474757149e-06,3.047156676664015e-10,1.3635876485617313e-10,1.144729729971268e-05,5.6699030925807197e-08,2.8463865642116592e-11,1.0904431801590216e-11,2.6742836460632115e-11
8.534487997487641e-06,0.16628943999999996,0.8585084662769803,0.0,0.0,0.42393157257785796,0.051570175190275014,0.0017772495221517362,9.142725710266157e-06,0.0022991114116485698,0.11834318745281351,0.039764336969301275,2.143873880975375e-05,1.3691568880981578e-09,0.0013698886601729973,7.57215004963624e-11,0.0006326108099196028,6.0558166596937065e-09,1.0241363934116977e-06,4.573814454247745e-09,1.5534876810794557e-10,3.2752992358790555e-06,0.00010588337816054106,0.003546782009734343,2.488324539817374e-07,0.0007523799227468087,2.682209906755691e-10,6.056953580216577e-10,2.8427667386304304e-07,9.881640740545864e-08,4.4911628109323265e-07,0.0016167594713221458,0.020177493220785384,5.930416734863307e-07,0.0022689327561779657,4.064094391412357e-09,0.0001675654367276658,1.1793924200810253e-07,1.5363605115032992e-06,3.0492817883512674e-10,1.3631340838758783e-10,1.150349871886966e-05,5.661647175912982e-08,2.8603633978842996e-11,1.0864771710174381e-11,2.6739398985826646e-11
8.546545951304106e-06,0.16628943999999996,0.8585084662769803,0.0,0.0,0.42389072687923984,0.05151626469377409,0.0017711929510696208,9.142541504598865e-06,0.0022977969207625426,0.11845498303938995,0.03977778365433954,2.140961897158075e-05,1.372116273919444e-09,0.0013689693370379568,7.59801511773139e-11,0.0006327685023493943,6.080905217346795e-09,1.0205124417883405e-06,4.576499623747042e-09,1.5528640150005386e-10,3.266308379729043e-06,0.00010641358753690002,0.003542731774611508,2.475448904548004e-07,0.0007526515518699287,2.671177909689956e-10,6.032261555890901e-10,2.851492466643285e-07,9.875039524490521e-08,4.5039144838796524e-07,0.0016206087447296117,0.02021628561330603,5.931826481550972e-07,0.002270858035752522,4.060975692161689e-09,0.00016840451955389986,1.1796775707118147e-07,1.5314761677523602e-06,3.051401779603195e-10,1.3626799411086707e-10,1.1559980447576766e-05,5.653411650182224e-08,2.874409647974638e-11,1.0825283115476392e-11,2.6735965868756326e-11
8.55860390512057e-06,0.16628943999999996,0.8585084662769803,0.0,0.0,0.42384991986942827,0.05146241726946479,0.0017651581006823652,9.142357172360823e-06,0.002296482775208293,0.11856662879887524,0.03979118648358362,2.1380568551834537e-05,1.3750745702434243e-09,0.001368051569152707,7.624023090319552e-11,0.000632925904250317,6.1061337937431395e-09,1.016903791247438e-06,4.579178415457705e-09,1.552239039519676e-10,3.257347989973332e-06,0.00010694646668440591,0.0035386869132473,2.462657458546379e-07,0.0007529225591685926,2.66021032047191e-10,6.007677991382315e-10,2.860224478775311e-07,9.868441781882385e-08,4.516667655208496e-07,0.001624456385582449,0.020255038986427564,5.933229935001825e-07,0.002272780236743104,4.057862502010451e-09,0.00016924782741025414,1.1799614517019342e-07,1.5266076648319377e-06,3.053516663585954e-10,1.3622252269058013e-10,1.1616743282064246e-05,5.6451964530215305e-08,2.888525509705247e-11,1.0785965207339505e-11,2.673253710419312e-11
8.570661858937036e-06,0.16628943999999996,0.8585084662769803,0.0,0.0,0.4238091516778964,0.05140863285222845,0.0017591448885138348,9.142172714550422e-06,0.002295168976842687,0.11867812483923036,0.039804545620423286,2.1351587336414692e-05,1.3780317671773145e-09,0.001367135352919335,7.65017425029301e-11,0.0006330830161315137,6.1315028143615175e-09,1.013310370877677e-06,4.581850845993225e-09,1.5516127654446656e-10,3.2484179552310533e-06,0.00010748202340812922,0.0035346474199918648,2.4499495400238625e-07,0.0007531929463382437,2.6493066746100356e-10,5.983202371542496e-10,2.868962713094289e-07,9.861847521718307e-08,4.529422248007016e-07,0.0016283023754565195,0.02029375322815719,5.934627123464959e-07,0.0022746993633305096,4.0547548094419285e-09,0.00017009537264845814,1.1802440687405016e-07,1.521754951503302e-06,3.055626453437744e-10,1.3617699478605174e-10,1.1673788016832742e-05,5.6370015222293635e-08,2.9027111778595463e-11,1.0746817179632315e-11,2.6729112686854568e-11
8.5827198127535e-06,0.16628943999999996,0.8585084662769803,0.0,0.0,0.4237684224334477,0.05135491137699096,0.0017531532324163602,9.1419881321584e-06,0.0022938555275119777,0.11878947126839541,0.03981786122760051,2.1322675111791395e-05,1.3809878548731978e-09,0.0013662206847430338,7.676468879261977e-11,0.0006332398385006425,6.157012704072969e-09,1.0097321101128208e-06,4.584516931920678e-09,1.5509852035215797e-10,3.239518164535223e-06,0.00010802026549806888,0.0035306132891923443,2.437324493326941e-07,0.0007534627150687753,2.6384665105678123e-10,5.958834183966242e-10,2.87770710775244e-07,9.855256752866107e-08,4.542178185559422e-07,0.0016321466959875967,0.020332428227125564,5.936018075075953e-07,0.0022766154196918994,4.051652602926582e-09,0.0001709471675962365,1.1805254274908665e-07,1.5169179766796834e-06,3.057731162293789e-10,1.3613141105092927e-10,1.1731115444638429e-05,5.628826795767021e-08,2.916966846790367e-11,1.070783823023727e-11,2.672569261142167e-11
8.594777766569965e-06,0.16628943999999996,0.8585084662769803,0.0,0.0,0.4237277322642169,0.05130125277872259,0.0017471830505693792,9.141803426167903e-06,0.002292542429051854,0.11890066819428981,0.03983113346721209,2.1293831665004423e-05,1.3839428235279094e-09,0.0013653075610321182,7.702907257546918e-11,0.0006333963718638796,6.182663887132006e-09,1.0061689387299236e-06,4.587176689759695e-09,1.5503563644350747e-10,3.230648507331273e-06,0.00010856120072875048,0.003526584515192918,2.424781668869912e-07,0.00075373186704489,2.627689371137418e-10,5.934572918762702e-10,2.886457600857571e-07,9.848669484308396e-08,4.554935391207629e-07,0.0016359893288729783,0.020371063872583396,5.937402817838317e-07,0.002278528410000619,4.048555871003143e-09,0.00017180322455730222,1.1808055336005722e-07,1.5120966894259814e-06,3.059830803243336e-10,1.3608577213518084e-10,1.1788726356477687e-05,5.6206722117591274e-08,2.931292710415185e-11,1.0669027560900977e-11,2.6722276872963542e-11
8.60683572038643e-06,0.16628943999999996,0.8585084662769803,0.0,0.0,0.42368708129767185,0.05124765699243797,0.0017412342614781056,9.14161859755455e-06,0.002291229683287493,0.11901171572481282,0.03984436250071237,2.1265056783662127e-05,1.3868966633829245e-09,0.0013643959781980465,7.729489664171127e-11,0.0006335526167259271,6.208456787161553e-09,1.0026207868475909e-06,4.589830135979234e-09,1.5497262588087018e-10,3.2218088734756112e-06,0.00010910483685935688,0.0035225610923348563,2.41232042307069e-07,0.0007540004039464115,2.6169748046958224e-10,5.910418068420272e-10,2.89521413056448e-07,9.842085724855446e-08,4.567693788438552e-07,0.0016398302558714181,0.020409660054399707,5.938781379659039e-07,0.0022804383384261244,4.045464602180684e-09,0.00017266355581082739,1.1810843926907048e-07,1.5072910389584852e-06,3.061925389323163e-10,1.3604007868401874e-10,1.1846621541572089e-05,5.612537708496527e-08,2.945688962188456e-11,1.063038437733133e-11,2.6718865466457406e-11
8.61768787882125e-06,0.16628943999999996,0.8585084662769803,0.0,0.0,0.42365052905089423,0.0511994744353532,0.001735898575008125,9.141452147760333e-06,0.0022900485151545183,0.1191115308584053,0.03985623182256373,2.123921783882499e-05,1.389554146099158e-09,0.0013635768681337012,7.753537203924538e-11,0.0006336929908492163,6.231791914811946e-09,9.994402343433727e-07,4.592212854717673e-09,1.5491580895847426e-10,3.2138787822646742e-06,0.00010959642504682502,0.0035189445823092147,2.4011745244706974e-07,0.0007542415626529038,2.6073848226267266e-10,5.88876927069436e-10,2.9031001175935895e-07,9.836163348771708e-08,4.579177301720821e-07,0.00164328561660801,0.020444362786096296,5.940016823566238e-07,0.0022821546595420536,4.042687121672179e-09,0.00017344151858781452,1.1813343042934835e-07,1.5029792811389775e-06,3.0638062056805197e-10,1.3599890847824345e-10,1.1898970912639757e-05,5.605233773725073e-08,2.9587059301939535e-11,1.0595748059184972e-11,2.6715798900161408e-11
8.62854003725607e-06,0.16628943999999996,0.8585084662769803,0.0,0.0,0.423614008752991,0.051151342656060944,0.0017305800919688113,9.141285600126572e-06,0.0022888676354908687,0.11921122514776389,0.03986806639452501,2.1213434106386043e-05,1.3922106995679825e-09,0.001362759000663865,7.777701833150254e-11,0.0006338331320600505,6.255242483751316e-09,9.962717408400285e-07,4.594590486289138e-09,1.5485889106784257e-10,3.205972841362608e-06,0.0001100902128699446,0.003515332397992959,2.3900937272469213e-07,0.0007544822257220464,2.5978448350688443e-10,5.867205894022047e-10,2.910990899261155e-07,9.830243828438258e-08,4.590661662851037e-07,0.001646739567635597,0.020479033384122127,5.941247303597118e-07,0.0022838685069412478,4.0399140485976145e-09,0.00017422296238438703,1.1815832144083695e-07,1.4986801112952436e-06,3.065682947660539e-10,1.359576950796155e-10,1.1951551755675426e-05,5.597946009745936e-08,2.971780209355405e-11,1.0561246190816244e-11,2.6712735835090226e-11
8.63939219569089e-06,0.16628943999999996,0.8585084662769803,0.0,0.0,0.4235775204955085,0.051103261607278724,0.001725278753622062,9.141118955349114e-06,0.0022876870456054427,0.11931079867150973,0.03987986633297183,2.1187705432689167e-05,1.3948663167677216e-09,0.001361942373179099,7.80198375253174e-11,0.0006339730407233353,6.278808801461314e-09,9.931152560968238e-07,4.596963042601272e-09,1.5480187297085717e-10,3.1980909713229096e-06,0.00011058620595246544,0.0035117245352550017,2.3790775744461202e-07,0.0007547223943675913,2.5883545206799233e-10,5.845727573736224e-10,2.918886430570639e-07,9.824327170133176e-08,4.6021468163580956e-07,0.0016501920957822627,0.02051367176947109,5.942472839860079e-07,0.0022855798836554624,4.037145374593319e-09,0.00017500789610031792,1.1818311270856478e-07,1.4943934927193683e-06,3.0675556247129866e-10,1.3591643894847616e-10,1.2004364642274899e-05,5.590674371911752e-08,2.9849119397644714e-11,1.0526878201282074e-11,2.6709676267721152e-11
8.65024435412571e-06,0.16628943999999996,0.8585084662769803,0.0,0.0,0.423541064369559,0.05105523124175294,0.0017199945014402382,9.140952214119031e-06,0.0022865067468003657,0.11941025150825324,0.03989163175386472,2.1162031664448822e-05,1.3975209907057046e-09,0.0013611269830720752,7.826383161883021e-11,0.0006341127172030349,6.302491174990149e-09,9.899707300928663e-07,4.599330535531312e-09,1.5474475542546625e-10,3.1902330929651624e-06,0.00011108440990769663,0.003508120989962457,2.3681256128963269e-07,0.0007549620697999194,2.578913559521904e-10,5.824333946971053e-10,2.9267866666089696e-07,9.818413380017488e-08,4.613632706929131e-07,0.0016536431879154683,0.020548277863539285,5.943693452392564e-07,0.002287288792713971,4.0343810912765076e-09,0.000175796328618669,1.1820780463576157e-07,1.4901193888020552e-06,3.069424246296607e-10,1.3587514054120335e-10,1.205741014283258e-05,5.583418815681934e-08,2.998101261218119e-11,1.0492643522217192e-11,2.670662019444325e-11
8.66109651256053e-06,0.16628943999999996,0.8585084662769803,0.0,0.0,0.42350464046582326,0.05100725151225885,0.0017147272771053917,9.140785377122634e-06,0.002285326740371007,0.11950958373659509,0.03990336277275065,2.1136412648749483e-05,1.4001747144181942e-09,0.001360312827737591,7.850900260144397e-11,0.0006342521618621784,6.326289910950644e-09,9.868381130261033e-07,4.601692976928533e-09,1.5468753918570188e-10,3.1823991273741977e-06,0.00011158483033816476,0.003504521757980669,2.3572373931696424e-07,0.0007552012532255647,2.569521633072545e-10,5.803024652613408e-10,2.934691562435528e-07,9.812502464390081e-08,4.6251192792942324e-07,0.0016570928309416425,0.02058285158812446,5.944909161135226e-07,0.002288995237143699,4.03162119033112e-09,0.00017658826880590032,1.1823239762484883e-07,1.4858577630324613e-06,3.071288821859341e-10,1.358338003116986e-10,1.2110688826532764e-05,5.57617929662011e-08,3.01134831322778e-11,1.0458541587704862e-11,2.67035676119825e-11
8.671948670995349e-06,0.16628943999999996,0.8585084662769803,0.0,0.0,0.42346824887455087,0.05095932237160053,0.0017094770225084997,9.14061844504154e-06,0.002284147027606017,0.1196087954351252,0.03991505950476451,2.1110848233045028e-05,1.4028274809703223e-09,0.0013594999045725754,7.875535245378191e-11,0.0006343913750628553,6.350205315503907e-09,9.837173553123379e-07,4.604050378607296e-09,1.5463022500169795e-10,3.1745889958992556e-06,0.00011208747283586509,0.0035009268351732362,2.346412469546356e-07,0.0007554399458481744,2.560178428042939e-10,5.781799330862304e-10,2.942601073146859e-07,9.80659442933767e-08,4.6366064782773497e-07,0.0016605410118081029,0.020617392865423023,5.946119985984628e-07,0.0022906992199690315,4.0288656633870185e-09,0.00017738372551138874,1.1825689207621214e-07,1.4816085789980243e-06,3.073149360787532e-10,1.3579241871097085e-10,1.2164201261341e-05,5.5689557703988636e-08,3.024653234968797e-11,1.0424571834381233e-11,2.6700518516856446e-11
8.681715613586686e-06,0.16628943999999996,0.8585084662769803,0.0,0.0,0.42343552414380586,0.05091622935947839,0.0017047662546378968,9.140468125430723e-06,0.002283085538260235,0.11969798297576029,0.03992555734312951,2.108788681612444e-05,1.4052141467866697e-09,0.0013587693250792475,7.897807688437663e-11,0.0006345164693449914,6.371829183929665e-09,9.809187723101974e-07,4.606167740899079e-09,1.545785591106278e-10,3.167580190948571e-06,0.00011254175556439387,0.0034976950855704976,2.3367237910274234e-07,0.0007556543505641499,2.551810942110336e-10,5.762768041961491e-10,2.949723541461935e-07,9.801279665661374e-08,4.6469454476400766e-07,0.0016636431136852876,0.020648452208578454,5.947205569002344e-07,0.0022922307023376938,4.02638942198978e-09,0.0001781026504696828,1.1827885316231894e-07,1.4777949210346722e-06,3.074820402270688e-10,1.3575514026761854e-10,1.2212562778300437e-05,5.562468234127816e-08,3.0366772579469234e-11,1.0394111607720675e-11,2.6697777310028963e-11
8.691482556178022e-06,0.16628943999999996,0.8585084662769803,0.0,0.0,0.4234028257240961,0.05087317725174253,0.0017000691432866105,9.140317729839955e-06,0.002282024288750987,0.11978707300817779,0.03993602758541079,2.1064969391249137e-05,1.4076000266942185e-09,0.0013580397396418316,7.920175922802541e-11,0.0006346413767009683,6.39354802410239e-09,9.781297195544427e-07,4.608281039136697e-09,1.545268150305806e-10,3.1605905711726178e-06,0.00011299784674935773,0.0034944668200292666,2.327085704517149e-07,0.0007558683595744619,2.5434824400916304e-10,5.743804221190491e-10,2.9568496788219967e-07,9.7959672446527e-08,4.657284839908771e-07,0.0016667440112122013,0.02067948515057718,5.948287226496324e-07,0.0022937601954558405,4.023916710709389e-09,0.00017882443738913298,1.1830073504620074e-07,1.4739912850554352e-06,3.076488188550153e-10,1.357178290001759e-10,1.2261114505027747e-05,5.555993584072102e-08,3.0487483689528644e-11,1.0363757586321835e-11,2.6695038922855234e-11
8.701249498769359e-06,0.16628943999999996,0.8585084662769803,0.0,0.0,0.42337015368032177,0.05083016601404681,0.0016953856465241996,9.140167258756489e-06,0.0022809632800038417,0.11987606558965125,0.03994647031469157,2.104209584797812e-05,1.4099851156971603e-09,0.0013573111463671685,7.942640091019267e-11,0.0006347660973928269,6.415362058267948e-09,9.75350161346908e-07,4.610390281869602e-09,1.5447499330037432e-10,3.1536200797810354e-06,0.00011345575044475231,0.0034912420355305823,2.3174978926499833e-07,0.0007560819737495137,2.5351926987379734e-10,5.724907609611244e-10,2.963979452549316e-07,9.790657170655602e-08,4.6676246150568403e-07,0.0016698436949556211,0.020710491635527413,5.949364972820766e-07,0.002295287701523163,4.021447523452982e-09,0.00017954909268521637,1.1832253801669268e-07,1.4701976447190698e-06,3.078152726427723e-10,1.3568048523115847e-10,1.2309856853003584e-05,5.5495317881370386e-08,3.060866668802443e-11,1.0333509364658605e-11,2.669230335288304e-11
8.711016441360695e-06,0.16628943999999996,0.8585084662769803,0.0,0.0,0.4233375080771021,0.050787195612063914,0.0016907157225554011,9.14001671266457e-06,0.002279902512940028,0.11996496077744855,0.03995688561378846,2.101926607611133e-05,1.412369408818456e-09,0.0013565835433635275,7.965200335047726e-11,0.0006348906316820042,6.43727150836526e-09,9.72580062129922e-07,4.612495477625508e-09,1.5442309445631316e-10,3.146668660154868e-06,0.00011391547069743815,0.003488020729054406,2.307960040406579e-07,0.0007562951939578251,2.5269414965467713e-10,5.706077949331909e-10,2.9711128300286195e-07,9.78534944788223e-08,4.6779647331657805e-07,0.0016729421555089145,0.020741471607796623,5.950438822293853e-07,0.0022968132227376837,4.018981854095888e-09,0.00018027662276185602,1.183442623612824e-07,1.4664139737483888e-06,3.0798140226982045e-10,1.3564310928059382e-10,1.2358790232887667e-05,5.543082814298798e-08,3.073032258099926e-11,1.0303366538867898e-11,2.6689570597515713e-11
8.720783383952032e-06,0.16628943999999996,0.8585084662769803,0.0,0.0,0.42330488897877666,0.05074426601148529,0.0016860593297196858,9.139866092045467e-06,0.002278841988476443,0.12005375862883345,0.03996727356525231,2.099647996568925e-05,1.4147529010998007e-09,0.0013558569287406132,7.987856796258733e-11,0.0006350149798293463,6.459276596039851e-09,9.69819386485738e-07,4.614596634919074e-09,1.543711190321967e-10,3.139736255846083e-06,0.00011437701154655593,0.003484802897579633,2.2984718350950107e-07,0.0007565080210653326,2.518728607032453e-10,5.687314984261325e-10,2.9782497786281985e-07,9.78004408096616e-08,4.688305154368608e-07,0.0016760393834899215,0.020772425012013082,5.951508789112428e-07,0.0022983367612958274,4.016519696672691e-09,0.00018100703401187183,1.1836590836803454e-07,1.4626402459301575e-06,3.081472084244358e-10,1.3560570146646757e-10,1.2407915054513748e-05,5.5366466306000165e-08,3.0852452373188513e-11,1.027332870656775e-11,2.668684065485162e-11
8.730550326543369e-06,0.16628943999999996,0.8585084662769803,0.0,0.0,0.42327229644940645,0.05070137717802114,0.0016814164264908127,9.139715397377482e-06,0.0022777817075256813,0.1201424592010644,0.039977634251369104,2.0973737406992596e-05,1.417135587601581e-09,0.0013551313006095714,8.010609615431656e-11,0.0006351391420950993,6.481377542609196e-09,9.670680991359651e-07,4.616693762239125e-09,1.543190675593314e-10,3.132822810577079e-06,0.00011484037702432581,0.0034815885380841084,2.2890329663260268e-07,0.0007567204559358785,2.5105538135979694e-10,5.668618458376603e-10,2.985390265720959e-07,9.774741074068926e-08,4.698645838812615e-07,0.0016791353695434148,0.020803351793062815,5.952574887507528e-07,0.0022998583193924406,4.014061045066004e-09,0.00018174033281604708,1.1838747632262101e-07,1.4588764351149912e-06,3.0831269177968455e-10,1.3556826210567723e-10,1.2457231726884671e-05,5.530223205154138e-08,3.0975057066340256e-11,1.0243395467086041e-11,2.6684113522384863e-11
8.739340574875572e-06,0.16628943999999996,0.8585084662769803,0.0,0.0,0.423242985942151,0.05066281205546082,0.001677249312985107,9.139579709257455e-06,0.002276827663624258,0.12022220658971562,0.03998693562479912,2.0953306250401135e-05,1.4192793124440976e-09,0.0013544790771822153,8.031169654620345e-11,0.0006352507294201301,6.501350536541656e-09,9.645999384671533e-07,4.618577738197771e-09,1.5427215664919585e-10,3.126616873437512e-06,0.00011525896933856132,0.0034786985805817503,2.2805799124847053e-07,0.000756911312669309,2.5032288931981876e-10,5.651848179914086e-10,2.9918197026164473e-07,9.769970389024783e-08,4.707952647053816e-07,0.0016819206874330527,0.020831163087855643,5.95353108028931e-07,0.002301226030197507,4.011851251016613e-09,0.00018240277586283168,1.1840682098220092e-07,1.4554974628578688e-06,3.08461351363406e-10,1.3553453996823997e-10,1.2501781101772719e-05,5.5244530042620526e-08,3.1085808156787254e-11,1.0216544648584731e-11,2.668166150370285e-11
8.748130823207774e-06,0.16628943999999996,0.8585084662769803,0.0,0.0,0.42321369705372,0.05062427990153276,0.0016730930624487448,9.13944396188744e-06,0.002275873818363184,0.12030187527036286,0.039996215039351,2.093291020238122e-05,1.4214223770444612e-09,0.0013538276499095473,8.051807959098409e-11,0.0006353621665802764,6.521401516097564e-09,9.621393283309495e-07,4.6204584628998964e-09,1.5422518495175043e-10,3.120426206885699e-06,0.00011567904579092074,0.0034758114307292015,2.2721663486163332e-07,0.0007571018530158459,2.4959344943742617e-10,5.635131326225622e-10,2.9982519555741104e-07,9.765201622192925e-08,4.7172596074082075e-07,0.0016847049850214962,0.020858952733635156,5.954484161392448e-07,0.0023025921402029716,4.009644287361144e-09,0.00018306756762274,1.1842610285785996e-07,1.452126483270701e-06,3.086097505241372e-10,1.355007927603079e-10,1.2546486503361719e-05,5.5186930886356115e-08,3.119694545470961e-11,1.018977793713029e-11,2.667921175781687e-11
8.756921071539977e-06,0.16628943999999996,0.8585084662769803,0.0,0.0,0.42318442983023574,0.050585780691278524,0.0016689476448863462,9.139308155610036e-06,0.0022749201723988493,0.12038146528473885,0.040005472554464426,2.0912549183445192e-05,1.4235647778403718e-09,0.001353177017417615,8.07252463025548e-11,0.0006354734537640318,6.54153064196063e-09,9.596862432966962e-07,4.622335942493694e-09,1.541781528491769e-10,3.1142507702474394e-06,0.00011610060930540773,0.0034729270863211896,2.263792053160082e-07,0.0007572920776007171,2.488670460970981e-10,5.618467712996821e-10,3.004687000872553e-07,9.760434776579261e-08,4.726566690985049e-07,0.0016874882555424921,0.02088672069075865,5.955434141084946e-07,0.002303956651005519,4.007440149658121e-09,0.00018373471272293166,1.1844532215596868e-07,1.4487634774228354e-06,3.0875788975272856e-10,1.3546702070848527e-10,1.259134822806868e-05,5.512943435172751e-08,3.130846968614994e-11,1.0163095043942813e-11,2.6676764282989294e-11
8.76571131987218e-06,0.16628943999999996,0.8585084662769803,0.0,0.0,0.4231551843176385,0.05054731439975195,0.0016648130303895375,9.139172290765972e-06,0.0022739667263848556,0.12046097667457355,0.04001470822940746,2.0892223114262108e-05,1.4257065112816936e-09,0.001352527178333428,8.093319769087107e-11,0.000635584591159503,6.561738074603855e-09,9.572406580237659e-07,4.6242101831132655e-09,1.54131060722046e-10,3.1080905229591484e-06,0.0001165236628010189,0.0034700455451517932,2.2554568060203428e-07,0.000757481987048001,2.481436636759822e-10,5.601857156707277e-10,3.0111248148034797e-07,9.755669855240536e-08,4.73587386893924e-07,0.0016902704922472109,0.020914466919751323,5.956381029592643e-07,0.0023053195642007748,4.005238833492005e-09,0.00018440421578280449,1.184644790825118e-07,1.4454084264252576e-06,3.089057695410063e-10,1.3543322403809065e-10,1.2636366571753133e-05,5.5072040208175563e-08,3.142038157587969e-11,1.0136495681259706e-11,2.6674319077588232e-11
8.774501568204383e-06,0.16628943999999996,0.8585084662769803,0.0,0.0,0.4231259605616874,0.05050888100201909,0.0016606891891366967,9.13903636769407e-06,0.002273013480972026,0.12054040948159477,0.04002392212327704,2.0871931915657575e-05,1.4278475738304314e-09,0.0013518781312849629,8.114193476193317e-11,0.0006356955789544157,6.582023974287303e-09,9.548025472612349e-07,4.626081190881134e-09,1.540839089493235e-10,3.1019454245675696e-06,0.00011694820919177265,0.0034671668050144464,2.2471603885539135e-07,0.000757671581980299,2.4742328664618766e-10,5.585299474513294e-10,3.017565373672161e-07,9.750906861215641e-08,4.745181112467277e-07,0.0016930516884036465,0.02094219138130652,5.957324837110869e-07,0.0023066808813833003,4.003040334449843e-09,0.0001850760814138878,1.184835738428662e-07,1.4420613114305245e-06,3.090533903799636e-10,1.3539940297318765e-10,1.2681541829714235e-05,5.501474822558872e-08,3.1532681847270545e-11,1.0109979562350846e-11,2.66718761400102e-11
8.783291816536586e-06,0.16628943999999996,0.8585084662769803,0.0,0.0,0.42309675860795987,0.05047048047315822,0.0016565760913926943,9.138900386731303e-06,0.0022720604368084148,0.12061976374752827,0.040033114294999526,2.085167550861352e-05,1.429987961960708e-09,0.0013512298749011648,8.135145851777236e-11,0.0006358064173361148,6.602388501055109e-09,9.523718858475538e-07,4.627948971906702e-09,1.5403669790837598e-10,3.0958154347294927e-06,0.00011737425138668515,0.0034642908637019503,2.2389025835597987e-07,0.0007578608630187616,2.4670589957668955e-10,5.568794484240492e-10,3.024008653796799e-07,9.746145797524832e-08,4.7544883928077724e-07,0.0016958318372966303,0.020969894036285346,5.958265573804579e-07,0.002308040604146599,4.000844648120597e-09,0.00018575031421978888,1.1850260664179304e-07,1.4387221136327067e-06,3.0920075275982805e-10,1.3536555773659028e-10,1.2726874296687907e-05,5.4957558174304345e-08,3.164537122228781e-11,1.0083546401515448e-11,2.6669435468660066e-11
8.79208206486879e-06,0.16628943999999996,0.8585084662769803,0.0,0.0,0.42306757850185306,0.05043211278825978,0.0016524737075086374,9.138764348212767e-06,0.0022711075945393163,0.12069903951409777,0.04004228480333118,2.0831453814267992e-05,1.4321276721587405e-09,0.0013505824078119532,8.156176995643679e-11,0.0006359171064915657,6.622831814733952e-09,9.499486487102245e-07,4.629813532286118e-09,1.539894279749769e-10,3.08970051321147e-06,0.0001178017922897373,0.003461417719006477,2.2306831752676858e-07,0.0007580498307832036,2.459914871301306e-10,5.55234200438391e-10,3.0304546315118443e-07,9.741386667170204e-08,4.763795681243427e-07,0.001698610932228159,0.020997574845716026,5.959203249808424e-07,0.0023093987340831266,3.998651770095512e-09,0.00018642691879614833,1.1852157768344426e-07,1.435390814267326e-06,3.0934785717005693e-10,1.3533168854986842e-10,1.2772364266843954e-05,5.490046982511334e-08,3.1758450421483676e-11,1.0057195914077983e-11,2.6666997061960602e-11
8.800872313200992e-06,0.16628943999999996,0.8585084662769803,0.0,0.0,0.42303842028858357,0.05039377792242642,0.001648382007921613,9.138628252471717e-06,0.002270154954807274,0.1207782368230251,0.040051433706858715,2.081126675391499e-05,1.434266700922816e-09,0.001349935728648226,8.17728700719776e-11,0.0006360276466073553,6.643354074931398e-09,9.475328108654733e-07,4.631674878102891e-09,1.539420995233124e-10,3.0836006198895343e-06,0.00011823083479984587,0.003458547368719588,2.2225019493272588e-07,0.0007582384858920827,2.4528003406375067e-10,5.535941854104594e-10,3.0369032831660245e-07,9.736629473135658e-08,4.773102949100005e-07,0.0017013889665172103,0.021025233770793756,5.960137875226838e-07,0.002310755272784283,3.9964616959680345e-09,0.0001871058997305922,1.185404871713632e-07,1.4320673946112921e-06,3.0949470409935484e-10,1.3529779563335378e-10,1.281801203378321e-05,5.4843482949257123e-08,3.1871920163989906e-11,1.0030927816384521e-11,2.6664560918349562e-11
8.809662561533195e-06,0.16628943999999996,0.8585084662769803,0.0,0.0,0.42300928401318766,0.05035547585077298,0.001644300963154433,9.138492099839567e-06,0.00226920251825209,0.12085735571603053,0.040060561063999696,2.0791114249004196e-05,1.4364050447632691e-09,0.0013492898360418623,8.198475985443487e-11,0.0006361380378696948,6.663955441033977e-09,9.451243474179291e-07,4.633533015427703e-09,1.5389471292598693e-10,3.077515714748913e-06,0.00011866138181083342,0.0034556798106322346,2.2143586927971513e-07,0.0007584268289624408,2.44571525228043e-10,5.519593853227209e-10,3.043354585122761e-07,9.73187421838693e-08,4.782410167746086e-07,0.0017041659334996633,0.021052870772880393,5.961069460134114e-07,0.0023121102218404055,3.99427442133383e-09,0.00018778726160268474,1.1855933530848581e-07,1.4287518359828425e-06,3.096412940356378e-10,1.352638792061445e-10,1.2863817890534676e-05,5.478659731842561e-08,3.198578116751107e-11,1.0004741825798991e-11,2.6662127036279694e-11
8.827243058197603e-06,0.16628943999999996,0.8585084662769803,0.0,0.0,0.4229510774552639,0.05027896999052579,0.001636170720597954,9.138219625218524e-06,0.002267298257217854,0.12101535842114927,0.040078751371950105,2.0750912592085386e-05,1.440679663774738e-09,0.0013480004050336703,8.241091236012214e-11,0.0006363583745769956,6.7053961273848565e-09,9.40329444573061e-07,4.637239688819833e-09,1.5379976677689877e-10,3.065390709496831e-06,0.00011952700088508725,0.0034499530622169507,2.198185243183438e-07,0.0007588025814489589,2.4316328011358384e-10,5.487053582279927e-10,3.0562650454737544e-07,9.722369538519634e-08,4.801024343098918e-07,0.0017097166389733044,0.02110807885435881,5.9629235485623e-07,0.00231481535737366,3.989908252939165e-09,0.000189157146437482,1.1859684833906233e-07,1.4221442272879054e-06,3.0993370487699824e-10,1.3519597668990307e-10,1.2955905042714151e-05,5.467312888084438e-08,3.2214679821238603e-11,9.952615040474412e-12,2.665726605064935e-11
8.84482355486201e-06,0.16628943999999996,0.8585084662769803,0.0,0.0,0.4228929591847827,0.0502025950086796,0.0016280827457265427,9.137946926964636e-06,0.002265394816500543,0.12117304796318855,0.04009685619116066,2.071084821821574e-05,1.4449515015158667e-09,0.0013467141038621846,8.284023531307812e-11,0.0006365781180956896,6.747155144390596e-09,9.355637427685001e-07,4.640933600771588e-09,1.537045924771395e-10,3.0533251795103132e-06,0.00012039867256006982,0.003444237456076406,2.182161150670412e-07,0.0007591770931517977,2.4176663243320897e-10,5.454719763316402e-10,3.069185823777088e-07,9.712872650933933e-08,4.819637979120333e-07,0.0017152629956756114,0.021163198784365744,5.964765595087916e-07,0.0023175141533845534,3.985553229722107e-09,0.0001905366097740351,1.1863411838658865e-07,1.4155678395525869e-06,3.1022509358210153e-10,1.3512798272947584e-10,1.304862805607039e-05,5.456006269486788e-08,3.244515209549519e-11,9.90081331723172e-12,2.665241409298798e-11
8.862404051526418e-06,0.16628943999999996,0.8585084662769803,0.0,0.0,0.4228349295555846,0.0501263507065896,0.001620036805782926,9.13767400766419e-06,0.002263492201120813,0.12133042467586642,0.04011487598293622,2.0670920504577825e-05,1.449220530500619e-09,0.0013454309216181597,8.327273648783021e-11,0.000636797269902076,6.789233759004724e-09,9.308270459910968e-07,4.644614799388335e-09,1.5360919295120272e-10,3.041318808573635e-06,0.00012127641979995326,0.0034385329745172033,2.16628476136823e-07,0.0007595503689583033,2.4038146428520083e-10,5.422590978568709e-10,3.082116731493684e-07,9.703383578709215e-08,4.838250848327057e-07,0.0017208049509043646,0.02121823025976019,5.96659567922918e-07,0.002320206622557907,3.98120931653003e-09,0.0001919256879538555,1.1867114705287723e-07,1.4090225248042029e-06,3.105154640266213e-10,1.3505989903381126e-10,1.3141989253961578e-05,5.4447396950158936e-08,3.2677203679833384e-11,9.84933443124746e-12,2.664757115144511e-11
8.879984548190825e-06,0.16628943999999996,0.8585084662769803,0.0,0.0,0.42277698891865917,0.0500502368858043,0.0016120326693571752,9.13740086987513e-06,0.0022615904160563274,0.12148748889288921,0.04013281120592423,2.0631128830826106e-05,1.4534867234334515e-09,0.0013441508474084172,8.370842359342096e-11,0.0006370158314665803,6.831633234473415e-09,9.261191596115554e-07,4.6482833325723995e-09,1.535135710988325e-10,3.0293712821913244e-06,0.00012216026548457287,0.0034328395998370433,2.1505544429222312e-07,0.0007599224137341158,2.390076591988378e-10,5.390665820647444e-10,3.0950575803369565e-07,9.693902344640575e-08,4.856862723935805e-07,0.0017263424522281335,0.021273172980035414,5.968413880030285e-07,0.002322892777561699,3.9768764782476465e-09,0.00019332441718498698,1.1870793593019237e-07,1.4025081357253013e-06,3.108048200738907e-10,1.3499172729264653e-10,1.3235990950326736e-05,5.4335129843523704e-08,3.291084024031152e-11,9.798176173630222e-12,2.664273721439624e-11
8.897565044855233e-06,0.16628943999999996,0.8585084662769803,0.0,0.0,0.4227191376221567,0.049974253348065246,0.0016040701063787155,9.137127516127366e-06,0.002259689466242045,0.12164424094795666,0.04015066231613033,2.0591472579080398e-05,1.4577500532085623e-09,0.001342873870355968,8.414730427297959e-11,0.0006372338042538022,6.87435483027898e-09,9.214398903744024e-07,4.651939248023906e-09,1.5341772979520538e-10,3.017482287579267e-06,0.0001230502324084949,0.003427157314324992,2.1349685841881585e-07,0.0007602932323233792,2.376451021140737e-10,5.358942892463111e-10,3.1080081822773747e-07,9.684428971240789e-08,4.875473379866244e-07,0.0017318754474860668,0.021328026647308485,5.970220276064073e-07,0.0023255726310470954,3.972554679797578e-09,0.00019473283354053039,1.1874448660130408e-07,1.3960245256516493e-06,3.1109316557493565e-10,1.3492346917667716e-10,1.3330635449597084e-05,5.422325957889666e-08,3.3146067419277846e-11,9.747336351304662e-12,2.663791227043767e-11
8.91514554151964e-06,0.16628943999999996,0.8585084662769803,0.0,0.0,0.42266137601139686,0.04989839989530648,0.001596148888108382,9.136853948923124e-06,0.002257789356570506,0.12180068117476668,0.04016842976693407,2.0551951133919353e-05,1.4620104929091368e-09,0.0013415999796001288,8.458938610329743e-11,0.0006374511897225633,6.91739980208356e-09,9.167890463880277e-07,4.655582593241658e-09,1.533216718911123e-10,3.005651513655842e-06,0.00012394634328009033,0.003421486100261747,2.119525594912451e-07,0.0007606628295488496,2.362936793614012e-10,5.32742080714809e-10,3.120968349548193e-07,9.67496348074222e-08,4.89408259074463e-07,0.0017374038847877494,0.021382790966309746,5.972014945434683e-07,0.002328246195648456,3.968243886140895e-09,0.00019615097295717736,1.1878080063954168e-07,1.3895715485702043e-06,3.113805043684792e-10,1.3485512633772604e-10,1.342592504660803e-05,5.41117843673236e-08,3.3382890835155797e-11,9.696812786896292e-12,2.6633096308381462e-11
8.932726038184048e-06,0.16628943999999996,0.8585084662769803,0.0,0.0,0.4226037044288804,0.049822676329654134,0.0015882687871305158,9.13658017073727e-06,0.002255890091892109,0.12195680990702011,0.040186114009104476,2.0512563882373926e-05,1.4662680158065978e-09,0.001340329164296641,8.50346765944075e-11,0.0006376679893259555,6.960769401673102e-09,9.121664371148053e-07,4.659213415523952e-09,1.5322540021313847e-10,2.9938786510331037e-06,0.0001248486207206136,0.0034158259399199027,2.1042239054184974e-07,0.0007610312102120211,2.349532786421782e-10,5.2960981879792e-10,3.133937894648894e-07,9.66550589509872e-08,4.912690131905528e-07,0.0017429277125127949,0.02143746564437266,5.973797965780197e-07,0.002330913483983343,3.963944062277659e-09,0.0001975788712337534,1.1881687960884678e-07,1.3831490591170885e-06,3.1166684028094053e-10,1.347867004089108e-10,1.3521862026511802e-05,5.400070242694339e-08,3.362131608223127e-11,9.646603318617158e-12,2.6628289317250513e-11
8.950306534848456e-06,0.16628943999999996,0.8585084662769803,0.0,0.0,0.42254612321429885,0.04974708245342604,0.0015804295773451118,9.136306184017636e-06,0.0022539916770153985,0.12211262747842574,0.04020371549081557,2.0473310213920885e-05,1.4705225953598518e-09,0.0013390614136177916,8.548318318916825e-11,0.000637884204511386,7.004464876901613e-09,9.075718733612879e-07,4.6628317619694005e-09,1.5312891756384232e-10,2.982163392007983e-06,0.0001257570872632883,0.0034101768155642147,2.0890619662979136e-07,0.0007613983790932291,2.336237890091639e-10,5.26497366830085e-10,3.146916630350396e-07,9.65605623598757e-08,4.93129577939504e-07,0.0017484468793106498,0.021492050391423472,5.975569414275293e-07,0.0023335745086525443,3.9596551732474864e-09,0.00019901656402976988,1.1885272506382698e-07,1.3767569125755433e-06,3.1195217712643916e-10,1.347181930048109e-10,1.361844866469077e-05,5.389001198297105e-08,3.38613487304416e-11,9.596705800152445e-12,2.662349128627374e-11
8.967887031512863e-06,0.16628943999999996,0.8585084662769803,0.0,0.0,0.42248863270454473,0.04967161806913129,0.0015726310339600066,9.136031991185341e-06,0.002252094116707342,0.12226813422270504,0.040221234657661684,2.0434189520476272e-05,1.4747742052145424e-09,0.0013377967167525256,8.593491326285132e-11,0.0006380998367206254,7.048487471635681e-09,9.030051672684796e-07,4.66643767947777e-09,1.5303222672193366e-10,2.97050543055354e-06,0.00012667176535239815,0.0034045387094518626,2.0740382481074282e-07,0.0007617643409517956,2.323051008474617e-10,5.234045891448773e-10,3.159904369699477e-07,9.646614524811359e-08,4.949899309973392e-07,0.0017539613341003134,0.021546544919971027,5.977329367633829e-07,0.0023362292822400855,3.95537718413006e-09,0.00020046408686398627,1.1888833854980784e-07,1.3703949648738858e-06,3.1223651870680626e-10,1.3464960572163184e-10,1.3715687226671452e-05,5.377971126768038e-08,3.4102994325165914e-11,9.547118100547858e-12,2.661870220488122e-11
8.985467528177271e-06,0.16628943999999996,0.8585084662769803,0.0,0.0,0.42243123323372184,0.04959628297946991,0.0015648729334831184,9.135757594635102e-06,0.0022501974156936056,0.12242333047359676,0.04023867195267279,2.0395201196388912e-05,1.479022819202297e-09,0.0013365350629065671,8.638987412273357e-11,0.0006383148873898523,7.092838425699285e-09,8.984661323021865e-07,4.670031214750792e-09,1.5293533044245025e-10,2.9589044623102466e-06,0.00012759267734238408,0.003398911603832706,2.0591512410706753e-07,0.000762129100526133,2.3099710585571313e-10,5.203313510674349e-10,3.172900926023272e-07,9.637180782699857e-08,4.968500501117561e-07,0.0017594710260700707,0.021600948945096628,5.979077902111465e-07,0.0023388778173132406,3.951110060045692e-09,0.0002019214751129808,1.1892372160288569e-07,1.3640630725834529e-06,3.125198688115872e-10,1.3458094013736992e-10,1.3813579968039258e-05,5.366979852038653e-08,3.434625838701763e-11,9.497838104097978e-12,2.6613922062699613e-11
9.003048024841679e-06,0.16628943999999996,0.8585084662769803,0.0,0.0,0.422373925133155,0.04952107698733236,0.0015571550537147277,9.135482996735541e-06,0.002248301578658827,0.1225782165648619,0.040256027816329754,2.0356344638433893e-05,1.4832684113399773e-09,0.001335276441302532,8.684807300769329e-11,0.0006385293579496995,7.137518974818888e-09,8.939545832434375e-07,4.673612414293009e-09,1.528382314569335e-10,2.947360184577301e-06,0.00012851984549694766,0.003393295480949551,2.044399454785364e-07,0.0007624926625338721,2.2969969702764752e-10,5.172775189069481e-10,3.1859061129336726e-07,9.62775503051189e-08,4.987099131023772e-07,0.0017649759046771932,0.021655262184443934,5.980815093508243e-07,0.002341520126422551,3.946853766155825e-09,0.00020338876400973185,1.189588757499797e-07,1.357761092916541e-06,3.128022312180505e-10,1.345121978119743e-10,1.3912129134353848e-05,5.356027198742842e-08,3.4591146411638266e-11,9.44886371023535e-12,2.660915084954745e-11
9.020628521506086e-06,0.16628943999999996,0.8585084662769803,0.0,0.0,0.42231670873140065,0.049445999895799154,0.0015494771737398034,9.135208199829513e-06,0.0022464066102468937,0.12273279283028818,0.04027330268657937,2.0317619245806097e-05,1.487510955828931e-09,0.0013340208411800464,8.730951708781067e-11,0.0006387432498252992,7.1825303505688105e-09,8.894703361789826e-07,4.677181324412585e-09,1.5274093247360262e-10,2.93587229630399e-06,0.00012945329198816013,0.003387690323038396,2.0297814179351406e-07,0.0007628550316719721,2.2841276863388056e-10,5.142429599492073e-10,3.198919744331988e-07,9.618337288837199e-08,5.005694978610308e-07,0.0017704759196477046,0.02170948435820895,5.982541017171165e-07,0.0023441562221018365,3.942608267663579e-09,0.00020486598864220777,1.1899380250888363e-07,1.351488883724339e-06,3.130836096911937e-10,1.344433802875091e-10,1.4011336961065216e-05,5.345112992215137e-08,3.4837663869493196e-11,9.400192833420518e-12,2.6604388555430727e-11
9.038209018170494e-06,0.16628943999999996,0.8585084662769803,0.0,0.0,0.4222595843542562,0.049371051508140536,0.001541839073920376,9.13493320623438e-06,0.002244512515061213,0.12288705960369477,0.04029049699884949,2.0279024420113674e-05,1.491750427054243e-09,0.0013327682517958568,8.777421346397218e-11,0.0006389565644363283,7.227873780316896e-09,8.850132084918593e-07,4.680737991222138e-09,1.5264343617752852e-10,2.924440498081068e-06,0.00013039303889557775,0.0033820961123286904,2.0152956780066832e-07,0.0007632162126168483,2.2713621620406563e-10,5.112275424492034e-10,3.211941634413207e-07,9.608927577998292e-08,5.024287823519869e-07,0.0017759710209760702,0.021763615189130045,5.984255747996748e-07,0.0023467861168682135,3.9383735298142555e-09,0.0002063531839519673,1.1902850338831762e-07,1.345246303494854e-06,3.1336400798375415e-10,1.3437448908831337e-10,1.4111205673430463e-05,5.334237058488959e-08,3.5085816205668986e-11,9.35182340303276e-12,2.6599635170538395e-11
9.055789514834901e-06,0.16628943999999996,0.8585084662769803,0.0,0.0,0.4222025523247702,0.049296231627816045,0.0015342405358879498,9.134658018242331e-06,0.0022426192976649794,0.12304101721893698,0.040307611186063894,2.024055956537156e-05,1.4959867995839874e-09,0.0013315186624239487,8.824216916747944e-11,0.0006391693031970512,7.2735504871704685e-09,8.805830188520362e-07,4.684282460639553e-09,1.5254574523080552e-10,2.9130644921321956e-06,0.0001313391082053636,0.0033765128310435885,2.0009408010112082e-07,0.0007635762100244769,2.2586993650927572e-10,5.082311356237879e-10,3.224971597670465e-07,9.599525918052247e-08,5.042877446122206e-07,0.0017814611589249355,0.021817654402477977,5.985959360433561e-07,0.002349409823222106,3.934149517895862e-09,0.0002078503847327691,1.190629798879792e-07,1.3390332113508316e-06,3.136434298362144e-10,1.3430552572116038e-10,1.4211737486431255e-05,5.3233992242948534e-08,3.53356088396726e-11,9.30375336326177e-12,2.6594890685238004e-11
9.073370011499309e-06,0.16628943999999996,0.8585084662769803,0.0,0.0,0.42214561296325237,0.04922154005847413,0.001526681342535966,9.13438263812067e-06,0.002240726962581442,0.1231946660099107,0.04032464567865718,2.0202224087995014e-05,1.5002200481684817e-09,0.0013302720623556577,8.871339115966214e-11,0.0006393814675163651,7.319561689922587e-09,8.761795872071236e-07,4.687814778388806e-09,1.5244786227272286e-10,2.901743982305392e-06,0.00013229152180941492,0.003370940461400196,1.9867153712111505e-07,0.0007639350285305196,2.2461382754472858e-10,5.052536096443875e-10,3.238009448899407e-07,9.590132328792558e-08,5.061463627516542e-07,0.0017869462840248336,0.021871601726046134,5.987651928484775e-07,0.002352027353647263,3.929936197239623e-09,0.00020935762562919154,1.1909723349859431e-07,1.3328494670476729e-06,3.139218789768138e-10,1.342364916754156e-10,1.4312934604692008e-05,5.312599317058735e-08,3.558704716523219e-11,9.255980673000064e-12,2.6590155090071456e-11
9.090950508163717e-06,0.16628943999999996,0.8585084662769803,0.0,0.0,0.42208876658728345,0.049146976603951814,0.0015191612780123072,9.134107068112102e-06,0.002238835514294175,0.12334800631055705,0.040341600904589534,2.01640173967931e-05,1.504450147739538e-09,0.0013290284408997832,8.918788633149537e-11,0.0006395930587978434,7.365908602998605e-09,8.718027347731588e-07,4.691334990000789e-09,1.5234978991993423e-10,2.8904786740645376e-06,0.00013325030150449738,0.003365378985609825,1.9726179908509113e-07,0.0007642926727504314,2.2336778851272955e-10,5.022948356297746e-10,3.2510550032025523e-07,9.580746829750966e-08,5.08004614953415e-07,0.0017924263470739167,0.021925456890140582,5.989333525710662e-07,0.002354638720610773,3.925733533220491e-09,0.00021087494113526198,1.1913126570196833e-07,1.326694930971341e-06,3.1419935912155684e-10,1.3416738842319362e-10,1.4414799222398751e-05,5.3018371649001324e-08,3.5840136550099745e-11,9.208503305736263e-12,2.6585428375750806e-11
9.108531004828124e-06,0.16628943999999996,0.8585084662769803,0.0,0.0,0.42203201351172454,0.049072541068274265,0.0015116801277118431,9.13383131043503e-06,0.0022369449572473394,0.12350103845486682,0.04035847728936142,2.0125938902962255e-05,1.5086770734097193e-09,0.001327787787382699,8.966566150322088e-11,0.0006398040784397787,7.412592436403008e-09,8.674522840254574e-07,4.694843140814126e-09,1.5225153076662725e-10,2.879268274480909e-06,0.00013421546899138506,0.0033598283858782343,1.958647279892822e-07,0.0007646491472795789,2.2213171980595767e-10,4.993546856388909e-10,3.264108075993561e-07,9.571369440199208e-08,5.098624794740651e-07,0.001797901299137651,0.021979219627570414,5.991004225231111e-07,0.0023572439365630786,3.921541491257635e-09,0.00021240236559309623,1.1916507797103615e-07,1.3205694641362655e-06,3.144758739742239e-10,1.3409821741951342e-10,1.4517333523218712e-05,5.291112596630413e-08,3.609488233585539e-11,9.161319249449097e-12,2.6580710533154055e-11
9.126111501492532e-06,0.16628943999999996,0.8585084662769803,0.0,0.0,0.4219753540487275,0.048998233255654486,0.001504237678269023,9.133555367283825e-06,0.002235055295845943,0.12365376277688495,0.04037527525602815,2.00879880200798e-05,1.5129008004715948e-09,0.0013265500911484663,9.014672342397289e-11,0.0006400145278352246,7.459614395666581e-09,8.631280586895365e-07,4.698339275975972e-09,1.5215308738469075e-10,2.8681124922247442e-06,0.00013518704587400722,0.0033542886444058798,1.9448018757566632e-07,0.0007650044566933475,2.2090552299093782e-10,4.964330326637281e-10,3.2771684830015457e-07,9.562000179150845e-08,5.117199346438555e-07,0.0018033710915485476,0.022032889673637958,5.992664099728104e-07,0.00235984301393799,3.91736003681496e-09,0.00021393993319154808,1.1919867176991252e-07,1.314472928183246e-06,3.147514272263798e-10,1.3402898010245328e-10,1.462053968022059e-05,5.2804254417510344e-08,3.635128983771358e-11,9.11442650650226e-12,2.6576001553321192e-11
9.14369199815694e-06,0.16628943999999996,0.8585084662769803,0.0,0.0,0.421918788507744,0.04892405297049292,0.00149683371755051,9.13327924082912e-06,0.002233166534456103,0.12380617961071502,0.040391995225214465,2.005016416409747e-05,1.5171213043969938e-09,0.001325315341558944,9.063107877140807e-11,0.0006402244083720401,7.506975681793887e-09,8.588298837321034e-07,4.701823440442856e-09,1.5205446232388196e-10,2.857011037556851e-06,0.000136165053658601,0.0033487597433881533,1.9310804330647588e-07,0.0007653586055472592,2.1968910079188054e-10,4.935297506222616e-10,3.2902360402753367e-07,9.552639065363016e-08,5.135769588669532e-07,0.0018088356759058547,0.022086466766129163,5.994313221448212e-07,0.002362435965152704,3.913189135401586e-09,0.00021548767796486854,1.192320485539419e-07,1.3084051853773397e-06,3.150260225573886e-10,1.3395967789330425e-10,1.4724419855795569e-05,5.269775530451755e-08,3.660936434433081e-11,9.067823093540014e-12,2.6571301427450147e-11
9.161272494821347e-06,0.16628943999999996,0.8585084662769803,0.0,0.0,0.4218623171955358,0.0488500000173771,0.0014894680346478604,9.133002933218071e-06,0.002231278677405307,0.1239582892905236,0.04040863761512888,2.0012466753334968e-05,1.521338560836265e-09,0.0013240835279938986,9.111873415133964e-11,0.0006404337214329295,7.554677491211018e-09,8.545575853521181e-07,4.7052956789814736e-09,1.5195565811199183e-10,2.8459636223202474e-06,0.00013714951375287088,0.0033432416650156327,1.9174816233896557e-07,0.0007657115983770763,2.1848235707464557e-10,4.90644714351438e-10,3.303310564187668e-07,9.54328611733822e-08,5.154335306216879e-07,0.001814295004075287,0.022139950645303944,5.995951662205037e-07,0.0023650228026078158,3.909028752572346e-09,0.00021704563379137555,1.1926520976974815e-07,1.3023660986057563e-06,3.152996636344206e-10,1.3389031219672163e-10,1.4828976201579018e-05,5.2591626936088706e-08,3.686911111761543e-11,9.021507041383593e-12,2.6566610146892907e-11
9.19643348815016e-06,0.16628943999999996,0.8585084662769803,0.0,0.0,0.4217496584710968,0.04870227532656628,0.0014748506647373095,9.132449782999847e-06,0.0022275056934391744,0.12426158852508368,0.04044169131798095,1.993744895254943e-05,1.5297632347459622e-09,0.0013216286665464992,9.210397107057436e-11,0.0006408506506322298,7.651107442416536e-09,8.460899292285664e-07,4.712204556396388e-09,1.517575222372844e-10,2.8240297653742156e-06,0.00013913787600361102,0.00333223790494584,1.8906466726576926e-07,0.0007664141340093609,2.1609752616375518e-10,4.849288830226949e-10,3.329479779063717e-07,9.524604791324953e-08,5.191452310115424e-07,0.0018251977006438567,0.022246637737056693,5.999196785933066e-07,0.002370178185758697,3.900739405117051e-09,0.00022019231332967064,1.1933089123987759e-07,1.2903733478124689e-06,3.158440976343488e-10,1.3375139587760636e-10,1.5040125956070914e-05,5.23804757021952e-08,3.739364237695353e-11,8.929729213043446e-12,2.6557254087874865e-11
9.228078382146092e-06,0.16628943999999996,0.8585084662769803,0.0,0.0,0.42164859090420104,0.04856975662387353,0.0014618238509370466,9.131951349318037e-06,0.0022241131433406378,0.12453351072323657,0.040471178475941255,1.9870359587332303e-05,1.5373340942152666e-09,0.0013194292262758802,9.300203519490578e-11,0.0006412239599111718,7.73907089512984e-09,8.385558179574729e-07,4.718382204636655e-09,1.5157861216820003e-10,2.8044712502882403e-06,0.00014094968164370957,0.003322371355575243,1.8669016335366865e-07,0.0007670425075781628,2.1398333715953078e-10,4.798457982970722e-10,3.353054062987283e-07,9.507819705287628e-08,5.22483999541651e-07,0.0018349916739548698,0.022342334774695917,6.002081580049562e-07,0.002374797245600059,3.893314621364088e-09,0.0002230595833442312,1.1938928165538804e-07,1.2796765128837469e-06,3.1633086122554965e-10,1.3362616781960733e-10,1.5232494599487256e-05,5.2191690711546555e-08,3.787149189554172e-11,8.848092473337e-12,2.6548863801994017e-11
9.259723276142024e-06,0.16628943999999996,0.8585084662769803,0.0,0.0,0.42154783328734136,0.048437647446469057,0.0014489178324313774,9.131452361037923e-06,0.002220723588863031,0.12480444294265498,0.0405004206721141,1.9803670965883453e-05,1.5448940612246631e-09,0.0013172391343886985,9.391089083672796e-11,0.000641595451840745,7.828156035405437e-09,8.311028992330289e-07,4.724521900490396e-09,1.5139915997512768e-10,2.7850834129818795e-06,0.00014278272110877097,0.0033125395944078448,1.843534014733727e-07,0.0007676672052776299,2.1189906190581088e-10,4.748199246043903e-10,3.37664807829429e-07,9.491061352618824e-08,5.258209707828478e-07,0.0018447678807798015,0.022437725873781355,6.004932865158817e-07,0.0023793966889572105,3.885923384272655e-09,0.00022596045678121294,1.1944699573435166e-07,1.2690704193400168e-06,3.1681458950976923e-10,1.335007551630609e-10,1.542708699688734e-05,5.200408094307473e-08,3.8354840149037045e-11,8.767356795146844e-12,2.654050204707671e-11
9.291368170137956e-06,0.16628943999999996,0.8585084662769803,0.0,0.0,0.4214473873135296,0.048305946661427304,0.0014361314225428638,9.130952829868072e-06,0.002217337053880923,0.1250743871350427,0.040529420259997354,1.9737379780616597e-05,1.5524430001243348e-09,0.001315058329609558,9.483057387676059e-11,0.0006419651343039305,7.918369668483642e-09,8.237302028494714e-07,4.73062389827971e-09,1.5121917962732524e-10,2.7658646290450825e-06,0.0001446371155773063,0.003302742517436065,1.8205366501605387e-07,0.0007682882528602406,2.0984417901849745e-10,4.698505643174445e-10,3.400260766329036e-07,9.474329832246096e-08,5.291560219320577e-07,0.0018545260499947085,0.02253280960771508,6.007751044742122e-07,0.0023839765875521618,3.878565494674435e-09,0.00022889512540907,1.1950404160459105e-07,1.2585542897559335e-06,3.1729530343477643e-10,1.3337516551806718e-10,1.5623915297640455e-05,5.181763677938286e-08,3.884371683327528e-11,8.687511193459965e-12,2.6532168777766383e-11
9.323013064133888e-06,0.16628943999999996,0.8585084662769803,0.0,0.0,0.42134725464828976,0.048174653137759954,0.0014234634468830638,9.130452767291426e-06,0.0022139535618834263,0.12534334525310253,0.04055817956884678,1.967148274829052e-05,1.5599807770795398e-09,0.0013128867508596176,9.576111941385465e-11,0.000642333015132829,8.00971854748682e-09,8.164367708462191e-07,4.736688450398212e-09,1.510386848763048e-10,2.746813290022694e-06,0.00014651298512866287,0.0032929800206204364,1.7979025330094333e-07,0.0007689056758795825,2.0781817790958632e-10,4.6493702891476877e-10,3.4238910721630524e-07,9.457625240560922e-08,5.324890309824886e-07,0.0018642659132487936,0.022627584575119757,6.010536517927479e-07,0.0023885370129338667,3.871240753918677e-09,0.00023186377925677796,1.1956042730624707e-07,1.2481273530675951e-06,3.1777302382140723e-10,1.3324940633185453e-10,1.582299153221107e-05,5.163234867372328e-08,3.933815134873367e-11,8.608544824083068e-12,2.6523863950034314e-11
9.35465795812982e-06,0.16628943999999996,0.8585084662769803,0.0,0.0,0.421247436929833,0.048043765746410075,0.0014109127432212789,9.129952184569898e-06,0.0022105731359788067,0.12561131925061372,0.04058670090393476,1.9605976609888143e-05,1.567507260056743e-09,0.0013107243372585658,9.670256175881134e-11,0.0006426991021093922,8.102209372487643e-09,8.092216573498596e-07,4.742715807326097e-09,1.5085768925878445e-10,2.727927803262521e-06,0.0001484104487282534,0.0032832519998938943,1.7756248116670223e-07,0.0007695194996923108,2.0582055852602534e-10,4.6007863885685006e-10,3.4475379446699633e-07,9.440947671450243e-08,5.358198767275702e-07,0.001873987204958473,0.022722049399665056,6.013289679533806e-07,0.0023930780364785076,3.8639489638807294e-09,0.00023486660659045587,1.1961616079267059e-07,1.237788844532109e-06,3.1824777136384527e-10,1.3312348489147193e-10,1.602432761080245e-05,5.144820714965922e-08,3.983817279723747e-11,8.530446981810015e-12,2.6515587521116388e-11
9.386302852125752e-06,0.16628943999999996,0.8585084662769803,0.0,0.0,0.42114793576923126,0.04791328336024642,0.0013984781613547112,9.12945109274891e-06,0.002207195798899045,0.1258783110825067,0.0406149865468061,1.954085813049592e-05,1.575022318809794e-09,0.001308571028126566,9.765493442835147e-11,0.0006430634029661408,8.19584878958904e-09,8.020839284182502e-07,4.748706217645195e-09,1.5067620609960548e-10,2.7092065917646244e-06,0.00015032962421301853,0.003273558351166023,1.7536967857641914e-07,0.0007701297494600805,2.0385083109666683e-10,4.552747234643564e-10,3.4712003365991237e-07,9.424297216327613e-08,5.391484387647773e-07,0.0018836896623013433,0.022816202729895454,6.016010920114798e-07,0.0023975997293897745,3.856689926970429e-09,0.00023790379389035613,1.196712499313031e-07,1.2275380056870966e-06,3.187195666299321e-10,1.3299740832644007e-10,1.6227935322025826e-05,5.126520280072632e-08,4.034380997873008e-11,8.453207098614124e-12,2.650733944945214e-11
9.417947746121684e-06,0.16628943999999996,0.8585084662769803,0.0,0.0,0.4210487527505889,0.047783204854057765,0.0013861585629799794,9.128949502661771e-06,0.0022038215730043388,0.12614432270493786,0.040643038755531255,1.947612409918342e-05,1.5825258248661442e-09,0.001306426762986192,9.861827013923286e-11,0.0006434259253868735,8.290643390015617e-09,7.950226618866701e-07,4.754659928053882e-09,1.504942485146155e-10,2.690648094031803e-06,0.0001522706282771147,0.0032638989703272308,1.7321119023069234e-07,0.0007707364501513966,2.019085158841781e-10,4.5052462079768637e-10,3.494877204648515e-07,9.407673964164115e-08,5.424745974994746e-07,0.0018933730252102673,0.022910043239059433,6.018700626002351e-07,0.002402102162699164,3.849463446140491e-09,0.00024097552582822272,1.1972570250455392e-07,1.2173740843101036e-06,3.191884300614681e-10,1.3287118361137032e-10,1.6433826331594506e-05,5.108332629009362e-08,4.08550913881049e-11,8.376814741863453e-12,2.6499119694625738e-11
9.449592640117616e-06,0.16628943999999996,0.8585084662769803,0.0,0.0,0.42094988943121375,0.047653529104547405,0.001373952821566022,9.128447424934001e-06,0.002200450480287561,0.12640935607536163,0.0406708597649567,1.9411771328883175e-05,1.5900176515131083e-09,0.0013042914815643287,9.959260080251918e-11,0.0006437866770073629,8.386599709217236e-09,7.880369472160287e-07,4.760577183381917e-09,1.503118294135167e-10,2.672250763921291e-06,0.00015423357645784227,0.003254273753252878,1.7108637519390957e-07,0.0007713396265434903,1.9999314294532223e-10,4.458276775381354e-10,3.5185675095366946e-07,9.391078001518874e-08,5.457982341485757e-07,0.0019030370363672217,0.02300356962494015,6.021359179349384e-07,0.0024065854072662565,3.8422693248946304e-09,0.00024408198524502087,1.1977952621066528e-07,1.2072963343779585e-06,3.1965438197452365e-10,1.3274481756855014e-10,1.664201218104371e-05,5.0902568350224305e-08,4.137204521209989e-11,8.301259612559639e-12,2.6490928217308715e-11
9.481237534113548e-06,0.16628943999999996,0.8585084662769803,0.0,0.0,0.42085134734178664,0.0475242549903281,0.0013618598222283453,9.127944869987531e-06,0.0021970825423786584,0.1266734131526027,0.04069845178695274,1.9347796656270784e-05,1.5974976737841735e-09,0.0013021651237940567,1.00577957517998e-10,0.0006441456654160382,8.483724225984456e-09,7.811258853430712e-07,4.76645822660529e-09,1.5012896150268029e-10,2.6540130704976413e-06,0.000156218583121811,0.003244682595807363,1.689946065321965e-07,0.0007719393032241816,1.9810425189792053e-10,4.411832488711437e-10,3.542270216073389e-07,9.374509412569205e-08,5.49119230744075e-07,0.0019126814411970397,0.023096780609687628,6.023986958172444e-07,0.002411049533778991,3.835107367295525e-09,0.00024722335312903494,1.198327286645654e-07,1.197304016026087e-06,3.201174425597883e-10,1.3261831687048924e-10,1.685250428647572e-05,5.072291978253576e-08,4.189469932625549e-11,8.226531543600446e-12,2.6482764979204158e-11
9.51288242810948e-06,0.16628943999999996,0.8585084662769803,0.0,0.0,0.42075312798652986,0.04739538139191663,0.001349878461604608,9.127441848044803e-06,0.0021937177805490056,0.12693649589692527,0.04072581701065876,1.928419694164535e-05,1.6049657684453532e-09,0.001300047629816515,1.0157437056874869e-10,0.0006445028981546603,8.582023361576072e-09,7.742885885325429e-07,4.772303298860932e-09,1.4994565728792886e-10,2.635933497886793e-06,0.00015822576145133513,0.0032351253938481496,1.669352709593748e-07,0.0007725355045936399,1.9624139169292467e-10,4.365906983707433e-10,3.5659842932294e-07,9.357968279140515e-08,5.524374701366125e-07,0.0019223059878612644,0.02318967493965202,6.026584336393836e-07,0.0024154946127539594,3.8279773779728295e-09,0.0002503998085943491,1.198853173987209e-07,1.1873963955078007e-06,3.2057763188290754e-10,1.3249168804243358e-10,1.70653139373306e-05,5.054437145705992e-08,4.242308129193571e-11,8.152620498064329e-12,2.6474629942993275e-11
9.544527322105412e-06,0.16628943999999996,0.8585084662769803,0.0,0.0,0.4206552328433739,0.0472669071917291,0.001338007647731514,9.12693836913279e-06,0.0021903562157157036,0.12719860627010243,0.04075295760272566,1.9220969068810076e-05,1.6124218139815893e-09,0.0012979389399827399,1.025818694158601e-10,0.0006448583827189827,8.681503478858902e-09,7.675241802312728e-07,4.778112639461328e-09,1.4976192907728457e-10,2.6180105451313348e-06,0.00016025522343106956,0.0032256020432297433,1.6490776849489048e-07,0.0007731282548661812,1.9440412039425803e-10,4.3204939788542706e-10,3.5897087142056057e-07,9.34145468073585e-08,5.557528359988467e-07,0.0019319104272517644,0.023282251385218406,6.029151683883154e-07,0.0024199207145366827,3.8208791621309266e-09,0.0002536115288596985,1.199372998639765e-07,1.177572745153567e-06,3.2103496988481793e-10,1.323649374648495e-10,1.7280452295182326e-05,5.036691431210312e-08,4.295721835341107e-11,8.07951656751676e-12,2.6466523072283704e-11
9.576172216101344e-06,0.16628943999999996,0.8585084662769803,0.0,0.0,0.42055766336412365,0.04713883127407599,0.0013262462999230214,9.126434443086917e-06,0.0021869978684458356,0.12745974623548334,0.04077987570755592,1.9158109944953202e-05,1.6198656905832063e-09,0.0012958389948554802,1.036004826932986e-10,0.0006452121265594045,8.782170881460022e-09,7.608317949241663e-07,4.783886485909154e-09,1.4957778898368603e-10,2.600242726046941e-06,0.00016230707983489116,0.003216112439807627,1.6291151213132108e-07,0.0007737175780720679,1.9259200496372169e-10,4.2755872742623336e-10,3.6134424565005975e-07,9.324968694565044e-08,5.59065212828721e-07,0.0019414945129842755,0.02337450874064282,6.0316893664986e-07,0.0024243279093018803,3.813812525556444e-09,0.00025685868922769613,1.1998868343038122e-07,1.167832343330264e-06,3.2148947638213255e-10,1.3223807137586785e-10,1.7497930392560593e-05,5.019053935390538e-08,4.349713743500552e-11,8.007209970339627e-12,2.6458444331558157e-11
9.607817110097276e-06,0.16628943999999996,0.8585084662769803,0.0,0.0,0.42046042097462305,0.04701115252515747,0.0013145933486498431,9.12593007955489e-06,0.002183642758960666,0.127719917758059,0.04080657344754099,1.909561650052919e-05,1.6272972801324118e-09,0.0012937477352109935,1.0463023820292727e-10,0.0006455641370816084,8.884031812931356e-09,7.542105779920706e-07,4.789625073911779e-09,1.4939324892767202e-10,2.5826285690799928e-06,0.00016438144021301118,0.003206656479442141,1.609459275105583e-07,0.0007743034980591801,1.9080462105166534e-10,4.2311807505592717e-10,3.637184501977623e-07,9.308510395573683e-08,5.62374485952738e-07,0.0019510580013920047,0.023466445823889466,6.034197746127942e-07,0.0024287162670537507,3.806777274625917e-09,0.00026014146306445064,1.2003947538801574e-07,1.1581744744004284e-06,3.2194117106751305e-10,1.3211109587369687e-10,1.771775913179843e-05,5.00152376563001e-08,4.4042865138307574e-11,7.93569105008173e-12,2.6450393686126214e-11
9.639462004093208e-06,0.16628943999999996,0.8585084662769803,0.0,0.0,0.420363507074919,0.04688386983305894,0.0013030477354202328,9.125425288000446e-06,0.002180290907139801,0.12797912280452714,0.040833052923296184,1.9033485689140235e-05,1.634716466189855e-09,0.0012916651020408161,1.0567116290967639e-10,0.0006459144216471927,8.987092455926935e-09,7.476596855714938e-07,4.795328637395628e-09,1.4920832064003398e-10,2.565166617166374e-06,0.0001664784128793342,0.0031972340580023167,1.590104526099974e-07,0.0007748860384947412,1.8904155279441347e-10,4.1872683677933904e-10,3.660933836930387e-07,9.292079856471701e-08,5.656805415290299e-07,0.0019606006515189797,0.023558061476469206,6.036677180728708e-07,0.0024330858576262406,3.7997732163131736e-09,0.0002634600217795647,1.2008968294780917e-07,1.1485984286815059e-06,3.223900735100236e-10,1.3198401691900835e-10,1.7939949283905472e-05,4.9841000360373856e-08,4.459442773944346e-11,7.864950273829844e-12,2.644237110207767e-11
9.67110689808914e-06,0.16628943999999996,0.8585084662769803,0.0,0.0,0.4202669230394235,0.04675698208774669,0.001291608412662041,9.124920077707004e-06,0.0021769423325252936,0.12823736334335556,0.04085931621389315,1.8971714487417976e-05,1.6421231339812343e-09,0.0012895910365535125,1.0672328293686501e-10,0.0006462629875742897,9.091358931393184e-09,7.411782844161422e-07,4.800997408520607e-09,1.4902301566443612e-10,2.547855427591435e-06,0.00016859810489906985,0.0031878450713696675,1.5710453743719695e-07,0.0007754652228670524,1.8730239261571067e-10,4.1438441643610656e-10,3.684689452148052e-07,9.275677147761589e-08,5.689832665503981e-07,0.001970122225113441,0.023649354563279254,6.03912802436831e-07,0.002437436750683318,3.792800158196423e-09,0.0002668145348065112,1.2013931324233788e-07,1.1391035024051293e-06,3.2283620315554563e-10,1.3185684033728484e-10,1.8164511487467236e-05,4.9667818674125054e-08,4.5151851186414886e-11,7.794978230602368e-12,2.643437654623522e-11
9.702751792085072e-06,0.16628943999999996,0.8585084662769803,0.0,0.0,0.42017067021707594,0.04663048818106356,0.0012802743436060276,9.124414457781249e-06,0.0021735970543257078,0.1284946413448435,0.040885365377089665,1.8910299894905577e-05,1.6495171703839606e-09,0.001287525480176404,1.0778662356167392e-10,0.0006466098421381756,9.196837297771649e-09,7.347655517602494e-07,4.80663161769439e-09,1.4883734536000553e-10,2.5306935718511256e-06,0.0001707406220765752,0.0031784894154419318,1.5522764373327785e-07,0.0007760410744870876,1.8558674103411813e-10,4.100902255944511e-10,3.708450342979273e-07,9.259302337766459e-08,5.722825488472915e-07,0.0019796224866211764,0.02374032397244392,6.04155062726384e-07,0.002441769015719233,3.785857908465567e-09,0.00027020516958340925,1.2018837332662895e-07,1.1296889976764115e-06,3.232795793271897e-10,1.3172957182113308e-10,1.8391456247570154e-05,4.949568387212369e-08,4.5715161096501646e-11,7.72576562976311e-12,2.6426409986110973e-11
9.734396686081004e-06,0.16628943999999996,0.8585084662769803,0.0,0.0,0.42007474993150334,0.046504387006725,0.0012690445021704185,9.123908437156636e-06,0.0021702550914201317,0.12875095878118267,0.04091120244955718,1.8849238933940072e-05,1.656898463913878e-09,0.0012854683745572666,1.0886120921077058e-10,0.0006469549925718696,9.303533550214798e-09,7.28420675183675e-07,4.812231493586518e-09,1.4865132090389007e-10,2.5136796355142914e-06,0.00017290606894344708,0.003169166986136769,1.533792446845594e-07,0.0007766136164901503,1.8389420647643857e-10,4.058436834457462e-10,3.732215509394293e-07,9.242955492657713e-08,5.755782770905419e-07,0.001989101203178556,0.023830968615156736,6.043945335820989e-07,0.002446082722058786,3.778946275929247e-09,0.0002736320915341882,1.2023687017895482e-07,1.1203542224332765e-06,3.2372022122566225e-10,1.3160221693257733e-10,1.8620793934752584e-05,4.932458729517101e-08,4.6284382753726125e-11,7.657303299454269e-12,2.641847138986447e-11
9.766041580076936e-06,0.16628943999999996,0.8585084662769803,0.0,0.0,0.4199791634811796,0.04637867746031508,0.0012579178728466941,9.123402024596799e-06,0.0021669164623621512,0.12900631762651607,0.04093682944710584,1.8788528649534945e-05,1.6642669047120384e-09,0.0012834196615660182,1.0994706345608566e-10,0.0006472984460667223,9.411453619815311e-09,7.221428524787461e-07,4.81779726314259e-09,1.4846495329378698e-10,2.4968122180861263e-06,0.00017509454874687445,0.003159877679395413,1.515588246423817e-07,0.0007771828718375347,1.8222440509456016e-10,4.016442167017267e-10,3.7559839560477803e-07,9.226636676482347e-08,5.788703407942174e-07,0.0019985581446058244,0.023921287425523304,6.046312492672947e-07,0.0024503779388575847,3.772065070021493e-09,0.0002770954640501273,1.2028481070160506e-07,1.1110984904058248e-06,3.2415814792969796e-10,1.3147478110531216e-10,1.8852534783981728e-05,4.915452034995837e-08,4.6859541106382225e-11,7.589582185051579e-12,2.641056072625911e-11
9.797686474072868e-06,0.16628943999999996,0.8585084662769803,0.0,0.0,0.41988391213958465,0.046253358439282716,0.0012468934505865997,9.1228952286989e-06,0.002163581185383776,0.12926071985699533,0.04096224836490704,1.8728166109263064e-05,1.671622384531536e-09,0.0012813792832963712,1.1104420901074163e-10,0.000647640209772995,9.520603372848032e-09,7.159312915188177e-07,4.823329151598337e-09,1.4827825335044036e-10,2.4800899328727786e-06,0.00017730616343822266,0.0031506213911862762,1.4976587885060753e-07,0.0007777488633180613,1.805769605875496e-10,3.9749125949275565e-10,3.7797546923402036e-07,9.210345951190154e-08,5.821586303183215e-07,0.002007993083400176,0.024011279360405428,6.048652436719145e-07,0.0024546547351023,3.765214100808678e-09,0.0002805954484718085,1.2033220172166644e-07,1.1019211210757536e-06,3.245933783965208e-10,1.3134726964692029e-10,1.908668889365667e-05,4.89854745087269e-08,4.7440660764630636e-11,7.522593347638964e-12,2.6402677964622647e-11
9.8293313680688e-06,0.16628943999999996,0.8585084662769803,0.0,0.0,0.4197889971553618,0.04612842884293805,0.0012359702406903616,9.122388057896896e-06,0.0021602492783993157,0.12951416745083774,0.040987461177713784,1.8668148403139913e-05,1.6789647967243985e-09,0.0012793471820674697,1.1215266772513342e-10,0.000647980290800431,9.630988610025156e-09,7.097852101285283e-07,4.828827382493459e-09,1.480912317201087e-10,2.4635114068471124e-06,0.00017954101366186666,0.003141398017508522,1.4799991318082703e-07,0.0007783116135496677,1.7895150403014027e-10,3.933842532663787e-10,3.8035267324753574e-07,9.194083376660524e-08,5.854430368711358e-07,0.002017405794728396,0.024100943399266578,6.050965503162892e-07,0.002458913179610919,3.7583931789962804e-09,0.0002841322040714595,1.2037904999179674e-07,1.092821439635828e-06,3.250259314622213e-10,1.3121968774107622e-10,1.9323266224637233e-05,4.881744130892764e-08,4.802776599815536e-11,7.45632796250087e-12,2.639482307480983e-11
9.860976262064732e-06,0.16628943999999996,0.8585084662769803,0.0,0.0,0.41969441975247473,0.046003887572448963,0.0012251472586961027,9.12188052046473e-06,0.0021569207590092262,0.1297666623883803,0.04101246984007848,1.8608472643507068e-05,1.6862940362285415e-09,0.001277323300425499,1.1327246058316153e-10,0.0006483186962188142,9.742615065765572e-09,7.037038359557293e-07,4.834292177685544e-09,1.4790389887700355e-10,2.447075280515604e-06,0.0001817991987442948,0.0031322074543955795,1.4626044387473935e-07,0.0007788711449809886,1.7734767370340095e-10,3.8932264668880353e-10,3.827299095521635e-07,9.177849010728834e-08,5.88723452511925e-07,0.0020267960564201086,0.02419027854401772,6.05325202354909e-07,0.0024631533410329975,3.75160211593507e-09,0.0002877058880356743,1.2042536219097055e-07,1.0837987769494152e-06,3.2545582584218484e-10,1.3109204044970876e-10,1.9562276599299068e-05,4.865041235288097e-08,4.862088073388435e-11,7.39077731763639e-12,2.638699602716212e-11
9.892621156060664e-06,0.16628943999999996,0.8585084662769803,0.0,0.0,0.4196001811303636,0.045879733530837706,0.0012144235302704372,9.121372624519464e-06,0.0021535956445038985,0.13001820665213357,0.041037276286568496,1.854913596491601e-05,1.6936099995547784e-09,0.0012753075811452763,1.1440360769861663e-10,0.0006486554330585191,9.855488407476834e-09,6.976864063450598e-07,4.839723757363966e-09,1.4771626512569825e-10,2.430780207786386e-06,0.00018408081668344346,0.00312304959791863,1.4454699729380774e-07,0.0007794274798928435,1.7576511493022272e-10,3.853058955475858e-10,3.851070805471163e-07,9.16164290921286e-08,5.919997701533978e-07,0.0020361636489606,0.02427928381886445,6.055512325801965e-07,0.0024673752878499,3.7448407236277106e-09,0.0002913166554485522,1.2047114492523454e-07,1.0748524695100931e-06,3.2588308013161926e-10,1.30964332715126e-10,1.9803729700614623e-05,4.8484379307436303e-08,4.922002855377759e-11,7.325932812292628e-12,2.6379196792471602e-11
9.924266050056596e-06,0.16628943999999996,0.8585084662769803,0.0,0.0,0.4195062824640997,0.04575596562297766,0.0012037980911002416,9.120864378024337e-06,0.002150273951867411,0.13026880222683368,0.04106188243197943,1.8490135524012237e-05,1.700912584773897e-09,0.0012732999672318125,1.1554612831171742e-10,0.0006489905083110545,9.969614234850595e-09,6.917321682131482e-07,4.845122340063402e-09,1.475283406035078e-10,2.41462485583842e-06,0.00018638596413827796,0.0031139243441900394,1.4285910967559818e-07,0.0007799806403997744,1.7420347991752476e-10,3.8133346265392956e-10,3.874840891291832e-07,9.145465125938714e-08,5.952718835635988e-07,0.0020455083554830355,0.024367958270155664,6.057746734261477e-07,0.002471579088375041,3.738108814735276e-09,0.00029496465927523693,1.2051640472846382e-07,1.0659818594013297e-06,3.2630771280594286e-10,1.308365693621319e-10,2.0047635071260272e-05,4.8319333903633285e-08,4.982523269267639e-11,7.261785955513844e-12,2.637142534194819e-11
9.955910944052528e-06,0.16628943999999996,0.8585084662769803,0.0,0.0,0.4194127249045399,0.04563258275559033,0.0011932699867855832,9.120355788791755e-06,0.0021469556977812463,0.13051845109949284,0.04108629017154606,1.8431468499419632e-05,1.7082016915037916e-09,0.0012713004019218551,1.1670004078579989e-10,0.0006493239289295936,1.008499807917279e-08,6.858403779254221e-07,4.850488142677503e-09,1.4734013528284015e-10,2.3986079049918045e-06,0.00018871473641865464,0.0031048315893667583,1.411963268970399e-07,0.0007805306484515269,1.7266242759986842e-10,3.7740481774821e-10,3.8986083869872944e-07,9.129315712766384e-08,5.985396873684595e-07,0.002054829961761638,0.024456300966232056,6.059955569719801e-07,0.002475764810754129,3.731406202582953e-09,0.0002986500503458253,1.20561148063081e-07,1.057186294256252e-06,3.2672974222117857e-10,1.307087551001034e-10,2.0294002112749323e-05,4.8155267936361637e-08,5.0436516036215164e-11,7.198328364712163e-12,2.636368164718231e-11
9.98755583804846e-06,0.16628943999999996,0.8585084662769803,0.0,0.0,0.41931950957848,0.045509583837242344,0.001182838272733797,9.119846864486201e-06,0.0021436408986279546,0.1307671552594484,0.041110501381150986,1.837313209162521e-05,1.7154772208966681e-09,0.0012693088286854068,1.178653626041589e-10,0.000649655701829498,1.0201645402646464e-08,6.800103011744953e-07,4.855821380472596e-09,1.4715165897351904e-10,2.382728048579202e-06,0.0001910672274754148,0.00309577122965368,1.3955820424377953e-07,0.0007810775258345067,1.7114162348656168e-10,3.735194374070561e-10,3.922372331654529e-07,9.113194719615333e-08,6.018030770541008e-07,0.002064128256204297,0.02454431099727607,6.062139149458169e-07,0.0024799325229653904,3.7247327011662803e-09,0.00030237297733970415,1.2060538132078643e-07,1.0484651272174978e-06,3.271491866145679e-10,1.3058089452502435e-10,2.0542840084591244e-05,4.79921732640216e-08,5.105390111880243e-11,7.135551764257614e-12,2.6355965680111477e-11
9.999999999999997e-06,0.16628943999999996,0.8585084662769803,0.0,0.0,0.4192829472129371,0.04546132020298018,0.0011787622654247018,9.119646642958045e-06,0.002142338324014822,0.130864698294938,0.04111996886047943,1.8350281616513287e-05,1.7183345378195304e-09,0.0012685278316891893,1.1832674747591323e-10,0.00064978571962742,1.0247863553826263e-08,6.777344061652475e-07,4.857909769635053e-09,1.4707746969084825e-10,2.376520664507721e-06,0.00019199884812004276,0.0030922171500628224,1.3892068245492878e-07,0.0007812917291450487,1.705490514629562e-10,3.7200327409787565e-10,3.9317161764333037e-07,9.106863033182876e-08,6.030851532901554e-07,0.0020677783220453584,0.024578829080452586,6.062990978980921e-07,0.0024815665315020825,3.722116321493275e-09,0.0003038473104893433,1.2062263743231285e-07,1.0450558218067626e-06,3.273134263858567e-10,1.3053060242871702e-10,2.0641372991960903e-05,4.792830158811828e-08,5.1298360428572786e-11,7.111050011392401e-12,2.635293901274238e-11
1.0019200732044392e-05,0.16628943999999996,0.8585084662769803,0.0,0.0,0.41922663758880785,0.04538696777834271,0.0011725020140547022,9.119337612627118e-06,0.0021403295704947828,0.1310149166984109,0.04113451791753113,1.8315123522864067e-05,1.722739075626298e-09,0.0012673251912272174,1.1904211036704237e-10,0.0006499858338888327,1.0319561597728107e-08,6.7424121286012e-07,4.861122267100904e-09,1.4696292132507852e-10,2.366983992818394e-06,0.0001934435298907167,0.0030867431613069525,1.3794430618635077e-07,0.0007816212941732693,1.696407395169989e-10,3.6967680494916096e-10,3.946131769529888e-07,9.097102194489683e-08,6.050619489682446e-07,0.002073403029844397,0.024631987475163458,6.064297787282078e-07,0.002484082292819799,3.7180881251574838e-09,0.00030613358677029624,1.2064911082329986e-07,1.0398177168971695e-06,3.275660641049802e-10,1.3045299212151794e-10,2.079415810347676e-05,4.7830041808186007e-08,5.16774101216632e-11,7.07344798408178e-12,2.634827741299227e-11
1.0050845626040324e-05,0.16628943999999996,0.8585084662769803,0.0,0.0,0.41913411001465467,0.045264733491140074,0.0011622602854569394,9.118828040591696e-06,0.0021370217291772635,0.13126173741051028,0.04115834161848194,1.8257440037004693e-05,1.729987159875353e-09,0.0012653494334882562,1.2023029978879758e-10,0.0006503143319488714,1.0438751986479316e-08,6.685323969706804e-07,4.866391014613922e-09,1.4677393182903032e-10,2.3513744566859312e-06,0.0001958437348686619,0.003077747280637261,1.3635420616160863e-07,0.0007821619749318991,1.681594539157201e-10,3.658764103445814e-10,3.9698857500472245e-07,9.081038183502858e-08,6.083162003225224e-07,0.0020826540763338014,0.024719329533314374,6.066431793556506e-07,0.0024882141879613087,3.7114722899106755e-09,0.0003099320229701649,1.2069234282305287e-07,1.031243427336882e-06,3.279803926932318e-10,1.303250522648441e-10,2.1047965142488923e-05,4.766886555326125e-08,5.230706487094109e-11,7.012008958302727e-12,2.634061681836548e-11
1.0082490520036255e-05,0.16628943999999996,0.8585084662769803,0.0,0.0,0.41904192791154665,0.04514287988972026,0.0011521121711454256,9.11831815561761e-06,0.0021337173901827635,0.13150761939234057,0.0411819743030594,1.820007889943459e-05,1.7372213793227912e-09,0.0012633814996471575,1.2142994569516835e-10,0.0006506412028145928,1.0559221819931385e-08,6.628831464662054e-07,4.871627833475937e-09,1.4658469982110293e-10,2.3358981717919163e-06,0.00019826793222615485,0.0030687834840130617,1.3478748636123291e-07,0.0007826995894154379,1.6669745105055866e-10,3.621177501262482e-10,3.993633327894774e-07,9.065002730902437e-08,6.115657291947444e-07,0.0020918811919353204,0.024806336326545837,6.068541475241941e-07,0.0024923282758670673,3.7048850114677004e-09,0.00031376842807655404,1.2073508350389274e-07,1.0227416279679254e-06,3.2839219026280136e-10,1.3019707922284197e-10,2.1304270030340283e-05,4.750863654614839e-08,5.2942886835871385e-11,6.951226723869866e-12,2.633298386902497e-11
1.0114135414032187e-05,0.16628943999999996,0.8585084662769803,0.0,0.0,0.4189500923115553,0.045021405890003835,0.0011420567647199111,9.117807964805703e-06,0.002130416568733992,0.13175256464300375,0.041205417771779905,1.8143037396946158e-05,1.7444416411313174e-09,0.0012614213341216453,1.2264106202074554e-10,0.0006509664532551699,1.068097627746287e-08,6.572927631628819e-07,4.876832932576955e-09,1.4639523448345412e-10,2.320553882255871e-06,0.0002007162103839883,0.0030598516678637857,1.3324373752414973e-07,0.0007832341587713323,1.6525442129885755e-10,3.5840032729906995e-10,4.017373563055832e-07,9.04899587909462e-08,6.148104345298579e-07,0.002101084175514239,0.02489300703092585,6.070627135928467e-07,0.0024964246238476213,3.698326106564355e-09,0.0003176429420173508,1.2077733898181233e-07,1.0143116935715354e-06,3.288014745802935e-10,1.3006907715788275e-10,2.1563081450635797e-05,4.734934689590649e-08,5.3584897127016853e-11,6.89109341921997e-12,2.6325378537993978e-11
1.014578030802812e-05,0.16628943999999996,0.8585084662769803,0.0,0.0,0.4188586042234471,0.04490031040974381,0.0011320931690746259,9.117297475122605e-06,0.0021271192797724684,0.13199657516415167,0.04122867380681798,1.8086312837622885e-05,1.7516478539349052e-09,0.0012594688815699305,1.238636618065687e-10,0.0006512900900044502,1.0804020466193325e-08,6.517605576190506e-07,4.882006519245751e-09,1.4620554484685597e-10,2.305340344583707e-06,0.00020318865635823708,0.0030509517286830008,1.3172255873733483e-07,0.0007837657039907181,1.6383006091538896e-10,3.5472365125267536e-10,4.0411055208628923e-07,9.033017668667981e-08,6.180502161418231e-07,0.002110262828530936,0.024979340843627063,6.072689075869618e-07,0.0025005032990471432,3.691795392635087e-09,0.00032155570249739197,1.2081911530561694e-07,1.0059530042392802e-06,3.292082632956218e-10,1.299410501287912e-10,2.182440794116173e-05,4.719098877341489e-08,5.4233116494559144e-11,6.831601282953888e-12,2.6317800798493478e-11
1.0177425202024051e-05,0.16628943999999996,0.8585084662769803,0.0,0.0,0.41876746463283326,0.04477959236852357,0.001122220496299005,9.116786693403302e-06,0.002123825537961956,0.1322396529600265,0.041251744172201815,1.802990255072585e-05,1.7588399278263848e-09,0.0012575240868920828,1.250977571978784e-10,0.0006516121197614272,1.092835942039054e-08,6.462858490226633e-07,4.887148799263221e-09,1.4601563979285383e-10,2.290256327545789e-06,0.00020568535575188926,0.0030420835630315295,1.3022355723730213e-07,0.0007842942459098143,1.624240718968629e-10,3.5108723767744686e-10,4.064828272055024e-07,9.017068138417606e-08,6.212849747159939e-07,0.002119416955033224,0.025065336982781548,6.074727592017733e-07,0.0025045643684436323,3.6852926878183674e-09,0.00032550684498520673,1.2086041845759922e-07,9.976649453335743e-07,3.2961257394283537e-10,1.298130020926993e-10,2.2088257893200406e-05,4.703355441103514e-08,5.488756532666203e-11,6.77274265253463e-12,2.631025062391109e-11
1.0209070096019983e-05,0.16628943999999996,0.8585084662769803,0.0,0.0,0.4186766745023174,0.044659250687754753,0.0011124378675794891,9.116275626353649e-06,0.002120535357691854,0.13248180003750015,0.04127463061400676,1.7973803886580535e-05,1.766017774345104e-09,0.0012555868952313887,1.263433594420212e-10,0.0006519325491907046,1.1053998100889497e-08,6.408679650801825e-07,4.892259976875041e-09,1.458255280558984e-10,2.2753006120560835e-06,0.00020820639274668438,0.003033247067540545,1.287463482246679e-07,0.0007848198052113298,1.6103616186331325e-10,3.4749060847673603e-10,4.0885408928151703e-07,9.001147325368894e-08,6.245146118097518e-07,0.002128546361647792,0.025150994687337006,6.076742978056982e-07,0.002508607898849106,3.678817810962906e-09,0.0003294965027002054,1.2090125435426055e-07,9.894469074483157e-07,3.300144239407001e-10,1.2968493690691973e-10,2.235463955087062e-05,4.687703610227586e-08,5.554826364790101e-11,6.714509962993762e-12,2.6302727987783974e-11
1.0240714990015915e-05,0.16628943999999996,0.8585084662769803,0.0,0.0,0.4185862347716438,0.04453928429067546,0.0011027444131023762,9.115764280552814e-06,0.0021172487530805523,0.13272301840611234,0.041297334860546694,1.791801421646392e-05,1.7731813064646465e-09,0.0012536572519756737,1.276004788865055e-10,0.0006522513849229509,1.1180941394528522e-08,6.355062419069058e-07,4.897340254804323e-09,1.4563521822545218e-10,2.2604719910523737e-06,0.0002107518500952765,0.0030244421389146203,1.2729055467030722e-07,0.0007853424024256758,1.5966604392980428e-10,3.439332916826233e-10,4.112242464816707e-07,8.985255264800429e-08,6.277390298536566e-07,0.0021376508575722355,0.025236313216913126,6.07873552443576e-07,0.0025126339569097995,3.6723705816318614e-09,0.00033352480660018966,1.2094162884695454e-07,9.81298286369657e-07,3.304138305926659e-10,1.2955685833079906e-10,2.2623561010493852e-05,4.672142620145652e-08,5.621523111774284e-11,6.656895745657424e-12,2.6295232863767156e-11
1.0272359884011847e-05,0.16628943999999996,0.8585084662769803,0.0,0.0,0.4184961463578451,0.04441969210234842,0.0010931392719577238,9.115252662455707e-06,0.0021139657379787543,0.1329633100781064,0.04131985862256336,1.786253093249186e-05,1.780330438580632e-09,0.0012517351027585986,1.288691249772068e-10,0.00065256863355535,1.1309194113600197e-08,6.302000239186968e-07,4.902389834264827e-09,1.454447187480698e-10,2.245769269377584e-06,0.0002133218091136409,0.003015668673934741,1.258558071499283e-07,0.0007858620579323098,1.5831343659100714e-10,3.404148213766354e-10,4.1359320752822925e-07,8.969391990267414e-08,6.309581321540473e-07,0.0021467302545672274,0.0253212918516584,6.080705518401446e-07,0.0025166426091063755,3.6659508201076146e-09,0.00033759188536929577,1.2098154772252854e-07,9.732184830369136e-07,3.308108110877899e-10,1.2942877002748252e-10,2.289503021998623e-05,4.656671712337055e-08,5.688848702909597e-11,6.599892626896183e-12,2.6287765225607133e-11
1.0300840288608187e-05,0.16628943999999996,0.8585084662769803,0.0,0.0,0.41841536790109507,0.04431237819437065,0.001084569448384523,9.114791978591692e-06,0.0021110141046522452,0.13317878192261842,0.04133997709402683,1.7812855798358382e-05,1.7867522758662874e-09,0.0012500115311316123,1.3002076882048535e-10,0.0006528528057800749,1.142574503637004e-08,6.254713494266067e-07,4.906908373685177e-09,1.4527311393783746e-10,2.2326434854997495e-06,0.00021565578720186279,0.0030077993716236344,1.2458222938049308e-07,0.0007863272494512422,1.571108331128217e-10,3.3728103157458864e-10,4.157241747678315e-07,8.955139681610983e-08,6.338507000525146e-07,0.002154880098757028,0.025397481434322147,6.082459465513206e-07,0.0025202355688824438,3.6601963717587092e-09,0.0003412855132906387,1.2101708988932743e-07,9.660050082083672e-07,3.311660332845479e-10,1.293134851892317e-10,2.3141537283566403e-05,4.64282429358254e-08,5.7499809615914104e-11,6.5491062905932e-12,2.6281067830030774e-11
1.0329320693204526e-05,0.16628943999999996,0.8585084662769803,0.0,0.0,0.4183348753723544,0.04420536574519754,0.0010760698531536055,9.11433108383277e-06,0.0021080653995601095,0.13339350624581076,0.04135995196740527,1.776342486938262e-05,1.7931623205242932e-09,0.0012482939465552343,1.3118176177931607e-10,0.000653135702533945,1.1543363832927597e-08,6.207866433018737e-07,4.911402353700373e-09,1.451013682016301e-10,2.219617866809568e-06,0.0002180097335792837,0.0029999553961898152,1.2332514669630886e-07,0.00078679008921976,1.5592199157285215e-10,3.341780035604874e-10,4.1785403388835716e-07,8.940910737526672e-08,6.367388153316266e-07,0.0021630093287761847,0.02547339463946304,6.084195580233016e-07,0.002523814531855425,3.6544638973601195e-09,0.0003450107418232346,1.2105227177108791e-07,9.588463651215954e-07,3.315193164959767e-10,1.291981979012296e-10,2.339011992546017e-05,4.62904868742801e-08,5.811625471493627e-11,6.498803803443418e-12,2.6274392657742302e-11
1.0354953057341232e-05,0.16628943999999996,0.8585084662769803,0.0,0.0,0.4182626770792468,0.04410931164365351,0.0010684797588266328,9.113916101919625e-06,0.002105414076517408,0.13358612022308675,0.041377807578503754,1.7719144292553818e-05,1.7989212288250079e-09,0.0012467532070309568,1.322346530862963e-10,0.0006533892230041365,1.165013655270223e-08,6.166076195392241e-07,4.915426056126686e-09,1.4494668139969374e-10,2.207979751022025e-06,0.00022014540472966288,0.002992917410727866,1.2220766536408214e-07,0.000787204646290806,1.548636398118941e-10,3.314113089917667e-10,4.197699056168697e-07,8.928124681915173e-08,6.393342553279905e-07,0.0021703079015988956,0.02554147982209814,6.085743004508011e-07,0.002527023671038796,3.649323351087298e-09,0.00034839053964935446,1.210836307999077e-07,9.52450115190581e-07,3.3183562371697035e-10,1.2909443929647495e-10,2.3615623456722626e-05,4.6167115948332714e-08,5.867544604747279e-11,6.453940971209076e-12,2.626840398785649e-11
1.0380585421477937e-05,0.16628943999999996,0.8585084662769803,0.0,0.0,0.41819071133506436,0.04401350052437176,0.0010609456152803744,9.113500955988857e-06,0.002102765139934151,0.13377813097580804,0.04139554873191303,1.7675058671088054e-05,1.8046704941419438e-09,0.0012452172569279295,1.332951244775083e-10,0.0006536417176259018,1.1757779373594649e-08,6.124635040511055e-07,4.919430085780743e-09,1.4479188941937054e-10,2.1964214706172033e-06,0.00022229733613475655,0.0029858998245333593,1.2110315690273432e-07,0.000787617320768381,1.5381613807898145e-10,3.2866903014491675e-10,4.2168477941529705e-07,8.915357583151849e-08,6.419259834163934e-07,0.002177589575024577,0.02560934040500778,6.087276295404542e-07,0.0025302215467964905,3.644200404743909e-09,0.00035179606997297346,1.211147042604681e-07,9.46097625337995e-07,3.321503792317989e-10,1.2899068248052613e-10,2.3842816578330307e-05,4.604431841209379e-08,5.923880691423191e-11,6.409462120781423e-12,2.6262433289540816e-11
1.0403654549200971e-05,0.16628943999999996,0.8585084662769803,0.0,0.0,0.41812614135337484,0.043927477798295464,0.0010542123629345822,9.113127187018398e-06,0.0021003831430047924,0.13395042578563107,0.04141141862638393,1.763554719366402e-05,1.8098365533178206e-09,0.0012438389734028272,1.3425603206257856e-10,0.0006538680885190256,1.1855403812595306e-08,6.087633745487134e-07,4.923016977716719e-09,1.4465249014840095e-10,2.186086775423796e-06,0.00022424800975938517,0.0029796013931612073,1.2012004290099727e-07,0.0007879871268410719,1.5288254965034288e-10,3.2622166147837626e-10,4.234072736286316e-07,8.903883413828774e-08,6.44255324276599e-07,0.0021841285544565007,0.025670222620441947,6.088644293194974e-07,0.002533090033624202,3.6396047234841183e-09,0.00035488310052317595,1.2114242863216793e-07,9.40417546172814e-07,3.324323398134412e-10,1.2889730430418188e-10,2.4048738182551988e-05,4.593428766357039e-08,5.974940438944624e-11,6.369756402105065e-12,2.625707501528849e-11
1.0426723676924006e-05,0.16628943999999996,0.8585084662769803,0.0,0.0,0.4180617603975396,0.043841651015928074,0.0010475237609794128,9.112753290004635e-06,0.0020980030894069816,0.13412223364051867,0.041427197141454424,1.7596191578866285e-05,1.8149947371881356e-09,0.0012424645258377498,1.3522308363122833e-10,0.0006540936337422658,1.1953736666243672e-08,6.050910164030526e-07,4.926588093407778e-09,1.445130120454378e-10,2.1758158154695657e-06,0.0002262119148895071,0.0029733194011130576,1.1914716305045586e-07,0.0007883554240944841,1.5195753960445434e-10,3.237937116349709e-10,4.2512888712305947e-07,8.892424620393523e-08,6.465815829067281e-07,0.002190653701534087,0.0257309224015002,6.090001065501676e-07,0.0025359494507929867,3.6350231541034903e-09,0.0003579910704539296,1.21169926177242e-07,9.347724427896744e-07,3.3271305712154554e-10,1.2880393021001114e-10,2.4256034257564612e-05,4.582471539395947e-08,6.02633934906603e-11,6.330356042361637e-12,2.625173127664848e-11
1.044979280464704e-05,0.16628943999999996,0.8585084662769803,0.0,0.0,0.41799756877111055,0.04375601976505609,0.0010408794958634427,9.11237926717734e-06,0.002095624983909373,0.13429355532662038,0.04144288490046098,1.755699086398556e-05,1.8201450158030087e-09,0.001241093893752892,1.3619628073102806e-10,0.0006543183557769757,1.2052779621072628e-08,6.014461941130853e-07,4.930143507393404e-09,1.4437345806631425e-10,2.1656081545179905e-06,0.0002281890796249889,0.0029670538086015827,1.1818439055019825e-07,0.00078872222008264,1.510410104830462e-10,3.2138501355069565e-10,4.268495858630562e-07,8.880981212014084e-08,6.48904723894063e-07,0.002197164949231784,0.02579143951597578,6.091346716413624e-07,0.002538799823674518,3.63045562868987e-09,0.0003611200242335984,1.211971989926261e-07,9.291620947904076e-07,3.329925375528048e-10,1.2871056140725785e-10,2.4464707532401355e-05,4.571559880276398e-08,6.078078082788164e-11,6.291258396391355e-12,2.624640206347341e-11
1.0472861932370074e-05,0.16628943999999996,0.8585084662769803,0.0,0.0,0.41793356677150606,0.04367058363397878,0.0010342792563711844,9.112005120735477e-06,0.0020932488312111796,0.1344643916309093,0.041458482522129275,1.7517944091981602e-05,1.8252873595910086e-09,0.0012397270567402216,1.3717562465258945e-10,0.0006545422570958592,1.2152534341587698e-08,5.978286743223297e-07,4.9336832938103494e-09,1.442338311303495e-10,2.1554633594725585e-06,0.00023017953164698035,0.00296080457586663,1.1723160043243052e-07,0.0007890875223194141,1.5013286614987196e-10,3.189954017089559e-10,4.285693359770315e-07,8.869553197415905e-08,6.512247120740812e-07,0.0022036622312320087,0.0258517737371869,6.092681349175947e-07,0.00254164117759398,3.6259020795471482e-09,0.0003642700056683083,1.2122424915844247e-07,9.235862831575227e-07,3.3327078747368125e-10,1.2861719908135327e-10,2.4674760693199042e-05,4.5606935105921154e-08,6.130157290530826e-11,6.252460843547588e-12,2.6241087365629123e-11
1.0495931060093109e-05,0.16628943999999996,0.8585084662769803,0.0,0.0,0.41786975469004217,0.0435853422115081,0.0010277227336044892,9.111630852847649e-06,0.002090874635942819,0.13463474334118733,0.04147399062061086,1.7479050311460506e-05,1.8304217393567238e-09,0.0012383639944637133,1.3816111642937176e-10,0.0006547653401630561,1.2253002470175035e-08,5.942382257981911e-07,4.937207526394882e-09,1.440941341207454e-10,2.145381000353574e-06,0.0002321832982167557,0.002954571663175786,1.1628866952095267e-07,0.0007894513382786947,1.4923301176336202e-10,3.166247121261095e-10,4.302881037568797e-07,8.85814058488488e-08,6.535415125291827e-07,0.002210145481922787,0.025911924843948716,6.094005066194308e-07,0.0025444735378301136,3.6213624391931363e-09,0.0003674410578998275,1.2125107873802902e-07,9.180447902462082e-07,3.335478132187771e-10,1.2852384439429563e-10,2.488619638310145e-05,4.549872153573502e-08,6.182577612107861e-11,6.213960787457365e-12,2.6235787172973563e-11
1.0519000187816143e-05,0.16628943999999996,0.8585084662769803,0.0,0.0,0.4178061328119608,0.04350029508696848,0.0010212096209650486,9.111256465652478e-06,0.0020885024026665202,0.13480461124609072,0.04148940980551764,1.7440308576651948e-05,1.8355481262784043e-09,0.0012370046866595637,1.3915275683765587e-10,0.000654987607434227,1.2354185627070358e-08,5.906746194126346e-07,4.940716278487058e-09,1.4395436988496224e-10,2.135360650276141e-06,0.00023420040617517347,0.0029483550308249413,1.1535547640904445e-07,0.000789813675394538,1.483413537144975e-10,3.1427278236684034e-10,4.320058556635904e-07,8.846743382269543e-08,6.558550905941306e-07,0.002216614636394226,0.02597189262054692,6.095317969048239e-07,0.0025472969296153965,3.616836640349837e-09,0.0003706332234035697,1.21277689777595e-07,9.125373997768418e-07,3.338236210891014e-10,1.284304984847835e-10,2.5099017202194257e-05,4.539095534079941e-08,6.235339676698265e-11,6.175755655840973e-12,2.6230501475269123e-11
1.0542069315539177e-05,0.16628943999999996,0.8585084662769803,0.0,0.0,0.4177427014164593,0.043415441850196655,0.001014739614135719,9.110881961259058e-06,0.00208613213587696,0.1349739961350947,0.0415047406819586,1.7401717947386707e-05,1.8406664919055297e-09,0.0012356491131364246,1.4015054639631523e-10,0.0006552090613566253,1.2456085410236747e-08,5.871376281214825e-07,4.944209623033366e-09,1.4381454123511246e-10,2.125401885426803e-06,0.00023623088194094484,0.0029421546391388423,1.1443190143931079e-07,0.0007901745410615838,1.4745779962929363e-10,3.119394515141326e-10,4.3372255832942547e-07,8.835361596990048e-08,6.581654118577322e-07,0.0022230696304386083,0.026031676856707202,6.096620158499756e-07,0.002550111378136039,3.6123246159561118e-09,0.00037384654398703104,1.2130408430679075e-07,9.070638968267899e-07,3.3409821735736577e-10,1.2833716246851623e-10,2.5313225707405504e-05,4.528363378593194e-08,6.288444102833213e-11,6.137842900255114e-12,2.6225230262251405e-11
1.0565138443262211e-05,0.16628943999999996,0.8585084662769803,0.0,0.0,0.4176794607767209,0.04333078209154158,0.0010083124110634265,9.110507341747317e-06,0.002083763840001856,0.13514289879851585,0.041519983850573615,1.7363277489073917e-05,1.8457768081564864e-09,0.001234297253775615,1.4115448536689694e-10,0.0006554297043691556,1.2558703395148958e-08,5.836270269455869e-07,4.947687632583535e-09,1.4367465094833028e-10,2.1155042850420163e-06,0.00023827475150873148,0.002935970448471646,1.1351782665400333e-07,0.0007905339426352223,1.4658225846943528e-10,3.09624560073233e-10,4.3543817854315897e-07,8.823995236045453e-08,6.604724421455647e-07,0.0022295104005524494,0.026091277347563543,6.097911734475666e-07,0.002552916908531618,3.6078262991921055e-09,0.00037708106078940306,1.2133026433992842e-07,9.016240678230768e-07,3.343716082700628e-10,1.2824383743911498e-10,2.552882441245025e-05,4.5176754152128185e-08,6.341891498419211e-11,6.100219995752446e-12,2.6219973523830503e-11
1.0585900658212943e-05,0.16628943999999996,0.8585084662769803,0.0,0.0,0.4176227075180945,0.043254753394377975,0.0010025642776744113,9.11017008745646e-06,0.0020816340624521504,0.13529449954660305,0.041533628204990486,1.7328808704794903e-05,1.8503691876516874e-09,0.0012330837393903155,1.4206328819639334e-10,0.0006556275917616147,1.2651674928233662e-08,5.804898651394017e-07,4.950804789407689e-09,1.4354869925805816e-10,2.106648394992175e-06,0.0002401257069647532,0.0029304184959991777,1.1270318587342443e-07,0.0007908561582995622,1.4580104810522628e-10,3.0755679291637346e-10,4.36981283932689e-07,8.813778704437216e-08,6.625459275843494e-07,0.002235294880266396,0.026144760522121974,6.099065160278215e-07,0.0025554342816314617,3.6037894790428513e-09,0.00038001028213828617,1.2135364462592171e-07,8.967568375073724e-07,3.3461663464091514e-10,1.281598551920858e-10,2.5724053910558966e-05,4.508093808991328e-08,6.390287887121453e-11,6.06660513645009e-12,2.621525482643097e-11
1.0604586651668601e-05,0.16628943999999996,0.8585084662769803,0.0,0.0,0.41757176203600777,0.043186461030618066,0.000997420214317907,9.109866481510337e-06,0.0020797186332264456,0.13543060727963513,0.041545848151625715,1.7297889599705428e-05,1.8544967189086028e-09,0.0012319941227660184,1.428854693825212e-10,0.0006558051319625992,1.2735848697733188e-08,5.776844083847859e-07,4.95359970354157e-09,1.4343530358315252e-10,2.0987199140483045e-06,0.00024180087563725132,0.0029254329075010066,1.1197643885481397e-07,0.0007911451478933382,1.451033923141498e-10,3.0570836894440447e-10,4.383692864421056e-07,8.804594516392566e-08,6.644097415280958e-07,0.0022404909802637724,0.026192767871014058,6.100096021073966e-07,0.0025576937736463603,3.600165747953452e-09,0.0003826613128328685,1.2137454091111537e-07,8.923993769923431e-07,3.3483633162938134e-10,1.2808428015378466e-10,2.5900726417382656e-05,4.4995006194656975e-08,6.43408292799855e-11,6.036549272561321e-12,2.6211018009745085e-11
1.0623272645124259e-05,0.16628943999999996,0.8585084662769803,0.0,0.0,0.4175209421749269,0.04311829488115759,0.0009923037047814018,9.109562803639657e-06,0.0020778045047738516,0.13556640003246012,0.04155801160663362,1.7267067378225448e-05,1.8586189202375688e-09,0.0012309069074713757,1.4371168481865184e-10,0.0006559821444351648,1.2820496407073036e-08,5.748958728376835e-07,4.956384684110566e-09,1.4332187229329022e-10,2.090830824867621e-06,0.0002434848768120242,0.0029204578780990384,1.1125572065256189e-07,0.000791433189845986,1.4441083570937533e-10,3.0387176441859275e-10,4.397565202715347e-07,8.795420459311978e-08,6.662713363331649e-07,0.00224567763730827,0.026240654317967602,6.101120093410515e-07,0.0025599474590270203,3.5965508923000977e-09,0.0003853263213082763,1.213952999917429e-07,8.880636346007201e-07,3.350552487791799e-10,1.2800871419563163e-10,2.6078315361705967e-05,4.4909359461962426e-08,6.478104036914156e-11,6.006679166934716e-12,2.620679067146139e-11
1.0641958638579917e-05,0.16628943999999996,0.8585084662769803,0.0,0.0,0.41747024806860533,0.04305025472927479,0.0009872145928134979,9.109259054895508e-06,0.0020758916793214744,0.13570187822672466,0.04157011888078577,1.7236341554292897e-05,1.862735777413186e-09,0.0012298220829550291,1.445419341491908e-10,0.000656158630459783,1.2905618850273936e-08,5.721241428166792e-07,4.9591597689286e-09,1.4320840679880226e-10,2.0829809096007716e-06,0.00024517772348742157,0.002915493386782744,1.1054097174705751e-07,0.0007917202879922851,1.4372333212965876e-10,3.0204689742507604e-10,4.4114296810072795e-07,8.786256536109714e-08,6.681306943220464e-07,0.002250854818985695,0.026288419764385278,6.102137428854292e-07,0.002562195351044864,3.5929448769710756e-09,0.0003880053281338303,1.2141592290642932e-07,8.837494993898316e-07,3.3527338934562877e-10,1.2793315785676237e-10,2.6256821996094286e-05,4.482399647758068e-08,6.52235151636325e-11,5.97699352211777e-12,2.6202572806013205e-11
1.0660644632035575e-05,0.16628943999999996,0.8585084662769803,0.0,0.0,0.41741967984826356,0.04298234035846823,0.000982152723103554,9.108955236317165e-06,0.00207398015906876,0.13583704228444618,0.04158217028299653,1.7205711644203265e-05,1.8668472763643012e-09,0.0012287396386973064,1.4537621690775517e-10,0.0006563345913134855,1.2991216811553442e-08,5.693691034920665e-07,4.9619249956457975e-09,1.4309490849568117e-10,2.0751699516686376e-06,0.0002468794284773909,0.002910539412555308,1.0983213330289086e-07,0.0007920064461499544,1.4304083592914725e-10,3.002336866471069e-10,4.425286126829227e-07,8.777102749529181e-08,6.699877979244529e-07,0.002256022493179848,0.026336064113944988,6.103148078632083e-07,0.002564437462951527,3.589347666961407e-09,0.0003906983535882646,1.2143641068742093e-07,8.794568609830746e-07,3.3549075657584183e-10,1.278576116672283e-10,2.6436247554386897e-05,4.47389158340842e-08,6.566825664235633e-11,5.947491050362995e-12,2.6198364407889177e-11
1.0679330625491233e-05,0.16628943999999996,0.8585084662769803,0.0,0.0,0.4173692376425998,0.04291455155245683,0.0009771179412757446,9.108651348932233e-06,0.002072069946187705,0.13597189262801362,0.04159416612033483,1.7175177166601902e-05,1.870953403173193e-09,0.001227659564210284,1.4621453251718817e-10,0.0006565100282698834,1.3077291065306618e-08,5.666306408793351e-07,4.964680401747871e-09,1.4298137876570692e-10,2.0673977357548214e-06,0.0002485900044116192,0.0029055959344338016,1.0912914715839774e-07,0.000792291668120778,1.4236330195942032e-10,2.984320513725894e-10,4.4391343684401384e-07,8.767959102139566e-08,6.71842629676263e-07,0.002261180628072726,0.026383587272589243,6.104152093629693e-07,0.0025666738079787015,3.585759227361291e-09,0.00039340541765881643,1.2145676436019784e-07,8.751856095672634e-07,3.3570735370345883e-10,1.277820761481607e-10,2.6616593251677713e-05,4.465411613085141e-08,6.611526773801295e-11,5.9181704735664866e-12,2.619416547157041e-11
1.069801661894689e-05,0.16628943999999996,0.8585084662769803,0.0,0.0,0.41731892157779904,0.04284688809517981,0.0009721100938831133,9.108347393756783e-06,0.002070161042823054,0.13610642968018968,0.04160610669803581,1.7144737642476164e-05,1.875054144074771e-09,0.0012265818490378602,1.4705688028957005e-10,0.0006566849425991981,1.3163842376150526e-08,5.639086418326654e-07,4.967426024558225e-09,1.4286781897657218e-10,2.0596640477981287e-06,0.00025030946373593723,0.0029006629314493747,1.0843195581820247e-07,0.0007925759576906489,1.4169068551180043e-10,2.9664191152553436e-10,4.452974234858925e-07,8.758825596332343e-08,6.736951722231604e-07,0.0022663291921413086,0.02643098914851806,6.105149524398808e-07,0.0025689043993381592,3.5821795233391003e-09,0.0003961265400400577,1.2147698494280857e-07,8.709356358899647e-07,3.3592318394331925e-10,1.2770655181173394e-10,2.679786028429611e-05,4.4569595974037896e-08,6.656455133686095e-11,5.889030523242743e-12,2.618997599140607e-11
1.0716702612402548e-05,0.16628943999999996,0.8585084662769803,0.0,0.0,0.4172687317775452,0.04277934977079662,0.0009671290284016988,9.108043371795465e-06,0.002068253451092508,0.1362406538641119,0.041617992319512485,1.7114392595147702e-05,1.8791494854557717e-09,0.0012255064827558213,1.4790325942624506e-10,0.0006568593355682905,1.3250871498824976e-08,5.612029940385073e-07,4.9701619012393195e-09,1.4275423048200605e-10,2.051968674985134e-06,0.00025203781871080617,0.002895740382647432,1.0774050244468336e-07,0.0007928593186283695,1.4102294237749654e-10,2.9486318760973744e-10,4.466805555846366e-07,8.74970223433353e-08,6.755454083180946e-07,0.0022714681541579984,0.026478269652178164,6.106140421158424e-07,0.0025711292502219227,3.57860852017334e-09,0.00039886174013469206,1.2149707344714302e-07,8.667068312568548e-07,3.3613825050338676e-10,1.2763103916134195e-10,2.6980049829789626e-05,4.4485353976548825e-08,6.701611027900468e-11,5.860069940383026e-12,2.618579596181043e-11
1.0735388605858206e-05,0.16628943999999996,0.8585084662769803,0.0,0.0,0.41721866836302895,0.042711936363687114,0.0009621745932247248,9.10773928404163e-06,0.0020663471730869194,0.13637456560329267,0.04162982328636712,1.708414155026466e-05,1.8832394138539617e-09,0.001224433454971903,1.487536690178658e-10,0.0006570332084406733,1.3338379178154337e-08,5.585135860092439e-07,4.972888068791517e-09,1.426406146218971e-10,2.044311405742812e-06,0.00025377508141139073,0.002890828267087814,1.0705473084760742e-07,0.0007931417546868933,1.4036002884213837e-10,2.930958007089711e-10,4.4806281618855965e-07,8.740589018200633e-08,6.773933208189229e-07,0.002276597483191631,0.026525428696251747,6.107124833791412e-07,0.002573348373802148,3.5750461832433805e-09,0.00040161103705280485,1.2151703087864926e-07,8.624990875291059e-07,3.3635255657981756e-10,1.2755553869180991e-10,2.7163163046908495e-05,4.440138875802473e-08,6.746994735829095e-11,5.831287475385009e-12,2.6181625377222372e-11
1.0754074599313864e-05,0.16628943999999996,0.8585084662769803,0.0,0.0,0.4171687314529584,0.042644647658451364,0.0009572466376568363,9.107435131477477e-06,0.002064442210870493,0.13650816532162074,0.0416415998984026,1.7053984035793945e-05,1.8873239159573435e-09,0.0012233627553258604,1.4960810804443628e-10,0.0006572065624765395,1.3426366149129724e-08,5.558403070769119e-07,4.975604564054963e-09,1.425269727224147e-10,2.0366920297312322e-06,0.00025552126372848597,0.0028859265638449733,1.0637458547712794e-07,0.0007934232696039091,1.3970190159914085e-10,2.9133967253986053e-10,4.494441884235849e-07,8.731485949815204e-08,6.792388926943408e-07,0.0022817171486045947,0.026572466195649017,6.108102811852549e-07,0.0025755617832310534,3.571492478000462e-09,0.00040437444961029923,1.2153685823519463e-07,8.583122971207829e-07,3.365661053473362e-10,1.274800508893048e-10,2.7347201075591684e-05,4.4317698944815314e-08,6.792606532194347e-11,5.802681888058554e-12,2.6177464231902944e-11
1.0772760592769522e-05,0.16628943999999996,0.8585084662769803,0.0,0.0,0.41711892116357047,0.04257748343990979,0.0009523450119083629,9.107130915074147e-06,0.0020625385664809837,0.13664145344336323,0.0416533224536337,1.7023919582013482e-05,1.891402978603367e-09,0.001222294373489529,1.504665753753597e-10,0.0006573793989327937,1.3514833136804798e-08,5.531830473869552e-07,4.978311423711679e-09,1.4241330609612988e-10,2.0291103378362637e-06,0.0002572763773667166,0.0028810352520081575,1.0570001141576848e-07,0.0007937038671000786,1.3904851782279352e-10,2.895947253845405e-10,4.5082465549086095e-07,8.722393030898424e-08,6.810821070207637e-07,0.00228682712005199,0.02661938206749878,6.109074404571276e-07,0.002577769491641103,3.5679473700082717e-09,0.0004071519963300771,1.2155655650865958e-07,8.541463529962432e-07,3.3677889997492227e-10,1.274045762314932e-10,2.7532165036953277e-05,4.423428316994839e-08,6.838446687094625e-11,5.774251947472385e-12,2.617331252017936e-11
1.079144658622518e-05,0.16628943999999996,0.8585084662769803,0.0,0.0,0.41706923760863945,0.04251044349310309,0.0009474695670896031,9.106826635791858e-06,0.002060636241929894,0.13677443039316503,0.041664991248298436,1.69939477215045e-05,1.895476588778139e-09,0.0012212282991668848,1.513290697694993e-10,0.0006575517190630696,1.3603780856225048e-08,5.505416978920116e-07,4.981008684284041e-09,1.4229961604213588e-10,2.021566122162325e-06,0.0002590404338444041,0.0028761543106815813,1.0503095436837395e-07,0.0007939835508801496,1.3839983518465328e-10,2.8786088207728447e-10,4.522042006626554e-07,8.713310263009313e-08,6.829229469775561e-07,0.0022919273674829915,0.02666617623113691,6.110039660845584e-07,0.0025799715121449817,3.5644108249391827e-09,0.00040994369544156476,1.2157612668488928e-07,8.500011486675362e-07,3.369909436223063e-10,1.2732911518782147e-10,2.771805603326933e-05,4.415114007311591e-08,6.884515466001993e-11,5.745996431865841e-12,2.6169170236449553e-11
1.0810132579680837e-05,0.16628943999999996,0.8585084662769803,0.0,0.0,0.4170196808994865,0.042443527603292334,0.0009426201552051488,9.106522294580016e-06,0.0020587352392026654,0.13690709659604935,0.041676606576869155,1.69640679891438e-05,1.899544733615637e-09,0.001220164522094105,1.5219558987523402e-10,0.0006577235241177437,1.3693210012554507e-08,5.479161503457483e-07,4.983696382136134e-09,1.4218590384616683e-10,2.0140591760251616e-06,0.0002608134444951533,0.0028712837189845994,1.0436736065544759e-07,0.0007942623246342343,1.3775581172924195e-10,2.861380660851468e-10,4.535828072908194e-07,8.704237647531877e-08,6.847613958562824e-07,0.0022970178611393423,0.026712848608097507,6.110998629251038e-07,0.0025821678578354422,3.5608828085289934e-09,0.00041274956487855286,1.2159556974191796e-07,8.458765781918121e-07,3.3720223942413096e-10,1.2725366821937016e-10,2.790487514796628e-05,4.4068268300651434e-08,6.930813129707744e-11,5.717914128692659e-12,2.616503737487661e-11
1.0828818573136495e-05,0.16628943999999996,0.8585084662769803,0.0,0.0,0.4169702511449915,0.04237673555595895,0.0009377966291482506,9.106217892377334e-06,0.0020568355602588757,0.13703945247742055,0.041688168732063643,1.6934279922096107e-05,1.90360740039693e-09,0.0012191030320396388,1.530661342305185e-10,0.0006578948153439755,1.3783121300973541e-08,5.453062972967517e-07,4.986374553476684e-09,1.420721707807164e-10,2.0065892939446755e-06,0.00026259542046574443,0.0028664234560518854,1.0370917720546763e-07,0.0007945401920356434,1.3711640595804276e-10,2.844262014301839e-10,4.5496045880419983e-07,8.695175185694337e-08,6.865974370574721e-07,0.0023020985715529844,0.026759399122105093,6.111951358045722e-07,0.0025843585417854543,3.557363286626779e-09,0.00041556962228076947,1.2161488665190168e-07,8.4177253616874e-07,3.374127905100709e-10,1.2717823577897515e-10,2.8092623445610456e-05,4.3985666505496253e-08,6.97733993437056e-11,5.690003834456793e-12,2.6160913929679274e-11
1.0845635967246588e-05,0.16628943999999996,0.8585084662769803,0.0,0.0,0.4169258730002076,0.04231672842155499,0.000933477467207566,9.105943879015086e-06,0.0020551269826432073,0.1371583077976644,0.041698529449028125,1.69075486549e-05,1.9072591063677534e-09,0.0012181496379609412,1.538530635863428e-10,0.0006580485391524659,1.3864454249902548e-08,5.429707601750068e-07,4.988776792315607e-09,1.419697942195435e-10,1.9998979209761155e-06,0.0002642068732495354,0.002862058033273175,1.0312139449399257e-07,0.0007947895007884152,1.3654485500135778e-10,2.8289482425327137e-10,4.5619951490182063e-07,8.687027652293244e-08,6.882478019344997e-07,0.002306662822131956,0.026801190330601805,6.112803518714573e-07,0.002586325327341312,3.554202951590944e-09,0.0004181198189953519,1.2163216481426463e-07,8.380963634967701e-07,3.3760165233794536e-10,1.2711035937205684e-10,2.8262392229567833e-05,4.3911554612425024e-08,7.019410182078792e-11,5.665030649790542e-12,2.6157210875345503e-11
1.086245336135668e-05,0.16628943999999996,0.8585084662769803,0.0,0.0,0.41688159785087214,0.042256821269902545,0.0009291790483456015,9.105669817671557e-06,0.0020534194802510793,0.1372769124130239,0.041708847542189224,1.688089092935807e-05,1.910906355862735e-09,0.0012171980806924602,1.5464325008945583e-10,0.0006582018486722066,1.3946178773403938e-08,5.406477719746974e-07,4.99117137005727e-09,1.4186740268341674e-10,1.9932362563108967e-06,0.00026582560468320924,0.002857700944716253,1.0253791374206479e-07,0.0007950380810143629,1.3597698151970606e-10,2.8137220195671596e-10,4.5743777201455686e-07,8.678888344874204e-08,6.898961912766617e-07,0.002311219103579119,0.026842882717547152,6.113650698848569e-07,0.002588287546962858,3.5510494447705827e-09,0.0004206815344549464,1.2164934227976212e-07,8.344366578566821e-07,3.37789915734831e-10,1.270424954121854e-10,2.8432915248206587e-05,4.383765934246607e-08,7.061666417887454e-11,5.640194960061482e-12,2.6153515439398853e-11
1.0879270755466774e-05,0.16628943999999996,0.8585084662769803,0.0,0.0,0.4168374257713235,0.04219701394507547,0.0009249012671456614,9.105395709009317e-06,0.00205171305445805,0.13739526663441048,0.04171912322133664,1.685430641278621e-05,1.914549139912277e-09,0.0012162483528426586,1.5543669244492317e-10,0.0006583547448057622,1.4028295357507234e-08,5.383372559912778e-07,4.993558312774856e-09,1.417649970729397e-10,1.986604152627551e-06,0.0002674516225058537,0.002853352175202802,1.0195869749149508e-07,0.0007952859353593711,1.3541275610434727e-10,2.798582803599985e-10,4.586752182246853e-07,8.670757263994415e-08,6.915425932112832e-07,0.0023157673950158454,0.02688447623184597,6.114492932969399e-07,0.0025902452101391007,3.547902741452536e-09,0.00042325478090470675,1.2166641974303237e-07,8.30793343528582e-07,3.379775829494055e-10,1.2697464421279148e-10,2.860419323837439e-05,4.3763979727265053e-08,7.104108818850459e-11,5.6154959065360146e-12,2.6149827617437267e-11
1.0896088149576867e-05,0.16628943999999996,0.8585084662769803,0.0,0.0,0.4167933568343236,0.04213730629129226,0.0009206440187602666,9.10512155368421e-06,0.0020500077066231853,0.1375133707729872,0.04172935669513614,1.682779477398227e-05,1.9181874496413564e-09,0.0012153004470413095,1.5623338928557436e-10,0.0006585072284536477,1.4110804481431493e-08,5.360391360267893e-07,4.9959376464397705e-09,1.4166257828031857e-10,1.98000146337702e-06,0.0002690849343315817,0.002849011709564975,1.0138370866195084e-07,0.0007955330664579723,1.348521497915487e-10,2.783530055318984e-10,4.599118416491687e-07,8.662634410125273e-08,6.931869959195432e-07,0.002320307675751865,0.026925970823816953,6.115330255379855e-07,0.002592198326346198,3.5447628170458405e-09,0.00042583957039804587,1.216833978969085e-07,8.271663451421382e-07,3.3816465624241076e-10,1.2690680608258265e-10,2.8776226924523663e-05,4.3690514802747684e-08,7.146737559039673e-11,5.5909326361008355e-12,2.614614740543939e-11
1.090878675292623e-05,0.16628943999999996,0.8585084662769803,0.0,0.0,0.41676014932068634,0.04209228774038078,0.0009174429659246561,9.104914511912427e-06,0.0020487207349602636,0.13760238420568496,0.041737056022979224,1.680782425779097e-05,1.9209317215506416e-09,0.0012145858981175111,1.5683712069799513e-10,0.0006586220941681666,1.4173366479540854e-08,5.343120222643412e-07,4.997729225264519e-09,1.415852349380542e-10,1.975035257460395e-06,0.00027032306533779815,0.0028457397715138198,1.0095232064249846e-07,0.0007957191944097613,1.3443122353888197e-10,2.772220883820527e-10,4.608450480935579e-07,8.65650639667205e-08,6.944273319016307e-07,0.002323730664235788,0.02695723729217522,6.115959273180941e-07,0.002593670092732033,3.542396376405401e-09,0.0004277989684231946,1.2169615250117733e-07,8.244384097946693e-07,3.3830552075146215e-10,1.2685559120611837e-10,2.8906628577836917e-05,4.3635184034329166e-08,7.179049562719247e-11,5.572474675813901e-12,2.614337356336797e-11
1.0921485356275593e-05,0.16628943999999996,0.8585084662769803,0.0,0.0,0.4167270006851793,0.042047325861929115,0.0009142535158677169,9.104707444182733e-06,0.0020474343792405763,0.1376912553636142,0.041744731494435916,1.6787894963953255e-05,1.9236734336411523e-09,0.0012138723807013023,1.57442706212037e-10,0.000658736725599401,1.4236152757782865e-08,5.325919006124369e-07,4.999516491586542e-09,1.4150788496141396e-10,1.9700856767845665e-06,0.0002715653625266659,0.0028424725528123367,1.0052330632042727e-07,0.0007959049126216007,1.340123319481098e-10,2.7609604789861837e-10,4.61777773613445e-07,8.650383074218498e-08,6.956665162960902e-07,0.002327149064916299,0.02698844731146156,6.11658552459339e-07,0.002595139276096118,3.5400337762205325e-09,0.00042976495959126367,1.217088511684739e-07,8.217197021476252e-07,3.384460488582724e-10,1.2680438408283662e-10,2.903746180465786e-05,4.357997471439266e-08,7.211467978985967e-11,5.554093287477285e-12,2.614060405566693e-11
1.0934183959624956e-05,0.16628943999999996,0.8585084662769803,0.0,0.0,0.416693910957352,0.04200242058903446,0.0009110756240892803,9.104500350769985e-06,0.0020461486400307574,0.1377799843810215,0.0417523831980797,1.6768006751550927e-05,1.9264125821982934e-09,0.0012131598916438858,1.5805014515734714e-10,0.0006588511231327312,1.4299163514940065e-08,5.308787388335638e-07,5.001299456473515e-09,1.414305287251279e-10,1.9651526591245407e-06,0.0002728118290365462,0.0028392100469425605,1.000966501527672e-07,0.0007960902222161492,1.3359546288798835e-10,2.7497486124930134e-10,4.627100131475895e-07,8.644264442855887e-08,6.969045440919866e-07,0.0023305628690996837,0.027019600861877078,6.117209024151806e-07,0.0025966058805033886,3.5376750059890265e-09,0.00043173754887168044,1.2172149419288465e-07,8.190101901458334e-07,3.3858624153144794e-10,1.2675318484001502e-10,2.9168726902821683e-05,4.352488643271114e-08,7.243992879333416e-11,5.535788110247533e-12,2.6137838880657793e-11
1.0946882562974319e-05,0.16628943999999996,0.8585084662769803,0.0,0.0,0.41666088016624697,0.04195757185484104,0.0009079092462705626,9.104293231946921e-06,0.002044863517892202,0.13786857139223477,0.041760011222125956,1.6748159480142433e-05,1.9291491635377e-09,0.0012124484278034267,1.586594368401566e-10,0.0006589652871528802,1.4362398947707441e-08,5.291725048509512e-07,5.003078130960308e-09,1.4135316660127225e-10,1.9602361425017386e-06,0.0002740624679670698,0.002835952247390044,9.967233671522413e-08,0.0007962751243133082,1.3318060423794674e-10,2.738585057724201e-10,4.6364176165591206e-07,8.638150502632244e-08,6.98141410306475e-07,0.0023339720681534552,0.02705069792407562,6.117829786327429e-07,0.002598069910014599,3.5353200551976574e-09,0.0004337167411693819,1.217340818659188e-07,8.163098418460491e-07,3.3872609972455136e-10,1.2670199360321414e-10,2.9300424166130856e-05,4.34699187804362e-08,7.27662433422523e-11,5.51755878518723e-12,2.613507803645686e-11
1.0958311305988745e-05,0.16628943999999996,0.8585084662769803,0.0,0.0,0.41663120286874705,0.04191725627943814,0.000905069314185353,9.10410680350408e-06,0.00204370743602323,0.13794817839811838,0.04176685627033427,1.673033182473275e-05,1.931609888751148e-09,0.0012118089843164029,1.5920938285298981e-10,0.0006590678354346876,1.4419503095779432e-08,5.276427911498245e-07,5.004675278801171e-09,1.4128353596132566e-10,1.955825334900538e-06,0.0002751916129546965,0.0028330242463126955,9.929244500250039e-08,0.0007964411887138439,1.328089403318141e-10,2.7285789790544177e-10,4.644799113423943e-07,8.632651967362342e-08,6.992535926564035e-07,0.0023370364028315184,0.027078636967002,6.118386143737715e-07,0.0025993853383913194,3.533203856412865e-09,0.0004355036638191418,1.2174536368520124e-07,8.138873370302791e-07,3.3885168689674834e-10,1.266559284375389e-10,2.9419321443886036e-05,4.3420550694725357e-08,7.306083805172147e-11,5.5012169511106e-12,2.6132596977794018e-11
1.096974004900317e-05,0.16628943999999996,0.8585084662769803,0.0,0.0,0.4166015733535699,0.041876986397596606,0.0009022386406011264,9.103920354893983e-06,0.002042551854834432,0.13802767058589696,0.04177368227304175,1.6712537116442782e-05,1.9340685289147465e-09,0.0012111703664353028,1.5976082846358188e-10,0.000659170195161458,1.4476789529058597e-08,5.261186399517773e-07,5.006268968329957e-09,1.4121390111923175e-10,1.9514277982983486e-06,0.0002763241422844888,0.002830100047334464,9.891442742296727e-08,0.0007966069247579904,1.3243888638988238e-10,2.7186116866524624e-10,4.653176555811094e-07,8.62715723191942e-08,7.003648265109353e-07,0.002340096994205672,0.027106530225698675,6.118940305997247e-07,0.0026006986873422806,3.5310907352461124e-09,0.00043729594232132853,1.217566011157353e-07,8.114722058997817e-07,3.3897700460476193e-10,1.266098699463967e-10,2.953856921862215e-05,4.3371279692659913e-08,7.335629691542649e-11,5.484936008925408e-12,2.6130119424179516e-11
1.0981168792017597e-05,0.16628943999999996,0.8585084662769803,0.0,0.0,0.416571991640842,0.04183676216067637,0.0008994171935832597,9.103733886311136e-06,0.0020413967747242956,0.13810704805366586,0.04178048929381932,1.6694775253876452e-05,1.9365250814049598e-09,0.0012105325718842267,1.6031377311759237e-10,0.0006592723666123059,1.4534258386472999e-08,5.246000282035029e-07,5.007859207524563e-09,1.411442623407849e-10,1.9470434880208073e-06,0.00027746005813318315,0.002827179645713715,9.853827297420516e-08,0.0007967723332553827,1.3207043373151547e-10,2.708683017820478e-10,4.6615499073464393e-07,8.621666296270035e-08,7.01475108287844e-07,0.0023431538361094024,0.02713437768699779,6.119492283522262e-07,0.002602009959819004,3.5289806840714893e-09,0.00043909358011989363,1.217677943670737e-07,8.090644253990328e-07,3.3910205353661126e-10,1.265638182179835e-10,2.965816769614114e-05,4.332210547903542e-08,7.365262042632947e-11,5.468715700754025e-12,2.6127645374183957e-11
1.099145466073058e-05,0.16628943999999996,0.8585084662769803,0.0,0.0,0.41654540898685066,0.04180059933367973,0.0008968857536818094,9.103566047669538e-06,0.002040357631374059,0.1381783897701685,0.04178659943532412,1.6678817577106393e-05,1.9387341915328205e-09,0.0012099592588580951,1.6081270451781596e-10,0.0006593641601725005,1.4586136444458261e-08,5.232379948893858e-07,5.009287479340934e-09,1.4108158429290918e-10,1.943108880483542e-06,0.00027848527964835366,0.00282455452707864,9.82013179141239e-08,0.0007969209215181544,1.3174018832262922e-10,2.6997801050435085e-10,4.6690823960639974e-07,8.616727702966317e-08,7.024735449109529e-07,0.0023459017829615364,0.027159401234745077,6.119987203920475e-07,0.0026031883320997763,3.5270842565717236e-09,0.0004407160391501563,1.217778306928028e-07,8.06903688739856e-07,3.392143683411821e-10,1.2652237751665403e-10,2.9766106344750205e-05,4.327793119762549e-08,7.392005126175386e-11,5.454169053280497e-12,2.612542172363079e-11
1.1001740529443564e-05,0.16628943999999996,0.8585084662769803,0.0,0.0,0.41651886508308916,0.04176447340428079,0.0008943617384112097,9.10339819314635e-06,0.0020393188945033425,0.13824963871455118,0.04179269429878899,1.6662886350011206e-05,1.940941606650974e-09,0.001209386609236856,1.6131284925609384e-10,0.000659455801657815,1.4638162476628744e-08,5.218804132796501e-07,5.0107129686183455e-09,1.4101890346187704e-10,1.939184917868268e-06,0.0002795132475350276,0.0028219324770110154,9.786585522338476e-08,0.0007970692457095976,1.314112267532812e-10,2.690908228358747e-10,4.6766115154261427e-07,8.61179218740153e-08,7.034712048685798e-07,0.00234864668334152,0.027184387666985423,6.120480370617662e-07,0.0026043650269726385,3.5251903040732793e-09,0.00044234284441900914,1.2178783155452063e-07,8.047488707691137e-07,3.3932646649723933e-10,1.264809424266979e-10,2.9874329373470503e-05,4.323383486251752e-08,7.418818320578784e-11,5.4396711250610815e-12,2.61232009088815e-11
1.1012026398156548e-05,0.16628943999999996,0.8585084662769803,0.0,0.0,0.41649235994354855,0.041728384337085124,0.00089184512473352,9.103230322880582e-06,0.0020382805643956703,0.13832079495843713,0.04179877393007846,1.6646981499315903e-05,1.943147324887381e-09,0.001208814621370918,1.6181420689650284e-10,0.0006595472912708498,1.4690336581307684e-08,5.205272667823448e-07,5.012135681129328e-09,1.4095622003793614e-10,1.9352715679370546e-06,0.0002805439633254349,0.002819313492059139,9.753187703613597e-08,0.0007972173064155681,1.3108354280986298e-10,2.68206727068712e-10,4.6841372391406703e-07,8.606859749508065e-08,7.044680855803633e-07,0.002351388532836634,0.027209336974728233,6.120971791119113e-07,0.002605540046583497,3.5232988210460077e-09,0.00044397399835072215,1.217977971032369e-07,8.025999548296168e-07,3.3943834850295897e-10,1.26439513010315e-10,2.9982836926832862e-05,4.318981626036269e-08,7.445701660426522e-11,5.4252217305397485e-12,2.612098292888703e-11
1.1022312266869532e-05,0.16628943999999996,0.8585084662769803,0.0,0.0,0.416465893582006,0.041692332096718576,0.0008893358896867908,9.103062437010373e-06,0.002037242641332387,0.13839185857348504,0.041804838374907054,1.6631102951947657e-05,1.945351344382715e-09,0.0012082432936137075,1.6231677699308876e-10,0.00065963862921393,1.4742658855879781e-08,5.191785388724751e-07,5.013555622632857e-09,1.4089353421023527e-10,1.931368798555368e-06,0.00028157742853428074,0.0028166975687728794,9.719937553467776e-08,0.0007973651042206037,1.307571303347815e-10,2.6732571152931717e-10,4.691659540972117e-07,8.601930389206979e-08,7.054641844741632e-07,0.0023541273270605355,0.027234249149173793,6.121461472901169e-07,0.00260671339307645,3.5214098019761002e-09,0.0004456095033425434,1.2180772748969465e-07,8.004569243113728e-07,3.395500148581605e-10,1.263980893290966e-10,3.0091629147631637e-05,4.314587517839604e-08,7.472655179884001e-11,5.410820684904596e-12,2.6118767782637484e-11
1.1032598135582515e-05,0.16628943999999996,0.8585084662769803,0.0,0.0,0.41643946601202503,0.04165631664782722,0.000886834010384802,9.102894535672988e-06,0.00203620512559266,0.13846282963138856,0.04181088767883971,1.661525063503542e-05,1.947553663290329e-09,0.0012076726243216691,1.6282055908987375e-10,0.0006597298156891073,1.479512939677705e-08,5.178342130917222e-07,5.014972798874328e-09,1.4083084616682967e-10,1.9274765776917335e-06,0.00028261364465891937,0.002814084703703695,9.686834294913786e-08,0.0007975126397078943,1.304319832117468e-10,2.664477645876254e-10,4.6991783947506516e-07,8.59700410640649e-08,7.064594989870919e-07,0.002356863061652923,0.027259124181713126,6.121949423412227e-07,0.0026078850685937725,3.5195232413610134e-09,0.00044724936176451216,1.218176228641717e-07,7.983197626514601e-07,3.3966146606237433e-10,1.263566714439993e-10,3.020070617692475e-05,4.31020114044347e-08,7.499678912691497e-11,5.3964678040976325e-12,2.6116555469138335e-11
1.1042884004295499e-05,0.16628943999999996,0.8585084662769803,0.0,0.0,0.41641307724695625,0.041620337955077524,0.0008843394640167994,9.102726619004837e-06,0.002035168017453499,0.13853370820387712,0.04181692188729234,1.6599424475909566e-05,1.949754279776214e-09,0.0012071026118542724,1.6332555272086263e-10,0.000659820850898163,1.4847748299519472e-08,5.16494273048161e-07,5.016387215585518e-09,1.4076815609468645e-10,1.923594873417395e-06,0.0002836526131798957,0.002811474893404637,9.653877155727043e-08,0.0007976599134592147,1.3010809532660296e-10,2.6557287468311484e-10,4.7066937744030777e-07,8.592080900997854e-08,7.074540265688086e-07,0.0023595957322790485,0.02728396206392793,6.122435650075328e-07,0.002609055075275923,3.5176391336958036e-09,0.0004488935759589093,1.2182748337593488e-07,7.961884533339024e-07,3.397727026096355e-10,1.263152594152665e-10,3.0310068154033838e-05,4.3058224726876645e-08,7.526772892147046e-11,5.382162904847279e-12,2.6114345987318774e-11
1.1053169873008483e-05,0.16628943999999996,0.8585084662769803,0.0,0.0,0.4163867272999379,0.041584395983156136,0.0008818522278472342,9.102558687141485e-06,0.0020341313171897543,0.1386044943627153,0.041822941045532365,1.6583624402101496e-05,1.951953192018964e-09,0.0012065332545740097,1.6383175741005043e-10,0.0006599117350426071,1.4900515658692256e-08,5.151587024159829e-07,5.01779887848476e-09,1.407054641796902e-10,1.919723653905985e-06,0.0002846943355601916,0.002808868134430361,9.621065368397867e-08,0.0007978069260549652,1.297854606228515e-10,2.647010302875965e-10,4.7142056539108274e-07,8.587160772861452e-08,7.084477646769142e-07,0.0023623253346303098,0.02730876278758956,6.122920160284705e-07,0.0026102234152615626,3.5157574734926886e-09,0.0004505421482409985,1.218373091740202e-07,7.940629798895445e-07,3.3988372499591483e-10,1.2627385330255102e-10,3.041971521654431e-05,4.3014514934700396e-08,7.553937151132094e-11,5.3679058046143466e-12,2.6112139336149164e-11
1.1063455741721467e-05,0.16628943999999996,0.8585084662769803,0.0,0.0,0.416360416183896,0.04154849069677004,0.0008793722792155004,9.102390740217636e-06,0.00203309502507413,0.13867518817970295,0.04182894519867918,1.6567850341343227e-05,1.9541503982097392e-09,0.0012059645508463999,1.6433917267143037e-10,0.0006600024683236785,1.4953431567915597e-08,5.138274849352162e-07,5.019207793276958e-09,1.406427706066481e-10,1.9158628874331793e-06,0.00028573881324527663,0.002806264423337128,9.588398170096987e-08,0.0007979536780742457,1.2946407309548115e-10,2.6383221990847197e-10,4.7217140073128666e-07,8.58224372186616e-08,7.094407107773673e-07,0.00236505186442421,0.02733352634465846,6.123402961406227e-07,0.002611390090687539,3.513878255278961e-09,0.00045219508089896625,1.218471004071561e-07,7.91943325895928e-07,3.399945337183769e-10,1.2623245316490737e-10,3.052964750030544e-05,4.297088181746316e-08,7.581171722107914e-11,5.353696321593971e-12,2.6109935514640476e-11
1.107374161043445e-05,0.16628943999999996,0.8585084662769803,0.0,0.0,0.4163341439115451,0.0415126220606465,0.0008768995955356772,9.102222778367162e-06,0.0020320591413771935,0.13874578972667545,0.04183493439170474,1.655210222156707e-05,1.9563458965522265e-09,0.0012053964990399921,1.6484779800900116e-10,0.0006600930509423486,1.5006496119897836e-08,5.125006044114494e-07,5.020613965653486e-09,1.4058007555929555e-10,1.9120125423763728e-06,0.00028678604766395647,0.002803663756682823,9.555874802659874e-08,0.0007981001700947996,1.2914392672882383e-10,2.629664321299219e-10,4.7292188087552017e-07,8.577329747862787e-08,7.104328623497631e-07,0.0023677753174037135,0.027358252727284378,6.12388406078145e-07,0.0026125551036888708,3.5120014735753687e-09,0.00045385237619306566,1.218568572228996e-07,7.898294749771654e-07,3.401051292670877e-10,1.2619105906066502e-10,3.0639865139430556e-05,4.292732516529948e-08,7.608476637087967e-11,5.339534274768864e-12,2.610773452170327e-11
1.1084027479147434e-05,0.16628943999999996,0.8585084662769803,0.0,0.0,0.41630791049538884,0.041476790039533064,0.0008744341542962679,9.10205480172309e-06,0.002031023666367385,0.13881629907550333,0.04184090866943397,1.65363799709052e-05,1.958539685262603e-09,0.0012048290975263665,1.6535763291677364e-10,0.000660183483099321,1.5059709406419872e-08,5.111780447155561e-07,5.0220174012923655e-09,1.405173792203012e-10,1.9081725872143404e-06,0.00028783604022746933,0.0028010661310269498,9.523494512539201e-08,0.0007982464026929336,1.2882501556453418e-10,2.62103655567804e-10,4.73672003243781e-07,8.572418850691534e-08,7.114242168815167e-07,0.0023704956893376285,0.027382941927805438,6.124363465723372e-07,0.002613718456398779,3.5101271229199485e-09,0.00045551403635651254,1.2186657976858486e-07,7.877214108038182e-07,3.402155121340636e-10,1.261496710475766e-10,3.075036826629727e-05,4.288384476892085e-08,7.635851927669747e-11,5.325419483844332e-12,2.6105536356285847e-11
